timestamp,lon,lat,speed_knots,emissions_CO2,emissions_CO,emissions_SOX,emissions_N2O,emissions_NOX,emissions_PM,emissions_CH4,interpolated,current_phase,datetime
2021-01-01 00:00:00+00:00,11.672875,57.5892283333,0.2,219.3721494656,0.624335240177723,0.0012960717802125198,0.00960246179543673,0.624160016703388,0.014405814197214,4.08478614505912,No (reported postion),anchor,2021-01-01 00:00:00
2021-01-01 01:00:00+00:00,11.6728916667,57.58926,0.0,219.36,0.624,0.001296,0.0096,0.624,0.0144,4.08,No (reported postion),anchor,2021-01-01 01:00:00
2021-01-01 02:00:00+00:00,11.6708766667,57.58921,0.2,219.3721494656,0.624335240177723,0.0012960717802125198,0.00960246179543673,0.624160016703388,0.014405814197214,4.08478614505912,No (reported postion),anchor,2021-01-01 02:00:00
2021-01-01 03:00:00+00:00,11.6702416667,57.5890883333,0.1,219.36151868320002,0.624041905022215,0.00129600897252656,0.00960030772442959,0.624020002087923,0.0144007267746517,4.08059826813239,No (reported postion),anchor,2021-01-01 03:00:00
2021-01-01 04:00:00+00:00,11.67043,57.589145,0.0,219.36,0.624,0.001296,0.0096,0.624,0.0144,4.08,No (reported postion),anchor,2021-01-01 04:00:00
2021-01-01 05:00:00+00:00,11.6704,57.5890883333,0.1,219.36151868320002,0.624041905022215,0.00129600897252656,0.00960030772442959,0.624020002087923,0.0144007267746517,4.08059826813239,No (reported postion),anchor,2021-01-01 05:00:00
2021-01-01 06:00:00+00:00,11.721131666675,57.6144345833,0.075,219.360640694475,0.624017678681247,0.00129600378528464,0.00960012982124373,0.624008438380843,0.014400306608056199,4.08025239436835,Linear (small gap),anchor,2021-01-01 06:00:00
2021-01-01 07:00:00+00:00,11.77186333335,57.6397808333,0.05,219.3601898354,0.6240052381277771,0.00129600112156582,0.0096000384655537,0.62400250026099,0.0144000908468315,4.08007478351655,Linear (small gap),anchor,2021-01-01 07:00:00
2021-01-01 08:00:00+00:00,11.822595000025,57.6651270833,0.025,219.36002372942502,0.624000654765972,0.0012960001401957299,0.00960000480819421,0.624000312532624,0.014400011355853901,4.08000934793957,Linear (small gap),anchor,2021-01-01 08:00:00
2021-01-01 09:00:00+00:00,11.8733266667,57.6904733333,0.0,219.36,0.624,0.001296,0.0096,0.624,0.0144,4.08,No (reported postion),anchor,2021-01-01 09:00:00
2021-01-01 10:00:00+00:00,11.873365,57.6904716667,0.0,219.36,0.624,0.001296,0.0096,0.624,0.0144,4.08,No (reported postion),anchor,2021-01-01 10:00:00
2021-01-01 11:00:00+00:00,11.8733466667,57.6904866667,0.0,219.36,0.624,0.001296,0.0096,0.624,0.0144,4.08,No (reported postion),anchor,2021-01-01 11:00:00
2021-01-01 12:00:00+00:00,11.873385,57.6904566667,0.0,219.36,0.624,0.001296,0.0096,0.624,0.0144,4.08,No (reported postion),anchor,2021-01-01 12:00:00
2021-01-01 13:00:00+00:00,11.8733466667,57.69049,0.0,219.36,0.624,0.001296,0.0096,0.624,0.0144,4.08,No (reported postion),anchor,2021-01-01 13:00:00
2021-01-01 14:00:00+00:00,11.87335,57.690465,0.0,219.36,0.624,0.001296,0.0096,0.624,0.0144,4.08,No (reported postion),anchor,2021-01-01 14:00:00
2021-01-01 15:00:00+00:00,11.8733133333,57.6905116667,0.0,219.36,0.624,0.001296,0.0096,0.624,0.0144,4.08,No (reported postion),anchor,2021-01-01 15:00:00
2021-01-01 16:00:00+00:00,11.87334,57.69048,0.0,219.36,0.624,0.001296,0.0096,0.624,0.0144,4.08,No (reported postion),anchor,2021-01-01 16:00:00
2021-01-01 17:00:00+00:00,11.8733316667,57.6905016667,0.0,219.36,0.624,0.001296,0.0096,0.624,0.0144,4.08,No (reported postion),anchor,2021-01-01 17:00:00
2021-01-01 18:00:00+00:00,11.8733516667,57.6904866667,0.0,219.36,0.624,0.001296,0.0096,0.624,0.0144,4.08,No (reported postion),anchor,2021-01-01 18:00:00
2021-01-01 19:00:00+00:00,11.8733583333,57.69047,0.0,219.36,0.624,0.001296,0.0096,0.624,0.0144,4.08,No (reported postion),anchor,2021-01-01 19:00:00
2021-01-01 20:00:00+00:00,11.8733566667,57.6904633333,0.0,219.36,0.624,0.001296,0.0096,0.624,0.0144,4.08,No (reported postion),anchor,2021-01-01 20:00:00
2021-01-01 21:00:00+00:00,11.8733266667,57.6904733333,0.0,219.36,0.624,0.001296,0.0096,0.624,0.0144,4.08,No (reported postion),anchor,2021-01-01 21:00:00
2021-01-01 22:00:00+00:00,11.87334,57.6904766667,0.0,219.36,0.624,0.001296,0.0096,0.624,0.0144,4.08,No (reported postion),anchor,2021-01-01 22:00:00
2021-01-01 23:00:00+00:00,11.8733183333,57.690465,0.0,219.36,0.624,0.001296,0.0096,0.624,0.0144,4.08,No (reported postion),anchor,2021-01-01 23:00:00
2021-01-02 00:00:00+00:00,11.87331,57.690435,0.0,219.36,0.624,0.001296,0.0096,0.624,0.0144,4.08,No (reported postion),anchor,2021-01-02 00:00:00
2021-01-02 01:00:00+00:00,11.8733516667,57.6904883333,0.0,219.36,0.624,0.001296,0.0096,0.624,0.0144,4.08,No (reported postion),anchor,2021-01-02 01:00:00
2021-01-02 02:00:00+00:00,11.8733816667,57.6904633333,0.0,219.36,0.624,0.001296,0.0096,0.624,0.0144,4.08,No (reported postion),anchor,2021-01-02 02:00:00
2021-01-02 03:00:00+00:00,11.87335,57.6904566667,0.0,219.36,0.624,0.001296,0.0096,0.624,0.0144,4.08,No (reported postion),anchor,2021-01-02 03:00:00
2021-01-02 04:00:00+00:00,11.8733216667,57.6904833333,0.0,219.36,0.624,0.001296,0.0096,0.624,0.0144,4.08,No (reported postion),anchor,2021-01-02 04:00:00
2021-01-02 05:00:00+00:00,11.7380583333,57.6546516667,11.1,2182.10822354754,6.207310045102401,0.012892105478289602,0.09549707761696,6.207310045102401,0.14324561642544,40.586257987208,No (reported postion),cruise,2021-01-02 05:00:00
2021-01-02 06:00:00+00:00,11.5987716667,57.4861466667,11.9,2664.33266268836,7.579064467166011,0.015741133893344802,0.11660099180255401,7.579064467166011,0.17490148770383102,49.5554215160854,No (reported postion),cruise,2021-01-02 06:00:00
2021-01-02 07:00:00+00:00,11.5811683333,57.2861716667,11.9,2725.091,7.7519,0.016100100000000003,0.11926,7.7519,0.17889,50.6855,No (reported postion),cruise,2021-01-02 07:00:00
2021-01-02 08:00:00+00:00,11.6401733333,57.0943016667,11.7,2648.01379042449,7.53264316750948,0.0156447204248274,0.115886817961684,7.53264316750948,0.173830226942526,49.2518976337158,No (reported postion),cruise,2021-01-02 08:00:00
2021-01-02 09:00:00+00:00,11.7528383333,56.905355,12.1,2725.091,7.7519,0.016100100000000003,0.11926,7.7519,0.17889,50.6855,No (reported postion),cruise,2021-01-02 09:00:00
2021-01-02 10:00:00+00:00,11.8158233333,56.7232,12.1,2725.091,7.7519,0.016100100000000003,0.11926,7.7519,0.17889,50.6855,No (reported postion),cruise,2021-01-02 10:00:00
2021-01-02 11:00:00+00:00,11.6307166667,56.5513233333,12.1,2725.091,7.7519,0.016100100000000003,0.11926,7.7519,0.17889,50.6855,No (reported postion),cruise,2021-01-02 11:00:00
2021-01-02 12:00:00+00:00,11.4478233333,56.3763,11.5,2519.82491693801,7.16799210507531,0.014887368218233301,0.11027680161654299,7.16799210507531,0.165415202424815,46.8676406870309,No (reported postion),cruise,2021-01-02 12:00:00
2021-01-02 13:00:00+00:00,11.2894966667,56.200625,11.9,2725.091,7.7519,0.016100100000000003,0.11926,7.7519,0.17889,50.6855,No (reported postion),cruise,2021-01-02 13:00:00
2021-01-02 14:00:00+00:00,11.0825666667,56.0491233333,11.5,2519.82491693801,7.16799210507531,0.014887368218233301,0.11027680161654299,7.16799210507531,0.165415202424815,46.8676406870309,No (reported postion),cruise,2021-01-02 14:00:00
2021-01-02 15:00:00+00:00,10.89995,55.8887283333,11.3,2296.4134332813996,6.53246709686174,0.0135674316627128,0.100499493797873,6.53246709686174,0.150749240696809,42.712284864096,No (reported postion),cruise,2021-01-02 15:00:00
2021-01-02 16:00:00+00:00,10.7875133333,55.715855,11.4,2355.10598291316,6.6994262095998005,0.013914192896861102,0.10306809553230499,6.6994262095998005,0.154602143298457,43.8039406012295,No (reported postion),cruise,2021-01-02 16:00:00
2021-01-02 17:00:00+00:00,10.848,55.53368,11.5,2414.83731185375,6.86934027441986,0.0142670913391797,0.10568215806799801,6.86934027441986,0.158523237101997,44.9149171788991,No (reported postion),cruise,2021-01-02 17:00:00
2021-01-02 18:00:00+00:00,11.0281616667,55.369055,10.9,2071.84878585857,5.89366175408346,0.012240682104634899,0.0906717192935917,5.89366175408346,0.13600757894038798,38.5354806997765,No (reported postion),cruise,2021-01-02 18:00:00
2021-01-02 19:00:00+00:00,11.0739733333,55.1886716667,11.8,2600.3550955204696,7.39707138769499,0.0153631482667511,0.113801098272231,7.39707138769499,0.17070164740834598,48.365466765698,No (reported postion),cruise,2021-01-02 19:00:00
2021-01-02 20:00:00+00:00,11.0158266667,55.006155,11.5,2414.83731185375,6.86934027441986,0.0142670913391797,0.10568215806799801,6.86934027441986,0.158523237101997,44.9149171788991,No (reported postion),cruise,2021-01-02 20:00:00
2021-01-02 21:00:00+00:00,10.86577,54.84939,10.7,1965.5622234209,5.5913148587465304,0.0116127308604736,0.08602022859610049,5.5913148587465304,0.129030342894151,36.5585971533427,No (reported postion),cruise,2021-01-02 21:00:00
2021-01-02 22:00:00+00:00,10.9082583333,54.6800833333,11.4,2457.37852759103,6.99035467367252,0.0145184289376275,0.1075439180565,6.99035467367252,0.16131587708475,45.706165174012604,No (reported postion),cruise,2021-01-02 22:00:00
2021-01-02 23:00:00+00:00,11.1870966667,54.5748633333,11.4,2355.10598291316,6.6994262095998005,0.013914192896861102,0.10306809553230499,6.6994262095998005,0.154602143298457,43.8039406012295,No (reported postion),cruise,2021-01-02 23:00:00
2021-01-03 00:00:00+00:00,11.4753716667,54.4928966667,11.3,2396.0181347941902,6.81580651035545,0.014155905829199799,0.10485856169777599,6.81580651035545,0.157287842546664,44.564888721554894,No (reported postion),cruise,2021-01-03 00:00:00
2021-01-03 01:00:00+00:00,11.7816016667,54.4108516667,11.7,2648.01379042449,7.53264316750948,0.0156447204248274,0.115886817961684,7.53264316750948,0.173830226942526,49.2518976337158,No (reported postion),cruise,2021-01-03 01:00:00
2021-01-03 02:00:00+00:00,12.117425,54.4091566667,11.5,2519.82491693801,7.16799210507531,0.014887368218233301,0.11027680161654299,7.16799210507531,0.165415202424815,46.8676406870309,No (reported postion),cruise,2021-01-03 02:00:00
2021-01-03 03:00:00+00:00,12.2962533333,54.5483783333,11.5,2519.82491693801,7.16799210507531,0.014887368218233301,0.11027680161654299,7.16799210507531,0.165415202424815,46.8676406870309,No (reported postion),cruise,2021-01-03 03:00:00
2021-01-03 04:00:00+00:00,12.5339683333,54.6697133333,11.4,2457.37852759103,6.99035467367252,0.0145184289376275,0.1075439180565,6.99035467367252,0.16131587708475,45.706165174012604,No (reported postion),cruise,2021-01-03 04:00:00
2021-01-03 05:00:00+00:00,12.8140866667,54.7656883333,11.3,2396.0181347941902,6.81580651035545,0.014155905829199799,0.10485856169777599,6.81580651035545,0.157287842546664,44.564888721554894,No (reported postion),cruise,2021-01-03 05:00:00
2021-01-03 06:00:00+00:00,13.1261233333,54.8286933333,11.3,2396.0181347941902,6.81580651035545,0.014155905829199799,0.10485856169777599,6.81580651035545,0.157287842546664,44.564888721554894,No (reported postion),cruise,2021-01-03 06:00:00
2021-01-03 07:00:00+00:00,13.4465916667,54.8778133333,11.0,2218.3576728491803,6.31042664049,0.0131062707148639,0.09708348677676931,6.31042664049,0.145625230165154,41.260481880127,No (reported postion),cruise,2021-01-03 07:00:00
2021-01-03 08:00:00+00:00,13.7441066667,54.9455916667,11.4,2457.37852759103,6.99035467367252,0.0145184289376275,0.1075439180565,6.99035467367252,0.16131587708475,45.706165174012604,No (reported postion),cruise,2021-01-03 08:00:00
2021-01-03 09:00:00+00:00,14.0551366667,55.0040916667,11.5,2519.82491693801,7.16799210507531,0.014887368218233301,0.11027680161654299,7.16799210507531,0.165415202424815,46.8676406870309,No (reported postion),cruise,2021-01-03 09:00:00
2021-01-03 10:00:00+00:00,14.2893533333,55.1345883333,11.8,2713.77532713504,7.71971099622658,0.0160332459152398,0.11876478455733201,7.71971099622658,0.178147176835998,50.4750334368661,No (reported postion),cruise,2021-01-03 10:00:00
2021-01-03 11:00:00+00:00,14.4951233333,55.282665,10.8,2105.17269906851,5.9884562555559295,0.0124375629923085,0.092130096239322,5.9884562555559295,0.13819514435898297,39.1552909017119,No (reported postion),cruise,2021-01-03 11:00:00
2021-01-03 12:00:00+00:00,14.7105766667,55.4156083333,11.0,2218.3576728491803,6.31042664049,0.0131062707148639,0.09708348677676931,6.31042664049,0.145625230165154,41.260481880127,No (reported postion),cruise,2021-01-03 12:00:00
2021-01-03 13:00:00+00:00,14.9910833333,55.5006716667,10.6,1996.1030806357198,5.67819257073617,0.011793169185375102,0.0873568087805564,5.67819257073617,0.131035213170835,37.1266437317365,No (reported postion),cruise,2021-01-03 13:00:00
2021-01-03 14:00:00+00:00,15.268755,55.5855233333,10.5,1943.08771396095,5.5273829937620205,0.011479949294736499,0.0850366614424925,5.5273829937620205,0.127554992163739,36.1405811130593,No (reported postion),cruise,2021-01-03 14:00:00
2021-01-03 15:00:00+00:00,15.5532933333,55.6653033333,10.7,2050.12823357639,5.8318746250531905,0.0121123549904951,0.0897211480777414,5.8318746250531905,0.134581722116612,38.1314879330401,No (reported postion),cruise,2021-01-03 15:00:00
2021-01-03 16:00:00+00:00,15.8314266667,55.7472233333,10.6,1996.1030806357198,5.67819257073617,0.011793169185375102,0.0873568087805564,5.67819257073617,0.131035213170835,37.1266437317365,No (reported postion),cruise,2021-01-03 16:00:00
2021-01-03 17:00:00+00:00,16.0999666667,55.83843,10.5,1943.08771396095,5.5273829937620205,0.011479949294736499,0.0850366614424925,5.5273829937620205,0.127554992163739,36.1405811130593,No (reported postion),cruise,2021-01-03 17:00:00
2021-01-03 18:00:00+00:00,16.374675,55.92218,10.5,1943.08771396095,5.5273829937620205,0.011479949294736499,0.0850366614424925,5.5273829937620205,0.127554992163739,36.1405811130593,No (reported postion),cruise,2021-01-03 18:00:00
2021-01-03 19:00:00+00:00,16.6821783333,56.019365,10.8,2105.17269906851,5.9884562555559295,0.0124375629923085,0.092130096239322,5.9884562555559295,0.13819514435898297,39.1552909017119,No (reported postion),cruise,2021-01-03 19:00:00
2021-01-03 20:00:00+00:00,16.970383749975,56.141607083325,10.85,2725.091,7.7519,0.016100100000000003,0.11926,7.7519,0.17889,50.6855,Linear (small gap),cruise,2021-01-03 20:00:00
2021-01-03 21:00:00+00:00,17.25858916665,56.26384916665,10.9,2725.091,7.7519,0.016100100000000003,0.11926,7.7519,0.17889,50.6855,Linear (small gap),cruise,2021-01-03 21:00:00
2021-01-03 22:00:00+00:00,17.546794583325,56.386091249975,10.95,2725.091,7.7519,0.016100100000000003,0.11926,7.7519,0.17889,50.6855,Linear (small gap),cruise,2021-01-03 22:00:00
2021-01-03 23:00:00+00:00,17.835,56.5083333333,11.0,2218.3576728491803,6.31042664049,0.0131062707148639,0.09708348677676931,6.31042664049,0.145625230165154,41.260481880127,No (reported postion),cruise,2021-01-03 23:00:00
2021-01-04 00:00:00+00:00,18.08166666665,56.6175,11.0,2725.091,7.7519,0.016100100000000003,0.11926,7.7519,0.17889,50.6855,Linear (small gap),cruise,2021-01-04 00:00:00
2021-01-04 01:00:00+00:00,18.3283333333,56.7266666667,11.0,2218.3576728491803,6.31042664049,0.0131062707148639,0.09708348677676931,6.31042664049,0.145625230165154,41.260481880127,No (reported postion),cruise,2021-01-04 01:00:00
2021-01-04 02:00:00+00:00,18.6865283333,56.8858916667,11.4,2457.37852759103,6.99035467367252,0.0145184289376275,0.1075439180565,6.99035467367252,0.16131587708475,45.706165174012604,No (reported postion),cruise,2021-01-04 02:00:00
2021-01-04 03:00:00+00:00,18.76444,56.9395483333,11.4,2457.37852759103,6.99035467367252,0.0145184289376275,0.1075439180565,6.99035467367252,0.16131587708475,45.706165174012604,No (reported postion),cruise,2021-01-04 03:00:00
2021-01-04 04:00:00+00:00,18.97656,57.10627,11.8,2713.77532713504,7.71971099622658,0.0160332459152398,0.11876478455733201,7.71971099622658,0.178147176835998,50.4750334368661,No (reported postion),cruise,2021-01-04 04:00:00
2021-01-04 05:00:00+00:00,19.1692783333,57.2603983333,11.8,2713.77532713504,7.71971099622658,0.0160332459152398,0.11876478455733201,7.71971099622658,0.178147176835998,50.4750334368661,No (reported postion),cruise,2021-01-04 05:00:00
2021-01-04 06:00:00+00:00,19.3894066667,57.4276616667,12.1,2725.091,7.7519,0.016100100000000003,0.11926,7.7519,0.17889,50.6855,No (reported postion),cruise,2021-01-04 06:00:00
2021-01-04 07:00:00+00:00,19.63544,57.6078966667,11.7,2648.01379042449,7.53264316750948,0.0156447204248274,0.115886817961684,7.53264316750948,0.173830226942526,49.2518976337158,No (reported postion),cruise,2021-01-04 07:00:00
2021-01-04 08:00:00+00:00,19.82998,57.7425,11.8,2713.77532713504,7.71971099622658,0.0160332459152398,0.11876478455733201,7.71971099622658,0.178147176835998,50.4750334368661,No (reported postion),cruise,2021-01-04 08:00:00
2021-01-04 09:00:00+00:00,20.05415666665,57.89875,11.4,2725.091,7.7519,0.016100100000000003,0.11926,7.7519,0.17889,50.6855,Linear (small gap),cruise,2021-01-04 09:00:00
2021-01-04 10:00:00+00:00,20.2783333333,58.055,11.0,2218.3576728491803,6.31042664049,0.0131062707148639,0.09708348677676931,6.31042664049,0.145625230165154,41.260481880127,No (reported postion),cruise,2021-01-04 10:00:00
2021-01-04 11:00:00+00:00,20.5042444444167,58.2098166666667,11.1333333333333,2725.091,7.7519,0.016100100000000003,0.11926,7.7519,0.17889,50.6855,Linear (small gap),cruise,2021-01-04 11:00:00
2021-01-04 12:00:00+00:00,20.7301555555333,58.3646333333333,11.2666666666667,2725.091,7.7519,0.016100100000000003,0.11926,7.7519,0.17889,50.6855,Linear (small gap),cruise,2021-01-04 12:00:00
2021-01-04 13:00:00+00:00,20.95606666665,58.51945,11.4,2725.091,7.7519,0.016100100000000003,0.11926,7.7519,0.17889,50.6855,Linear (small gap),cruise,2021-01-04 13:00:00
2021-01-04 14:00:00+00:00,21.1819777777667,58.6742666666667,11.5333333333333,2725.091,7.7519,0.016100100000000003,0.11926,7.7519,0.17889,50.6855,Linear (small gap),cruise,2021-01-04 14:00:00
2021-01-04 15:00:00+00:00,21.4078888888833,58.8290833333333,11.6666666666667,2725.091,7.7519,0.016100100000000003,0.11926,7.7519,0.17889,50.6855,Linear (small gap),cruise,2021-01-04 15:00:00
2021-01-04 16:00:00+00:00,21.6338,58.9839,11.8,2713.77532713504,7.71971099622658,0.0160332459152398,0.11876478455733201,7.71971099622658,0.178147176835998,50.4750334368661,No (reported postion),cruise,2021-01-04 16:00:00
2021-01-04 17:00:00+00:00,21.9166,59.1255,11.4,2457.37852759103,6.99035467367252,0.0145184289376275,0.1075439180565,6.99035467367252,0.16131587708475,45.706165174012604,No (reported postion),cruise,2021-01-04 17:00:00
2021-01-04 18:00:00+00:00,22.2035,59.2434,11.8,2713.77532713504,7.71971099622658,0.0160332459152398,0.11876478455733201,7.71971099622658,0.178147176835998,50.4750334368661,No (reported postion),cruise,2021-01-04 18:00:00
2021-01-04 19:00:00+00:00,22.5176,59.366,12.0,2725.091,7.7519,0.016100100000000003,0.11926,7.7519,0.17889,50.6855,No (reported postion),cruise,2021-01-04 19:00:00
2021-01-04 20:00:00+00:00,22.850465,59.4637166667,12.2,2725.091,7.7519,0.016100100000000003,0.11926,7.7519,0.17889,50.6855,No (reported postion),cruise,2021-01-04 20:00:00
2021-01-04 21:00:00+00:00,23.227455,59.5361966667,12.3,2725.091,7.7519,0.016100100000000003,0.11926,7.7519,0.17889,50.6855,No (reported postion),cruise,2021-01-04 21:00:00
2021-01-04 22:00:00+00:00,23.59262,59.6011433333,11.6,2583.36682912065,7.348745903406679,0.0152627799532293,0.11305762928318,7.348745903406679,0.169586443924769,48.0494924453513,No (reported postion),cruise,2021-01-04 22:00:00
2021-01-04 23:00:00+00:00,23.9418,59.6929,11.4,2457.37852759103,6.99035467367252,0.0145184289376275,0.1075439180565,6.99035467367252,0.16131587708475,45.706165174012604,No (reported postion),cruise,2021-01-04 23:00:00
2021-01-05 00:00:00+00:00,24.1332466667,59.8461033333,11.3,2396.0181347941902,6.81580651035545,0.014155905829199799,0.10485856169777599,6.81580651035545,0.157287842546664,44.564888721554894,No (reported postion),cruise,2021-01-05 00:00:00
2021-01-05 01:00:00+00:00,24.0183416667,59.986525,10.5,1863.17563944091,5.30006199403323,0.011007821064530599,0.081539415292819,5.30006199403323,0.12230912293922801,34.6542514994481,No (reported postion),cruise,2021-01-05 01:00:00
2021-01-05 02:00:00+00:00,24.0168611111436,59.9871474358974,10.156,2725.091,7.7519,0.016100100000000003,0.11926,7.7519,0.17889,50.6855,Linear (small gap),cruise,2021-01-05 02:00:00
2021-01-05 03:00:00+00:00,24.0153805555872,59.9877698717949,9.812,2725.091,7.7519,0.016100100000000003,0.11926,7.7519,0.17889,50.6855,Linear (small gap),cruise,2021-01-05 03:00:00
2021-01-05 04:00:00+00:00,24.0139000000308,59.9883923076923,9.468,2725.091,7.7519,0.016100100000000003,0.11926,7.7519,0.17889,50.6855,Linear (small gap),cruise,2021-01-05 04:00:00
2021-01-05 05:00:00+00:00,24.0124194444744,59.9890147435897,9.124,2725.091,7.7519,0.016100100000000003,0.11926,7.7519,0.17889,50.6855,Linear (small gap),cruise,2021-01-05 05:00:00
2021-01-05 06:00:00+00:00,24.0109388889179,59.9896371794872,8.78,2506.13925362941,7.129061334175559,0.014806512001749199,0.10967786667962401,7.129061334175559,0.164516800019436,46.613093338840194,Linear (small gap),cruise,2021-01-05 06:00:00
2021-01-05 07:00:00+00:00,24.0094583333615,59.9902596153846,8.436,2234.8354314909698,6.35729991452572,0.0132036228993996,0.0978046140696265,6.35729991452572,0.14670692110444,41.5669609795913,Linear (small gap),cruise,2021-01-05 07:00:00
2021-01-05 08:00:00+00:00,24.0079777778051,59.9908820512821,8.092,1984.77963639008,5.6459814601906,0.0117262691865497,0.0868612532337015,5.6459814601906,0.130291879850552,36.9160326243231,Linear (small gap),cruise,2021-01-05 08:00:00
2021-01-05 09:00:00+00:00,24.0064972222487,59.9915044871795,7.748,1755.10542436031,4.99264125091554,0.0103693318288246,0.0768098653987005,4.99264125091554,0.115214798098051,32.6441927944477,Linear (small gap),cruise,2021-01-05 09:00:00
2021-01-05 10:00:00+00:00,24.0050166666923,59.9921269230769,7.404,1544.94635143521,4.39481456644588,0.00912769179184914,0.06761253179147511,4.39481456644588,0.101418797687213,28.7353260113769,Linear (small gap),cruise,2021-01-05 10:00:00
2021-01-05 11:00:00+00:00,24.0035361111359,59.9927493589744,7.06,1353.43597364833,3.8500366865269897,0.00799623004124836,0.059231333638876796,3.8500366865269897,0.08884700045831519,25.1733167965226,Linear (small gap),cruise,2021-01-05 11:00:00
2021-01-05 12:00:00+00:00,24.0020555555795,59.9933717948718,6.716,1179.70784703324,3.3558428909042,0.00696982754264718,0.0516283521677569,3.3558428909042,0.07744252825163529,21.9420496712967,Linear (small gap),cruise,2021-01-05 12:00:00
2021-01-05 13:00:00+00:00,24.0005750000231,59.9939942307692,6.372,1022.89552762349,2.90976845932285,0.00604336526167053,0.0447656686049669,2.90976845932285,0.0671485029074503,19.0254091571109,Linear (small gap),cruise,2021-01-05 13:00:00
2021-01-05 14:00:00+00:00,23.9990944444667,59.9946166666667,6.028,882.1325714526389,2.50934867152829,0.00521172416394338,0.0386053641773584,2.50934867152829,0.0579080462660376,16.4072797753773,Linear (small gap),cruise,2021-01-05 14:00:00
2021-01-05 15:00:00+00:00,23.9976138889103,59.9952391025641,5.684,756.552534554236,2.15211880726588,0.00446978521509067,0.0331095201117827,2.15211880726588,0.0496642801676741,14.0715460475077,Linear (small gap),cruise,2021-01-05 15:00:00
2021-01-05 16:00:00+00:00,23.9961333333538,59.9958615384615,5.34,645.2889729618411,1.83561414628095,0.00381242938073735,0.0282402176350915,1.83561414628095,0.0423603264526372,12.002092494913901,Linear (small gap),cruise,2021-01-05 16:00:00
2021-01-05 17:00:00+00:00,23.9946527777974,59.996483974359,4.996,547.475442709009,1.77129286293305,0.00323453762650837,0.0245403241133602,1.59512106736841,0.037681665378876406,11.6638082940292,Linear (small gap),cruise,2021-01-05 17:00:00
2021-01-05 18:00:00+00:00,23.993172222241,59.9971064102564,4.652,462.245499829298,1.7314493899061398,0.00273099091802868,0.021479927344229398,1.3961952773749098,0.03386099506369979,11.719569081766,Linear (small gap),cruise,2021-01-05 18:00:00
2021-01-05 19:00:00+00:00,23.9916916666846,59.9977288461538,4.308,388.732700356264,1.74317948299568,0.00229667022092322,0.0191224752480013,1.24296089112008,0.0311041254133354,12.2945058816966,Linear (small gap),cruise,2021-01-05 19:00:00
2021-01-05 20:00:00+00:00,23.9902111111282,59.9983512820513,3.964,326.070600323462,1.66924582345009,0.00192645650081695,0.0168809611558336,1.0972624751291802,0.0283675069023233,12.3116215731478,Linear (small gap),cruise,2021-01-05 20:00:00
2021-01-05 21:00:00+00:00,23.9887305555718,59.9989737179487,3.62,273.392755764449,1.63937030849583,0.00161523072333482,0.0152787744358184,0.9931203383281989,0.0266741443863259,12.9725493489548,Linear (small gap),cruise,2021-01-05 21:00:00
2021-01-05 22:00:00+00:00,23.9872500000154,59.9995961538462,3.276,229.832722712781,1.6826853482577702,0.00135787385410177,0.0145887344667129,0.948267740336338,0.0268774689334258,14.9690110121641,Linear (small gap),cruise,2021-01-05 22:00:00
2021-01-05 23:00:00+00:00,23.985769444459,60.0002185897436,2.932,257.63886804314603,1.6802287221533299,0.00152215523789167,0.0173562870476922,1.1281586580999898,0.032718574269225496,19.1595286954214,Linear (small gap),anchor,2021-01-05 23:00:00
2021-01-06 00:00:00+00:00,23.9842888889026,60.000841025641,2.588,245.68449234094598,1.3503716595609,0.00145152763527474,0.0149340218616447,0.970711421006906,0.0269977384572537,14.4502371031522,Linear (small gap),anchor,2021-01-06 00:00:00
2021-01-06 01:00:00+00:00,23.9828083333462,60.0014634615385,2.244,236.520729530781,1.09751597239202,0.0013973872423044,0.013077206902736,0.8500184486778409,0.0226123666266562,10.8402760118743,Linear (small gap),anchor,2021-01-06 01:00:00
2021-01-06 16:00:00+00:00,23.9606,60.0108,1.9,229.776648069042,0.911426547375547,0.00135754255970769,0.011710681862567499,0.761194321066885,0.0193849473363229,8.183521120065,No (reported postion),anchor,2021-01-06 16:00:00
2021-01-06 17:00:00+00:00,24.06948,59.9677016667,11.6,2475.61653220237,7.04223521195421,0.014626180824828,0.10834208018391099,7.04223521195421,0.16251312027586598,46.0453840781622,No (reported postion),cruise,2021-01-06 17:00:00
2021-01-06 18:00:00+00:00,24.0861,59.8147,13.0,2725.091,7.7519,0.016100100000000003,0.11926,7.7519,0.17889,50.6855,No (reported postion),cruise,2021-01-06 18:00:00
2021-01-06 19:00:00+00:00,23.7196,59.7042,13.5,2725.091,7.7519,0.016100100000000003,0.11926,7.7519,0.17889,50.6855,No (reported postion),cruise,2021-01-06 19:00:00
2021-01-06 20:00:00+00:00,23.2953616667,59.6295333333,13.3,2725.091,7.7519,0.016100100000000003,0.11926,7.7519,0.17889,50.6855,No (reported postion),cruise,2021-01-06 20:00:00
2021-01-06 21:00:00+00:00,22.8625533333,59.5721983333,13.0,2725.091,7.7519,0.016100100000000003,0.11926,7.7519,0.17889,50.6855,No (reported postion),cruise,2021-01-06 21:00:00
2021-01-06 22:00:00+00:00,22.4672,59.4843,13.1,2725.091,7.7519,0.016100100000000003,0.11926,7.7519,0.17889,50.6855,No (reported postion),cruise,2021-01-06 22:00:00
2021-01-06 23:00:00+00:00,22.124,59.3612,12.6,2725.091,7.7519,0.016100100000000003,0.11926,7.7519,0.17889,50.6855,No (reported postion),cruise,2021-01-06 23:00:00
2021-01-07 00:00:00+00:00,21.7909,59.2344,12.5,2725.091,7.7519,0.016100100000000003,0.11926,7.7519,0.17889,50.6855,No (reported postion),cruise,2021-01-07 00:00:00
2021-01-07 01:00:00+00:00,21.5153,59.0847,12.4,2725.091,7.7519,0.016100100000000003,0.11926,7.7519,0.17889,50.6855,No (reported postion),cruise,2021-01-07 01:00:00
2021-01-07 02:00:00+00:00,21.244905,58.894885,12.4333333333333,2725.091,7.7519,0.016100100000000003,0.11926,7.7519,0.17889,50.6855,Linear (small gap),cruise,2021-01-07 02:00:00
2021-01-07 03:00:00+00:00,20.97451,58.70507,12.4666666666667,2725.091,7.7519,0.016100100000000003,0.11926,7.7519,0.17889,50.6855,Linear (small gap),cruise,2021-01-07 03:00:00
2021-01-07 04:00:00+00:00,20.704115,58.515255,12.5,2725.091,7.7519,0.016100100000000003,0.11926,7.7519,0.17889,50.6855,Linear (small gap),cruise,2021-01-07 04:00:00
2021-01-07 05:00:00+00:00,20.43372,58.32544,12.5333333333333,2725.091,7.7519,0.016100100000000003,0.11926,7.7519,0.17889,50.6855,Linear (small gap),cruise,2021-01-07 05:00:00
2021-01-07 06:00:00+00:00,20.163325,58.135625,12.5666666666667,2725.091,7.7519,0.016100100000000003,0.11926,7.7519,0.17889,50.6855,Linear (small gap),cruise,2021-01-07 06:00:00
2021-01-07 07:00:00+00:00,19.89293,57.94581,12.6,2725.091,7.7519,0.016100100000000003,0.11926,7.7519,0.17889,50.6855,No (reported postion),cruise,2021-01-07 07:00:00
2021-01-07 08:00:00+00:00,19.8009666667,57.8808283333,12.3,2725.091,7.7519,0.016100100000000003,0.11926,7.7519,0.17889,50.6855,No (reported postion),cruise,2021-01-07 08:00:00
2021-01-07 09:00:00+00:00,19.5894766667,57.721475,12.6,2725.091,7.7519,0.016100100000000003,0.11926,7.7519,0.17889,50.6855,No (reported postion),cruise,2021-01-07 09:00:00
2021-01-07 10:00:00+00:00,19.360355,57.5543633333,12.4,2725.091,7.7519,0.016100100000000003,0.11926,7.7519,0.17889,50.6855,No (reported postion),cruise,2021-01-07 10:00:00
2021-01-07 11:00:00+00:00,19.08707,57.34948,12.5,2725.091,7.7519,0.016100100000000003,0.11926,7.7519,0.17889,50.6855,No (reported postion),cruise,2021-01-07 11:00:00
2021-01-07 12:00:00+00:00,18.91634,57.2193716667,12.7,2725.091,7.7519,0.016100100000000003,0.11926,7.7519,0.17889,50.6855,No (reported postion),cruise,2021-01-07 12:00:00
2021-01-07 13:00:00+00:00,18.69243,57.0468483333,11.9,2725.091,7.7519,0.016100100000000003,0.11926,7.7519,0.17889,50.6855,No (reported postion),cruise,2021-01-07 13:00:00
2021-01-07 14:00:00+00:00,18.48199,56.8851016667,0.0,219.36,0.624,0.001296,0.0096,0.624,0.0144,4.08,No (reported postion),anchor,2021-01-07 14:00:00
2021-01-07 15:00:00+00:00,18.1563266666667,56.7489566667,3.66666666666667,406.549096992879,2.0661023918070502,0.00240193120761657,0.0215073328310112,1.39797663401573,0.036347774039309,16.3776134820825,Linear (small gap),maneuver,2021-01-07 15:00:00
2021-01-07 16:00:00+00:00,17.8306633333333,56.6128116667,7.33333333333333,1567.70248363918,4.45954754645719,0.00926213721187262,0.068608423791649,4.45954754645719,0.102912635687474,29.1585801114508,Linear (small gap),cruise,2021-01-07 16:00:00
2021-01-07 17:00:00+00:00,17.505,56.4766666667,11.0,2218.3576728491803,6.31042664049,0.0131062707148639,0.09708348677676931,6.31042664049,0.145625230165154,41.260481880127,No (reported postion),cruise,2021-01-07 17:00:00
2021-01-07 18:00:00+00:00,17.2032527777667,56.3489377778,11.4,2725.091,7.7519,0.016100100000000003,0.11926,7.7519,0.17889,50.6855,Linear (small gap),cruise,2021-01-07 18:00:00
2021-01-07 19:00:00+00:00,16.9015055555333,56.2212088889,11.8,2725.091,7.7519,0.016100100000000003,0.11926,7.7519,0.17889,50.6855,Linear (small gap),cruise,2021-01-07 19:00:00
2021-01-07 20:00:00+00:00,16.5997583333,56.09348,12.2,2725.091,7.7519,0.016100100000000003,0.11926,7.7519,0.17889,50.6855,No (reported postion),cruise,2021-01-07 20:00:00
2021-01-07 21:00:00+00:00,16.3629666667,56.0112533333,12.7,2725.091,7.7519,0.016100100000000003,0.11926,7.7519,0.17889,50.6855,No (reported postion),cruise,2021-01-07 21:00:00
2021-01-07 22:00:00+00:00,16.1429366667,55.9414383333,12.1,2725.091,7.7519,0.016100100000000003,0.11926,7.7519,0.17889,50.6855,No (reported postion),cruise,2021-01-07 22:00:00
2021-01-07 23:00:00+00:00,15.8298933333,55.8400366667,11.8,2713.77532713504,7.71971099622658,0.0160332459152398,0.11876478455733201,7.71971099622658,0.178147176835998,50.4750334368661,No (reported postion),cruise,2021-01-07 23:00:00
2021-01-08 00:00:00+00:00,15.5197966667,55.74195,11.4,2457.37852759103,6.99035467367252,0.0145184289376275,0.1075439180565,6.99035467367252,0.16131587708475,45.706165174012604,No (reported postion),cruise,2021-01-08 00:00:00
2021-01-08 01:00:00+00:00,15.2243366667,55.6366783333,11.8,2713.77532713504,7.71971099622658,0.0160332459152398,0.11876478455733201,7.71971099622658,0.178147176835998,50.4750334368661,No (reported postion),cruise,2021-01-08 01:00:00
2021-01-08 02:00:00+00:00,14.91439,55.5446733333,11.8,2713.77532713504,7.71971099622658,0.0160332459152398,0.11876478455733201,7.71971099622658,0.178147176835998,50.4750334368661,No (reported postion),cruise,2021-01-08 02:00:00
2021-01-08 03:00:00+00:00,14.5905116667,55.4564433333,12.2,2725.091,7.7519,0.016100100000000003,0.11926,7.7519,0.17889,50.6855,No (reported postion),cruise,2021-01-08 03:00:00
2021-01-08 04:00:00+00:00,14.3598683333,55.30239,12.0,2725.091,7.7519,0.016100100000000003,0.11926,7.7519,0.17889,50.6855,No (reported postion),cruise,2021-01-08 04:00:00
2021-01-08 05:00:00+00:00,14.0672966667,55.2275366667,12.3,2725.091,7.7519,0.016100100000000003,0.11926,7.7519,0.17889,50.6855,No (reported postion),cruise,2021-01-08 05:00:00
2021-01-08 06:00:00+00:00,13.7125783333,55.22847,12.4,2725.091,7.7519,0.016100100000000003,0.11926,7.7519,0.17889,50.6855,No (reported postion),cruise,2021-01-08 06:00:00
2021-01-08 07:00:00+00:00,13.3565383333,55.23652,12.2,2725.091,7.7519,0.016100100000000003,0.11926,7.7519,0.17889,50.6855,No (reported postion),cruise,2021-01-08 07:00:00
2021-01-08 08:00:00+00:00,13.0020483333,55.2566483333,12.2,2725.091,7.7519,0.016100100000000003,0.11926,7.7519,0.17889,50.6855,No (reported postion),cruise,2021-01-08 08:00:00
2021-01-08 09:00:00+00:00,12.668925,55.3083983333,11.2,2335.7342122619502,6.64432051628125,0.013799742610738,0.102220315635096,6.64432051628125,0.15333047345264397,43.4436341449158,No (reported postion),cruise,2021-01-08 09:00:00
2021-01-08 10:00:00+00:00,12.7113166667,55.4921483333,10.4,1813.42205912456,5.1585310215797,0.0107138721217425,0.07936201571661079,5.1585310215797,0.119043023574916,33.7288566795596,No (reported postion),cruise,2021-01-08 10:00:00
2021-01-08 11:00:00+00:00,12.6916366667,55.6609833333,11.0,2126.47733924704,6.04906026481653,0.012563432857695902,0.0930624656125619,6.04906026481653,0.139593698418843,39.5515478853388,No (reported postion),cruise,2021-01-08 11:00:00
2021-01-08 12:00:00+00:00,12.720985,55.8500683333,11.7,2537.4527560581996,7.21813694283516,0.0149915151889653,0.111048260659002,7.21813694283516,0.166572390988504,47.195510780076,No (reported postion),cruise,2021-01-08 12:00:00
2021-01-08 13:00:00+00:00,12.665565,56.0359633333,12.0,2729.39456966107,7.764142101880511,0.0161255259039057,0.119448340028931,7.764142101880511,0.179172510043396,50.7655445122956,No (reported postion),cruise,2021-01-08 13:00:00
2021-01-08 14:00:00+00:00,12.4442583333,56.1774666667,11.3,2296.4134332813996,6.53246709686174,0.0135674316627128,0.100499493797873,6.53246709686174,0.150749240696809,42.712284864096,No (reported postion),cruise,2021-01-08 14:00:00
2021-01-08 15:00:00+00:00,12.35825,56.3652483333,11.3,2296.4134332813996,6.53246709686174,0.0135674316627128,0.100499493797873,6.53246709686174,0.150749240696809,42.712284864096,No (reported postion),cruise,2021-01-08 15:00:00
2021-01-08 16:00:00+00:00,12.27723,56.5426283333,10.9,2161.2460033976,6.14796456108725,0.012768849473027399,0.0945840701705731,6.14796456108725,0.14187610525586,40.1982298224936,No (reported postion),cruise,2021-01-08 16:00:00
2021-01-08 17:00:00+00:00,12.21136,56.72085,11.0,2218.3576728491803,6.31042664049,0.0131062707148639,0.09708348677676931,6.31042664049,0.145625230165154,41.260481880127,No (reported postion),cruise,2021-01-08 17:00:00
2021-01-08 18:00:00+00:00,12.1165283333,56.9002,11.2,2335.7342122619502,6.64432051628125,0.013799742610738,0.102220315635096,6.64432051628125,0.15333047345264397,43.4436341449158,No (reported postion),cruise,2021-01-08 18:00:00
2021-01-08 19:00:00+00:00,12.000675,57.0756966667,11.2,2335.7342122619502,6.64432051628125,0.013799742610738,0.102220315635096,6.64432051628125,0.15333047345264397,43.4436341449158,No (reported postion),cruise,2021-01-08 19:00:00
2021-01-08 20:00:00+00:00,11.8759516667,57.2473833333,11.1,2276.51723370879,6.475869592607051,0.013449883000030001,0.09962876296318539,6.475869592607051,0.149443144444778,42.342224259353806,No (reported postion),cruise,2021-01-08 20:00:00
2021-01-08 21:00:00+00:00,11.6921116667,57.4045183333,11.0,2218.3576728491803,6.31042664049,0.0131062707148639,0.09708348677676931,6.31042664049,0.145625230165154,41.260481880127,No (reported postion),cruise,2021-01-08 21:00:00
2021-01-08 22:00:00+00:00,11.612715,57.5694433333,7.0,626.018337612123,1.78079614638022,0.00369857661171276,0.0273968637904649,1.78079614638022,0.0410952956856973,11.643667110947598,No (reported postion),cruise,2021-01-08 22:00:00
2021-01-08 23:00:00+00:00,11.8546383333,57.6841483333,6.9,604.01109936041,1.78915317423843,0.00356855572926282,0.026652083604114397,1.7323854342674398,0.040305631598311895,11.6983092161743,No (reported postion),cruise,2021-01-08 23:00:00
2021-01-09 00:00:00+00:00,11.87831,57.6899933333,0.0,219.36,0.624,0.001296,0.0096,0.624,0.0144,4.08,No (reported postion),anchor,2021-01-09 00:00:00
2021-01-09 01:00:00+00:00,11.878305,57.6900033333,0.0,219.36,0.624,0.001296,0.0096,0.624,0.0144,4.08,No (reported postion),anchor,2021-01-09 01:00:00
2021-01-09 02:00:00+00:00,11.8783166667,57.6899883333,0.0,219.36,0.624,0.001296,0.0096,0.624,0.0144,4.08,No (reported postion),anchor,2021-01-09 02:00:00
2021-01-09 03:00:00+00:00,11.878335,57.6900266667,0.0,219.36,0.624,0.001296,0.0096,0.624,0.0144,4.08,No (reported postion),anchor,2021-01-09 03:00:00
2021-01-09 04:00:00+00:00,11.8783066667,57.6899983333,0.0,219.36,0.624,0.001296,0.0096,0.624,0.0144,4.08,No (reported postion),anchor,2021-01-09 04:00:00
2021-01-09 05:00:00+00:00,11.8783116667,57.6899833333,0.0,219.36,0.624,0.001296,0.0096,0.624,0.0144,4.08,No (reported postion),anchor,2021-01-09 05:00:00
2021-01-09 06:00:00+00:00,11.878325,57.69003,0.0,219.36,0.624,0.001296,0.0096,0.624,0.0144,4.08,No (reported postion),anchor,2021-01-09 06:00:00
2021-01-09 07:00:00+00:00,11.8782716667,57.68999,0.0,219.36,0.624,0.001296,0.0096,0.624,0.0144,4.08,No (reported postion),anchor,2021-01-09 07:00:00
2021-01-09 08:00:00+00:00,11.87829,57.68999,0.0,219.36,0.624,0.001296,0.0096,0.624,0.0144,4.08,No (reported postion),anchor,2021-01-09 08:00:00
2021-01-09 09:00:00+00:00,11.8783583333,57.69003,0.0,219.36,0.624,0.001296,0.0096,0.624,0.0144,4.08,No (reported postion),anchor,2021-01-09 09:00:00
2021-01-09 10:00:00+00:00,11.878345,57.6900383333,0.0,219.36,0.624,0.001296,0.0096,0.624,0.0144,4.08,No (reported postion),anchor,2021-01-09 10:00:00
2021-01-09 11:00:00+00:00,11.8783783333,57.69002,0.0,219.36,0.624,0.001296,0.0096,0.624,0.0144,4.08,No (reported postion),anchor,2021-01-09 11:00:00
2021-01-09 12:00:00+00:00,11.87831,57.689975,0.0,219.36,0.624,0.001296,0.0096,0.624,0.0144,4.08,No (reported postion),anchor,2021-01-09 12:00:00
2021-01-09 13:00:00+00:00,11.878335,57.690025,0.0,219.36,0.624,0.001296,0.0096,0.624,0.0144,4.08,No (reported postion),anchor,2021-01-09 13:00:00
2021-01-09 14:00:00+00:00,11.8783216667,57.6899866667,0.0,219.36,0.624,0.001296,0.0096,0.624,0.0144,4.08,No (reported postion),anchor,2021-01-09 14:00:00
2021-01-09 15:00:00+00:00,11.8783166667,57.6900183333,0.0,219.36,0.624,0.001296,0.0096,0.624,0.0144,4.08,No (reported postion),anchor,2021-01-09 15:00:00
2021-01-09 16:00:00+00:00,11.878285,57.690005,0.0,219.36,0.624,0.001296,0.0096,0.624,0.0144,4.08,No (reported postion),anchor,2021-01-09 16:00:00
2021-01-09 17:00:00+00:00,11.8783466667,57.689995,0.0,219.36,0.624,0.001296,0.0096,0.624,0.0144,4.08,No (reported postion),anchor,2021-01-09 17:00:00
2021-01-09 18:00:00+00:00,11.878275,57.6900283333,0.0,219.36,0.624,0.001296,0.0096,0.624,0.0144,4.08,No (reported postion),anchor,2021-01-09 18:00:00
2021-01-09 19:00:00+00:00,11.8783166667,57.6899866667,0.0,219.36,0.624,0.001296,0.0096,0.624,0.0144,4.08,No (reported postion),anchor,2021-01-09 19:00:00
2021-01-09 20:00:00+00:00,11.878355,57.6899983333,0.0,219.36,0.624,0.001296,0.0096,0.624,0.0144,4.08,No (reported postion),anchor,2021-01-09 20:00:00
2021-01-09 21:00:00+00:00,11.8782933333,57.690015,0.0,219.36,0.624,0.001296,0.0096,0.624,0.0144,4.08,No (reported postion),anchor,2021-01-09 21:00:00
2021-01-09 22:00:00+00:00,11.8782583333,57.6899766667,0.0,219.36,0.624,0.001296,0.0096,0.624,0.0144,4.08,No (reported postion),anchor,2021-01-09 22:00:00
2021-01-09 23:00:00+00:00,11.8782816667,57.6900016667,0.0,219.36,0.624,0.001296,0.0096,0.624,0.0144,4.08,No (reported postion),anchor,2021-01-09 23:00:00
2021-01-10 00:00:00+00:00,11.8783216667,57.68998,0.0,219.36,0.624,0.001296,0.0096,0.624,0.0144,4.08,No (reported postion),anchor,2021-01-10 00:00:00
2021-01-10 01:00:00+00:00,11.8783016667,57.6900116667,0.0,219.36,0.624,0.001296,0.0096,0.624,0.0144,4.08,No (reported postion),anchor,2021-01-10 01:00:00
2021-01-10 02:00:00+00:00,11.7894816667,57.6793233333,10.0,1623.7932000353399,4.6191053830327,0.00959352656476023,0.0710631597389647,4.6191053830327,0.106594739608447,30.20184288906,No (reported postion),cruise,2021-01-10 02:00:00
2021-01-10 03:00:00+00:00,11.6362983333,57.5593116667,11.1,2182.10822354754,6.207310045102401,0.012892105478289602,0.09549707761696,6.207310045102401,0.14324561642544,40.586257987208,No (reported postion),cruise,2021-01-10 03:00:00
2021-01-10 04:00:00+00:00,11.611445,57.3708733333,11.4,2457.37852759103,6.99035467367252,0.0145184289376275,0.1075439180565,6.99035467367252,0.16131587708475,45.706165174012604,No (reported postion),cruise,2021-01-10 04:00:00
2021-01-10 05:00:00+00:00,11.59012,57.1838433333,11.1,2276.51723370879,6.475869592607051,0.013449883000030001,0.09962876296318539,6.475869592607051,0.149443144444778,42.342224259353806,No (reported postion),cruise,2021-01-10 05:00:00
2021-01-10 06:00:00+00:00,11.7008483333,57.0125366667,10.7,2050.12823357639,5.8318746250531905,0.0121123549904951,0.0897211480777414,5.8318746250531905,0.134581722116612,38.1314879330401,No (reported postion),cruise,2021-01-10 06:00:00
2021-01-10 07:00:00+00:00,11.8160583333,56.8394283333,11.4,2457.37852759103,6.99035467367252,0.0145184289376275,0.1075439180565,6.99035467367252,0.16131587708475,45.706165174012604,No (reported postion),cruise,2021-01-10 07:00:00
2021-01-10 08:00:00+00:00,11.80753,56.6770883333,10.0,1692.8242545824,4.81547380953419,0.0100013686813402,0.0740842124543722,4.81547380953419,0.111126318681558,31.4857902931082,No (reported postion),cruise,2021-01-10 08:00:00
2021-01-10 09:00:00+00:00,11.64366,56.5344716667,10.3,1840.04823426707,5.23427287647087,0.0108711821280549,0.0805272750226287,5.23427287647087,0.120790912533943,34.2240918846172,No (reported postion),cruise,2021-01-10 09:00:00
2021-01-10 10:00:00+00:00,11.4639616667,56.390185,10.7,2050.12823357639,5.8318746250531905,0.0121123549904951,0.0897211480777414,5.8318746250531905,0.134581722116612,38.1314879330401,No (reported postion),cruise,2021-01-10 10:00:00
2021-01-10 11:00:00+00:00,11.3261333333,56.233835,10.4,1891.07260726658,5.3794187952878705,0.0111726390363671,0.08276028915827491,5.3794187952878705,0.124140433737412,35.173122892266804,No (reported postion),cruise,2021-01-10 11:00:00
2021-01-10 12:00:00+00:00,11.1227833333,56.1001633333,10.8,2105.17269906851,5.9884562555559295,0.0124375629923085,0.092130096239322,5.9884562555559295,0.13819514435898297,39.1552909017119,No (reported postion),cruise,2021-01-10 12:00:00
2021-01-10 13:00:00+00:00,10.9743533333,55.9385216667,10.8,2018.21345128292,5.7410885922708905,0.0119237993839472,0.08832443988109069,5.7410885922708905,0.13248665982163602,37.5378869494635,No (reported postion),cruise,2021-01-10 13:00:00
2021-01-10 14:00:00+00:00,10.8010966667,55.7868616667,11.1,2182.10822354754,6.207310045102401,0.012892105478289602,0.09549707761696,6.207310045102401,0.14324561642544,40.586257987208,No (reported postion),cruise,2021-01-10 14:00:00
2021-01-10 15:00:00+00:00,10.7955433333,55.6041383333,11.4,2355.10598291316,6.6994262095998005,0.013914192896861102,0.10306809553230499,6.6994262095998005,0.154602143298457,43.8039406012295,No (reported postion),cruise,2021-01-10 15:00:00
2021-01-10 16:00:00+00:00,10.953545,55.4320116667,12.3,2725.091,7.7519,0.016100100000000003,0.11926,7.7519,0.17889,50.6855,No (reported postion),cruise,2021-01-10 16:00:00
2021-01-10 17:00:00+00:00,11.0793183333,55.254295,11.9,2664.33266268836,7.579064467166011,0.015741133893344802,0.11660099180255401,7.579064467166011,0.17490148770383102,49.5554215160854,No (reported postion),cruise,2021-01-10 17:00:00
2021-01-10 18:00:00+00:00,11.028395,55.0722183333,11.6,2475.61653220237,7.04223521195421,0.014626180824828,0.10834208018391099,7.04223521195421,0.16251312027586598,46.0453840781622,No (reported postion),cruise,2021-01-10 18:00:00
2021-01-10 19:00:00+00:00,10.8902216667,54.9116266667,11.2,2238.7505508592503,6.36843701557337,0.0132267538015755,0.09797595408574411,6.36843701557337,0.146963931128616,41.639780486441204,No (reported postion),cruise,2021-01-10 19:00:00
2021-01-10 20:00:00+00:00,10.8583633333,54.7144083333,12.1,2725.091,7.7519,0.016100100000000003,0.11926,7.7519,0.17889,50.6855,No (reported postion),cruise,2021-01-10 20:00:00
2021-01-10 21:00:00+00:00,11.1232133333,54.5962783333,12.2,2725.091,7.7519,0.016100100000000003,0.11926,7.7519,0.17889,50.6855,No (reported postion),cruise,2021-01-10 21:00:00
2021-01-10 22:00:00+00:00,11.44556,54.50316,12.7,2725.091,7.7519,0.016100100000000003,0.11926,7.7519,0.17889,50.6855,No (reported postion),cruise,2021-01-10 22:00:00
2021-01-10 23:00:00+00:00,11.77432,54.4182083333,12.0,2725.091,7.7519,0.016100100000000003,0.11926,7.7519,0.17889,50.6855,No (reported postion),cruise,2021-01-10 23:00:00
2021-01-11 00:00:00+00:00,12.104975,54.4040816667,11.5,2519.82491693801,7.16799210507531,0.014887368218233301,0.11027680161654299,7.16799210507531,0.165415202424815,46.8676406870309,No (reported postion),cruise,2021-01-11 00:00:00
2021-01-11 01:00:00+00:00,12.2958933333,54.5304983333,10.8,2105.17269906851,5.9884562555559295,0.0124375629923085,0.092130096239322,5.9884562555559295,0.13819514435898297,39.1552909017119,No (reported postion),cruise,2021-01-11 01:00:00
2021-01-11 02:00:00+00:00,12.507105,54.6545883333,10.9,2161.2460033976,6.14796456108725,0.012768849473027399,0.0945840701705731,6.14796456108725,0.14187610525586,40.1982298224936,No (reported postion),cruise,2021-01-11 02:00:00
2021-01-11 03:00:00+00:00,12.7682933333,54.7559516667,10.8,2105.17269906851,5.9884562555559295,0.0124375629923085,0.092130096239322,5.9884562555559295,0.13819514435898297,39.1552909017119,No (reported postion),cruise,2021-01-11 03:00:00
2021-01-11 04:00:00+00:00,13.0669383333,54.8121966667,10.7,2050.12823357639,5.8318746250531905,0.0121123549904951,0.0897211480777414,5.8318746250531905,0.134581722116612,38.1314879330401,No (reported postion),cruise,2021-01-11 04:00:00
2021-01-11 05:00:00+00:00,13.3840916667,54.868265,11.1,2276.51723370879,6.475869592607051,0.013449883000030001,0.09962876296318539,6.475869592607051,0.149443144444778,42.342224259353806,No (reported postion),cruise,2021-01-11 05:00:00
2021-01-11 06:00:00+00:00,13.6645,54.926545,10.9,2161.2460033976,6.14796456108725,0.012768849473027399,0.0945840701705731,6.14796456108725,0.14187610525586,40.1982298224936,No (reported postion),cruise,2021-01-11 06:00:00
2021-01-11 07:00:00+00:00,13.9714516667,54.988945,11.5,2519.82491693801,7.16799210507531,0.014887368218233301,0.11027680161654299,7.16799210507531,0.165415202424815,46.8676406870309,No (reported postion),cruise,2021-01-11 07:00:00
2021-01-11 08:00:00+00:00,14.2394333333,55.0940433333,11.6,2583.36682912065,7.348745903406679,0.0152627799532293,0.11305762928318,7.348745903406679,0.169586443924769,48.0494924453513,No (reported postion),cruise,2021-01-11 08:00:00
2021-01-11 09:00:00+00:00,14.4477933333,55.2458533333,11.7,2648.01379042449,7.53264316750948,0.0156447204248274,0.115886817961684,7.53264316750948,0.173830226942526,49.2518976337158,No (reported postion),cruise,2021-01-11 09:00:00
2021-01-11 10:00:00+00:00,14.6613083333,55.3965716667,11.6,2583.36682912065,7.348745903406679,0.0152627799532293,0.11305762928318,7.348745903406679,0.169586443924769,48.0494924453513,No (reported postion),cruise,2021-01-11 10:00:00
2021-01-11 11:00:00+00:00,14.9606083333,55.4911016667,11.7,2648.01379042449,7.53264316750948,0.0156447204248274,0.115886817961684,7.53264316750948,0.173830226942526,49.2518976337158,No (reported postion),cruise,2021-01-11 11:00:00
2021-01-11 12:00:00+00:00,15.2641983333,55.5885516667,12.1,2725.091,7.7519,0.016100100000000003,0.11926,7.7519,0.17889,50.6855,No (reported postion),cruise,2021-01-11 12:00:00
2021-01-11 13:00:00+00:00,15.5706233333,55.68417,11.4,2457.37852759103,6.99035467367252,0.0145184289376275,0.1075439180565,6.99035467367252,0.16131587708475,45.706165174012604,No (reported postion),cruise,2021-01-11 13:00:00
2021-01-11 14:00:00+00:00,15.8592333333,55.774425,11.2,2335.7342122619502,6.64432051628125,0.013799742610738,0.102220315635096,6.64432051628125,0.15333047345264397,43.4436341449158,No (reported postion),cruise,2021-01-11 14:00:00
2021-01-11 15:00:00+00:00,16.14688,55.8614833333,10.8,2105.17269906851,5.9884562555559295,0.0124375629923085,0.092130096239322,5.9884562555559295,0.13819514435898297,39.1552909017119,No (reported postion),cruise,2021-01-11 15:00:00
2021-01-11 16:00:00+00:00,16.4323266667,55.9505783333,10.9,2161.2460033976,6.14796456108725,0.012768849473027399,0.0945840701705731,6.14796456108725,0.14187610525586,40.1982298224936,No (reported postion),cruise,2021-01-11 16:00:00
2021-01-11 17:00:00+00:00,16.7509,56.0635,10.8,2105.17269906851,5.9884562555559295,0.0124375629923085,0.092130096239322,5.9884562555559295,0.13819514435898297,39.1552909017119,No (reported postion),cruise,2021-01-11 17:00:00
2021-01-11 18:00:00+00:00,16.9090644444333,56.2611883333333,11.1333333333333,2725.091,7.7519,0.016100100000000003,0.11926,7.7519,0.17889,50.6855,Linear (small gap),cruise,2021-01-11 18:00:00
2021-01-11 19:00:00+00:00,17.0672288888667,56.4588766666667,11.4666666666667,2725.091,7.7519,0.016100100000000003,0.11926,7.7519,0.17889,50.6855,Linear (small gap),cruise,2021-01-11 19:00:00
2021-01-11 20:00:00+00:00,17.2253933333,56.656565,11.8,2713.77532713504,7.71971099622658,0.0160332459152398,0.11876478455733201,7.71971099622658,0.178147176835998,50.4750334368661,No (reported postion),cruise,2021-01-11 20:00:00
2021-01-11 21:00:00+00:00,17.2726716667,56.7198916667,11.6,2583.36682912065,7.348745903406679,0.0152627799532293,0.11305762928318,7.348745903406679,0.169586443924769,48.0494924453513,No (reported postion),cruise,2021-01-11 21:00:00
2021-01-11 22:00:00+00:00,17.40083,56.8945283333,11.0,2218.3576728491803,6.31042664049,0.0131062707148639,0.09708348677676931,6.31042664049,0.145625230165154,41.260481880127,No (reported postion),cruise,2021-01-11 22:00:00
2021-01-11 23:00:00+00:00,17.529725,57.0673783333,11.3,2396.0181347941902,6.81580651035545,0.014155905829199799,0.10485856169777599,6.81580651035545,0.157287842546664,44.564888721554894,No (reported postion),cruise,2021-01-11 23:00:00
2021-01-12 00:00:00+00:00,17.66271,57.2408983333,11.4,2457.37852759103,6.99035467367252,0.0145184289376275,0.1075439180565,6.99035467367252,0.16131587708475,45.706165174012604,No (reported postion),cruise,2021-01-12 00:00:00
2021-01-12 01:00:00+00:00,17.7752516667,57.41131,10.7,2050.12823357639,5.8318746250531905,0.0121123549904951,0.0897211480777414,5.8318746250531905,0.134581722116612,38.1314879330401,No (reported postion),cruise,2021-01-12 01:00:00
2021-01-12 02:00:00+00:00,18.0067,57.65654,10.6,1996.1030806357198,5.67819257073617,0.011793169185375102,0.0873568087805564,5.67819257073617,0.131035213170835,37.1266437317365,No (reported postion),cruise,2021-01-12 02:00:00
2021-01-12 03:00:00+00:00,18.08028,57.7271883333,10.7,2050.12823357639,5.8318746250531905,0.0121123549904951,0.0897211480777414,5.8318746250531905,0.134581722116612,38.1314879330401,No (reported postion),cruise,2021-01-12 03:00:00
2021-01-12 04:00:00+00:00,18.24782,57.8837016667,10.7,2050.12823357639,5.8318746250531905,0.0121123549904951,0.0897211480777414,5.8318746250531905,0.134581722116612,38.1314879330401,No (reported postion),cruise,2021-01-12 04:00:00
2021-01-12 05:00:00+00:00,18.4125716667,58.0359116667,10.7,2050.12823357639,5.8318746250531905,0.0121123549904951,0.0897211480777414,5.8318746250531905,0.134581722116612,38.1314879330401,No (reported postion),cruise,2021-01-12 05:00:00
2021-01-12 06:00:00+00:00,18.6671191667,58.26545583335,10.85,2725.091,7.7519,0.016100100000000003,0.11926,7.7519,0.17889,50.6855,Linear (small gap),cruise,2021-01-12 06:00:00
2021-01-12 07:00:00+00:00,18.9216666667,58.495,11.0,2218.3576728491803,6.31042664049,0.0131062707148639,0.09708348677676931,6.31042664049,0.145625230165154,41.260481880127,No (reported postion),cruise,2021-01-12 07:00:00
2021-01-12 08:00:00+00:00,18.9478783333,58.5183966667,11.8,2713.77532713504,7.71971099622658,0.0160332459152398,0.11876478455733201,7.71971099622658,0.178147176835998,50.4750334368661,No (reported postion),cruise,2021-01-12 08:00:00
2021-01-12 09:00:00+00:00,19.2033333333,58.7583333333,11.0,2218.3576728491803,6.31042664049,0.0131062707148639,0.09708348677676931,6.31042664049,0.145625230165154,41.260481880127,No (reported postion),cruise,2021-01-12 09:00:00
2021-01-12 10:00:00+00:00,19.47,58.9616666667,11.0,2218.3576728491803,6.31042664049,0.0131062707148639,0.09708348677676931,6.31042664049,0.145625230165154,41.260481880127,No (reported postion),cruise,2021-01-12 10:00:00
2021-01-12 11:00:00+00:00,19.60895,59.05878333335,10.95,2725.091,7.7519,0.016100100000000003,0.11926,7.7519,0.17889,50.6855,Linear (small gap),cruise,2021-01-12 11:00:00
2021-01-12 12:00:00+00:00,19.7479,59.1559,10.9,2161.2460033976,6.14796456108725,0.012768849473027399,0.0945840701705731,6.14796456108725,0.14187610525586,40.1982298224936,No (reported postion),cruise,2021-01-12 12:00:00
2021-01-12 13:00:00+00:00,19.948,59.3002,10.7,2050.12823357639,5.8318746250531905,0.0121123549904951,0.0897211480777414,5.8318746250531905,0.134581722116612,38.1314879330401,No (reported postion),cruise,2021-01-12 13:00:00
2021-01-12 14:00:00+00:00,20.1368,59.4518,10.6,1996.1030806357198,5.67819257073617,0.011793169185375102,0.0873568087805564,5.67819257073617,0.131035213170835,37.1266437317365,No (reported postion),cruise,2021-01-12 14:00:00
2021-01-12 15:00:00+00:00,20.1403383333,59.608785,11.0,2218.3576728491803,6.31042664049,0.0131062707148639,0.09708348677676931,6.31042664049,0.145625230165154,41.260481880127,No (reported postion),cruise,2021-01-12 15:00:00
2021-01-12 16:00:00+00:00,19.854,59.7257,11.5,2519.82491693801,7.16799210507531,0.014887368218233301,0.11027680161654299,7.16799210507531,0.165415202424815,46.8676406870309,No (reported postion),cruise,2021-01-12 16:00:00
2021-01-12 17:00:00+00:00,19.6045266667,59.867185,11.4,2457.37852759103,6.99035467367252,0.0145184289376275,0.1075439180565,6.99035467367252,0.16131587708475,45.706165174012604,No (reported postion),cruise,2021-01-12 17:00:00
2021-01-12 18:00:00+00:00,19.3586216667,60.01926,12.0,2725.091,7.7519,0.016100100000000003,0.11926,7.7519,0.17889,50.6855,No (reported postion),cruise,2021-01-12 18:00:00
2021-01-12 19:00:00+00:00,19.1073033333,60.1721483333,12.5,2725.091,7.7519,0.016100100000000003,0.11926,7.7519,0.17889,50.6855,No (reported postion),cruise,2021-01-12 19:00:00
2021-01-12 20:00:00+00:00,19.0209,60.3804,12.5,2725.091,7.7519,0.016100100000000003,0.11926,7.7519,0.17889,50.6855,No (reported postion),cruise,2021-01-12 20:00:00
2021-01-12 21:00:00+00:00,19.1663,60.5651,12.3,2725.091,7.7519,0.016100100000000003,0.11926,7.7519,0.17889,50.6855,No (reported postion),cruise,2021-01-12 21:00:00
2021-01-12 22:00:00+00:00,19.4679,60.7157,12.8,2725.091,7.7519,0.016100100000000003,0.11926,7.7519,0.17889,50.6855,No (reported postion),cruise,2021-01-12 22:00:00
2021-01-12 23:00:00+00:00,19.7728,60.866,12.7,2725.091,7.7519,0.016100100000000003,0.11926,7.7519,0.17889,50.6855,No (reported postion),cruise,2021-01-12 23:00:00
2021-01-13 00:00:00+00:00,20.1148,61.0325,12.7,2725.091,7.7519,0.016100100000000003,0.11926,7.7519,0.17889,50.6855,No (reported postion),cruise,2021-01-13 00:00:00
2021-01-13 01:00:00+00:00,20.3652,61.1565,12.4,2725.091,7.7519,0.016100100000000003,0.11926,7.7519,0.17889,50.6855,No (reported postion),cruise,2021-01-13 01:00:00
2021-01-13 02:00:00+00:00,20.6548,61.3069,12.2,2725.091,7.7519,0.016100100000000003,0.11926,7.7519,0.17889,50.6855,No (reported postion),cruise,2021-01-13 02:00:00
2021-01-13 03:00:00+00:00,20.9752,61.4614,11.9,2725.091,7.7519,0.016100100000000003,0.11926,7.7519,0.17889,50.6855,No (reported postion),cruise,2021-01-13 03:00:00
2021-01-13 04:00:00+00:00,21.1833,61.5646,8.9,1224.3993303386999,3.48297402503351,0.00723386912891575,0.0535842157697463,3.48297402503351,0.0803763236546194,22.7732917021422,No (reported postion),cruise,2021-01-13 04:00:00
2021-01-13 05:00:00+00:00,21.3999,61.6443,3.0,260.364446400954,1.75543559981626,0.00153825821724853,0.017908559598968,1.16405637393292,0.034022915597130596,20.2332395745378,No (reported postion),anchor,2021-01-13 05:00:00
2021-01-13 06:00:00+00:00,21.40034,61.64408,2.81333333333333,253.176664158794,1.55710314013653,0.00149579210772154,0.0164521293240795,1.0693884060651702,0.0305831607254447,17.4016937604107,Linear (small gap),anchor,2021-01-13 06:00:00
2021-01-13 07:00:00+00:00,21.40078,61.64386,2.62666666666667,246.882132226616,1.38341813430554,0.0014586034070281498,0.0151766946262247,0.986485150704605,0.0275708759692801,14.9220338397325,Linear (small gap),anchor,2021-01-13 07:00:00
2021-01-13 08:00:00+00:00,21.40122,61.64364,2.44,241.421582811342,1.23274520623857,0.00142634195534053,0.014070246320197599,0.9145660108128421,0.024957698382583198,12.7709119333172,Linear (small gap),anchor,2021-01-13 08:00:00
2021-01-13 09:00:00+00:00,21.40166,61.64342,2.25333333333333,236.735748119892,1.10344897985085,0.00139865759283087,0.0131207752207921,0.852850389351486,0.022715265019300598,10.9249801619784,Linear (small gap),anchor,2021-01-13 09:00:00
2021-01-13 10:00:00+00:00,21.4021,61.6432,2.06666666666667,232.765360359186,0.993894079057628,0.00137520015967134,0.0123162721428023,0.800557689282146,0.0208152129333785,9.360890646530121,Linear (small gap),anchor,2021-01-13 10:00:00
2021-01-13 11:00:00+00:00,21.40254,61.64298,1.88,229.451151736145,0.9024451277741611,0.00135561949603412,0.011644727901021999,0.756907313566429,0.0192291791787636,8.05529550778606,Linear (small gap),anchor,2021-01-13 11:00:00
2021-01-13 12:00:00+00:00,21.40298,61.64276,1.69333333333333,226.73385445769,0.8274667499156929,0.00133956544209139,0.0110941333102453,0.721118665165944,0.0179288008094022,6.9848468665600505,Linear (small gap),anchor,2021-01-13 12:00:00
2021-01-13 13:00:00+00:00,21.40342,61.64254,1.50666666666667,224.554200730741,0.7673235693974729,0.00132668783801532,0.0106524791852661,0.692411147042299,0.016885714879240902,6.1261968436659,Linear (small gap),anchor,2021-01-13 13:00:00
2021-01-13 14:00:00+00:00,21.40386,61.64232,1.32,222.852922762219,0.720380210134749,0.0013166365239781,0.0103077563408785,0.670004162157102,0.016071558442226,5.455997559917431,Linear (small gap),anchor,2021-01-13 14:00:00
2021-01-13 15:00:00+00:00,21.4043,61.6421,1.13333333333333,221.570752759044,0.685001296042769,0.0013090613401519,0.0100479555918763,0.653117113471961,0.015457968552303998,4.95090113612844,Linear (small gap),anchor,2021-01-13 15:00:00
2021-01-13 16:00:00+00:00,21.40474,61.64188,0.946666666666667,220.648422928137,0.659551451036781,0.00130361212670891,0.00986106775305361,0.640969403948484,0.0150165822634214,4.58755969311275,Linear (small gap),anchor,2021-01-13 16:00:00
2021-01-13 17:00:00+00:00,21.40518,61.64166,0.76,220.026665476419,0.6423952990320351,0.00129993872382129,0.00973508363920432,0.6327804365482811,0.0147190366295247,4.34262535168416,Linear (small gap),anchor,2021-01-13 17:00:00
2021-01-13 18:00:00+00:00,21.40562,61.64144,0.573333333333334,219.646212610809,0.631897463943778,0.00129769097166124,0.009657994065122431,0.6277696142329581,0.014536968704560201,4.19275023265649,Linear (small gap),anchor,2021-01-13 18:00:00
2021-01-13 19:00:00+00:00,21.40606,61.64122,0.386666666666667,219.44779653823,0.6264225696872581,0.00129651871040092,0.009617789845601911,0.625156339964124,0.0144420155424745,4.11458645684354,Linear (small gap),anchor,2021-01-13 19:00:00
2021-01-13 20:00:00+00:00,21.4065,61.641,0.2,219.3721494656,0.624335240177723,0.0012960717802125198,0.00960246179543673,0.624160016703388,0.014405814197214,4.08478614505912,No (reported postion),anchor,2021-01-13 20:00:00
2021-01-13 21:00:00+00:00,21.3354,61.6314,10.8,2018.21345128292,5.7410885922708905,0.0119237993839472,0.08832443988109069,5.7410885922708905,0.13248665982163602,37.5378869494635,No (reported postion),cruise,2021-01-13 21:00:00
2021-01-13 22:00:00+00:00,21.0436483333,61.5000516667,12.4,2725.091,7.7519,0.016100100000000003,0.11926,7.7519,0.17889,50.6855,No (reported postion),cruise,2021-01-13 22:00:00
2021-01-13 23:00:00+00:00,20.7217283333,61.3548916667,12.2,2725.091,7.7519,0.016100100000000003,0.11926,7.7519,0.17889,50.6855,No (reported postion),cruise,2021-01-13 23:00:00
2021-01-14 00:00:00+00:00,20.4389416667,61.2243,12.2,2725.091,7.7519,0.016100100000000003,0.11926,7.7519,0.17889,50.6855,No (reported postion),cruise,2021-01-14 00:00:00
2021-01-14 01:00:00+00:00,20.1422,61.0707,12.0,2725.091,7.7519,0.016100100000000003,0.11926,7.7519,0.17889,50.6855,No (reported postion),cruise,2021-01-14 01:00:00
2021-01-14 02:00:00+00:00,19.8434,60.9229,12.0,2725.091,7.7519,0.016100100000000003,0.11926,7.7519,0.17889,50.6855,No (reported postion),cruise,2021-01-14 02:00:00
2021-01-14 03:00:00+00:00,19.5676,60.7943,11.9,2725.091,7.7519,0.016100100000000003,0.11926,7.7519,0.17889,50.6855,No (reported postion),cruise,2021-01-14 03:00:00
2021-01-14 04:00:00+00:00,19.2742,60.6561,12.0,2725.091,7.7519,0.016100100000000003,0.11926,7.7519,0.17889,50.6855,No (reported postion),cruise,2021-01-14 04:00:00
2021-01-14 05:00:00+00:00,18.9881,60.5125,12.3,2725.091,7.7519,0.016100100000000003,0.11926,7.7519,0.17889,50.6855,No (reported postion),cruise,2021-01-14 05:00:00
2021-01-14 06:00:00+00:00,18.9903,60.3502,7.6,802.0784526195649,2.28162360701408,0.004738756722260011,0.0351019016463705,2.28162360701408,0.0526528524695557,14.9183081997074,No (reported postion),cruise,2021-01-14 06:00:00
2021-01-14 07:00:00+00:00,19.033225,60.1671766667,12.1,2725.091,7.7519,0.016100100000000003,0.11926,7.7519,0.17889,50.6855,No (reported postion),cruise,2021-01-14 07:00:00
2021-01-14 08:00:00+00:00,19.228995,60.0339966667,9.3,1382.1990746731399,3.93185732401549,0.00816616521141679,0.0604901126771614,3.93185732401549,0.0907351690157421,25.7082978877936,No (reported postion),cruise,2021-01-14 08:00:00
2021-01-14 09:00:00+00:00,19.435805,59.9200716667,9.3,1382.1990746731399,3.93185732401549,0.00816616521141679,0.0604901126771614,3.93185732401549,0.0907351690157421,25.7082978877936,No (reported postion),cruise,2021-01-14 09:00:00
2021-01-14 10:00:00+00:00,19.6423633333,59.80024,9.5,1466.37650902259,4.17131173244937,0.008663493598164089,0.0641740266530673,4.17131173244937,0.0962610399796009,27.2739613275536,No (reported postion),cruise,2021-01-14 10:00:00
2021-01-14 11:00:00+00:00,19.8387333333,59.6840566667,9.1,1301.5654185399198,3.70248368512449,0.00768977380756624,0.0569612874634537,3.70248368512449,0.0854419311951805,24.208547171967798,No (reported postion),cruise,2021-01-14 11:00:00
2021-01-14 12:00:00+00:00,19.9443,59.5242,9.1,1301.5654185399198,3.70248368512449,0.00768977380756624,0.0569612874634537,3.70248368512449,0.0854419311951805,24.208547171967798,No (reported postion),cruise,2021-01-14 12:00:00
2021-01-14 13:00:00+00:00,19.8319,59.4144,9.6,1509.8179587422198,4.29488697235204,0.00892014986565423,0.06607518419003139,4.29488697235204,0.09911277628504711,28.0819532807633,No (reported postion),cruise,2021-01-14 13:00:00
2021-01-14 14:00:00+00:00,19.6765,59.2769,9.4,1423.84005642807,4.05031088261814,0.0084121841408223,0.0623124751172022,4.05031088261814,0.0934687126758033,26.4828019248109,No (reported postion),cruise,2021-01-14 14:00:00
2021-01-14 15:00:00+00:00,19.5097,59.1364,9.1,1301.5654185399198,3.70248368512449,0.00768977380756624,0.0569612874634537,3.70248368512449,0.0854419311951805,24.208547171967798,No (reported postion),cruise,2021-01-14 15:00:00
2021-01-14 16:00:00+00:00,19.3050994444333,58.9674227777667,9.03333333333333,2725.091,7.7519,0.016100100000000003,0.11926,7.7519,0.17889,50.6855,Linear (small gap),cruise,2021-01-14 16:00:00
2021-01-14 17:00:00+00:00,19.1004988888667,58.7984455555333,8.96666666666667,2725.091,7.7519,0.016100100000000003,0.11926,7.7519,0.17889,50.6855,Linear (small gap),cruise,2021-01-14 17:00:00
2021-01-14 18:00:00+00:00,18.8958983333,58.6294683333,8.9,1224.3993303386999,3.48297402503351,0.00723386912891575,0.0535842157697463,3.48297402503351,0.0803763236546194,22.7732917021422,No (reported postion),cruise,2021-01-14 18:00:00
2021-01-14 19:00:00+00:00,18.88472,58.61891,8.9,1224.3993303386999,3.48297402503351,0.00723386912891575,0.0535842157697463,3.48297402503351,0.0803763236546194,22.7732917021422,No (reported postion),cruise,2021-01-14 19:00:00
2021-01-14 20:00:00+00:00,18.71267,58.4433327777667,10.1333333333333,2725.091,7.7519,0.016100100000000003,0.11926,7.7519,0.17889,50.6855,Linear (small gap),cruise,2021-01-14 20:00:00
2021-01-14 21:00:00+00:00,18.54062,58.2677555555333,11.3666666666667,2725.091,7.7519,0.016100100000000003,0.11926,7.7519,0.17889,50.6855,Linear (small gap),cruise,2021-01-14 21:00:00
2021-01-14 22:00:00+00:00,18.36857,58.0921783333,12.6,2725.091,7.7519,0.016100100000000003,0.11926,7.7519,0.17889,50.6855,No (reported postion),cruise,2021-01-14 22:00:00
2021-01-14 23:00:00+00:00,18.20653,57.9528616667,12.2,2725.091,7.7519,0.016100100000000003,0.11926,7.7519,0.17889,50.6855,No (reported postion),cruise,2021-01-14 23:00:00
2021-01-15 00:00:00+00:00,18.03645,57.80943,12.0,2725.091,7.7519,0.016100100000000003,0.11926,7.7519,0.17889,50.6855,No (reported postion),cruise,2021-01-15 00:00:00
2021-01-15 01:00:00+00:00,17.6781333333,57.4827933333,12.0,2725.091,7.7519,0.016100100000000003,0.11926,7.7519,0.17889,50.6855,No (reported postion),cruise,2021-01-15 01:00:00
2021-01-15 02:00:00+00:00,17.66298,57.464465,12.1,2725.091,7.7519,0.016100100000000003,0.11926,7.7519,0.17889,50.6855,No (reported postion),cruise,2021-01-15 02:00:00
2021-01-15 03:00:00+00:00,17.5142266667,57.2555816667,12.1,2725.091,7.7519,0.016100100000000003,0.11926,7.7519,0.17889,50.6855,No (reported postion),cruise,2021-01-15 03:00:00
2021-01-15 04:00:00+00:00,17.3721916667,57.07713,12.3,2725.091,7.7519,0.016100100000000003,0.11926,7.7519,0.17889,50.6855,No (reported postion),cruise,2021-01-15 04:00:00
2021-01-15 05:00:00+00:00,17.2341983333,56.9019233333,12.2,2725.091,7.7519,0.016100100000000003,0.11926,7.7519,0.17889,50.6855,No (reported postion),cruise,2021-01-15 05:00:00
2021-01-15 06:00:00+00:00,17.0854333333,56.7038433333,12.4,2725.091,7.7519,0.016100100000000003,0.11926,7.7519,0.17889,50.6855,No (reported postion),cruise,2021-01-15 06:00:00
2021-01-15 07:00:00+00:00,16.95846,56.51442416665,11.8,2725.091,7.7519,0.016100100000000003,0.11926,7.7519,0.17889,50.6855,Linear (small gap),cruise,2021-01-15 07:00:00
2021-01-15 08:00:00+00:00,16.8314866667,56.325005,11.2,2335.7342122619502,6.64432051628125,0.013799742610738,0.102220315635096,6.64432051628125,0.15333047345264397,43.4436341449158,No (reported postion),cruise,2021-01-15 08:00:00
2021-01-15 09:00:00+00:00,16.7060966667,56.1445083333,11.6,2583.36682912065,7.348745903406679,0.0152627799532293,0.11305762928318,7.348745903406679,0.169586443924769,48.0494924453513,No (reported postion),cruise,2021-01-15 09:00:00
2021-01-15 10:00:00+00:00,16.449575,56.0402883333,11.4,2457.37852759103,6.99035467367252,0.0145184289376275,0.1075439180565,6.99035467367252,0.16131587708475,45.706165174012604,No (reported postion),cruise,2021-01-15 10:00:00
2021-01-15 11:00:00+00:00,16.1685383333,55.9426483333,11.0,2218.3576728491803,6.31042664049,0.0131062707148639,0.09708348677676931,6.31042664049,0.145625230165154,41.260481880127,No (reported postion),cruise,2021-01-15 11:00:00
2021-01-15 12:00:00+00:00,15.884835,55.845635,11.1,2276.51723370879,6.475869592607051,0.013449883000030001,0.09962876296318539,6.475869592607051,0.149443144444778,42.342224259353806,No (reported postion),cruise,2021-01-15 12:00:00
2021-01-15 13:00:00+00:00,15.5928433333,55.7538416667,11.6,2583.36682912065,7.348745903406679,0.0152627799532293,0.11305762928318,7.348745903406679,0.169586443924769,48.0494924453513,No (reported postion),cruise,2021-01-15 13:00:00
2021-01-15 14:00:00+00:00,15.31068,55.6584433333,11.0,2218.3576728491803,6.31042664049,0.0131062707148639,0.09708348677676931,6.31042664049,0.145625230165154,41.260481880127,No (reported postion),cruise,2021-01-15 14:00:00
2021-01-15 15:00:00+00:00,15.0266683333,55.5698866667,11.4,2457.37852759103,6.99035467367252,0.0145184289376275,0.1075439180565,6.99035467367252,0.16131587708475,45.706165174012604,No (reported postion),cruise,2021-01-15 15:00:00
2021-01-15 16:00:00+00:00,14.7270033333,55.487145,11.2,2335.7342122619502,6.64432051628125,0.013799742610738,0.102220315635096,6.64432051628125,0.15333047345264397,43.4436341449158,No (reported postion),cruise,2021-01-15 16:00:00
2021-01-15 17:00:00+00:00,14.4673566667,55.3692566667,11.5,2519.82491693801,7.16799210507531,0.014887368218233301,0.11027680161654299,7.16799210507531,0.165415202424815,46.8676406870309,No (reported postion),cruise,2021-01-15 17:00:00
2021-01-15 18:00:00+00:00,14.24748,55.2278116667,11.1,2276.51723370879,6.475869592607051,0.013449883000030001,0.09962876296318539,6.475869592607051,0.149443144444778,42.342224259353806,No (reported postion),cruise,2021-01-15 18:00:00
2021-01-15 19:00:00+00:00,13.9205816667,55.2289283333,11.5,2519.82491693801,7.16799210507531,0.014887368218233301,0.11027680161654299,7.16799210507531,0.165415202424815,46.8676406870309,No (reported postion),cruise,2021-01-15 19:00:00
2021-01-15 20:00:00+00:00,13.57986,55.2377233333,11.6,2583.36682912065,7.348745903406679,0.0152627799532293,0.11305762928318,7.348745903406679,0.169586443924769,48.0494924453513,No (reported postion),cruise,2021-01-15 20:00:00
2021-01-15 21:00:00+00:00,13.2441383333,55.2470683333,11.6,2583.36682912065,7.348745903406679,0.0152627799532293,0.11305762928318,7.348745903406679,0.169586443924769,48.0494924453513,No (reported postion),cruise,2021-01-15 21:00:00
2021-01-15 22:00:00+00:00,12.9087433333,55.2581233333,11.4,2457.37852759103,6.99035467367252,0.0145184289376275,0.1075439180565,6.99035467367252,0.16131587708475,45.706165174012604,No (reported postion),cruise,2021-01-15 22:00:00
2021-01-15 23:00:00+00:00,12.6718516667,55.35189,11.4,2457.37852759103,6.99035467367252,0.0145184289376275,0.1075439180565,6.99035467367252,0.16131587708475,45.706165174012604,No (reported postion),cruise,2021-01-15 23:00:00
2021-01-16 00:00:00+00:00,12.71495,55.5385,9.9,1578.68679031109,4.49079393305125,0.009327033553260288,0.0690891374315577,4.49079393305125,0.103633706147337,29.362883408412,No (reported postion),cruise,2021-01-16 00:00:00
2021-01-16 01:00:00+00:00,12.6900483333,55.7210933333,12.5,2725.091,7.7519,0.016100100000000003,0.11926,7.7519,0.17889,50.6855,No (reported postion),cruise,2021-01-16 01:00:00
2021-01-16 02:00:00+00:00,12.7458266667,55.91445,12.2,2725.091,7.7519,0.016100100000000003,0.11926,7.7519,0.17889,50.6855,No (reported postion),cruise,2021-01-16 02:00:00
2021-01-16 03:00:00+00:00,12.581355,56.097715,13.1,2725.091,7.7519,0.016100100000000003,0.11926,7.7519,0.17889,50.6855,No (reported postion),cruise,2021-01-16 03:00:00
2021-01-16 04:00:00+00:00,12.396225,56.2764483333,12.3,2725.091,7.7519,0.016100100000000003,0.11926,7.7519,0.17889,50.6855,No (reported postion),cruise,2021-01-16 04:00:00
2021-01-16 05:00:00+00:00,12.3158483333,56.4754883333,11.3,2396.0181347941902,6.81580651035545,0.014155905829199799,0.10485856169777599,6.81580651035545,0.157287842546664,44.564888721554894,No (reported postion),cruise,2021-01-16 05:00:00
2021-01-16 06:00:00+00:00,12.237765,56.6603016667,11.6,2583.36682912065,7.348745903406679,0.0152627799532293,0.11305762928318,7.348745903406679,0.169586443924769,48.0494924453513,No (reported postion),cruise,2021-01-16 06:00:00
2021-01-16 07:00:00+00:00,12.1572133333,56.8485983333,11.9,2725.091,7.7519,0.016100100000000003,0.11926,7.7519,0.17889,50.6855,No (reported postion),cruise,2021-01-16 07:00:00
2021-01-16 08:00:00+00:00,12.0430883333,57.035645,11.9,2725.091,7.7519,0.016100100000000003,0.11926,7.7519,0.17889,50.6855,No (reported postion),cruise,2021-01-16 08:00:00
2021-01-16 09:00:00+00:00,11.9381233333,57.1771566667,8.8,1187.09280849878,3.37685043993088,0.007013458606010299,0.0519515452297059,3.37685043993088,0.0779273178445589,22.079406722625002,No (reported postion),cruise,2021-01-16 09:00:00
2021-01-16 10:00:00+00:00,11.8078216667,57.2991433333,8.3,973.473310898609,2.76918009664812,0.0057513740468845605,0.0426027707176634,2.76918009664812,0.0639041560764951,18.106177555006898,No (reported postion),cruise,2021-01-16 10:00:00
2021-01-16 11:00:00+00:00,11.694915,57.4060033333,7.2,697.7211700943731,1.98476481646102,0.00412220384957288,0.030534843330169502,1.98476481646102,0.0458022649952542,12.977308415322002,No (reported postion),cruise,2021-01-16 11:00:00
2021-01-16 12:00:00+00:00,11.614695,57.5336983333,9.1,1249.5456177338299,3.5545061335973402,0.00738243581593293,0.0546847097476513,3.5545061335973402,0.08202706462147699,23.241001642751797,No (reported postion),cruise,2021-01-16 12:00:00
2021-01-16 13:00:00+00:00,11.7772883333,57.664105,4.3,225.85594518521,1.63856661288625,0.00133437866958439,0.0142702441876995,0.927565872200469,0.0262404883753991,14.5540599478266,No (reported postion),cruise,2021-01-16 13:00:00
2021-01-16 14:00:00+00:00,11.7818566667,57.6688183333,0.0,219.36,0.624,0.001296,0.0096,0.624,0.0144,4.08,No (reported postion),anchor,2021-01-16 14:00:00
2021-01-16 15:00:00+00:00,11.780225,57.6689333333,0.2,219.3721494656,0.624335240177723,0.0012960717802125198,0.00960246179543673,0.624160016703388,0.014405814197214,4.08478614505912,No (reported postion),anchor,2021-01-16 15:00:00
2021-01-16 16:00:00+00:00,11.7799333333,57.6686116667,0.4,219.457195724802,0.626681921421787,0.00129657424170014,0.00961969436349385,0.6252801336271,0.0144465135777117,4.1182891604729805,No (reported postion),anchor,2021-01-16 16:00:00
2021-01-16 17:00:00+00:00,11.8733583333,57.69049,0.0,219.36,0.624,0.001296,0.0096,0.624,0.0144,4.08,No (reported postion),anchor,2021-01-16 17:00:00
2021-01-16 18:00:00+00:00,11.8733683333,57.6904733333,0.0,219.36,0.624,0.001296,0.0096,0.624,0.0144,4.08,No (reported postion),anchor,2021-01-16 18:00:00
2021-01-16 19:00:00+00:00,11.873385,57.6904916667,0.0,219.36,0.624,0.001296,0.0096,0.624,0.0144,4.08,No (reported postion),anchor,2021-01-16 19:00:00
2021-01-16 20:00:00+00:00,11.8733266667,57.6904766667,0.0,219.36,0.624,0.001296,0.0096,0.624,0.0144,4.08,No (reported postion),anchor,2021-01-16 20:00:00
2021-01-16 21:00:00+00:00,11.873355,57.6904866667,0.0,219.36,0.624,0.001296,0.0096,0.624,0.0144,4.08,No (reported postion),anchor,2021-01-16 21:00:00
2021-01-16 22:00:00+00:00,11.8733433333,57.690505,0.0,219.36,0.624,0.001296,0.0096,0.624,0.0144,4.08,No (reported postion),anchor,2021-01-16 22:00:00
2021-01-16 23:00:00+00:00,11.87334,57.6904766667,0.0,219.36,0.624,0.001296,0.0096,0.624,0.0144,4.08,No (reported postion),anchor,2021-01-16 23:00:00
2021-01-17 00:00:00+00:00,11.87337,57.69047,0.0,219.36,0.624,0.001296,0.0096,0.624,0.0144,4.08,No (reported postion),anchor,2021-01-17 00:00:00
2021-01-17 01:00:00+00:00,11.87334,57.690495,0.0,219.36,0.624,0.001296,0.0096,0.624,0.0144,4.08,No (reported postion),anchor,2021-01-17 01:00:00
2021-01-17 02:00:00+00:00,11.8733583333,57.6904966667,0.0,219.36,0.624,0.001296,0.0096,0.624,0.0144,4.08,No (reported postion),anchor,2021-01-17 02:00:00
2021-01-17 03:00:00+00:00,11.87338,57.6904816667,0.0,219.36,0.624,0.001296,0.0096,0.624,0.0144,4.08,No (reported postion),anchor,2021-01-17 03:00:00
2021-01-17 04:00:00+00:00,11.873345,57.69049,0.0,219.36,0.624,0.001296,0.0096,0.624,0.0144,4.08,No (reported postion),anchor,2021-01-17 04:00:00
2021-01-17 05:00:00+00:00,11.8733616667,57.6904983333,0.0,219.36,0.624,0.001296,0.0096,0.624,0.0144,4.08,No (reported postion),anchor,2021-01-17 05:00:00
2021-01-17 06:00:00+00:00,11.8733533333,57.6905083333,0.0,219.36,0.624,0.001296,0.0096,0.624,0.0144,4.08,No (reported postion),anchor,2021-01-17 06:00:00
2021-01-17 07:00:00+00:00,11.87329,57.6904883333,0.0,219.36,0.624,0.001296,0.0096,0.624,0.0144,4.08,No (reported postion),anchor,2021-01-17 07:00:00
2021-01-17 08:00:00+00:00,11.8733666667,57.690475,0.0,219.36,0.624,0.001296,0.0096,0.624,0.0144,4.08,No (reported postion),anchor,2021-01-17 08:00:00
2021-01-17 09:00:00+00:00,11.8733916667,57.6904783333,0.0,219.36,0.624,0.001296,0.0096,0.624,0.0144,4.08,No (reported postion),anchor,2021-01-17 09:00:00
2021-01-17 10:00:00+00:00,11.873325,57.69049,0.0,219.36,0.624,0.001296,0.0096,0.624,0.0144,4.08,No (reported postion),anchor,2021-01-17 10:00:00
2021-01-17 11:00:00+00:00,11.8733416667,57.6904966667,0.0,219.36,0.624,0.001296,0.0096,0.624,0.0144,4.08,No (reported postion),anchor,2021-01-17 11:00:00
2021-01-17 12:00:00+00:00,11.873365,57.6904416667,0.0,219.36,0.624,0.001296,0.0096,0.624,0.0144,4.08,No (reported postion),anchor,2021-01-17 12:00:00
2021-01-17 13:00:00+00:00,11.8733133333,57.6904816667,0.0,219.36,0.624,0.001296,0.0096,0.624,0.0144,4.08,No (reported postion),anchor,2021-01-17 13:00:00
2021-01-17 14:00:00+00:00,11.8733533333,57.6904816667,0.0,219.36,0.624,0.001296,0.0096,0.624,0.0144,4.08,No (reported postion),anchor,2021-01-17 14:00:00
2021-01-17 15:00:00+00:00,11.873405,57.690495,0.0,219.36,0.624,0.001296,0.0096,0.624,0.0144,4.08,No (reported postion),anchor,2021-01-17 15:00:00
2021-01-17 16:00:00+00:00,11.8733766667,57.690455,0.0,219.36,0.624,0.001296,0.0096,0.624,0.0144,4.08,No (reported postion),anchor,2021-01-17 16:00:00
2021-01-17 17:00:00+00:00,11.8733266667,57.6905016667,0.0,219.36,0.624,0.001296,0.0096,0.624,0.0144,4.08,No (reported postion),anchor,2021-01-17 17:00:00
2021-01-17 18:00:00+00:00,11.8733866667,57.6905016667,0.0,219.36,0.624,0.001296,0.0096,0.624,0.0144,4.08,No (reported postion),anchor,2021-01-17 18:00:00
2021-01-17 19:00:00+00:00,11.8733583333,57.6905016667,0.0,219.36,0.624,0.001296,0.0096,0.624,0.0144,4.08,No (reported postion),anchor,2021-01-17 19:00:00
2021-01-17 20:00:00+00:00,11.873355,57.6905083333,0.0,219.36,0.624,0.001296,0.0096,0.624,0.0144,4.08,No (reported postion),anchor,2021-01-17 20:00:00
2021-01-17 21:00:00+00:00,11.8733916667,57.690505,0.0,219.36,0.624,0.001296,0.0096,0.624,0.0144,4.08,No (reported postion),anchor,2021-01-17 21:00:00
2021-01-17 22:00:00+00:00,11.8733616667,57.690485,0.0,219.36,0.624,0.001296,0.0096,0.624,0.0144,4.08,No (reported postion),anchor,2021-01-17 22:00:00
2021-01-17 23:00:00+00:00,11.8733483333,57.69049,0.0,219.36,0.624,0.001296,0.0096,0.624,0.0144,4.08,No (reported postion),anchor,2021-01-17 23:00:00
2021-01-18 00:00:00+00:00,11.8733766667,57.6904983333,0.0,219.36,0.624,0.001296,0.0096,0.624,0.0144,4.08,No (reported postion),anchor,2021-01-18 00:00:00
2021-01-18 01:00:00+00:00,11.8734083333,57.6904916667,0.0,219.36,0.624,0.001296,0.0096,0.624,0.0144,4.08,No (reported postion),anchor,2021-01-18 01:00:00
2021-01-18 02:00:00+00:00,11.8733683333,57.6905183333,0.0,219.36,0.624,0.001296,0.0096,0.624,0.0144,4.08,No (reported postion),anchor,2021-01-18 02:00:00
2021-01-18 03:00:00+00:00,11.8733183333,57.6905066667,0.0,219.36,0.624,0.001296,0.0096,0.624,0.0144,4.08,No (reported postion),anchor,2021-01-18 03:00:00
2021-01-18 04:00:00+00:00,11.87335,57.6905083333,0.0,219.36,0.624,0.001296,0.0096,0.624,0.0144,4.08,No (reported postion),anchor,2021-01-18 04:00:00
2021-01-18 05:00:00+00:00,11.8733733333,57.6905033333,0.0,219.36,0.624,0.001296,0.0096,0.624,0.0144,4.08,No (reported postion),anchor,2021-01-18 05:00:00
2021-01-18 06:00:00+00:00,11.8733066667,57.6904666667,0.0,219.36,0.624,0.001296,0.0096,0.624,0.0144,4.08,No (reported postion),anchor,2021-01-18 06:00:00
2021-01-18 07:00:00+00:00,11.7990966667,57.6737966667,8.7,1105.16744327287,3.1438023550431797,0.00652943566047431,0.0483661900775874,3.1438023550431797,0.0725492851163812,20.5556307829747,No (reported postion),cruise,2021-01-18 07:00:00
2021-01-18 08:00:00+00:00,11.6133183333,57.5557933333,10.7,1965.5622234209,5.5913148587465304,0.0116127308604736,0.08602022859610049,5.5913148587465304,0.129030342894151,36.5585971533427,No (reported postion),cruise,2021-01-18 08:00:00
2021-01-18 09:00:00+00:00,11.592925,57.36367,11.5,2519.82491693801,7.16799210507531,0.014887368218233301,0.11027680161654299,7.16799210507531,0.165415202424815,46.8676406870309,No (reported postion),cruise,2021-01-18 09:00:00
2021-01-18 10:00:00+00:00,11.590195,57.1706116667,11.9,2725.091,7.7519,0.016100100000000003,0.11926,7.7519,0.17889,50.6855,No (reported postion),cruise,2021-01-18 10:00:00
2021-01-18 11:00:00+00:00,11.705455,56.9869533333,11.6,2583.36682912065,7.348745903406679,0.0152627799532293,0.11305762928318,7.348745903406679,0.169586443924769,48.0494924453513,No (reported postion),cruise,2021-01-18 11:00:00
2021-01-18 12:00:00+00:00,11.8395033333,56.80174,12.1,2725.091,7.7519,0.016100100000000003,0.11926,7.7519,0.17889,50.6855,No (reported postion),cruise,2021-01-18 12:00:00
2021-01-18 13:00:00+00:00,11.7468183333,56.6299466667,11.9,2725.091,7.7519,0.016100100000000003,0.11926,7.7519,0.17889,50.6855,No (reported postion),cruise,2021-01-18 13:00:00
2021-01-18 14:00:00+00:00,11.5533366667,56.4613083333,11.7,2648.01379042449,7.53264316750948,0.0156447204248274,0.115886817961684,7.53264316750948,0.173830226942526,49.2518976337158,No (reported postion),cruise,2021-01-18 14:00:00
2021-01-18 15:00:00+00:00,11.3700366667,56.29568,11.7,2648.01379042449,7.53264316750948,0.0156447204248274,0.115886817961684,7.53264316750948,0.173830226942526,49.2518976337158,No (reported postion),cruise,2021-01-18 15:00:00
2021-01-18 16:00:00+00:00,11.187195,56.13642,11.8,2713.77532713504,7.71971099622658,0.0160332459152398,0.11876478455733201,7.71971099622658,0.178147176835998,50.4750334368661,No (reported postion),cruise,2021-01-18 16:00:00
2021-01-18 17:00:00+00:00,11.0386266667,56.0027566667,8.9,1175.7345768457199,3.3445403717711804,0.00694635307983246,0.0514544672580182,3.3445403717711804,0.0771817008870273,21.868148584657703,No (reported postion),cruise,2021-01-18 17:00:00
2021-01-18 18:00:00+00:00,10.8473933333,55.8560616667,11.7,2537.4527560581996,7.21813694283516,0.0149915151889653,0.111048260659002,7.21813694283516,0.166572390988504,47.195510780076,No (reported postion),cruise,2021-01-18 18:00:00
2021-01-18 19:00:00+00:00,10.7726533333,55.6655166667,12.2,2725.091,7.7519,0.016100100000000003,0.11926,7.7519,0.17889,50.6855,No (reported postion),cruise,2021-01-18 19:00:00
2021-01-18 20:00:00+00:00,10.8998383333,55.4814666667,12.4,2725.091,7.7519,0.016100100000000003,0.11926,7.7519,0.17889,50.6855,No (reported postion),cruise,2021-01-18 20:00:00
2021-01-18 21:00:00+00:00,11.0362633333,55.306855,10.3,1764.6161371250198,5.0196957948851795,0.0104255220355308,0.0772260891520797,5.0196957948851795,0.11583913372811899,32.8210878896339,No (reported postion),cruise,2021-01-18 21:00:00
2021-01-18 22:00:00+00:00,11.09602,55.2090783333,10.5,1863.17563944091,5.30006199403323,0.011007821064530599,0.081539415292819,5.30006199403323,0.12230912293922801,34.6542514994481,No (reported postion),cruise,2021-01-18 22:00:00
2021-01-18 23:00:00+00:00,11.01838,55.01924,12.1,2725.091,7.7519,0.016100100000000003,0.11926,7.7519,0.17889,50.6855,No (reported postion),cruise,2021-01-18 23:00:00
2021-01-19 00:00:00+00:00,10.8693433333,54.8620533333,10.9,2071.84878585857,5.89366175408346,0.012240682104634899,0.0906717192935917,5.89366175408346,0.13600757894038798,38.5354806997765,No (reported postion),cruise,2021-01-19 00:00:00
2021-01-19 01:00:00+00:00,10.89395,54.685155,11.9,2725.091,7.7519,0.016100100000000003,0.11926,7.7519,0.17889,50.6855,No (reported postion),cruise,2021-01-19 01:00:00
2021-01-19 02:00:00+00:00,11.1796666667,54.577655,11.6,2475.61653220237,7.04223521195421,0.014626180824828,0.10834208018391099,7.04223521195421,0.16251312027586598,46.0453840781622,No (reported postion),cruise,2021-01-19 02:00:00
2021-01-19 03:00:00+00:00,11.48785,54.4897983333,12.2,2725.091,7.7519,0.016100100000000003,0.11926,7.7519,0.17889,50.6855,No (reported postion),cruise,2021-01-19 03:00:00
2021-01-19 04:00:00+00:00,11.8147166667,54.4124233333,12.5,2725.091,7.7519,0.016100100000000003,0.11926,7.7519,0.17889,50.6855,No (reported postion),cruise,2021-01-19 04:00:00
2021-01-19 05:00:00+00:00,12.1585983333,54.4056283333,12.2,2725.091,7.7519,0.016100100000000003,0.11926,7.7519,0.17889,50.6855,No (reported postion),cruise,2021-01-19 05:00:00
2021-01-19 06:00:00+00:00,12.3199483333,54.5829083333,11.9,2725.091,7.7519,0.016100100000000003,0.11926,7.7519,0.17889,50.6855,No (reported postion),cruise,2021-01-19 06:00:00
2021-01-19 07:00:00+00:00,12.6102566667,54.69879,12.3,2725.091,7.7519,0.016100100000000003,0.11926,7.7519,0.17889,50.6855,No (reported postion),cruise,2021-01-19 07:00:00
2021-01-19 08:00:00+00:00,12.9281916667,54.78777,12.6,2725.091,7.7519,0.016100100000000003,0.11926,7.7519,0.17889,50.6855,No (reported postion),cruise,2021-01-19 08:00:00
2021-01-19 09:00:00+00:00,13.237975,54.8460116667,10.9,2161.2460033976,6.14796456108725,0.012768849473027399,0.0945840701705731,6.14796456108725,0.14187610525586,40.1982298224936,No (reported postion),cruise,2021-01-19 09:00:00
2021-01-19 10:00:00+00:00,13.5667416667,54.9116716667,11.2,2335.7342122619502,6.64432051628125,0.013799742610738,0.102220315635096,6.64432051628125,0.15333047345264397,43.4436341449158,No (reported postion),cruise,2021-01-19 10:00:00
2021-01-19 11:00:00+00:00,13.849315,54.9652616667,11.3,2396.0181347941902,6.81580651035545,0.014155905829199799,0.10485856169777599,6.81580651035545,0.157287842546664,44.564888721554894,No (reported postion),cruise,2021-01-19 11:00:00
2021-01-19 12:00:00+00:00,14.1483283333,55.029535,11.0,2218.3576728491803,6.31042664049,0.0131062707148639,0.09708348677676931,6.31042664049,0.145625230165154,41.260481880127,No (reported postion),cruise,2021-01-19 12:00:00
2021-01-19 13:00:00+00:00,14.3520866667,55.1789416667,10.8,2105.17269906851,5.9884562555559295,0.0124375629923085,0.092130096239322,5.9884562555559295,0.13819514435898297,39.1552909017119,No (reported postion),cruise,2021-01-19 13:00:00
2021-01-19 14:00:00+00:00,14.5520433333,55.32311,11.1,2276.51723370879,6.475869592607051,0.013449883000030001,0.09962876296318539,6.475869592607051,0.149443144444778,42.342224259353806,No (reported postion),cruise,2021-01-19 14:00:00
2021-01-19 15:00:00+00:00,14.7975616667,55.4420366667,11.1,2276.51723370879,6.475869592607051,0.013449883000030001,0.09962876296318539,6.475869592607051,0.149443144444778,42.342224259353806,No (reported postion),cruise,2021-01-19 15:00:00
2021-01-19 16:00:00+00:00,15.0786366667,55.5295233333,10.7,2050.12823357639,5.8318746250531905,0.0121123549904951,0.0897211480777414,5.8318746250531905,0.134581722116612,38.1314879330401,No (reported postion),cruise,2021-01-19 16:00:00
2021-01-19 17:00:00+00:00,15.357095,55.6128833333,11.3,2396.0181347941902,6.81580651035545,0.014155905829199799,0.10485856169777599,6.81580651035545,0.157287842546664,44.564888721554894,No (reported postion),cruise,2021-01-19 17:00:00
2021-01-19 18:00:00+00:00,15.6179966667,55.7193233333,10.8,2105.17269906851,5.9884562555559295,0.0124375629923085,0.092130096239322,5.9884562555559295,0.13819514435898297,39.1552909017119,No (reported postion),cruise,2021-01-19 18:00:00
2021-01-19 19:00:00+00:00,15.92347,55.8124066667,12.1,2725.091,7.7519,0.016100100000000003,0.11926,7.7519,0.17889,50.6855,No (reported postion),cruise,2021-01-19 19:00:00
2021-01-19 20:00:00+00:00,16.23865,55.9071366667,11.9,2725.091,7.7519,0.016100100000000003,0.11926,7.7519,0.17889,50.6855,No (reported postion),cruise,2021-01-19 20:00:00
2021-01-19 21:00:00+00:00,16.552805,55.99926,12.2,2725.091,7.7519,0.016100100000000003,0.11926,7.7519,0.17889,50.6855,No (reported postion),cruise,2021-01-19 21:00:00
2021-01-19 22:00:00+00:00,16.8639483333,56.11154,12.4,2725.091,7.7519,0.016100100000000003,0.11926,7.7519,0.17889,50.6855,No (reported postion),cruise,2021-01-19 22:00:00
2021-01-19 23:00:00+00:00,17.0252533333,56.3054633333,12.4,2725.091,7.7519,0.016100100000000003,0.11926,7.7519,0.17889,50.6855,No (reported postion),cruise,2021-01-19 23:00:00
2021-01-20 00:00:00+00:00,17.24041,56.66059,12.5,2725.091,7.7519,0.016100100000000003,0.11926,7.7519,0.17889,50.6855,No (reported postion),cruise,2021-01-20 00:00:00
2021-01-20 01:00:00+00:00,17.258405,56.6879,12.4,2725.091,7.7519,0.016100100000000003,0.11926,7.7519,0.17889,50.6855,No (reported postion),cruise,2021-01-20 01:00:00
2021-01-20 02:00:00+00:00,17.3889266667,56.8823483333,12.3,2725.091,7.7519,0.016100100000000003,0.11926,7.7519,0.17889,50.6855,No (reported postion),cruise,2021-01-20 02:00:00
2021-01-20 03:00:00+00:00,17.5186583333,57.0747433333,12.2,2725.091,7.7519,0.016100100000000003,0.11926,7.7519,0.17889,50.6855,No (reported postion),cruise,2021-01-20 03:00:00
2021-01-20 04:00:00+00:00,17.6436866667,57.2684333333,12.4,2725.091,7.7519,0.016100100000000003,0.11926,7.7519,0.17889,50.6855,No (reported postion),cruise,2021-01-20 04:00:00
2021-01-20 05:00:00+00:00,17.8071883333,57.523725,12.6,2725.091,7.7519,0.016100100000000003,0.11926,7.7519,0.17889,50.6855,No (reported postion),cruise,2021-01-20 05:00:00
2021-01-20 06:00:00+00:00,17.819509999975,57.71898625,11.925,2725.091,7.7519,0.016100100000000003,0.11926,7.7519,0.17889,50.6855,Linear (small gap),cruise,2021-01-20 06:00:00
2021-01-20 07:00:00+00:00,17.83183166665,57.9142475,11.25,2725.091,7.7519,0.016100100000000003,0.11926,7.7519,0.17889,50.6855,Linear (small gap),cruise,2021-01-20 07:00:00
2021-01-20 08:00:00+00:00,17.844153333325,58.10950875,10.575,2725.091,7.7519,0.016100100000000003,0.11926,7.7519,0.17889,50.6855,Linear (small gap),cruise,2021-01-20 08:00:00
2021-01-20 09:00:00+00:00,17.856475,58.30477,9.9,1645.6675535070501,4.68133002091722,0.00972276235113576,0.0720204618602648,4.68133002091722,0.108030692790397,30.6086962906126,No (reported postion),cruise,2021-01-20 09:00:00
2021-01-20 10:00:00+00:00,17.861825,58.373115,10.0,1692.8242545824,4.81547380953419,0.0100013686813402,0.0740842124543722,4.81547380953419,0.111126318681558,31.4857902931082,No (reported postion),cruise,2021-01-20 10:00:00
2021-01-20 11:00:00+00:00,17.8793933333,58.6439366667,9.8,1599.45395469892,4.5498690177431,0.009449727959927991,0.0699979848883554,4.5498690177431,0.104996977332533,29.749143577551102,No (reported postion),cruise,2021-01-20 11:00:00
2021-01-20 12:00:00+00:00,17.8708266667,58.7057166667,8.5,1037.7713202217,2.95208471835496,0.00613125287658338,0.0454166879746917,2.95208471835496,0.0681250319620375,19.302092389244,No (reported postion),cruise,2021-01-20 12:00:00
2021-01-20 13:00:00+00:00,17.7184916667,58.8819533333,12.6,2725.091,7.7519,0.016100100000000003,0.11926,7.7519,0.17889,50.6855,No (reported postion),cruise,2021-01-20 13:00:00
2021-01-20 14:00:00+00:00,17.6637583333,59.0906733333,9.5,1407.1910086302998,4.00295035277766,0.0083138199634613,0.0615838515811948,4.00295035277766,0.0923757773717922,26.173136922007803,No (reported postion),cruise,2021-01-20 14:00:00
2021-01-20 15:00:00+00:00,17.6642183333,59.170225,1.6,225.58052638734497,0.795642970994349,0.0013327514688092602,0.0108604392636064,0.705928552134416,0.0173768689735499,6.53050627027063,No (reported postion),anchor,2021-01-20 15:00:00
2021-01-20 16:00:00+00:00,17.665473680525,59.1674763194458,1.79583333333333,228.15559601969602,0.866696861725098,0.00134796522812512,0.0113822148608837,0.739843965957444,0.0186091834781347,7.5449259330982805,Linear (small gap),anchor,2021-01-20 16:00:00
2021-01-20 17:00:00+00:00,17.66672902775,59.1647276388917,1.99166666666667,231.358229186078,0.955067111677128,0.0013668866932219099,0.0120311510342032,0.782024817223206,0.0201418221509744,8.806567178051809,Linear (small gap),anchor,2021-01-20 17:00:00
2021-01-20 18:00:00+00:00,17.667984374975,59.1619789583375,2.1875,235.256860889042,1.0626420477260798,0.00138992018468362,0.0128211144821122,0.833372441337293,0.022007534959373,10.3423892031821,Linear (small gap),anchor,2021-01-20 18:00:00
2021-01-20 19:00:00+00:00,17.6692397222,59.1592302777833,2.38333333333333,239.919926131138,1.19130999674759,0.0014174700230942501,0.0137659719031583,0.894788173705291,0.024239071870634198,12.1793512065399,Linear (small gap),anchor,2021-01-20 19:00:00
2021-01-20 20:00:00+00:00,17.670495069425,59.1564815972292,2.57916666666667,245.415859914917,1.34295928561729,0.0014499405290378,0.0148795899958891,0.96717334973279,0.026869182852062,14.3444123861761,Linear (small gap),anchor,2021-01-20 20:00:00
2021-01-20 21:00:00+00:00,17.67175041665,59.153732916675,2.775,251.81309724293,1.51947824121083,0.00148773602309828,0.016175835458851998,1.05142930482538,0.0299306178709603,16.864531940141603,Linear (small gap),anchor,2021-01-20 21:00:00
2021-01-20 22:00:00+00:00,17.673005763875,59.1509842361208,2.97083333333333,259.180073117729,1.72275519040385,0.0015312608258596701,0.0176685749905945,1.14845737438864,0.033456126894632905,19.7666690664873,Linear (small gap),anchor,2021-01-20 22:00:00
2021-01-20 23:00:00+00:00,17.6742611111,59.1482355555667,3.16666666666667,217.75734375315702,1.54871998430745,0.00128653135258977,0.0136216472239946,0.8854070695596501,0.0249432944479892,13.7090231660159,Linear (small gap),cruise,2021-01-20 23:00:00
2021-01-21 00:00:00+00:00,17.675516458325,59.1454868750125,3.3625,239.975473892247,1.5496780707994402,0.0014177982046150298,0.0140435342769188,0.9128297279997241,0.0249607593046073,12.8667087465336,Linear (small gap),cruise,2021-01-21 00:00:00
2021-01-21 01:00:00+00:00,17.67677180555,59.1427381944583,3.55833333333333,264.938340669655,1.78117178940481,0.00156528122496295,0.0157914811847461,1.02644627700849,0.0283037077658269,14.886406775187101,Linear (small gap),cruise,2021-01-21 01:00:00
2021-01-21 02:00:00+00:00,17.678027152775,59.1399895139042,3.75416666666667,292.805798635568,1.60712060974679,0.00172992484970686,0.0156892484970686,1.0198011523094601,0.0267374334225337,12.253626150518299,Linear (small gap),cruise,2021-01-21 02:00:00
2021-01-21 03:00:00+00:00,17.6792825,59.13724083335,3.95,323.737702340172,1.6547787930679398,0.00191267351492006,0.016751298992210898,1.08883443449371,0.0281408533564631,12.2022765516991,Linear (small gap),cruise,2021-01-21 03:00:00
2021-01-21 04:00:00+00:00,17.680537847225,59.1344921527958,4.14583333333333,357.893906333656,1.71558552323959,0.00211447165667587,0.0180965586751449,1.17627631388442,0.029799898735696603,12.2046406660014,Linear (small gap),cruise,2021-01-21 04:00:00
2021-01-21 05:00:00+00:00,17.68179319445,59.1317434722417,4.34166666666667,395.434265166206,1.77730320578066,0.00233626371104761,0.0194656188290792,1.26526522389015,0.031676031381798704,12.538812380019701,Linear (small gap),cruise,2021-01-21 05:00:00
2021-01-21 06:00:00+00:00,17.683048541675,59.1289947916875,4.5375,436.51863338800797,1.7319616183253899,0.00257899411410858,0.020699062716003903,1.34543907654025,0.032789033286546795,11.8174888710655,Linear (small gap),cruise,2021-01-21 06:00:00
2021-01-21 07:00:00+00:00,17.6843038889,59.1262461111333,4.73333333333333,481.306865549251,1.7115904185613,0.00284360730193212,0.0220515832596151,1.43335291187498,0.0343121567238294,11.4710520038279,Linear (small gap),cruise,2021-01-21 07:00:00
2021-01-21 08:00:00+00:00,17.685559236125,59.1234974305792,4.92916666666667,529.95881620012,1.79759144795316,0.00313104771059152,0.0241225933046007,1.56796856479905,0.037020572527098304,11.9115225853464,Linear (small gap),cruise,2021-01-21 08:00:00
2021-01-21 09:00:00+00:00,17.68681458335,59.120748750025,5.125,582.634339890804,1.80680661370335,0.0034422597761601097,0.025916184975432,1.68455202340308,0.039501224080072395,11.8137355511373,Linear (small gap),cruise,2021-01-21 09:00:00
2021-01-21 10:00:00+00:00,17.688069930575,59.1180000694708,5.32083333333333,639.4932911714891,1.81912752412021,0.00377818793471121,0.0279865772941571,1.81912752412021,0.0419798659412356,11.894295350016801,Linear (small gap),cruise,2021-01-21 10:00:00
2021-01-21 11:00:00+00:00,17.6893252778,59.1152513889167,5.51666666666667,700.695524592362,1.99322578111613,0.004139776622318111,0.0306650120171712,1.99322578111613,0.045997518025756794,13.0326301072978,Linear (small gap),cruise,2021-01-21 11:00:00
2021-01-21 12:00:00+00:00,17.690580625025,59.1125027083625,5.7125,766.40089470361,2.18013383613718,0.00452797027505415,0.033540520555956695,2.18013383613718,0.050310780833935,14.2547212362816,Linear (small gap),cruise,2021-01-21 12:00:00
2021-01-21 13:00:00+00:00,17.69183597225,59.1097540278083,5.90833333333333,836.769256055421,2.38030641766312,0.00494371332899264,0.0366200987332788,2.38030641766312,0.0549301480999182,15.5635419616435,Linear (small gap),cruise,2021-01-21 13:00:00
2021-01-21 14:00:00+00:00,17.693091319475,59.1070053472542,6.10416666666667,911.960463197981,2.59419825417369,0.00538795022020689,0.039910742371902896,2.59419825417369,0.059866113557854296,16.9620655080587,Linear (small gap),cruise,2021-01-21 14:00:00
2021-01-21 15:00:00+00:00,17.6943466667,59.1042566667,6.3,484.852178119237,1.72490279573876,0.0028645533499386,0.022216048525443798,1.44404315415385,0.0345704913159094,11.5607321204779,No (reported postion),cruise,2021-01-21 15:00:00
2021-01-21 16:00:00+00:00,17.68983,59.05224,7.6,771.775476418714,2.19542258062216,0.0045597238212921895,0.0337757320095717,2.19542258062216,0.0506635980143576,14.354686104068,No (reported postion),cruise,2021-01-21 16:00:00
2021-01-21 17:00:00+00:00,17.7172866667,58.88811,12.6,2725.091,7.7519,0.016100100000000003,0.11926,7.7519,0.17889,50.6855,No (reported postion),cruise,2021-01-21 17:00:00
2021-01-21 18:00:00+00:00,17.8529616667,58.7306366667,10.0,1623.7932000353399,4.6191053830327,0.00959352656476023,0.0710631597389647,4.6191053830327,0.106594739608447,30.20184288906,No (reported postion),cruise,2021-01-21 18:00:00
2021-01-21 19:00:00+00:00,17.8256896667,58.51480300002,10.36,2725.091,7.7519,0.016100100000000003,0.11926,7.7519,0.17889,50.6855,Linear (small gap),cruise,2021-01-21 19:00:00
2021-01-21 20:00:00+00:00,17.7984176667,58.29896933334,10.72,2725.091,7.7519,0.016100100000000003,0.11926,7.7519,0.17889,50.6855,Linear (small gap),cruise,2021-01-21 20:00:00
2021-01-21 21:00:00+00:00,17.7711456667,58.08313566666,11.08,2725.091,7.7519,0.016100100000000003,0.11926,7.7519,0.17889,50.6855,Linear (small gap),cruise,2021-01-21 21:00:00
2021-01-21 22:00:00+00:00,17.7438736667,57.86730199998,11.44,2725.091,7.7519,0.016100100000000003,0.11926,7.7519,0.17889,50.6855,Linear (small gap),cruise,2021-01-21 22:00:00
2021-01-21 23:00:00+00:00,17.7166016667,57.6514683333,11.8,2713.77532713504,7.71971099622658,0.0160332459152398,0.11876478455733201,7.71971099622658,0.178147176835998,50.4750334368661,No (reported postion),cruise,2021-01-21 23:00:00
2021-01-22 00:00:00+00:00,17.70827,57.5887133333,11.6,2583.36682912065,7.348745903406679,0.0152627799532293,0.11305762928318,7.348745903406679,0.169586443924769,48.0494924453513,No (reported postion),cruise,2021-01-22 00:00:00
2021-01-22 01:00:00+00:00,17.6193,57.4016916667,11.7,2648.01379042449,7.53264316750948,0.0156447204248274,0.115886817961684,7.53264316750948,0.173830226942526,49.2518976337158,No (reported postion),cruise,2021-01-22 01:00:00
2021-01-22 02:00:00+00:00,17.4814066667,57.2240433333,11.5,2519.82491693801,7.16799210507531,0.014887368218233301,0.11027680161654299,7.16799210507531,0.165415202424815,46.8676406870309,No (reported postion),cruise,2021-01-22 02:00:00
2021-01-22 03:00:00+00:00,17.3574166667,57.0418616667,11.8,2713.77532713504,7.71971099622658,0.0160332459152398,0.11876478455733201,7.71971099622658,0.178147176835998,50.4750334368661,No (reported postion),cruise,2021-01-22 03:00:00
2021-01-22 04:00:00+00:00,17.2341883333,56.8593233333,11.7,2648.01379042449,7.53264316750948,0.0156447204248274,0.115886817961684,7.53264316750948,0.173830226942526,49.2518976337158,No (reported postion),cruise,2021-01-22 04:00:00
2021-01-22 05:00:00+00:00,17.10943,56.6772516667,11.9,2725.091,7.7519,0.016100100000000003,0.11926,7.7519,0.17889,50.6855,No (reported postion),cruise,2021-01-22 05:00:00
2021-01-22 06:00:00+00:00,16.97217833335,56.49278333335,11.7,2725.091,7.7519,0.016100100000000003,0.11926,7.7519,0.17889,50.6855,Linear (small gap),cruise,2021-01-22 06:00:00
2021-01-22 07:00:00+00:00,16.8349266667,56.308315,11.5,2519.82491693801,7.16799210507531,0.014887368218233301,0.11027680161654299,7.16799210507531,0.165415202424815,46.8676406870309,No (reported postion),cruise,2021-01-22 07:00:00
2021-01-22 08:00:00+00:00,16.718485,56.1458666667,11.8,2713.77532713504,7.71971099622658,0.0160332459152398,0.11876478455733201,7.71971099622658,0.178147176835998,50.4750334368661,No (reported postion),cruise,2021-01-22 08:00:00
2021-01-22 09:00:00+00:00,16.429855,56.0454833333,11.5,2519.82491693801,7.16799210507531,0.014887368218233301,0.11027680161654299,7.16799210507531,0.165415202424815,46.8676406870309,No (reported postion),cruise,2021-01-22 09:00:00
2021-01-22 10:00:00+00:00,16.1489383333,55.9412483333,11.0,2218.3576728491803,6.31042664049,0.0131062707148639,0.09708348677676931,6.31042664049,0.145625230165154,41.260481880127,No (reported postion),cruise,2021-01-22 10:00:00
2021-01-22 11:00:00+00:00,15.8918333333,55.8547616667,9.9,1645.6675535070501,4.68133002091722,0.00972276235113576,0.0720204618602648,4.68133002091722,0.108030692790397,30.6086962906126,No (reported postion),cruise,2021-01-22 11:00:00
2021-01-22 12:00:00+00:00,15.6232583333,55.7628116667,10.7,2050.12823357639,5.8318746250531905,0.0121123549904951,0.0897211480777414,5.8318746250531905,0.134581722116612,38.1314879330401,No (reported postion),cruise,2021-01-22 12:00:00
2021-01-22 13:00:00+00:00,15.3444483333,55.6692633333,11.2,2335.7342122619502,6.64432051628125,0.013799742610738,0.102220315635096,6.64432051628125,0.15333047345264397,43.4436341449158,No (reported postion),cruise,2021-01-22 13:00:00
2021-01-22 14:00:00+00:00,15.0565316667,55.5777316667,11.0,2218.3576728491803,6.31042664049,0.0131062707148639,0.09708348677676931,6.31042664049,0.145625230165154,41.260481880127,No (reported postion),cruise,2021-01-22 14:00:00
2021-01-22 15:00:00+00:00,14.76208,55.5032366667,10.9,2161.2460033976,6.14796456108725,0.012768849473027399,0.0945840701705731,6.14796456108725,0.14187610525586,40.1982298224936,No (reported postion),cruise,2021-01-22 15:00:00
2021-01-22 16:00:00+00:00,14.507645,55.4010516667,10.9,2161.2460033976,6.14796456108725,0.012768849473027399,0.0945840701705731,6.14796456108725,0.14187610525586,40.1982298224936,No (reported postion),cruise,2021-01-22 16:00:00
2021-01-22 17:00:00+00:00,14.32018,55.255815,10.7,2050.12823357639,5.8318746250531905,0.0121123549904951,0.0897211480777414,5.8318746250531905,0.134581722116612,38.1314879330401,No (reported postion),cruise,2021-01-22 17:00:00
2021-01-22 18:00:00+00:00,14.1303333333,55.1074233333,11.0,2218.3576728491803,6.31042664049,0.0131062707148639,0.09708348677676931,6.31042664049,0.145625230165154,41.260481880127,No (reported postion),cruise,2021-01-22 18:00:00
2021-01-22 19:00:00+00:00,13.8416966667,55.0335833333,10.8,2105.17269906851,5.9884562555559295,0.0124375629923085,0.092130096239322,5.9884562555559295,0.13819514435898297,39.1552909017119,No (reported postion),cruise,2021-01-22 19:00:00
2021-01-22 20:00:00+00:00,13.5401283333,54.9762683333,10.7,2050.12823357639,5.8318746250531905,0.0121123549904951,0.0897211480777414,5.8318746250531905,0.134581722116612,38.1314879330401,No (reported postion),cruise,2021-01-22 20:00:00
2021-01-22 21:00:00+00:00,13.2567266667,54.9116133333,10.5,1943.08771396095,5.5273829937620205,0.011479949294736499,0.0850366614424925,5.5273829937620205,0.127554992163739,36.1405811130593,No (reported postion),cruise,2021-01-22 21:00:00
2021-01-22 22:00:00+00:00,12.9627483333,54.849075,10.9,2161.2460033976,6.14796456108725,0.012768849473027399,0.0945840701705731,6.14796456108725,0.14187610525586,40.1982298224936,No (reported postion),cruise,2021-01-22 22:00:00
2021-01-22 23:00:00+00:00,12.6704533333,54.7768216667,10.9,2161.2460033976,6.14796456108725,0.012768849473027399,0.0945840701705731,6.14796456108725,0.14187610525586,40.1982298224936,No (reported postion),cruise,2021-01-22 23:00:00
2021-01-23 00:00:00+00:00,12.3972066667,54.6798383333,11.0,2218.3576728491803,6.31042664049,0.0131062707148639,0.09708348677676931,6.31042664049,0.145625230165154,41.260481880127,No (reported postion),cruise,2021-01-23 00:00:00
2021-01-23 01:00:00+00:00,12.2032983333,54.545395,10.9,2161.2460033976,6.14796456108725,0.012768849473027399,0.0945840701705731,6.14796456108725,0.14187610525586,40.1982298224936,No (reported postion),cruise,2021-01-23 01:00:00
2021-01-23 02:00:00+00:00,12.0186266667,54.4346783333,11.0,2218.3576728491803,6.31042664049,0.0131062707148639,0.09708348677676931,6.31042664049,0.145625230165154,41.260481880127,No (reported postion),cruise,2021-01-23 02:00:00
2021-01-23 03:00:00+00:00,11.7074766667,54.449305,10.8,2105.17269906851,5.9884562555559295,0.0124375629923085,0.092130096239322,5.9884562555559295,0.13819514435898297,39.1552909017119,No (reported postion),cruise,2021-01-23 03:00:00
2021-01-23 04:00:00+00:00,11.43041,54.5301316667,10.8,2105.17269906851,5.9884562555559295,0.0124375629923085,0.092130096239322,5.9884562555559295,0.13819514435898297,39.1552909017119,No (reported postion),cruise,2021-01-23 04:00:00
2021-01-23 05:00:00+00:00,11.1560566667,54.6121983333,10.6,1913.88599017329,5.44431463287808,0.011307422699054501,0.0837586866596627,5.44431463287808,0.125638029989494,35.5974418303567,No (reported postion),cruise,2021-01-23 05:00:00
2021-01-23 06:00:00+00:00,10.89223,54.7040433333,10.7,2050.12823357639,5.8318746250531905,0.0121123549904951,0.0897211480777414,5.8318746250531905,0.134581722116612,38.1314879330401,No (reported postion),cruise,2021-01-23 06:00:00
2021-01-23 07:00:00+00:00,10.88519,54.87231,10.0,1623.7932000353399,4.6191053830327,0.00959352656476023,0.0710631597389647,4.6191053830327,0.106594739608447,30.20184288906,No (reported postion),cruise,2021-01-23 07:00:00
2021-01-23 08:00:00+00:00,11.0328633333,55.0184616667,11.3,2296.4134332813996,6.53246709686174,0.0135674316627128,0.100499493797873,6.53246709686174,0.150749240696809,42.712284864096,No (reported postion),cruise,2021-01-23 08:00:00
2021-01-23 09:00:00+00:00,11.0914833333,55.1931266667,9.6,1448.74369966647,4.12115275616282,0.00855931726279971,0.0634023500948126,4.12115275616282,0.095103525142219,26.945998790295402,No (reported postion),cruise,2021-01-23 09:00:00
2021-01-23 10:00:00+00:00,11.0403216667,55.3664716667,11.9,2664.33266268836,7.579064467166011,0.015741133893344802,0.11660099180255401,7.579064467166011,0.17490148770383102,49.5554215160854,No (reported postion),cruise,2021-01-23 10:00:00
2021-01-23 11:00:00+00:00,10.870675,55.52671,11.0,2126.47733924704,6.04906026481653,0.012563432857695902,0.0930624656125619,6.04906026481653,0.139593698418843,39.5515478853388,No (reported postion),cruise,2021-01-23 11:00:00
2021-01-23 12:00:00+00:00,10.7132116667,55.6738216667,10.3,1764.6161371250198,5.0196957948851795,0.0104255220355308,0.0772260891520797,5.0196957948851795,0.11583913372811899,32.8210878896339,No (reported postion),cruise,2021-01-23 12:00:00
2021-01-23 13:00:00+00:00,10.37894,55.6627466667,13.0,2725.091,7.7519,0.016100100000000003,0.11926,7.7519,0.17889,50.6855,No (reported postion),cruise,2021-01-23 13:00:00
2021-01-23 14:00:00+00:00,10.0143,55.6232016667,13.0,2725.091,7.7519,0.016100100000000003,0.11926,7.7519,0.17889,50.6855,No (reported postion),cruise,2021-01-23 14:00:00
2021-01-23 15:00:00+00:00,9.7628066667,55.55618,0.7,219.880908337612,0.6383734226198879,0.00129907757661171,0.00970554947934985,0.63086071615774,0.0146492837055487,4.28520596940987,No (reported postion),anchor,2021-01-23 15:00:00
2021-01-23 16:00:00+00:00,9.76263,55.5566916667,0.0,219.36,0.624,0.001296,0.0096,0.624,0.0144,4.08,No (reported postion),anchor,2021-01-23 16:00:00
2021-01-23 17:00:00+00:00,9.7626283333,55.55673,0.0,219.36,0.624,0.001296,0.0096,0.624,0.0144,4.08,No (reported postion),anchor,2021-01-23 17:00:00
2021-01-23 18:00:00+00:00,9.7625783333,55.556715,0.0,219.36,0.624,0.001296,0.0096,0.624,0.0144,4.08,No (reported postion),anchor,2021-01-23 18:00:00
2021-01-23 19:00:00+00:00,9.7625933333,55.5567033333,0.0,219.36,0.624,0.001296,0.0096,0.624,0.0144,4.08,No (reported postion),anchor,2021-01-23 19:00:00
2021-01-23 20:00:00+00:00,9.7626066667,55.5567766667,0.0,219.36,0.624,0.001296,0.0096,0.624,0.0144,4.08,No (reported postion),anchor,2021-01-23 20:00:00
2021-01-23 21:00:00+00:00,9.76263,55.5567133333,0.0,219.36,0.624,0.001296,0.0096,0.624,0.0144,4.08,No (reported postion),anchor,2021-01-23 21:00:00
2021-01-23 22:00:00+00:00,9.7626083333,55.5566933333,0.0,219.36,0.624,0.001296,0.0096,0.624,0.0144,4.08,No (reported postion),anchor,2021-01-23 22:00:00
2021-01-23 23:00:00+00:00,9.7625933333,55.5567233333,0.0,219.36,0.624,0.001296,0.0096,0.624,0.0144,4.08,No (reported postion),anchor,2021-01-23 23:00:00
2021-01-24 00:00:00+00:00,9.7625983333,55.5567316667,0.0,219.36,0.624,0.001296,0.0096,0.624,0.0144,4.08,No (reported postion),anchor,2021-01-24 00:00:00
2021-01-24 01:00:00+00:00,9.7626166667,55.55672,0.0,219.36,0.624,0.001296,0.0096,0.624,0.0144,4.08,No (reported postion),anchor,2021-01-24 01:00:00
2021-01-24 02:00:00+00:00,9.7626516667,55.5567,0.0,219.36,0.624,0.001296,0.0096,0.624,0.0144,4.08,No (reported postion),anchor,2021-01-24 02:00:00
2021-01-24 03:00:00+00:00,9.762595,55.55669,0.0,219.36,0.624,0.001296,0.0096,0.624,0.0144,4.08,No (reported postion),anchor,2021-01-24 03:00:00
2021-01-24 04:00:00+00:00,9.762575,55.5567316667,0.0,219.36,0.624,0.001296,0.0096,0.624,0.0144,4.08,No (reported postion),anchor,2021-01-24 04:00:00
2021-01-24 05:00:00+00:00,9.7625966667,55.5567166667,0.0,219.36,0.624,0.001296,0.0096,0.624,0.0144,4.08,No (reported postion),anchor,2021-01-24 05:00:00
2021-01-24 06:00:00+00:00,9.7626383333,55.5567066667,0.0,219.36,0.624,0.001296,0.0096,0.624,0.0144,4.08,No (reported postion),anchor,2021-01-24 06:00:00
2021-01-24 07:00:00+00:00,9.7626033333,55.5566983333,0.0,219.36,0.624,0.001296,0.0096,0.624,0.0144,4.08,No (reported postion),anchor,2021-01-24 07:00:00
2021-01-24 08:00:00+00:00,9.7625983333,55.5567483333,0.0,219.36,0.624,0.001296,0.0096,0.624,0.0144,4.08,No (reported postion),anchor,2021-01-24 08:00:00
2021-01-24 09:00:00+00:00,9.7626216667,55.5566766667,0.0,219.36,0.624,0.001296,0.0096,0.624,0.0144,4.08,No (reported postion),anchor,2021-01-24 09:00:00
2021-01-24 10:00:00+00:00,9.7625666667,55.5566833333,0.0,219.36,0.624,0.001296,0.0096,0.624,0.0144,4.08,No (reported postion),anchor,2021-01-24 10:00:00
2021-01-24 11:00:00+00:00,9.76267,55.55669,0.0,219.36,0.624,0.001296,0.0096,0.624,0.0144,4.08,No (reported postion),anchor,2021-01-24 11:00:00
2021-01-24 12:00:00+00:00,9.7626733333,55.5567083333,0.0,219.36,0.624,0.001296,0.0096,0.624,0.0144,4.08,No (reported postion),anchor,2021-01-24 12:00:00
2021-01-24 13:00:00+00:00,9.76264,55.5567283333,0.0,219.36,0.624,0.001296,0.0096,0.624,0.0144,4.08,No (reported postion),anchor,2021-01-24 13:00:00
2021-01-24 14:00:00+00:00,9.76265,55.5566866667,0.0,219.36,0.624,0.001296,0.0096,0.624,0.0144,4.08,No (reported postion),anchor,2021-01-24 14:00:00
2021-01-24 15:00:00+00:00,9.762635,55.556715,0.0,219.36,0.624,0.001296,0.0096,0.624,0.0144,4.08,No (reported postion),anchor,2021-01-24 15:00:00
2021-01-24 16:00:00+00:00,9.762595,55.5566916667,0.0,219.36,0.624,0.001296,0.0096,0.624,0.0144,4.08,No (reported postion),anchor,2021-01-24 16:00:00
2021-01-24 17:00:00+00:00,9.7625716667,55.5567016667,0.0,219.36,0.624,0.001296,0.0096,0.624,0.0144,4.08,No (reported postion),anchor,2021-01-24 17:00:00
2021-01-24 18:00:00+00:00,9.77628,55.5517016667,9.7,1491.17115222586,4.2418435402486,0.00880998273743941,0.0652591313884401,4.2418435402486,0.0978886970826601,27.735130840087,No (reported postion),cruise,2021-01-24 18:00:00
2021-01-24 19:00:00+00:00,10.0974266667,55.6457916667,12.4,2725.091,7.7519,0.016100100000000003,0.11926,7.7519,0.17889,50.6855,No (reported postion),cruise,2021-01-24 19:00:00
2021-01-24 20:00:00+00:00,10.4503666667,55.6535516667,12.5,2725.091,7.7519,0.016100100000000003,0.11926,7.7519,0.17889,50.6855,No (reported postion),cruise,2021-01-24 20:00:00
2021-01-24 21:00:00+00:00,10.7802266667,55.68637,12.5,2725.091,7.7519,0.016100100000000003,0.11926,7.7519,0.17889,50.6855,No (reported postion),cruise,2021-01-24 21:00:00
2021-01-24 22:00:00+00:00,10.8826733333,55.8664216667,12.3,2725.091,7.7519,0.016100100000000003,0.11926,7.7519,0.17889,50.6855,No (reported postion),cruise,2021-01-24 22:00:00
2021-01-24 23:00:00+00:00,11.1005833333,56.026895,12.0,2725.091,7.7519,0.016100100000000003,0.11926,7.7519,0.17889,50.6855,No (reported postion),cruise,2021-01-24 23:00:00
2021-01-25 00:00:00+00:00,11.3159666667,56.1968183333,13.0,2725.091,7.7519,0.016100100000000003,0.11926,7.7519,0.17889,50.6855,No (reported postion),cruise,2021-01-25 00:00:00
2021-01-25 01:00:00+00:00,11.5272816667,56.3733116667,12.5,2725.091,7.7519,0.016100100000000003,0.11926,7.7519,0.17889,50.6855,No (reported postion),cruise,2021-01-25 01:00:00
2021-01-25 02:00:00+00:00,11.7518316667,56.53966,12.8,2725.091,7.7519,0.016100100000000003,0.11926,7.7519,0.17889,50.6855,No (reported postion),cruise,2021-01-25 02:00:00
2021-01-25 03:00:00+00:00,11.962035,56.719285,12.3,2725.091,7.7519,0.016100100000000003,0.11926,7.7519,0.17889,50.6855,No (reported postion),cruise,2021-01-25 03:00:00
2021-01-25 04:00:00+00:00,11.853185,56.9140016667,12.0,2725.091,7.7519,0.016100100000000003,0.11926,7.7519,0.17889,50.6855,No (reported postion),cruise,2021-01-25 04:00:00
2021-01-25 05:00:00+00:00,11.709265,57.0995866667,12.2,2725.091,7.7519,0.016100100000000003,0.11926,7.7519,0.17889,50.6855,No (reported postion),cruise,2021-01-25 05:00:00
2021-01-25 06:00:00+00:00,11.5837933333,57.2950616667,12.6,2725.091,7.7519,0.016100100000000003,0.11926,7.7519,0.17889,50.6855,No (reported postion),cruise,2021-01-25 06:00:00
2021-01-25 07:00:00+00:00,11.4625,57.48717,12.1,2725.091,7.7519,0.016100100000000003,0.11926,7.7519,0.17889,50.6855,No (reported postion),cruise,2021-01-25 07:00:00
2021-01-25 08:00:00+00:00,11.3356183333,57.67755,12.1,2725.091,7.7519,0.016100100000000003,0.11926,7.7519,0.17889,50.6855,No (reported postion),cruise,2021-01-25 08:00:00
2021-01-25 09:00:00+00:00,11.2194666667,57.869,11.1,2276.51723370879,6.475869592607051,0.013449883000030001,0.09962876296318539,6.475869592607051,0.149443144444778,42.342224259353806,No (reported postion),cruise,2021-01-25 09:00:00
2021-01-25 10:00:00+00:00,11.1135,58.0587366667,13.0,2725.091,7.7519,0.016100100000000003,0.11926,7.7519,0.17889,50.6855,No (reported postion),cruise,2021-01-25 10:00:00
2021-01-25 11:00:00+00:00,10.9921983333,58.2621816667,12.8,2725.091,7.7519,0.016100100000000003,0.11926,7.7519,0.17889,50.6855,No (reported postion),cruise,2021-01-25 11:00:00
2021-01-25 12:00:00+00:00,10.8649233333,58.4667283333,12.1,2725.091,7.7519,0.016100100000000003,0.11926,7.7519,0.17889,50.6855,No (reported postion),cruise,2021-01-25 12:00:00
2021-01-25 13:00:00+00:00,10.743755,58.6590483333,12.8,2725.091,7.7519,0.016100100000000003,0.11926,7.7519,0.17889,50.6855,No (reported postion),cruise,2021-01-25 13:00:00
2021-01-25 14:00:00+00:00,10.6628683333,58.8665516667,11.9,2725.091,7.7519,0.016100100000000003,0.11926,7.7519,0.17889,50.6855,No (reported postion),cruise,2021-01-25 14:00:00
2021-01-25 15:00:00+00:00,10.58203,59.0556466667,11.7,2537.4527560581996,7.21813694283516,0.0149915151889653,0.111048260659002,7.21813694283516,0.166572390988504,47.195510780076,No (reported postion),cruise,2021-01-25 15:00:00
2021-01-25 16:00:00+00:00,10.6333983333,59.2293816667,12.6,2725.091,7.7519,0.016100100000000003,0.11926,7.7519,0.17889,50.6855,No (reported postion),cruise,2021-01-25 16:00:00
2021-01-25 17:00:00+00:00,10.56247,59.43648,12.2,2725.091,7.7519,0.016100100000000003,0.11926,7.7519,0.17889,50.6855,No (reported postion),cruise,2021-01-25 17:00:00
2021-01-25 18:00:00+00:00,10.6221166667,59.64944,13.2,2725.091,7.7519,0.016100100000000003,0.11926,7.7519,0.17889,50.6855,No (reported postion),cruise,2021-01-25 18:00:00
2021-01-25 19:00:00+00:00,10.6282683333,59.8590166667,13.4,2725.091,7.7519,0.016100100000000003,0.11926,7.7519,0.17889,50.6855,No (reported postion),cruise,2021-01-25 19:00:00
2021-01-25 20:00:00+00:00,10.7464666667,59.87817,0.1,219.36151868320002,0.624041905022215,0.00129600897252656,0.00960030772442959,0.624020002087923,0.0144007267746517,4.08059826813239,No (reported postion),anchor,2021-01-25 20:00:00
2021-01-25 21:00:00+00:00,10.7460833333,59.879435,0.1,219.36151868320002,0.624041905022215,0.00129600897252656,0.00960030772442959,0.624020002087923,0.0144007267746517,4.08059826813239,No (reported postion),anchor,2021-01-25 21:00:00
2021-01-25 22:00:00+00:00,10.7482033333,59.8798916667,0.5,219.54983540000399,0.6292381277769269,0.0012971215658205998,0.009638465553698931,0.62650026099043,0.0144908468314682,4.1547835165487905,No (reported postion),anchor,2021-01-25 22:00:00
2021-01-25 23:00:00+00:00,10.7492031944167,59.8804125000333,0.458333333333333,219.506221595721,0.62803469217077,0.0012968638912657499,0.00962962827081786,0.625925837603161,0.014469975192525601,4.13760234984169,Linear (small gap),anchor,2021-01-25 23:00:00
2021-01-26 00:00:00+00:00,10.7502030555333,59.8809333333667,0.416666666666667,219.469858449077,0.627031323944981,0.00129664905429433,0.009622260158390579,0.625446910295388,0.0144525733978404,4.1232774980027695,Linear (small gap),anchor,2021-01-26 00:00:00
2021-01-26 01:00:00+00:00,10.75120291665,59.8814541667,0.375,219.44008680937702,0.626209835155891,0.00129647316058056,0.00961622765546673,0.625054797605338,0.0144383260070256,4.11154929604402,Linear (small gap),anchor,2021-01-26 01:00:00
2021-01-26 02:00:00+00:00,10.7522027777667,59.8819750000333,0.333333333333333,219.416247525927,0.6255520378598299,0.0012963323157986898,0.009611397201095979,0.624740818071239,0.014426917579694299,4.1021580789774195,Linear (small gap),anchor,2021-01-26 02:00:00
2021-01-26 03:00:00+00:00,10.7532026388833,59.8824958333667,0.291666666666667,219.39768144803298,0.625039744113129,0.00129622262562295,0.00960763523432797,0.6244962902313179,0.014418032675459299,4.09484418181495,Linear (small gap),anchor,2021-01-26 03:00:00
2021-01-26 04:00:00+00:00,10.7542025,59.8830166667,0.25,219.38372942500098,0.624654765972116,0.00129614019572757,0.009604808194212371,0.624312532623804,0.014411355853933501,4.0893479395686,Linear (small gap),anchor,2021-01-26 04:00:00
2021-01-26 05:00:00+00:00,10.7552023611167,59.8835375000333,0.208333333333333,219.373732306135,0.6243789154931231,0.00129608113178679,0.009602782519798821,0.624180863786924,0.01440657167473,4.08540968725035,Linear (small gap),anchor,2021-01-26 05:00:00
2021-01-26 06:00:00+00:00,10.7562022222333,59.8840583333667,0.166666666666667,219.36703094074102,0.624194004732479,0.00129604153947484,0.009601424650137,0.624092602258905,0.0144033646974618,4.08276975987218,Linear (small gap),anchor,2021-01-26 06:00:00
2021-01-26 07:00:00+00:00,10.75720208335,59.8845791667,0.125,219.362966178125,0.624081845746515,0.00129601752446595,0.00960060102427655,0.6240390665779759,0.014401419481741699,4.08116849244608,Linear (small gap),anchor,2021-01-26 07:00:00
2021-01-26 08:00:00+00:00,10.7582019444667,59.8851000000333,0.0833333333333334,219.36087886759302,0.62402425059156,0.0012960051924343502,0.00960017808126712,0.624011575282363,0.014400420587182699,4.08034621998402,Linear (small gap),anchor,2021-01-26 08:00:00
2021-01-26 09:00:00+00:00,10.7592018055833,59.8856208333667,0.0416666666666667,219.360109858449,0.6240030313239451,0.00129600064905429,0.00960002226015839,0.624001446910295,0.014400052573397801,4.0800432774979996,Linear (small gap),anchor,2021-01-26 09:00:00
2021-01-26 10:00:00+00:00,10.7602016667,59.8861416667,0.0,219.36,0.624,0.001296,0.0096,0.624,0.0144,4.08,No (reported postion),anchor,2021-01-26 10:00:00
2021-01-26 11:00:00+00:00,10.760175,59.8861683333,0.0,219.36,0.624,0.001296,0.0096,0.624,0.0144,4.08,No (reported postion),anchor,2021-01-26 11:00:00
2021-01-26 12:00:00+00:00,10.7601766667,59.8861383333,0.0,219.36,0.624,0.001296,0.0096,0.624,0.0144,4.08,No (reported postion),anchor,2021-01-26 12:00:00
2021-01-26 13:00:00+00:00,10.7602066667,59.8861616667,0.0,219.36,0.624,0.001296,0.0096,0.624,0.0144,4.08,No (reported postion),anchor,2021-01-26 13:00:00
2021-01-26 14:00:00+00:00,10.5700833333,59.80853,12.5,2725.091,7.7519,0.016100100000000003,0.11926,7.7519,0.17889,50.6855,No (reported postion),cruise,2021-01-26 14:00:00
2021-01-26 15:00:00+00:00,10.622985,59.6144583333,12.4,2725.091,7.7519,0.016100100000000003,0.11926,7.7519,0.17889,50.6855,No (reported postion),cruise,2021-01-26 15:00:00
2021-01-26 16:00:00+00:00,10.5546633333,59.41311,13.2,2725.091,7.7519,0.016100100000000003,0.11926,7.7519,0.17889,50.6855,No (reported postion),cruise,2021-01-26 16:00:00
2021-01-26 17:00:00+00:00,10.52235,59.3344616667,0.1,219.36151868320002,0.624041905022215,0.00129600897252656,0.00960030772442959,0.624020002087923,0.0144007267746517,4.08059826813239,No (reported postion),anchor,2021-01-26 17:00:00
2021-01-26 18:00:00+00:00,10.52227,59.334245,0.0,219.36,0.624,0.001296,0.0096,0.624,0.0144,4.08,No (reported postion),anchor,2021-01-26 18:00:00
2021-01-26 19:00:00+00:00,10.52192,59.3341916667,0.0,219.36,0.624,0.001296,0.0096,0.624,0.0144,4.08,No (reported postion),anchor,2021-01-26 19:00:00
2021-01-26 20:00:00+00:00,10.5231083333,59.3347733333,0.0,219.36,0.624,0.001296,0.0096,0.624,0.0144,4.08,No (reported postion),anchor,2021-01-26 20:00:00
2021-01-26 21:00:00+00:00,10.52253,59.3342983333,0.0,219.36,0.624,0.001296,0.0096,0.624,0.0144,4.08,No (reported postion),anchor,2021-01-26 21:00:00
2021-01-26 22:00:00+00:00,10.5226333333,59.3344066667,0.0,219.36,0.624,0.001296,0.0096,0.624,0.0144,4.08,No (reported postion),anchor,2021-01-26 22:00:00
2021-01-26 23:00:00+00:00,10.5225816667,59.3342766667,0.0,219.36,0.624,0.001296,0.0096,0.624,0.0144,4.08,No (reported postion),anchor,2021-01-26 23:00:00
2021-01-27 00:00:00+00:00,10.52236,59.33424,0.0,219.36,0.624,0.001296,0.0096,0.624,0.0144,4.08,No (reported postion),anchor,2021-01-27 00:00:00
2021-01-27 01:00:00+00:00,10.522545,59.334295,0.0,219.36,0.624,0.001296,0.0096,0.624,0.0144,4.08,No (reported postion),anchor,2021-01-27 01:00:00
2021-01-27 02:00:00+00:00,10.5225966667,59.334315,0.0,219.36,0.624,0.001296,0.0096,0.624,0.0144,4.08,No (reported postion),anchor,2021-01-27 02:00:00
2021-01-27 03:00:00+00:00,10.5201066667,59.334535,1.6,225.58052638734497,0.795642970994349,0.0013327514688092602,0.0108604392636064,0.705928552134416,0.0173768689735499,6.53050627027063,No (reported postion),anchor,2021-01-27 03:00:00
2021-01-27 04:00:00+00:00,10.5149916667,59.3268866667,0.0,219.36,0.624,0.001296,0.0096,0.624,0.0144,4.08,No (reported postion),anchor,2021-01-27 04:00:00
2021-01-27 05:00:00+00:00,10.5150266667,59.3268716667,0.0,219.36,0.624,0.001296,0.0096,0.624,0.0144,4.08,No (reported postion),anchor,2021-01-27 05:00:00
2021-01-27 06:00:00+00:00,10.5150233333,59.3268266667,0.0,219.36,0.624,0.001296,0.0096,0.624,0.0144,4.08,No (reported postion),anchor,2021-01-27 06:00:00
2021-01-27 07:00:00+00:00,10.515005,59.3268466667,0.0,219.36,0.624,0.001296,0.0096,0.624,0.0144,4.08,No (reported postion),anchor,2021-01-27 07:00:00
2021-01-27 08:00:00+00:00,10.5150109375,59.3268503125312,0.0,219.36,0.624,0.001296,0.0096,0.624,0.0144,4.08,Linear (small gap),anchor,2021-01-27 08:00:00
2021-01-27 09:00:00+00:00,10.515016875,59.3268539583625,0.0,219.36,0.624,0.001296,0.0096,0.624,0.0144,4.08,Linear (small gap),anchor,2021-01-27 09:00:00
2021-01-27 10:00:00+00:00,10.5150228125,59.3268576041937,0.0,219.36,0.624,0.001296,0.0096,0.624,0.0144,4.08,Linear (small gap),anchor,2021-01-27 10:00:00
2021-01-27 11:00:00+00:00,10.51502875,59.326861250025,0.0,219.36,0.624,0.001296,0.0096,0.624,0.0144,4.08,Linear (small gap),anchor,2021-01-27 11:00:00
2021-01-27 12:00:00+00:00,10.5150346875,59.3268648958562,0.0,219.36,0.624,0.001296,0.0096,0.624,0.0144,4.08,Linear (small gap),anchor,2021-01-27 12:00:00
2021-01-27 13:00:00+00:00,10.515040625,59.3268685416875,0.0,219.36,0.624,0.001296,0.0096,0.624,0.0144,4.08,Linear (small gap),anchor,2021-01-27 13:00:00
2021-01-27 14:00:00+00:00,10.5150465625,59.3268721875187,0.0,219.36,0.624,0.001296,0.0096,0.624,0.0144,4.08,Linear (small gap),anchor,2021-01-27 14:00:00
2021-01-27 15:00:00+00:00,10.5150525,59.32687583335,0.0,219.36,0.624,0.001296,0.0096,0.624,0.0144,4.08,Linear (small gap),anchor,2021-01-27 15:00:00
2021-01-27 16:00:00+00:00,10.5150584375,59.3268794791813,0.0,219.36,0.624,0.001296,0.0096,0.624,0.0144,4.08,Linear (small gap),anchor,2021-01-27 16:00:00
2021-01-27 17:00:00+00:00,10.515064375,59.3268831250125,0.0,219.36,0.624,0.001296,0.0096,0.624,0.0144,4.08,Linear (small gap),anchor,2021-01-27 17:00:00
2021-01-27 18:00:00+00:00,10.5150703125,59.3268867708438,0.0,219.36,0.624,0.001296,0.0096,0.624,0.0144,4.08,Linear (small gap),anchor,2021-01-27 18:00:00
2021-01-27 19:00:00+00:00,10.51507625,59.326890416675,0.0,219.36,0.624,0.001296,0.0096,0.624,0.0144,4.08,Linear (small gap),anchor,2021-01-27 19:00:00
2021-01-27 20:00:00+00:00,10.5150821875,59.3268940625062,0.0,219.36,0.624,0.001296,0.0096,0.624,0.0144,4.08,Linear (small gap),anchor,2021-01-27 20:00:00
2021-01-27 21:00:00+00:00,10.515088125,59.3268977083375,0.0,219.36,0.624,0.001296,0.0096,0.624,0.0144,4.08,Linear (small gap),anchor,2021-01-27 21:00:00
2021-01-27 22:00:00+00:00,10.5150940625,59.3269013541687,0.0,219.36,0.624,0.001296,0.0096,0.624,0.0144,4.08,Linear (small gap),anchor,2021-01-27 22:00:00
2021-01-27 23:00:00+00:00,10.5151,59.326905,0.0,219.36,0.624,0.001296,0.0096,0.624,0.0144,4.08,No (reported postion),anchor,2021-01-27 23:00:00
2021-01-28 00:00:00+00:00,10.515075,59.32689,0.0,219.36,0.624,0.001296,0.0096,0.624,0.0144,4.08,No (reported postion),anchor,2021-01-28 00:00:00
2021-01-28 01:00:00+00:00,10.5150516667,59.3268133333,0.0,219.36,0.624,0.001296,0.0096,0.624,0.0144,4.08,No (reported postion),anchor,2021-01-28 01:00:00
2021-01-28 02:00:00+00:00,10.5149766667,59.3268283333,0.0,219.36,0.624,0.001296,0.0096,0.624,0.0144,4.08,No (reported postion),anchor,2021-01-28 02:00:00
2021-01-28 03:00:00+00:00,10.6072716667,59.25446,13.5,2725.091,7.7519,0.016100100000000003,0.11926,7.7519,0.17889,50.6855,No (reported postion),cruise,2021-01-28 03:00:00
2021-01-28 04:00:00+00:00,10.6106783333,59.056625,10.7,1965.5622234209,5.5913148587465304,0.0116127308604736,0.08602022859610049,5.5913148587465304,0.129030342894151,36.5585971533427,No (reported postion),cruise,2021-01-28 04:00:00
2021-01-28 05:00:00+00:00,10.692385,58.8779066667,10.8,2105.17269906851,5.9884562555559295,0.0124375629923085,0.092130096239322,5.9884562555559295,0.13819514435898297,39.1552909017119,No (reported postion),cruise,2021-01-28 05:00:00
2021-01-28 06:00:00+00:00,10.757915,58.69857,10.9,2161.2460033976,6.14796456108725,0.012768849473027399,0.0945840701705731,6.14796456108725,0.14187610525586,40.1982298224936,No (reported postion),cruise,2021-01-28 06:00:00
2021-01-28 07:00:00+00:00,10.8471066667,58.5302816667,10.5,1943.08771396095,5.5273829937620205,0.011479949294736499,0.0850366614424925,5.5273829937620205,0.127554992163739,36.1405811130593,No (reported postion),cruise,2021-01-28 07:00:00
2021-01-28 08:00:00+00:00,10.9478,58.3644916667,10.5,1943.08771396095,5.5273829937620205,0.011479949294736499,0.0850366614424925,5.5273829937620205,0.127554992163739,36.1405811130593,No (reported postion),cruise,2021-01-28 08:00:00
2021-01-28 09:00:00+00:00,11.0529216667,58.2008766667,10.2,1790.00506867688,5.091918138468159,0.0105755222875877,0.0783372021302793,5.091918138468159,0.117505803195419,33.2933109053687,No (reported postion),cruise,2021-01-28 09:00:00
2021-01-28 10:00:00+00:00,11.1409583333,58.03567,10.8,2105.17269906851,5.9884562555559295,0.0124375629923085,0.092130096239322,5.9884562555559295,0.13819514435898297,39.1552909017119,No (reported postion),cruise,2021-01-28 10:00:00
2021-01-28 11:00:00+00:00,11.260565,57.85953,11.3,2396.0181347941902,6.81580651035545,0.014155905829199799,0.10485856169777599,6.81580651035545,0.157287842546664,44.564888721554894,No (reported postion),cruise,2021-01-28 11:00:00
2021-01-28 12:00:00+00:00,11.397355,57.6900683333,11.1,2276.51723370879,6.475869592607051,0.013449883000030001,0.09962876296318539,6.475869592607051,0.149443144444778,42.342224259353806,No (reported postion),cruise,2021-01-28 12:00:00
2021-01-28 13:00:00+00:00,11.6727183333,57.61542,7.6,771.775476418714,2.19542258062216,0.0045597238212921895,0.0337757320095717,2.19542258062216,0.0506635980143576,14.354686104068,No (reported postion),cruise,2021-01-28 13:00:00
2021-01-28 14:00:00+00:00,11.6934433333,57.6797883333,1.1,221.381367339247,0.67977558456872,0.0013079424328577,0.0100095812157862,0.6506227790261,0.0153673370614734,4.876294884211481,No (reported postion),anchor,2021-01-28 14:00:00
2021-01-28 15:00:00+00:00,11.6943266667,57.67888,0.1,219.36151868320002,0.624041905022215,0.00129600897252656,0.00960030772442959,0.624020002087923,0.0144007267746517,4.08059826813239,No (reported postion),anchor,2021-01-28 15:00:00
2021-01-28 16:00:00+00:00,11.693785,57.6789233333,0.0,219.36,0.624,0.001296,0.0096,0.624,0.0144,4.08,No (reported postion),anchor,2021-01-28 16:00:00
2021-01-28 17:00:00+00:00,11.6941133333,57.6788133333,0.0,219.36,0.624,0.001296,0.0096,0.624,0.0144,4.08,No (reported postion),anchor,2021-01-28 17:00:00
2021-01-28 18:00:00+00:00,11.6942216667,57.6788883333,0.0,219.36,0.624,0.001296,0.0096,0.624,0.0144,4.08,No (reported postion),anchor,2021-01-28 18:00:00
2021-01-28 19:00:00+00:00,11.693975,57.6788666667,0.0,219.36,0.624,0.001296,0.0096,0.624,0.0144,4.08,No (reported postion),anchor,2021-01-28 19:00:00
2021-01-28 20:00:00+00:00,11.693785,57.6789516667,0.0,219.36,0.624,0.001296,0.0096,0.624,0.0144,4.08,No (reported postion),anchor,2021-01-28 20:00:00
2021-01-28 21:00:00+00:00,11.6934916667,57.67889,0.0,219.36,0.624,0.001296,0.0096,0.624,0.0144,4.08,No (reported postion),anchor,2021-01-28 21:00:00
2021-01-28 22:00:00+00:00,11.6933066667,57.6790466667,0.0,219.36,0.624,0.001296,0.0096,0.624,0.0144,4.08,No (reported postion),anchor,2021-01-28 22:00:00
2021-01-28 23:00:00+00:00,11.692815,57.678755,0.0,219.36,0.624,0.001296,0.0096,0.624,0.0144,4.08,No (reported postion),anchor,2021-01-28 23:00:00
2021-01-29 00:00:00+00:00,11.6932966667,57.6786883333,0.0,219.36,0.624,0.001296,0.0096,0.624,0.0144,4.08,No (reported postion),anchor,2021-01-29 00:00:00
2021-01-29 01:00:00+00:00,11.6931,57.6787433333,0.0,219.36,0.624,0.001296,0.0096,0.624,0.0144,4.08,No (reported postion),anchor,2021-01-29 01:00:00
2021-01-29 02:00:00+00:00,11.693395,57.6786716667,0.0,219.36,0.624,0.001296,0.0096,0.624,0.0144,4.08,No (reported postion),anchor,2021-01-29 02:00:00
2021-01-29 03:00:00+00:00,11.69349,57.6786783333,0.0,219.36,0.624,0.001296,0.0096,0.624,0.0144,4.08,No (reported postion),anchor,2021-01-29 03:00:00
2021-01-29 04:00:00+00:00,11.6929666667,57.6787166667,0.0,219.36,0.624,0.001296,0.0096,0.624,0.0144,4.08,No (reported postion),anchor,2021-01-29 04:00:00
2021-01-29 05:00:00+00:00,11.69299,57.678635,0.0,219.36,0.624,0.001296,0.0096,0.624,0.0144,4.08,No (reported postion),anchor,2021-01-29 05:00:00
2021-01-29 06:00:00+00:00,11.6932866667,57.6786283333,0.0,219.36,0.624,0.001296,0.0096,0.624,0.0144,4.08,No (reported postion),anchor,2021-01-29 06:00:00
2021-01-29 07:00:00+00:00,11.6919716667,57.6790433333,0.0,219.36,0.624,0.001296,0.0096,0.624,0.0144,4.08,No (reported postion),anchor,2021-01-29 07:00:00
2021-01-29 08:00:00+00:00,11.6918,57.6794616667,0.0,219.36,0.624,0.001296,0.0096,0.624,0.0144,4.08,No (reported postion),anchor,2021-01-29 08:00:00
2021-01-29 09:00:00+00:00,11.6917816667,57.6794266667,0.0,219.36,0.624,0.001296,0.0096,0.624,0.0144,4.08,No (reported postion),anchor,2021-01-29 09:00:00
2021-01-29 10:00:00+00:00,11.6916016667,57.679395,0.0,219.36,0.624,0.001296,0.0096,0.624,0.0144,4.08,No (reported postion),anchor,2021-01-29 10:00:00
2021-01-29 11:00:00+00:00,11.6915083333,57.679495,0.0,219.36,0.624,0.001296,0.0096,0.624,0.0144,4.08,No (reported postion),anchor,2021-01-29 11:00:00
2021-01-29 12:00:00+00:00,11.691685,57.679295,0.0,219.36,0.624,0.001296,0.0096,0.624,0.0144,4.08,No (reported postion),anchor,2021-01-29 12:00:00
2021-01-29 13:00:00+00:00,11.6918683333,57.67906,0.0,219.36,0.624,0.001296,0.0096,0.624,0.0144,4.08,No (reported postion),anchor,2021-01-29 13:00:00
2021-01-29 14:00:00+00:00,11.69191,57.6790633333,0.0,219.36,0.624,0.001296,0.0096,0.624,0.0144,4.08,No (reported postion),anchor,2021-01-29 14:00:00
2021-01-29 15:00:00+00:00,11.6913133333,57.679585,0.0,219.36,0.624,0.001296,0.0096,0.624,0.0144,4.08,No (reported postion),anchor,2021-01-29 15:00:00
2021-01-29 16:00:00+00:00,11.6912583333,57.6796416667,0.0,219.36,0.624,0.001296,0.0096,0.624,0.0144,4.08,No (reported postion),anchor,2021-01-29 16:00:00
2021-01-29 17:00:00+00:00,11.69136,57.6800166667,0.0,219.36,0.624,0.001296,0.0096,0.624,0.0144,4.08,No (reported postion),anchor,2021-01-29 17:00:00
2021-01-29 18:00:00+00:00,11.6914833333,57.6797166667,0.0,219.36,0.624,0.001296,0.0096,0.624,0.0144,4.08,No (reported postion),anchor,2021-01-29 18:00:00
2021-01-29 19:00:00+00:00,11.6916733333,57.6792933333,0.0,219.36,0.624,0.001296,0.0096,0.624,0.0144,4.08,No (reported postion),anchor,2021-01-29 19:00:00
2021-01-29 20:00:00+00:00,11.6917616667,57.6793816667,0.0,219.36,0.624,0.001296,0.0096,0.624,0.0144,4.08,No (reported postion),anchor,2021-01-29 20:00:00
2021-01-29 21:00:00+00:00,11.691945,57.6792416667,0.0,219.36,0.624,0.001296,0.0096,0.624,0.0144,4.08,No (reported postion),anchor,2021-01-29 21:00:00
2021-01-29 22:00:00+00:00,11.6916566667,57.6794366667,0.0,219.36,0.624,0.001296,0.0096,0.624,0.0144,4.08,No (reported postion),anchor,2021-01-29 22:00:00
2021-01-29 23:00:00+00:00,11.6915116667,57.6796183333,0.0,219.36,0.624,0.001296,0.0096,0.624,0.0144,4.08,No (reported postion),anchor,2021-01-29 23:00:00
2021-01-30 00:00:00+00:00,11.6915133333,57.68,0.0,219.36,0.624,0.001296,0.0096,0.624,0.0144,4.08,No (reported postion),anchor,2021-01-30 00:00:00
2021-01-30 01:00:00+00:00,11.6920716667,57.6805583333,0.0,219.36,0.624,0.001296,0.0096,0.624,0.0144,4.08,No (reported postion),anchor,2021-01-30 01:00:00
2021-01-30 02:00:00+00:00,11.6921483333,57.6806283333,0.0,219.36,0.624,0.001296,0.0096,0.624,0.0144,4.08,No (reported postion),anchor,2021-01-30 02:00:00
2021-01-30 03:00:00+00:00,11.6926733333,57.6807783333,0.0,219.36,0.624,0.001296,0.0096,0.624,0.0144,4.08,No (reported postion),anchor,2021-01-30 03:00:00
2021-01-30 04:00:00+00:00,11.6932466667,57.6808883333,0.0,219.36,0.624,0.001296,0.0096,0.624,0.0144,4.08,No (reported postion),anchor,2021-01-30 04:00:00
2021-01-30 05:00:00+00:00,11.6934366667,57.6809083333,0.0,219.36,0.624,0.001296,0.0096,0.624,0.0144,4.08,No (reported postion),anchor,2021-01-30 05:00:00
2021-01-30 06:00:00+00:00,11.69359,57.68101,0.0,219.36,0.624,0.001296,0.0096,0.624,0.0144,4.08,No (reported postion),anchor,2021-01-30 06:00:00
2021-01-30 07:00:00+00:00,11.6933266667,57.681135,0.0,219.36,0.624,0.001296,0.0096,0.624,0.0144,4.08,No (reported postion),anchor,2021-01-30 07:00:00
2021-01-30 08:00:00+00:00,11.6927716667,57.6810733333,0.0,219.36,0.624,0.001296,0.0096,0.624,0.0144,4.08,No (reported postion),anchor,2021-01-30 08:00:00
2021-01-30 09:00:00+00:00,11.6929416667,57.6810233333,0.0,219.36,0.624,0.001296,0.0096,0.624,0.0144,4.08,No (reported postion),anchor,2021-01-30 09:00:00
2021-01-30 10:00:00+00:00,11.73249,57.676695,9.6,1448.74369966647,4.12115275616282,0.00855931726279971,0.0634023500948126,4.12115275616282,0.095103525142219,26.945998790295402,No (reported postion),cruise,2021-01-30 10:00:00
2021-01-30 11:00:00+00:00,11.888975,57.6897483333,0.0,219.36,0.624,0.001296,0.0096,0.624,0.0144,4.08,No (reported postion),anchor,2021-01-30 11:00:00
2021-01-30 12:00:00+00:00,11.8889720833333,57.6897478471917,0.0,219.36,0.624,0.001296,0.0096,0.624,0.0144,4.08,Linear (small gap),anchor,2021-01-30 12:00:00
2021-01-30 13:00:00+00:00,11.8889691666667,57.6897473610833,0.0,219.36,0.624,0.001296,0.0096,0.624,0.0144,4.08,Linear (small gap),anchor,2021-01-30 13:00:00
2021-01-30 14:00:00+00:00,11.88896625,57.689746874975,0.0,219.36,0.624,0.001296,0.0096,0.624,0.0144,4.08,Linear (small gap),anchor,2021-01-30 14:00:00
2021-01-30 15:00:00+00:00,11.8889633333333,57.6897463888667,0.0,219.36,0.624,0.001296,0.0096,0.624,0.0144,4.08,Linear (small gap),anchor,2021-01-30 15:00:00
2021-01-30 16:00:00+00:00,11.8889604166667,57.6897459027583,0.0,219.36,0.624,0.001296,0.0096,0.624,0.0144,4.08,Linear (small gap),anchor,2021-01-30 16:00:00
2021-01-30 17:00:00+00:00,11.8889575,57.68974541665,0.0,219.36,0.624,0.001296,0.0096,0.624,0.0144,4.08,Linear (small gap),anchor,2021-01-30 17:00:00
2021-01-30 18:00:00+00:00,11.8889545833333,57.6897449305417,0.0,219.36,0.624,0.001296,0.0096,0.624,0.0144,4.08,Linear (small gap),anchor,2021-01-30 18:00:00
2021-01-30 19:00:00+00:00,11.8889516666667,57.6897444444333,0.0,219.36,0.624,0.001296,0.0096,0.624,0.0144,4.08,Linear (small gap),anchor,2021-01-30 19:00:00
2021-01-30 20:00:00+00:00,11.88894875,57.689743958325,0.0,219.36,0.624,0.001296,0.0096,0.624,0.0144,4.08,Linear (small gap),anchor,2021-01-30 20:00:00
2021-01-30 21:00:00+00:00,11.8889458333333,57.6897434722167,0.0,219.36,0.624,0.001296,0.0096,0.624,0.0144,4.08,Linear (small gap),anchor,2021-01-30 21:00:00
2021-01-30 22:00:00+00:00,11.8889429166667,57.6897429861083,0.0,219.36,0.624,0.001296,0.0096,0.624,0.0144,4.08,Linear (small gap),anchor,2021-01-30 22:00:00
2021-01-30 23:00:00+00:00,11.88894,57.6897425,0.0,219.36,0.624,0.001296,0.0096,0.624,0.0144,4.08,Linear (small gap),anchor,2021-01-30 23:00:00
2021-01-31 00:00:00+00:00,11.8889370833333,57.6897420138917,0.0,219.36,0.624,0.001296,0.0096,0.624,0.0144,4.08,Linear (small gap),anchor,2021-01-31 00:00:00
2021-01-31 01:00:00+00:00,11.8889341666667,57.6897415277833,0.0,219.36,0.624,0.001296,0.0096,0.624,0.0144,4.08,Linear (small gap),anchor,2021-01-31 01:00:00
2021-01-31 02:00:00+00:00,11.88893125,57.689741041675,0.0,219.36,0.624,0.001296,0.0096,0.624,0.0144,4.08,Linear (small gap),anchor,2021-01-31 02:00:00
2021-01-31 03:00:00+00:00,11.8889283333333,57.6897405555667,0.0,219.36,0.624,0.001296,0.0096,0.624,0.0144,4.08,Linear (small gap),anchor,2021-01-31 03:00:00
2021-01-31 04:00:00+00:00,11.8889254166667,57.6897400694583,0.0,219.36,0.624,0.001296,0.0096,0.624,0.0144,4.08,Linear (small gap),anchor,2021-01-31 04:00:00
2021-01-31 05:00:00+00:00,11.8889225,57.68973958335,0.0,219.36,0.624,0.001296,0.0096,0.624,0.0144,4.08,Linear (small gap),anchor,2021-01-31 05:00:00
2021-01-31 06:00:00+00:00,11.8889195833333,57.6897390972417,0.0,219.36,0.624,0.001296,0.0096,0.624,0.0144,4.08,Linear (small gap),anchor,2021-01-31 06:00:00
2021-01-31 07:00:00+00:00,11.8889166666667,57.6897386111333,0.0,219.36,0.624,0.001296,0.0096,0.624,0.0144,4.08,Linear (small gap),anchor,2021-01-31 07:00:00
2021-01-31 08:00:00+00:00,11.88891375,57.689738125025,0.0,219.36,0.624,0.001296,0.0096,0.624,0.0144,4.08,Linear (small gap),anchor,2021-01-31 08:00:00
2021-01-31 09:00:00+00:00,11.8889108333333,57.6897376389167,0.0,219.36,0.624,0.001296,0.0096,0.624,0.0144,4.08,Linear (small gap),anchor,2021-01-31 09:00:00
2021-01-31 10:00:00+00:00,11.8889079166667,57.6897371528083,0.0,219.36,0.624,0.001296,0.0096,0.624,0.0144,4.08,Linear (small gap),anchor,2021-01-31 10:00:00
2021-01-31 11:00:00+00:00,11.888905,57.6897366667,0.0,219.36,0.624,0.001296,0.0096,0.624,0.0144,4.08,No (reported postion),anchor,2021-01-31 11:00:00
2021-01-31 12:00:00+00:00,11.8889483333,57.6897433333,0.0,219.36,0.624,0.001296,0.0096,0.624,0.0144,4.08,No (reported postion),anchor,2021-01-31 12:00:00
2021-01-31 13:00:00+00:00,11.7969366667,57.679425,11.2,2238.7505508592503,6.36843701557337,0.0132267538015755,0.09797595408574411,6.36843701557337,0.146963931128616,41.639780486441204,No (reported postion),cruise,2021-01-31 13:00:00
2021-01-31 14:00:00+00:00,11.6954466667,57.6798466667,0.2,219.3721494656,0.624335240177723,0.0012960717802125198,0.00960246179543673,0.624160016703388,0.014405814197214,4.08478614505912,No (reported postion),anchor,2021-01-31 14:00:00
2021-01-31 15:00:00+00:00,11.6948333333,57.6798016667,0.0,219.36,0.624,0.001296,0.0096,0.624,0.0144,4.08,No (reported postion),anchor,2021-01-31 15:00:00
2021-01-31 16:00:00+00:00,11.6953183333,57.68052,0.0,219.36,0.624,0.001296,0.0096,0.624,0.0144,4.08,No (reported postion),anchor,2021-01-31 16:00:00
2021-01-31 17:00:00+00:00,11.6944733333,57.6811633333,0.0,219.36,0.624,0.001296,0.0096,0.624,0.0144,4.08,No (reported postion),anchor,2021-01-31 17:00:00
2021-01-31 18:00:00+00:00,11.6937666667,57.6813416667,0.0,219.36,0.624,0.001296,0.0096,0.624,0.0144,4.08,No (reported postion),anchor,2021-01-31 18:00:00
2021-01-31 19:00:00+00:00,11.6934866667,57.6813683333,0.0,219.36,0.624,0.001296,0.0096,0.624,0.0144,4.08,No (reported postion),anchor,2021-01-31 19:00:00
2021-01-31 20:00:00+00:00,11.69319,57.681375,0.0,219.36,0.624,0.001296,0.0096,0.624,0.0144,4.08,No (reported postion),anchor,2021-01-31 20:00:00
2021-01-31 21:00:00+00:00,11.6930216667,57.6813283333,0.0,219.36,0.624,0.001296,0.0096,0.624,0.0144,4.08,No (reported postion),anchor,2021-01-31 21:00:00
2021-01-31 22:00:00+00:00,11.6925,57.6811083333,0.0,219.36,0.624,0.001296,0.0096,0.624,0.0144,4.08,No (reported postion),anchor,2021-01-31 22:00:00
2021-01-31 23:00:00+00:00,11.692225,57.6811316667,0.0,219.36,0.624,0.001296,0.0096,0.624,0.0144,4.08,No (reported postion),anchor,2021-01-31 23:00:00
2021-02-01 00:00:00+00:00,11.6928766667,57.681445,0.0,219.36,0.624,0.001296,0.0096,0.624,0.0144,4.08,No (reported postion),anchor,2021-02-01 00:00:00
2021-02-01 01:00:00+00:00,11.6927683333,57.6819733333,0.0,219.36,0.624,0.001296,0.0096,0.624,0.0144,4.08,No (reported postion),anchor,2021-02-01 01:00:00
2021-02-01 02:00:00+00:00,11.69233,57.681885,0.0,219.36,0.624,0.001296,0.0096,0.624,0.0144,4.08,No (reported postion),anchor,2021-02-01 02:00:00
2021-02-01 03:00:00+00:00,11.69233,57.6819316667,0.0,219.36,0.624,0.001296,0.0096,0.624,0.0144,4.08,No (reported postion),anchor,2021-02-01 03:00:00
2021-02-01 04:00:00+00:00,11.69445,57.6821633333,0.0,219.36,0.624,0.001296,0.0096,0.624,0.0144,4.08,No (reported postion),anchor,2021-02-01 04:00:00
2021-02-01 05:00:00+00:00,11.69548,57.6818983333,0.0,219.36,0.624,0.001296,0.0096,0.624,0.0144,4.08,No (reported postion),anchor,2021-02-01 05:00:00
2021-02-01 06:00:00+00:00,11.69489,57.681685,0.0,219.36,0.624,0.001296,0.0096,0.624,0.0144,4.08,No (reported postion),anchor,2021-02-01 06:00:00
2021-02-01 07:00:00+00:00,11.834535,57.68155,7.0,626.018337612123,1.78079614638022,0.00369857661171276,0.0273968637904649,1.78079614638022,0.0410952956856973,11.643667110947598,No (reported postion),cruise,2021-02-01 07:00:00
2021-02-01 08:00:00+00:00,11.8783633333,57.6900266667,0.0,219.36,0.624,0.001296,0.0096,0.624,0.0144,4.08,No (reported postion),anchor,2021-02-01 08:00:00
2021-02-01 09:00:00+00:00,11.8782883333,57.69,0.0,219.36,0.624,0.001296,0.0096,0.624,0.0144,4.08,No (reported postion),anchor,2021-02-01 09:00:00
2021-02-01 10:00:00+00:00,11.8783316667,57.690025,0.0,219.36,0.624,0.001296,0.0096,0.624,0.0144,4.08,No (reported postion),anchor,2021-02-01 10:00:00
2021-02-01 11:00:00+00:00,11.8783816667,57.6900233333,0.0,219.36,0.624,0.001296,0.0096,0.624,0.0144,4.08,No (reported postion),anchor,2021-02-01 11:00:00
2021-02-01 12:00:00+00:00,11.8783416667,57.6900083333,0.0,219.36,0.624,0.001296,0.0096,0.624,0.0144,4.08,No (reported postion),anchor,2021-02-01 12:00:00
2021-02-01 13:00:00+00:00,11.878365,57.6900366667,0.0,219.36,0.624,0.001296,0.0096,0.624,0.0144,4.08,No (reported postion),anchor,2021-02-01 13:00:00
2021-02-01 14:00:00+00:00,11.8783583333,57.6900316667,0.0,219.36,0.624,0.001296,0.0096,0.624,0.0144,4.08,No (reported postion),anchor,2021-02-01 14:00:00
2021-02-01 15:00:00+00:00,11.8783266667,57.6900366667,0.0,219.36,0.624,0.001296,0.0096,0.624,0.0144,4.08,No (reported postion),anchor,2021-02-01 15:00:00
2021-02-01 16:00:00+00:00,11.8783533333,57.690025,0.0,219.36,0.624,0.001296,0.0096,0.624,0.0144,4.08,No (reported postion),anchor,2021-02-01 16:00:00
2021-02-01 17:00:00+00:00,11.8783433333,57.6899933333,0.0,219.36,0.624,0.001296,0.0096,0.624,0.0144,4.08,No (reported postion),anchor,2021-02-01 17:00:00
2021-02-01 18:00:00+00:00,11.8783083333,57.6900316667,0.0,219.36,0.624,0.001296,0.0096,0.624,0.0144,4.08,No (reported postion),anchor,2021-02-01 18:00:00
2021-02-01 19:00:00+00:00,11.878365,57.6900116667,0.0,219.36,0.624,0.001296,0.0096,0.624,0.0144,4.08,No (reported postion),anchor,2021-02-01 19:00:00
2021-02-01 20:00:00+00:00,11.8783333333,57.6900566667,0.0,219.36,0.624,0.001296,0.0096,0.624,0.0144,4.08,No (reported postion),anchor,2021-02-01 20:00:00
2021-02-01 21:00:00+00:00,11.8783583333,57.690025,0.0,219.36,0.624,0.001296,0.0096,0.624,0.0144,4.08,No (reported postion),anchor,2021-02-01 21:00:00
2021-02-01 22:00:00+00:00,11.87836,57.690015,0.0,219.36,0.624,0.001296,0.0096,0.624,0.0144,4.08,No (reported postion),anchor,2021-02-01 22:00:00
2021-02-01 23:00:00+00:00,11.87832,57.6899966667,0.0,219.36,0.624,0.001296,0.0096,0.624,0.0144,4.08,No (reported postion),anchor,2021-02-01 23:00:00
2021-02-02 00:00:00+00:00,11.878345,57.6900066667,0.0,219.36,0.624,0.001296,0.0096,0.624,0.0144,4.08,No (reported postion),anchor,2021-02-02 00:00:00
2021-02-02 01:00:00+00:00,11.8783416667,57.6900333333,0.0,219.36,0.624,0.001296,0.0096,0.624,0.0144,4.08,No (reported postion),anchor,2021-02-02 01:00:00
2021-02-02 02:00:00+00:00,11.87833,57.6900083333,0.0,219.36,0.624,0.001296,0.0096,0.624,0.0144,4.08,No (reported postion),anchor,2021-02-02 02:00:00
2021-02-02 03:00:00+00:00,11.87833,57.6900283333,0.0,219.36,0.624,0.001296,0.0096,0.624,0.0144,4.08,No (reported postion),anchor,2021-02-02 03:00:00
2021-02-02 04:00:00+00:00,11.878325,57.690015,0.0,219.36,0.624,0.001296,0.0096,0.624,0.0144,4.08,No (reported postion),anchor,2021-02-02 04:00:00
2021-02-02 05:00:00+00:00,11.8783366667,57.6900333333,0.0,219.36,0.624,0.001296,0.0096,0.624,0.0144,4.08,No (reported postion),anchor,2021-02-02 05:00:00
2021-02-02 06:00:00+00:00,11.744525,57.6556683333,12.3,2725.091,7.7519,0.016100100000000003,0.11926,7.7519,0.17889,50.6855,No (reported postion),cruise,2021-02-02 06:00:00
2021-02-02 07:00:00+00:00,11.58972,57.5033816667,10.9,2071.84878585857,5.89366175408346,0.012240682104634899,0.0906717192935917,5.89366175408346,0.13600757894038798,38.5354806997765,No (reported postion),cruise,2021-02-02 07:00:00
2021-02-02 08:00:00+00:00,11.5827116667,57.3168766667,11.3,2396.0181347941902,6.81580651035545,0.014155905829199799,0.10485856169777599,6.81580651035545,0.157287842546664,44.564888721554894,No (reported postion),cruise,2021-02-02 08:00:00
2021-02-02 09:00:00+00:00,11.6125416667,57.131775,11.4,2457.37852759103,6.99035467367252,0.0145184289376275,0.1075439180565,6.99035467367252,0.16131587708475,45.706165174012604,No (reported postion),cruise,2021-02-02 09:00:00
2021-02-02 10:00:00+00:00,11.7306133333,56.9512666667,11.5,2519.82491693801,7.16799210507531,0.014887368218233301,0.11027680161654299,7.16799210507531,0.165415202424815,46.8676406870309,No (reported postion),cruise,2021-02-02 10:00:00
2021-02-02 11:00:00+00:00,11.858105,56.768995,11.4,2457.37852759103,6.99035467367252,0.0145184289376275,0.1075439180565,6.99035467367252,0.16131587708475,45.706165174012604,No (reported postion),cruise,2021-02-02 11:00:00
2021-02-02 12:00:00+00:00,11.7239283333,56.6055383333,12.1,2725.091,7.7519,0.016100100000000003,0.11926,7.7519,0.17889,50.6855,No (reported postion),cruise,2021-02-02 12:00:00
2021-02-02 13:00:00+00:00,11.524845,56.43426,12.0,2725.091,7.7519,0.016100100000000003,0.11926,7.7519,0.17889,50.6855,No (reported postion),cruise,2021-02-02 13:00:00
2021-02-02 14:00:00+00:00,11.342835,56.2603683333,12.1,2725.091,7.7519,0.016100100000000003,0.11926,7.7519,0.17889,50.6855,No (reported postion),cruise,2021-02-02 14:00:00
2021-02-02 15:00:00+00:00,11.1318166667,56.103015,11.4,2457.37852759103,6.99035467367252,0.0145184289376275,0.1075439180565,6.99035467367252,0.16131587708475,45.706165174012604,No (reported postion),cruise,2021-02-02 15:00:00
2021-02-02 16:00:00+00:00,10.9656566667,55.93191,11.9,2664.33266268836,7.579064467166011,0.015741133893344802,0.11660099180255401,7.579064467166011,0.17490148770383102,49.5554215160854,No (reported postion),cruise,2021-02-02 16:00:00
2021-02-02 17:00:00+00:00,10.8027066667,55.764045,12.3,2725.091,7.7519,0.016100100000000003,0.11926,7.7519,0.17889,50.6855,No (reported postion),cruise,2021-02-02 17:00:00
2021-02-02 18:00:00+00:00,10.82472,55.5661516667,11.9,2664.33266268836,7.579064467166011,0.015741133893344802,0.11660099180255401,7.579064467166011,0.17490148770383102,49.5554215160854,No (reported postion),cruise,2021-02-02 18:00:00
2021-02-02 19:00:00+00:00,11.0040733333,55.390715,12.5,2725.091,7.7519,0.016100100000000003,0.11926,7.7519,0.17889,50.6855,No (reported postion),cruise,2021-02-02 19:00:00
2021-02-02 20:00:00+00:00,11.093665,55.2053766667,11.7,2537.4527560581996,7.21813694283516,0.0149915151889653,0.111048260659002,7.21813694283516,0.166572390988504,47.195510780076,No (reported postion),cruise,2021-02-02 20:00:00
2021-02-02 21:00:00+00:00,11.021205,55.0170333333,11.6,2475.61653220237,7.04223521195421,0.014626180824828,0.10834208018391099,7.04223521195421,0.16251312027586598,46.0453840781622,No (reported postion),cruise,2021-02-02 21:00:00
2021-02-02 22:00:00+00:00,10.86803,54.8546333333,11.3,2296.4134332813996,6.53246709686174,0.0135674316627128,0.100499493797873,6.53246709686174,0.150749240696809,42.712284864096,No (reported postion),cruise,2021-02-02 22:00:00
2021-02-02 23:00:00+00:00,10.9150633333,54.6806233333,11.7,2648.01379042449,7.53264316750948,0.0156447204248274,0.115886817961684,7.53264316750948,0.173830226942526,49.2518976337158,No (reported postion),cruise,2021-02-02 23:00:00
2021-02-03 00:00:00+00:00,11.197405,54.57473,12.2,2725.091,7.7519,0.016100100000000003,0.11926,7.7519,0.17889,50.6855,No (reported postion),cruise,2021-02-03 00:00:00
2021-02-03 01:00:00+00:00,11.5077533333,54.4896233333,12.0,2725.091,7.7519,0.016100100000000003,0.11926,7.7519,0.17889,50.6855,No (reported postion),cruise,2021-02-03 01:00:00
2021-02-03 02:00:00+00:00,11.8181833333,54.4139783333,12.0,2725.091,7.7519,0.016100100000000003,0.11926,7.7519,0.17889,50.6855,No (reported postion),cruise,2021-02-03 02:00:00
2021-02-03 03:00:00+00:00,12.1595016667,54.4142366667,12.1,2725.091,7.7519,0.016100100000000003,0.11926,7.7519,0.17889,50.6855,No (reported postion),cruise,2021-02-03 03:00:00
2021-02-03 04:00:00+00:00,12.3131583333,54.5853166667,11.7,2648.01379042449,7.53264316750948,0.0156447204248274,0.115886817961684,7.53264316750948,0.173830226942526,49.2518976337158,No (reported postion),cruise,2021-02-03 04:00:00
2021-02-03 05:00:00+00:00,12.5839766667,54.6959133333,11.5,2519.82491693801,7.16799210507531,0.014887368218233301,0.11027680161654299,7.16799210507531,0.165415202424815,46.8676406870309,No (reported postion),cruise,2021-02-03 05:00:00
2021-02-03 06:00:00+00:00,12.8783666667,54.782835,11.9,2725.091,7.7519,0.016100100000000003,0.11926,7.7519,0.17889,50.6855,No (reported postion),cruise,2021-02-03 06:00:00
2021-02-03 07:00:00+00:00,13.20325,54.8456333333,11.9,2725.091,7.7519,0.016100100000000003,0.11926,7.7519,0.17889,50.6855,No (reported postion),cruise,2021-02-03 07:00:00
2021-02-03 08:00:00+00:00,13.5382966667,54.91035,12.4,2725.091,7.7519,0.016100100000000003,0.11926,7.7519,0.17889,50.6855,No (reported postion),cruise,2021-02-03 08:00:00
2021-02-03 09:00:00+00:00,13.8579033333,54.9735783333,12.1,2725.091,7.7519,0.016100100000000003,0.11926,7.7519,0.17889,50.6855,No (reported postion),cruise,2021-02-03 09:00:00
2021-02-03 10:00:00+00:00,14.1771216667,55.04404,11.8,2713.77532713504,7.71971099622658,0.0160332459152398,0.11876478455733201,7.71971099622658,0.178147176835998,50.4750334368661,No (reported postion),cruise,2021-02-03 10:00:00
2021-02-03 11:00:00+00:00,14.3894033333,55.2009466667,11.7,2648.01379042449,7.53264316750948,0.0156447204248274,0.115886817961684,7.53264316750948,0.173830226942526,49.2518976337158,No (reported postion),cruise,2021-02-03 11:00:00
2021-02-03 12:00:00+00:00,14.5961516667,55.356725,11.7,2648.01379042449,7.53264316750948,0.0156447204248274,0.115886817961684,7.53264316750948,0.173830226942526,49.2518976337158,No (reported postion),cruise,2021-02-03 12:00:00
2021-02-03 13:00:00+00:00,14.88031,55.4670433333,12.0,2725.091,7.7519,0.016100100000000003,0.11926,7.7519,0.17889,50.6855,No (reported postion),cruise,2021-02-03 13:00:00
2021-02-03 14:00:00+00:00,15.1860233333,55.5574116667,11.5,2519.82491693801,7.16799210507531,0.014887368218233301,0.11027680161654299,7.16799210507531,0.165415202424815,46.8676406870309,No (reported postion),cruise,2021-02-03 14:00:00
2021-02-03 15:00:00+00:00,15.4848033333,55.65174,11.6,2583.36682912065,7.348745903406679,0.0152627799532293,0.11305762928318,7.348745903406679,0.169586443924769,48.0494924453513,No (reported postion),cruise,2021-02-03 15:00:00
2021-02-03 16:00:00+00:00,15.7799066667,55.744445,11.3,2396.0181347941902,6.81580651035545,0.014155905829199799,0.10485856169777599,6.81580651035545,0.157287842546664,44.564888721554894,No (reported postion),cruise,2021-02-03 16:00:00
2021-02-03 17:00:00+00:00,16.0774233333,55.83631,11.4,2457.37852759103,6.99035467367252,0.0145184289376275,0.1075439180565,6.99035467367252,0.16131587708475,45.706165174012604,No (reported postion),cruise,2021-02-03 17:00:00
2021-02-03 18:00:00+00:00,16.37362,55.9309016667,11.5,2519.82491693801,7.16799210507531,0.014887368218233301,0.11027680161654299,7.16799210507531,0.165415202424815,46.8676406870309,No (reported postion),cruise,2021-02-03 18:00:00
2021-02-03 19:00:00+00:00,16.6661783333,56.0311766667,11.5,2519.82491693801,7.16799210507531,0.014887368218233301,0.11027680161654299,7.16799210507531,0.165415202424815,46.8676406870309,No (reported postion),cruise,2021-02-03 19:00:00
2021-02-03 20:00:00+00:00,16.9636093333,56.15494133336,11.4,2725.091,7.7519,0.016100100000000003,0.11926,7.7519,0.17889,50.6855,Linear (small gap),cruise,2021-02-03 20:00:00
2021-02-03 21:00:00+00:00,17.2610403333,56.27870600002,11.3,2725.091,7.7519,0.016100100000000003,0.11926,7.7519,0.17889,50.6855,Linear (small gap),cruise,2021-02-03 21:00:00
2021-02-03 22:00:00+00:00,17.5584713333,56.40247066668,11.2,2725.091,7.7519,0.016100100000000003,0.11926,7.7519,0.17889,50.6855,Linear (small gap),cruise,2021-02-03 22:00:00
2021-02-03 23:00:00+00:00,17.8559023333,56.52623533334,11.1,2725.091,7.7519,0.016100100000000003,0.11926,7.7519,0.17889,50.6855,Linear (small gap),cruise,2021-02-03 23:00:00
2021-02-04 00:00:00+00:00,18.1533333333,56.65,11.0,2218.3576728491803,6.31042664049,0.0131062707148639,0.09708348677676931,6.31042664049,0.145625230165154,41.260481880127,No (reported postion),cruise,2021-02-04 00:00:00
2021-02-04 01:00:00+00:00,18.34028,56.7325783333,11.5,2519.82491693801,7.16799210507531,0.014887368218233301,0.11027680161654299,7.16799210507531,0.165415202424815,46.8676406870309,No (reported postion),cruise,2021-02-04 01:00:00
2021-02-04 02:00:00+00:00,18.6724883333,56.9043883333,11.7,2648.01379042449,7.53264316750948,0.0156447204248274,0.115886817961684,7.53264316750948,0.173830226942526,49.2518976337158,No (reported postion),cruise,2021-02-04 02:00:00
2021-02-04 03:00:00+00:00,18.81628,57.0067483333,11.7,2648.01379042449,7.53264316750948,0.0156447204248274,0.115886817961684,7.53264316750948,0.173830226942526,49.2518976337158,No (reported postion),cruise,2021-02-04 03:00:00
2021-02-04 04:00:00+00:00,19.0346,57.1638483333,11.4,2457.37852759103,6.99035467367252,0.0145184289376275,0.1075439180565,6.99035467367252,0.16131587708475,45.706165174012604,No (reported postion),cruise,2021-02-04 04:00:00
2021-02-04 05:00:00+00:00,19.24163,57.31007,11.2,2335.7342122619502,6.64432051628125,0.013799742610738,0.102220315635096,6.64432051628125,0.15333047345264397,43.4436341449158,No (reported postion),cruise,2021-02-04 05:00:00
2021-02-04 06:00:00+00:00,19.46391,57.4675766667,11.4,2457.37852759103,6.99035467367252,0.0145184289376275,0.1075439180565,6.99035467367252,0.16131587708475,45.706165174012604,No (reported postion),cruise,2021-02-04 06:00:00
2021-02-04 07:00:00+00:00,19.6644866667,57.621115,11.5,2519.82491693801,7.16799210507531,0.014887368218233301,0.11027680161654299,7.16799210507531,0.165415202424815,46.8676406870309,No (reported postion),cruise,2021-02-04 07:00:00
2021-02-04 08:00:00+00:00,19.8811316667,57.7732266667,11.8,2713.77532713504,7.71971099622658,0.0160332459152398,0.11876478455733201,7.71971099622658,0.178147176835998,50.4750334368661,No (reported postion),cruise,2021-02-04 08:00:00
2021-02-04 09:00:00+00:00,20.3066666667,58.07,12.0,2725.091,7.7519,0.016100100000000003,0.11926,7.7519,0.17889,50.6855,No (reported postion),cruise,2021-02-04 09:00:00
2021-02-04 10:00:00+00:00,20.53287222225,58.2269166666667,12.05,2725.091,7.7519,0.016100100000000003,0.11926,7.7519,0.17889,50.6855,Linear (small gap),cruise,2021-02-04 10:00:00
2021-02-04 11:00:00+00:00,20.7590777778,58.3838333333333,12.1,2725.091,7.7519,0.016100100000000003,0.11926,7.7519,0.17889,50.6855,Linear (small gap),cruise,2021-02-04 11:00:00
2021-02-04 12:00:00+00:00,20.98528333335,58.54075,12.15,2725.091,7.7519,0.016100100000000003,0.11926,7.7519,0.17889,50.6855,Linear (small gap),cruise,2021-02-04 12:00:00
2021-02-04 13:00:00+00:00,21.2114888889,58.6976666666667,12.2,2725.091,7.7519,0.016100100000000003,0.11926,7.7519,0.17889,50.6855,Linear (small gap),cruise,2021-02-04 13:00:00
2021-02-04 14:00:00+00:00,21.43769444445,58.8545833333333,12.25,2725.091,7.7519,0.016100100000000003,0.11926,7.7519,0.17889,50.6855,Linear (small gap),cruise,2021-02-04 14:00:00
2021-02-04 15:00:00+00:00,21.6639,59.0115,12.3,2725.091,7.7519,0.016100100000000003,0.11926,7.7519,0.17889,50.6855,No (reported postion),cruise,2021-02-04 15:00:00
2021-02-04 16:00:00+00:00,21.7762,59.0655,12.4,2725.091,7.7519,0.016100100000000003,0.11926,7.7519,0.17889,50.6855,No (reported postion),cruise,2021-02-04 16:00:00
2021-02-04 17:00:00+00:00,22.0834,59.2023,11.1,2276.51723370879,6.475869592607051,0.013449883000030001,0.09962876296318539,6.475869592607051,0.149443144444778,42.342224259353806,No (reported postion),cruise,2021-02-04 17:00:00
2021-02-04 18:00:00+00:00,22.3356,59.3069,10.6,1996.1030806357198,5.67819257073617,0.011793169185375102,0.0873568087805564,5.67819257073617,0.131035213170835,37.1266437317365,No (reported postion),cruise,2021-02-04 18:00:00
2021-02-04 19:00:00+00:00,22.6132,59.4215,10.3,1840.04823426707,5.23427287647087,0.0108711821280549,0.0805272750226287,5.23427287647087,0.120790912533943,34.2240918846172,No (reported postion),cruise,2021-02-04 19:00:00
2021-02-04 20:00:00+00:00,22.9147616667,59.4745716667,9.7,1554.1739318724901,4.4210637011689995,0.00918220922550484,0.06801636463336919,4.4210637011689995,0.102024546950054,28.9069549691819,No (reported postion),cruise,2021-02-04 20:00:00
2021-02-04 21:00:00+00:00,23.2258,59.5354,9.9,1645.6675535070501,4.68133002091722,0.00972276235113576,0.0720204618602648,4.68133002091722,0.108030692790397,30.6086962906126,No (reported postion),cruise,2021-02-04 21:00:00
2021-02-04 22:00:00+00:00,23.5205,59.5863,10.0,1692.8242545824,4.81547380953419,0.0100013686813402,0.0740842124543722,4.81547380953419,0.111126318681558,31.4857902931082,No (reported postion),cruise,2021-02-04 22:00:00
2021-02-04 23:00:00+00:00,23.8282,59.6411,9.9,1645.6675535070501,4.68133002091722,0.00972276235113576,0.0720204618602648,4.68133002091722,0.108030692790397,30.6086962906126,No (reported postion),cruise,2021-02-04 23:00:00
2021-02-05 00:00:00+00:00,24.046,59.7772,9.5,1466.37650902259,4.17131173244937,0.008663493598164089,0.0641740266530673,4.17131173244937,0.0962610399796009,27.2739613275536,No (reported postion),cruise,2021-02-05 00:00:00
2021-02-05 01:00:00+00:00,24.2099516667,59.9072266667,10.4,1813.42205912456,5.1585310215797,0.0107138721217425,0.07936201571661079,5.1585310215797,0.119043023574916,33.7288566795596,No (reported postion),cruise,2021-02-05 01:00:00
2021-02-05 02:00:00+00:00,23.9955716667,59.9961483333,5.7,386.35949786414506,1.73109536439796,0.0022826491121076403,0.0190009589715996,1.23506233315397,0.0309015982859993,12.2079904473012,No (reported postion),cruise,2021-02-05 02:00:00
2021-02-05 03:00:00+00:00,23.9944241935806,59.9966274193226,5.484,690.177861016494,1.9633068256486699,0.0040776372532703095,0.0302047203945949,1.9633068256486699,0.0453070805918924,12.8370061677028,Linear (small gap),cruise,2021-02-05 03:00:00
2021-02-05 04:00:00+00:00,23.9932767204613,59.9971065053452,5.268,623.732318783952,1.77429324818192,0.0036850705923778403,0.027296819202798802,1.77429324818192,0.0409452288041982,11.6011481611895,Linear (small gap),cruise,2021-02-05 04:00:00
2021-02-05 05:00:00+00:00,23.9921292473419,59.9975855913677,5.052,562.5181825098481,1.74328885637136,0.00332341158156803,0.025018220838514002,1.62618435450341,0.038127867164786104,11.3984271378127,Linear (small gap),cruise,2021-02-05 05:00:00
2021-02-05 06:00:00+00:00,23.9909817742226,59.9980646773903,4.836,506.320952633243,1.71421237559035,0.00299139293678284,0.023036389508311002,1.49736531804021,0.035344715241394,11.3575586492386,Linear (small gap),cruise,2021-02-05 06:00:00
2021-02-05 07:00:00+00:00,23.9898343011032,59.9985437634129,4.62,454.926129593199,1.70209182832458,0.0026877473739641902,0.0211339789917136,1.3737086344613798,0.033308438667320306,11.5194475695121,Linear (small gap),cruise,2021-02-05 07:00:00
2021-02-05 08:00:00+00:00,23.9886868279839,59.9990228494355,4.404,408.11921382877705,1.7126009712974901,0.00241120760905405,0.0197173086986786,1.28162506541411,0.0315650826136335,11.8740762338698,Linear (small gap),cruise,2021-02-05 08:00:00
2021-02-05 09:00:00+00:00,23.9875393548645,59.9995019354581,4.188,365.685705779041,1.75925028993462,0.00216050635799433,0.0185125759759488,1.20331743843667,0.0305057641559131,12.520575116161101,Linear (small gap),cruise,2021-02-05 09:00:00
2021-02-05 10:00:00+00:00,23.9863918817452,59.9999810214806,3.972,327.41110588305,1.67755871788307,0.0019343763367269898,0.0169554662788391,1.10210530812454,0.028497744203955,12.374452271367499,Linear (small gap),cruise,2021-02-05 10:00:00
2021-02-05 11:00:00+00:00,23.9852444086258,60.0004601075032,3.756,293.080914579868,1.60903799329733,0.00173155026119397,0.0157055026119397,1.02085766977608,0.0267665102280254,12.2687214071995,Linear (small gap),cruise,2021-02-05 11:00:00
2021-02-05 12:00:00+00:00,23.9840969355065,60.0009391935258,3.54,262.480632308555,1.7583801744500098,0.0015507608473372002,0.015619387820292699,1.01526020831903,0.027974579206309802,14.6875582704788,Linear (small gap),cruise,2021-02-05 12:00:00
2021-02-05 13:00:00+00:00,23.9829494623871,60.0014182795484,3.324,235.395759508174,1.74440218972964,0.0013907408110986198,0.015034264328225801,0.977227181334675,0.0277685286564515,15.5494779915696,Linear (small gap),cruise,2021-02-05 13:00:00
2021-02-05 14:00:00+00:00,23.9818019892677,60.001897365571,3.108,211.611796617787,1.7713815121032301,0.00125022286842019,0.0149006114015453,0.968539741100442,0.0285033184824264,17.2276372895988,Linear (small gap),cruise,2021-02-05 14:00:00
2021-02-05 15:00:00+00:00,23.9806545161484,60.0023764515935,2.892,256.093478373807,1.63758678838885,0.00151302492693496,0.0170431511978436,1.10780482785983,0.031979019081732105,18.550739850408,Linear (small gap),anchor,2021-02-05 15:00:00
2021-02-05 16:00:00+00:00,23.979507043029,60.0028555376161,2.676,248.462179562323,1.42701637698225,0.0014679384788146,0.0154968530141599,1.00729544592039,0.0283270167839824,15.544475681848901,Linear (small gap),anchor,2021-02-05 16:00:00
2021-02-05 17:00:00+00:00,23.9783595699097,60.0033346236387,2.46,241.968539603201,1.24783738379949,0.0014295734287278902,0.0141810738889638,0.921769802782645,0.025219447726958697,12.9863793977338,Linear (small gap),anchor,2021-02-05 17:00:00
2021-02-05 18:00:00+00:00,23.9772120967903,60.0038137096613,2.244,236.520729530781,1.09751597239202,0.0013973872423044,0.013077206902736,0.8500184486778409,0.0226123666266562,10.8402760118743,Linear (small gap),anchor,2021-02-05 18:00:00
2021-02-05 19:00:00+00:00,23.976064623671,60.0042927956839,2.028,232.02692037940102,0.973518306311267,0.00137083738517371,0.0121666451359574,0.790831933837233,0.020461828199070102,9.06999053808226,Linear (small gap),anchor,2021-02-05 19:00:00
2021-02-05 20:00:00+00:00,23.9749171505516,60.0047718817065,1.812,228.39528318339902,0.873310549108672,0.00134938132296538,0.0114307816691089,0.7430008084920781,0.018723887160195598,7.63934799016926,Linear (small gap),anchor,2021-02-05 20:00:00
2021-02-05 21:00:00+00:00,23.9737696774323,60.005250967729,1.596,225.533988977114,0.794358864335676,0.0013324765213089899,0.0108510095826712,0.705315622873627,0.0173545982260279,6.51217338194701,Linear (small gap),anchor,2021-02-05 21:00:00
2021-02-05 22:00:00+00:00,23.9726222043129,60.0057300537516,1.38,223.35120879488298,0.734129415543716,0.0013195804458341,0.0104087219571251,0.676566927213134,0.016310016112562303,5.65229172722722,Linear (small gap),anchor,2021-02-05 22:00:00
2021-02-05 23:00:00+00:00,23.9714747311935,60.0062091397742,1.164,221.75511367104602,0.690088366284231,0.0013101505621703,0.0100853118729516,0.655545271741855,0.015546195535793901,5.02352803982158,Linear (small gap),anchor,2021-02-05 23:00:00
2021-02-06 00:00:00+00:00,23.9703272580742,60.0066882257968,0.948,220.653874639941,0.65970188010866,0.00130364433594714,0.0098621724106314,0.641041206691041,0.015019191211718,4.5897073335418,Linear (small gap),anchor,2021-02-06 00:00:00
2021-02-06 01:00:00+00:00,23.9691797849548,60.0071673118194,0.731999999999999,219.955662735906,0.640436120568441,0.00129951923279419,0.00972069665064533,0.631845282291947,0.0146850578563297,4.31465462219956,Linear (small gap),anchor,2021-02-06 01:00:00
2021-02-06 02:00:00+00:00,23.9680323118355,60.0076463978419,0.515999999999999,219.56864899328,0.629757251215014,0.00129723271834104,0.00964227767347425,0.626748048775826,0.0144998501856244,4.16219491960658,Linear (small gap),anchor,2021-02-06 02:00:00
2021-02-06 09:00:00+00:00,23.96,60.011,0.3,219.401004446401,0.625131435599816,0.0012962422582172498,0.00960830855959897,0.624540056373933,0.014419622915597102,4.09615323957454,No (reported postion),anchor,2021-02-06 09:00:00
2021-02-06 10:00:00+00:00,24.2299466667,59.9332733333,9.8,1534.48247840766,4.36504862566732,0.00906587022253981,0.06715459424103569,4.36504862566732,0.100731891361553,28.5407025524402,No (reported postion),cruise,2021-02-06 10:00:00
2021-02-06 11:00:00+00:00,24.0243,59.7677,12.7,2725.091,7.7519,0.016100100000000003,0.11926,7.7519,0.17889,50.6855,No (reported postion),cruise,2021-02-06 11:00:00
2021-02-06 12:00:00+00:00,23.6605,59.6835,11.3,2396.0181347941902,6.81580651035545,0.014155905829199799,0.10485856169777599,6.81580651035545,0.157287842546664,44.564888721554894,No (reported postion),cruise,2021-02-06 12:00:00
2021-02-06 13:00:00+00:00,23.3222833333,59.6365866667,10.1,1740.9335842105,4.95232748243688,0.0102856032327535,0.07618965357595209,4.95232748243688,0.11428448036392799,32.3806027697796,No (reported postion),cruise,2021-02-06 13:00:00
2021-02-06 14:00:00+00:00,23.0103,59.583,9.8,1599.45395469892,4.5498690177431,0.009449727959927991,0.0699979848883554,4.5498690177431,0.104996977332533,29.749143577551102,No (reported postion),cruise,2021-02-06 14:00:00
2021-02-06 15:00:00+00:00,22.729,59.5315,9.3,1382.1990746731399,3.93185732401549,0.00816616521141679,0.0604901126771614,3.93185732401549,0.0907351690157421,25.7082978877936,No (reported postion),cruise,2021-02-06 15:00:00
2021-02-06 16:00:00+00:00,22.4542,59.476,9.1,1301.5654185399198,3.70248368512449,0.00768977380756624,0.0569612874634537,3.70248368512449,0.0854419311951805,24.208547171967798,No (reported postion),cruise,2021-02-06 16:00:00
2021-02-06 17:00:00+00:00,22.1842,59.3705,11.9,2725.091,7.7519,0.016100100000000003,0.11926,7.7519,0.17889,50.6855,No (reported postion),cruise,2021-02-06 17:00:00
2021-02-06 18:00:00+00:00,21.8833,59.2546,12.1,2725.091,7.7519,0.016100100000000003,0.11926,7.7519,0.17889,50.6855,No (reported postion),cruise,2021-02-06 18:00:00
2021-02-06 19:00:00+00:00,21.5957,59.1196,12.1,2725.091,7.7519,0.016100100000000003,0.11926,7.7519,0.17889,50.6855,No (reported postion),cruise,2021-02-06 19:00:00
2021-02-06 20:00:00+00:00,21.3503,58.9549,11.9,2725.091,7.7519,0.016100100000000003,0.11926,7.7519,0.17889,50.6855,No (reported postion),cruise,2021-02-06 20:00:00
2021-02-06 21:00:00+00:00,21.09224194445,58.7714383333333,11.9333333333333,2725.091,7.7519,0.016100100000000003,0.11926,7.7519,0.17889,50.6855,Linear (small gap),cruise,2021-02-06 21:00:00
2021-02-06 22:00:00+00:00,20.8341838889,58.5879766666667,11.9666666666667,2725.091,7.7519,0.016100100000000003,0.11926,7.7519,0.17889,50.6855,Linear (small gap),cruise,2021-02-06 22:00:00
2021-02-06 23:00:00+00:00,20.57612583335,58.404515,12.0,2725.091,7.7519,0.016100100000000003,0.11926,7.7519,0.17889,50.6855,Linear (small gap),cruise,2021-02-06 23:00:00
2021-02-07 00:00:00+00:00,20.3180677778,58.2210533333333,12.0333333333333,2725.091,7.7519,0.016100100000000003,0.11926,7.7519,0.17889,50.6855,Linear (small gap),cruise,2021-02-07 00:00:00
2021-02-07 01:00:00+00:00,20.06000972225,58.0375916666667,12.0666666666667,2725.091,7.7519,0.016100100000000003,0.11926,7.7519,0.17889,50.6855,Linear (small gap),cruise,2021-02-07 01:00:00
2021-02-07 02:00:00+00:00,19.8019516667,57.85413,12.1,2725.091,7.7519,0.016100100000000003,0.11926,7.7519,0.17889,50.6855,No (reported postion),cruise,2021-02-07 02:00:00
2021-02-07 03:00:00+00:00,19.69059,57.7675,12.2,2725.091,7.7519,0.016100100000000003,0.11926,7.7519,0.17889,50.6855,No (reported postion),cruise,2021-02-07 03:00:00
2021-02-07 04:00:00+00:00,19.56415,57.6761283333,12.1,2725.091,7.7519,0.016100100000000003,0.11926,7.7519,0.17889,50.6855,No (reported postion),cruise,2021-02-07 04:00:00
2021-02-07 05:00:00+00:00,19.32605,57.5048533333,12.1,2725.091,7.7519,0.016100100000000003,0.11926,7.7519,0.17889,50.6855,No (reported postion),cruise,2021-02-07 05:00:00
2021-02-07 06:00:00+00:00,19.1173,57.35685,12.1,2725.091,7.7519,0.016100100000000003,0.11926,7.7519,0.17889,50.6855,No (reported postion),cruise,2021-02-07 06:00:00
2021-02-07 07:00:00+00:00,18.8967616667,57.1864083333,12.1,2725.091,7.7519,0.016100100000000003,0.11926,7.7519,0.17889,50.6855,No (reported postion),cruise,2021-02-07 07:00:00
2021-02-07 08:00:00+00:00,18.66823,57.0221483333,12.8,2725.091,7.7519,0.016100100000000003,0.11926,7.7519,0.17889,50.6855,No (reported postion),cruise,2021-02-07 08:00:00
2021-02-07 09:00:00+00:00,18.41069,56.8630716667,12.4,2725.091,7.7519,0.016100100000000003,0.11926,7.7519,0.17889,50.6855,No (reported postion),cruise,2021-02-07 09:00:00
2021-02-07 10:00:00+00:00,18.04701166665,56.7073691667,12.2,2725.091,7.7519,0.016100100000000003,0.11926,7.7519,0.17889,50.6855,Linear (small gap),cruise,2021-02-07 10:00:00
2021-02-07 11:00:00+00:00,17.6833333333,56.5516666667,12.0,2725.091,7.7519,0.016100100000000003,0.11926,7.7519,0.17889,50.6855,No (reported postion),cruise,2021-02-07 11:00:00
2021-02-07 12:00:00+00:00,17.4131933333,56.4351488889,12.1666666666667,2725.091,7.7519,0.016100100000000003,0.11926,7.7519,0.17889,50.6855,Linear (small gap),cruise,2021-02-07 12:00:00
2021-02-07 13:00:00+00:00,17.1430533333,56.3186311111,12.3333333333333,2725.091,7.7519,0.016100100000000003,0.11926,7.7519,0.17889,50.6855,Linear (small gap),cruise,2021-02-07 13:00:00
2021-02-07 14:00:00+00:00,16.8729133333,56.2021133333,12.5,2725.091,7.7519,0.016100100000000003,0.11926,7.7519,0.17889,50.6855,No (reported postion),cruise,2021-02-07 14:00:00
2021-02-07 15:00:00+00:00,16.63927,56.1044816667,12.6,2725.091,7.7519,0.016100100000000003,0.11926,7.7519,0.17889,50.6855,No (reported postion),cruise,2021-02-07 15:00:00
2021-02-07 16:00:00+00:00,16.322625,55.9956983333,12.1,2725.091,7.7519,0.016100100000000003,0.11926,7.7519,0.17889,50.6855,No (reported postion),cruise,2021-02-07 16:00:00
2021-02-07 17:00:00+00:00,16.0127983333,55.892685,12.3,2725.091,7.7519,0.016100100000000003,0.11926,7.7519,0.17889,50.6855,No (reported postion),cruise,2021-02-07 17:00:00
2021-02-07 18:00:00+00:00,15.7060066667,55.792675,12.0,2725.091,7.7519,0.016100100000000003,0.11926,7.7519,0.17889,50.6855,No (reported postion),cruise,2021-02-07 18:00:00
2021-02-07 19:00:00+00:00,15.3908683333,55.698895,12.4,2725.091,7.7519,0.016100100000000003,0.11926,7.7519,0.17889,50.6855,No (reported postion),cruise,2021-02-07 19:00:00
2021-02-07 20:00:00+00:00,15.0786366667,55.5987883333,12.6,2725.091,7.7519,0.016100100000000003,0.11926,7.7519,0.17889,50.6855,No (reported postion),cruise,2021-02-07 20:00:00
2021-02-07 21:00:00+00:00,14.7672966667,55.4961133333,12.0,2725.091,7.7519,0.016100100000000003,0.11926,7.7519,0.17889,50.6855,No (reported postion),cruise,2021-02-07 21:00:00
2021-02-07 22:00:00+00:00,14.491965,55.373985,12.2,2725.091,7.7519,0.016100100000000003,0.11926,7.7519,0.17889,50.6855,No (reported postion),cruise,2021-02-07 22:00:00
2021-02-07 23:00:00+00:00,14.2676516667,55.216005,12.3,2725.091,7.7519,0.016100100000000003,0.11926,7.7519,0.17889,50.6855,No (reported postion),cruise,2021-02-07 23:00:00
2021-02-08 00:00:00+00:00,14.0432783333,55.0701683333,12.3,2725.091,7.7519,0.016100100000000003,0.11926,7.7519,0.17889,50.6855,No (reported postion),cruise,2021-02-08 00:00:00
2021-02-08 01:00:00+00:00,13.7019,54.9993166667,12.5,2725.091,7.7519,0.016100100000000003,0.11926,7.7519,0.17889,50.6855,No (reported postion),cruise,2021-02-08 01:00:00
2021-02-08 02:00:00+00:00,13.3626316667,54.9257983333,12.0,2725.091,7.7519,0.016100100000000003,0.11926,7.7519,0.17889,50.6855,No (reported postion),cruise,2021-02-08 02:00:00
2021-02-08 03:00:00+00:00,13.0336333333,54.8521133333,12.1,2725.091,7.7519,0.016100100000000003,0.11926,7.7519,0.17889,50.6855,No (reported postion),cruise,2021-02-08 03:00:00
2021-02-08 04:00:00+00:00,12.6951116667,54.78116,12.1,2725.091,7.7519,0.016100100000000003,0.11926,7.7519,0.17889,50.6855,No (reported postion),cruise,2021-02-08 04:00:00
2021-02-08 05:00:00+00:00,12.394455,54.67199,12.3,2725.091,7.7519,0.016100100000000003,0.11926,7.7519,0.17889,50.6855,No (reported postion),cruise,2021-02-08 05:00:00
2021-02-08 06:00:00+00:00,12.185665,54.5206866667,11.2,2335.7342122619502,6.64432051628125,0.013799742610738,0.102220315635096,6.64432051628125,0.15333047345264397,43.4436341449158,No (reported postion),cruise,2021-02-08 06:00:00
2021-02-08 07:00:00+00:00,11.931285,54.43893,12.2,2725.091,7.7519,0.016100100000000003,0.11926,7.7519,0.17889,50.6855,No (reported postion),cruise,2021-02-08 07:00:00
2021-02-08 08:00:00+00:00,11.629645,54.4726416667,10.5,1943.08771396095,5.5273829937620205,0.011479949294736499,0.0850366614424925,5.5273829937620205,0.127554992163739,36.1405811130593,No (reported postion),cruise,2021-02-08 08:00:00
2021-02-08 09:00:00+00:00,11.3526483333,54.5496716667,10.4,1813.42205912456,5.1585310215797,0.0107138721217425,0.07936201571661079,5.1585310215797,0.119043023574916,33.7288566795596,No (reported postion),cruise,2021-02-08 09:00:00
2021-02-08 10:00:00+00:00,11.0874083333,54.63115,10.2,1716.74876134311,4.88353039331737,0.0101427169707361,0.0751312368202672,4.88353039331737,0.112696855230401,31.930775648613597,No (reported postion),cruise,2021-02-08 10:00:00
2021-02-08 11:00:00+00:00,10.8817566667,54.7311583333,8.1,912.2005185099821,2.5948811248642802,0.00538936849010274,0.039921248074835096,2.5948811248642802,0.0598818721122527,16.966530431804898,No (reported postion),cruise,2021-02-08 11:00:00
2021-02-08 12:00:00+00:00,10.8880133333,54.8784616667,9.2,1287.6903836691201,3.66301422050297,0.00760779876566001,0.0563540649308149,3.66301422050297,0.0845310973962224,23.9504775955963,No (reported postion),cruise,2021-02-08 12:00:00
2021-02-08 13:00:00+00:00,11.0178516667,54.98572,7.6,771.775476418714,2.19542258062216,0.0045597238212921895,0.0337757320095717,2.19542258062216,0.0506635980143576,14.354686104068,No (reported postion),cruise,2021-02-08 13:00:00
2021-02-08 14:00:00+00:00,11.0475533333,55.1184483333,8.4,1005.23960739375,2.85954374094502,0.0059390523850396506,0.0439929806299233,2.85954374094502,0.065989470944885,18.6970167677174,No (reported postion),cruise,2021-02-08 14:00:00
2021-02-08 15:00:00+00:00,11.0942283333,55.2488016667,9.4,1366.50396701815,3.8872104094608297,0.00807343700426481,0.0598032370686282,3.8872104094608297,0.08970485560294231,25.416375754167,No (reported postion),cruise,2021-02-08 15:00:00
2021-02-08 16:00:00+00:00,11.0206,55.39264,9.5,1407.1910086302998,4.00295035277766,0.0083138199634613,0.0615838515811948,4.00295035277766,0.0923757773717922,26.173136922007803,No (reported postion),cruise,2021-02-08 16:00:00
2021-02-08 17:00:00+00:00,10.8822583333,55.510305,9.2,1287.6903836691201,3.66301422050297,0.00760779876566001,0.0563540649308149,3.66301422050297,0.0845310973962224,23.9504775955963,No (reported postion),cruise,2021-02-08 17:00:00
2021-02-08 18:00:00+00:00,10.78888,55.6412916667,6.5,522.178373809706,1.77014708661104,0.00308508010784728,0.023765067505478802,1.54472938785612,0.0364689612941673,11.7291844277942,No (reported postion),cruise,2021-02-08 18:00:00
2021-02-08 19:00:00+00:00,10.5531433333,55.6480283333,13.3,2725.091,7.7519,0.016100100000000003,0.11926,7.7519,0.17889,50.6855,No (reported postion),cruise,2021-02-08 19:00:00
2021-02-08 20:00:00+00:00,10.1581016667,55.6670666667,13.4,2725.091,7.7519,0.016100100000000003,0.11926,7.7519,0.17889,50.6855,No (reported postion),cruise,2021-02-08 20:00:00
2021-02-08 21:00:00+00:00,9.811625,55.5629633333,8.8,1140.05007769449,3.2430308555860603,0.006735525623140289,0.0498927823936317,3.2430308555860603,0.0748391735904476,21.204432517293498,No (reported postion),cruise,2021-02-08 21:00:00
2021-02-08 22:00:00+00:00,9.7626183333,55.5567283333,0.0,219.36,0.624,0.001296,0.0096,0.624,0.0144,4.08,No (reported postion),anchor,2021-02-08 22:00:00
2021-02-08 23:00:00+00:00,9.762655,55.5566766667,0.0,219.36,0.624,0.001296,0.0096,0.624,0.0144,4.08,No (reported postion),anchor,2021-02-08 23:00:00
2021-02-09 00:00:00+00:00,9.762635,55.5567183333,0.0,219.36,0.624,0.001296,0.0096,0.624,0.0144,4.08,No (reported postion),anchor,2021-02-09 00:00:00
2021-02-09 01:00:00+00:00,9.7626133333,55.556695,0.0,219.36,0.624,0.001296,0.0096,0.624,0.0144,4.08,No (reported postion),anchor,2021-02-09 01:00:00
2021-02-09 02:00:00+00:00,9.7626416667,55.556705,0.0,219.36,0.624,0.001296,0.0096,0.624,0.0144,4.08,No (reported postion),anchor,2021-02-09 02:00:00
2021-02-09 03:00:00+00:00,9.7626383333,55.556705,0.0,219.36,0.624,0.001296,0.0096,0.624,0.0144,4.08,No (reported postion),anchor,2021-02-09 03:00:00
2021-02-09 04:00:00+00:00,9.7626166667,55.556715,0.0,219.36,0.624,0.001296,0.0096,0.624,0.0144,4.08,No (reported postion),anchor,2021-02-09 04:00:00
2021-02-09 05:00:00+00:00,9.76263,55.55671,0.0,219.36,0.624,0.001296,0.0096,0.624,0.0144,4.08,No (reported postion),anchor,2021-02-09 05:00:00
2021-02-09 06:00:00+00:00,9.7626116667,55.5567166667,0.0,219.36,0.624,0.001296,0.0096,0.624,0.0144,4.08,No (reported postion),anchor,2021-02-09 06:00:00
2021-02-09 07:00:00+00:00,9.7626516667,55.5566916667,0.0,219.36,0.624,0.001296,0.0096,0.624,0.0144,4.08,No (reported postion),anchor,2021-02-09 07:00:00
2021-02-09 08:00:00+00:00,9.7626816667,55.556695,0.0,219.36,0.624,0.001296,0.0096,0.624,0.0144,4.08,No (reported postion),anchor,2021-02-09 08:00:00
2021-02-09 09:00:00+00:00,9.762655,55.55673,0.0,219.36,0.624,0.001296,0.0096,0.624,0.0144,4.08,No (reported postion),anchor,2021-02-09 09:00:00
2021-02-09 10:00:00+00:00,9.762635,55.55671,0.0,219.36,0.624,0.001296,0.0096,0.624,0.0144,4.08,No (reported postion),anchor,2021-02-09 10:00:00
2021-02-09 11:00:00+00:00,9.7626016667,55.5567066667,0.0,219.36,0.624,0.001296,0.0096,0.624,0.0144,4.08,No (reported postion),anchor,2021-02-09 11:00:00
2021-02-09 12:00:00+00:00,9.7625966667,55.5567283333,0.0,219.36,0.624,0.001296,0.0096,0.624,0.0144,4.08,No (reported postion),anchor,2021-02-09 12:00:00
2021-02-09 13:00:00+00:00,9.76267,55.556705,0.0,219.36,0.624,0.001296,0.0096,0.624,0.0144,4.08,No (reported postion),anchor,2021-02-09 13:00:00
2021-02-09 14:00:00+00:00,9.7625416667,55.5567366667,0.0,219.36,0.624,0.001296,0.0096,0.624,0.0144,4.08,No (reported postion),anchor,2021-02-09 14:00:00
2021-02-09 15:00:00+00:00,9.7625783333,55.5567366667,0.0,219.36,0.624,0.001296,0.0096,0.624,0.0144,4.08,No (reported postion),anchor,2021-02-09 15:00:00
2021-02-09 16:00:00+00:00,9.7626016667,55.5567183333,0.0,219.36,0.624,0.001296,0.0096,0.624,0.0144,4.08,No (reported postion),anchor,2021-02-09 16:00:00
2021-02-09 17:00:00+00:00,9.76264,55.5566833333,0.0,219.36,0.624,0.001296,0.0096,0.624,0.0144,4.08,No (reported postion),anchor,2021-02-09 17:00:00
2021-02-09 18:00:00+00:00,9.762605,55.55672,0.0,219.36,0.624,0.001296,0.0096,0.624,0.0144,4.08,No (reported postion),anchor,2021-02-09 18:00:00
2021-02-09 19:00:00+00:00,9.76267,55.5566933333,0.0,219.36,0.624,0.001296,0.0096,0.624,0.0144,4.08,No (reported postion),anchor,2021-02-09 19:00:00
2021-02-09 20:00:00+00:00,9.762595,55.5567016667,0.0,219.36,0.624,0.001296,0.0096,0.624,0.0144,4.08,No (reported postion),anchor,2021-02-09 20:00:00
2021-02-09 21:00:00+00:00,9.7625966667,55.5566733333,0.0,219.36,0.624,0.001296,0.0096,0.624,0.0144,4.08,No (reported postion),anchor,2021-02-09 21:00:00
2021-02-09 22:00:00+00:00,9.7626333333,55.5567116667,0.0,219.36,0.624,0.001296,0.0096,0.624,0.0144,4.08,No (reported postion),anchor,2021-02-09 22:00:00
2021-02-09 23:00:00+00:00,9.7626366667,55.556715,0.0,219.36,0.624,0.001296,0.0096,0.624,0.0144,4.08,No (reported postion),anchor,2021-02-09 23:00:00
2021-02-10 00:00:00+00:00,9.7625766667,55.5567116667,0.0,219.36,0.624,0.001296,0.0096,0.624,0.0144,4.08,No (reported postion),anchor,2021-02-10 00:00:00
2021-02-10 01:00:00+00:00,9.762615,55.5567016667,0.0,219.36,0.624,0.001296,0.0096,0.624,0.0144,4.08,No (reported postion),anchor,2021-02-10 01:00:00
2021-02-10 02:00:00+00:00,9.7626016667,55.55669,0.0,219.36,0.624,0.001296,0.0096,0.624,0.0144,4.08,No (reported postion),anchor,2021-02-10 02:00:00
2021-02-10 03:00:00+00:00,9.9244816667,55.59445,12.8,2725.091,7.7519,0.016100100000000003,0.11926,7.7519,0.17889,50.6855,No (reported postion),cruise,2021-02-10 03:00:00
2021-02-10 04:00:00+00:00,10.2702666667,55.6627516667,12.5,2725.091,7.7519,0.016100100000000003,0.11926,7.7519,0.17889,50.6855,No (reported postion),cruise,2021-02-10 04:00:00
2021-02-10 05:00:00+00:00,10.618575,55.66609,12.1,2725.091,7.7519,0.016100100000000003,0.11926,7.7519,0.17889,50.6855,No (reported postion),cruise,2021-02-10 05:00:00
2021-02-10 06:00:00+00:00,10.81265,55.7756816667,11.2,2238.7505508592503,6.36843701557337,0.0132267538015755,0.09797595408574411,6.36843701557337,0.146963931128616,41.639780486441204,No (reported postion),cruise,2021-02-10 06:00:00
2021-02-10 07:00:00+00:00,10.9735616667,55.9298883333,11.2,2238.7505508592503,6.36843701557337,0.0132267538015755,0.09797595408574411,6.36843701557337,0.146963931128616,41.639780486441204,No (reported postion),cruise,2021-02-10 07:00:00
2021-02-10 08:00:00+00:00,11.1409583333,56.08604,11.9,2725.091,7.7519,0.016100100000000003,0.11926,7.7519,0.17889,50.6855,No (reported postion),cruise,2021-02-10 08:00:00
2021-02-10 09:00:00+00:00,11.3620666667,56.2380066667,11.9,2725.091,7.7519,0.016100100000000003,0.11926,7.7519,0.17889,50.6855,No (reported postion),cruise,2021-02-10 09:00:00
2021-02-10 10:00:00+00:00,11.5587983333,56.403485,12.0,2725.091,7.7519,0.016100100000000003,0.11926,7.7519,0.17889,50.6855,No (reported postion),cruise,2021-02-10 10:00:00
2021-02-10 11:00:00+00:00,11.75483,56.5705166667,11.5,2519.82491693801,7.16799210507531,0.014887368218233301,0.11027680161654299,7.16799210507531,0.165415202424815,46.8676406870309,No (reported postion),cruise,2021-02-10 11:00:00
2021-02-10 12:00:00+00:00,11.962865,56.7270683333,11.5,2519.82491693801,7.16799210507531,0.014887368218233301,0.11027680161654299,7.16799210507531,0.165415202424815,46.8676406870309,No (reported postion),cruise,2021-02-10 12:00:00
2021-02-10 13:00:00+00:00,11.8476616667,56.9108516667,11.8,2713.77532713504,7.71971099622658,0.0160332459152398,0.11876478455733201,7.71971099622658,0.178147176835998,50.4750334368661,No (reported postion),cruise,2021-02-10 13:00:00
2021-02-10 14:00:00+00:00,11.7318783333,57.0915483333,11.4,2457.37852759103,6.99035467367252,0.0145184289376275,0.1075439180565,6.99035467367252,0.16131587708475,45.706165174012604,No (reported postion),cruise,2021-02-10 14:00:00
2021-02-10 15:00:00+00:00,11.61875,57.27053,12.3,2725.091,7.7519,0.016100100000000003,0.11926,7.7519,0.17889,50.6855,No (reported postion),cruise,2021-02-10 15:00:00
2021-02-10 16:00:00+00:00,11.470335,57.460225,12.3,2725.091,7.7519,0.016100100000000003,0.11926,7.7519,0.17889,50.6855,No (reported postion),cruise,2021-02-10 16:00:00
2021-02-10 17:00:00+00:00,11.240145,57.62555,12.2,2725.091,7.7519,0.016100100000000003,0.11926,7.7519,0.17889,50.6855,No (reported postion),cruise,2021-02-10 17:00:00
2021-02-10 18:00:00+00:00,10.9687466667,57.7761,12.8,2725.091,7.7519,0.016100100000000003,0.11926,7.7519,0.17889,50.6855,No (reported postion),cruise,2021-02-10 18:00:00
2021-02-10 19:00:00+00:00,10.6002283333,57.8506866667,12.6,2725.091,7.7519,0.016100100000000003,0.11926,7.7519,0.17889,50.6855,No (reported postion),cruise,2021-02-10 19:00:00
2021-02-10 20:00:00+00:00,10.220865,57.845755,11.9,2725.091,7.7519,0.016100100000000003,0.11926,7.7519,0.17889,50.6855,No (reported postion),cruise,2021-02-10 20:00:00
2021-02-10 21:00:00+00:00,9.8280316667,57.83805,12.9,2725.091,7.7519,0.016100100000000003,0.11926,7.7519,0.17889,50.6855,No (reported postion),cruise,2021-02-10 21:00:00
2021-02-10 22:00:00+00:00,9.4500166667,57.8231783333,12.0,2725.091,7.7519,0.016100100000000003,0.11926,7.7519,0.17889,50.6855,No (reported postion),cruise,2021-02-10 22:00:00
2021-02-10 23:00:00+00:00,9.0188216667,57.8118166667,13.7,2725.091,7.7519,0.016100100000000003,0.11926,7.7519,0.17889,50.6855,No (reported postion),cruise,2021-02-10 23:00:00
2021-02-11 00:00:00+00:00,8.614565,57.799265,13.1,2725.091,7.7519,0.016100100000000003,0.11926,7.7519,0.17889,50.6855,No (reported postion),cruise,2021-02-11 00:00:00
2021-02-11 01:00:00+00:00,8.1935,57.788365,13.0,2725.091,7.7519,0.016100100000000003,0.11926,7.7519,0.17889,50.6855,No (reported postion),cruise,2021-02-11 01:00:00
2021-02-11 02:00:00+00:00,7.7846783333,57.7754733333,13.1,2725.091,7.7519,0.016100100000000003,0.11926,7.7519,0.17889,50.6855,No (reported postion),cruise,2021-02-11 02:00:00
2021-02-11 03:00:00+00:00,7.3549766667,57.788115,14.2,2725.091,7.7519,0.016100100000000003,0.11926,7.7519,0.17889,50.6855,No (reported postion),cruise,2021-02-11 03:00:00
2021-02-11 04:00:00+00:00,6.8969133333,57.7985816667,16.2,2725.091,7.7519,0.016100100000000003,0.11926,7.7519,0.17889,50.6855,No (reported postion),cruise,2021-02-11 04:00:00
2021-02-11 05:00:00+00:00,6.4512866667,57.87526,15.8,2725.091,7.7519,0.016100100000000003,0.11926,7.7519,0.17889,50.6855,No (reported postion),cruise,2021-02-11 05:00:00
2021-02-11 06:00:00+00:00,6.1359833333,58.0214483333,11.8,2713.77532713504,7.71971099622658,0.0160332459152398,0.11876478455733201,7.71971099622658,0.178147176835998,50.4750334368661,No (reported postion),cruise,2021-02-11 06:00:00
2021-02-11 07:00:00+00:00,5.84586,58.1538066667,12.4,2725.091,7.7519,0.016100100000000003,0.11926,7.7519,0.17889,50.6855,No (reported postion),cruise,2021-02-11 07:00:00
2021-02-11 08:00:00+00:00,5.5852216667,58.27378,10.3,1840.04823426707,5.23427287647087,0.0108711821280549,0.0805272750226287,5.23427287647087,0.120790912533943,34.2240918846172,No (reported postion),cruise,2021-02-11 08:00:00
2021-02-11 09:00:00+00:00,5.36879,58.3791983333,8.8,1187.09280849878,3.37685043993088,0.007013458606010299,0.0519515452297059,3.37685043993088,0.0779273178445589,22.079406722625002,No (reported postion),cruise,2021-02-11 09:00:00
2021-02-11 10:00:00+00:00,5.1758766667,58.4750266667,8.1,948.886451169527,2.69923935781266,0.0056061125123801295,0.041526759350964,2.69923935781266,0.0622901390264459,17.648872724159702,No (reported postion),cruise,2021-02-11 10:00:00
2021-02-11 11:00:00+00:00,4.9701883333,58.58506,10.2,1790.00506867688,5.091918138468159,0.0105755222875877,0.0783372021302793,5.091918138468159,0.117505803195419,33.2933109053687,No (reported postion),cruise,2021-02-11 11:00:00
2021-02-11 12:00:00+00:00,4.7454183333,58.704785,9.1,1301.5654185399198,3.70248368512449,0.00768977380756624,0.0569612874634537,3.70248368512449,0.0854419311951805,24.208547171967798,No (reported postion),cruise,2021-02-11 12:00:00
2021-02-11 13:00:00+00:00,4.52248,58.8170583333,9.9,1645.6675535070501,4.68133002091722,0.00972276235113576,0.0720204618602648,4.68133002091722,0.108030692790397,30.6086962906126,No (reported postion),cruise,2021-02-11 13:00:00
2021-02-11 14:00:00+00:00,4.3099466667,58.9322366667,9.1,1301.5654185399198,3.70248368512449,0.00768977380756624,0.0569612874634537,3.70248368512449,0.0854419311951805,24.208547171967798,No (reported postion),cruise,2021-02-11 14:00:00
2021-02-11 15:00:00+00:00,4.1789183333,59.05893,8.8,1187.09280849878,3.37685043993088,0.007013458606010299,0.0519515452297059,3.37685043993088,0.0779273178445589,22.079406722625002,No (reported postion),cruise,2021-02-11 15:00:00
2021-02-11 16:00:00+00:00,4.1811266667,59.2088683333,11.1,2276.51723370879,6.475869592607051,0.013449883000030001,0.09962876296318539,6.475869592607051,0.149443144444778,42.342224259353806,No (reported postion),cruise,2021-02-11 16:00:00
2021-02-11 17:00:00+00:00,4.1791183333,59.4218616667,11.8,2713.77532713504,7.71971099622658,0.0160332459152398,0.11876478455733201,7.71971099622658,0.178147176835998,50.4750334368661,No (reported postion),cruise,2021-02-11 17:00:00
2021-02-11 18:00:00+00:00,4.1689683333,59.6230033333,12.3,2725.091,7.7519,0.016100100000000003,0.11926,7.7519,0.17889,50.6855,No (reported postion),cruise,2021-02-11 18:00:00
2021-02-11 19:00:00+00:00,4.1740783333,59.82643,12.1,2725.091,7.7519,0.016100100000000003,0.11926,7.7519,0.17889,50.6855,No (reported postion),cruise,2021-02-11 19:00:00
2021-02-11 20:00:00+00:00,4.181025,60.0276133333,12.1,2725.091,7.7519,0.016100100000000003,0.11926,7.7519,0.17889,50.6855,No (reported postion),cruise,2021-02-11 20:00:00
2021-02-11 21:00:00+00:00,4.1861283333,60.23281,12.5,2725.091,7.7519,0.016100100000000003,0.11926,7.7519,0.17889,50.6855,No (reported postion),cruise,2021-02-11 21:00:00
2021-02-11 22:00:00+00:00,4.1832583333,60.4388783333,11.8,2713.77532713504,7.71971099622658,0.0160332459152398,0.11876478455733201,7.71971099622658,0.178147176835998,50.4750334368661,No (reported postion),cruise,2021-02-11 22:00:00
2021-02-11 23:00:00+00:00,4.1883683333,60.6481983333,13.5,2725.091,7.7519,0.016100100000000003,0.11926,7.7519,0.17889,50.6855,No (reported postion),cruise,2021-02-11 23:00:00
2021-02-12 00:00:00+00:00,4.188875,60.870265,13.3,2725.091,7.7519,0.016100100000000003,0.11926,7.7519,0.17889,50.6855,No (reported postion),cruise,2021-02-12 00:00:00
2021-02-12 01:00:00+00:00,4.1875266667,61.0962816667,13.6,2725.091,7.7519,0.016100100000000003,0.11926,7.7519,0.17889,50.6855,No (reported postion),cruise,2021-02-12 01:00:00
2021-02-12 02:00:00+00:00,4.18204,61.3259933333,13.7,2725.091,7.7519,0.016100100000000003,0.11926,7.7519,0.17889,50.6855,No (reported postion),cruise,2021-02-12 02:00:00
2021-02-12 03:00:00+00:00,4.1971466667,61.5493466667,13.8,2725.091,7.7519,0.016100100000000003,0.11926,7.7519,0.17889,50.6855,No (reported postion),cruise,2021-02-12 03:00:00
2021-02-12 04:00:00+00:00,4.2065566667,61.78282,13.8,2725.091,7.7519,0.016100100000000003,0.11926,7.7519,0.17889,50.6855,No (reported postion),cruise,2021-02-12 04:00:00
2021-02-12 05:00:00+00:00,4.2243966667,62.0059283333,13.5,2725.091,7.7519,0.016100100000000003,0.11926,7.7519,0.17889,50.6855,No (reported postion),cruise,2021-02-12 05:00:00
2021-02-12 06:00:00+00:00,4.526475,62.15719,11.9,2725.091,7.7519,0.016100100000000003,0.11926,7.7519,0.17889,50.6855,No (reported postion),cruise,2021-02-12 06:00:00
2021-02-12 07:00:00+00:00,4.8131266667,62.303875,12.1,2725.091,7.7519,0.016100100000000003,0.11926,7.7519,0.17889,50.6855,No (reported postion),cruise,2021-02-12 07:00:00
2021-02-12 08:00:00+00:00,5.12196,62.4554833333,12.5,2725.091,7.7519,0.016100100000000003,0.11926,7.7519,0.17889,50.6855,No (reported postion),cruise,2021-02-12 08:00:00
2021-02-12 09:00:00+00:00,5.4229116667,62.604625,12.3,2725.091,7.7519,0.016100100000000003,0.11926,7.7519,0.17889,50.6855,No (reported postion),cruise,2021-02-12 09:00:00
2021-02-12 10:00:00+00:00,5.6724566667,62.72806,8.8,1187.09280849878,3.37685043993088,0.007013458606010299,0.0519515452297059,3.37685043993088,0.0779273178445589,22.079406722625002,No (reported postion),cruise,2021-02-12 10:00:00
2021-02-12 11:00:00+00:00,5.8978866667,62.83574,9.6,1509.8179587422198,4.29488697235204,0.00892014986565423,0.06607518419003139,4.29488697235204,0.09911277628504711,28.0819532807633,No (reported postion),cruise,2021-02-12 11:00:00
2021-02-12 12:00:00+00:00,6.1354766667,62.961725,9.6,1509.8179587422198,4.29488697235204,0.00892014986565423,0.06607518419003139,4.29488697235204,0.09911277628504711,28.0819532807633,No (reported postion),cruise,2021-02-12 12:00:00
2021-02-12 13:00:00+00:00,6.3614366667,63.069015,8.4,1046.15458954801,2.97593209280615,0.006180782038905089,0.0457835706585562,2.97593209280615,0.0686753559878343,19.4580175298864,No (reported postion),cruise,2021-02-12 13:00:00
2021-02-12 14:00:00+00:00,6.6406766667,63.1206716667,8.4,1046.15458954801,2.97593209280615,0.006180782038905089,0.0457835706585562,2.97593209280615,0.0686753559878343,19.4580175298864,No (reported postion),cruise,2021-02-12 14:00:00
2021-02-12 15:00:00+00:00,6.9327316667,63.1711983333,8.5,1080.16501659542,3.07267947828018,0.0063817189164280695,0.047271991973541296,3.07267947828018,0.0709079879603119,20.090596588755,No (reported postion),cruise,2021-02-12 15:00:00
2021-02-12 16:00:00+00:00,7.2266383333,63.2231016667,13.2,2725.091,7.7519,0.016100100000000003,0.11926,7.7519,0.17889,50.6855,No (reported postion),cruise,2021-02-12 16:00:00
2021-02-12 17:00:00+00:00,7.6979133333,63.2331333333,9.0,1212.2300528257601,3.44835682423084,0.00716197186571021,0.053051643449705206,3.44835682423084,0.0795774651745579,22.5469484661247,No (reported postion),cruise,2021-02-12 17:00:00
2021-02-12 18:00:00+00:00,7.93064,63.0732483333,12.7,2725.091,7.7519,0.016100100000000003,0.11926,7.7519,0.17889,50.6855,No (reported postion),cruise,2021-02-12 18:00:00
2021-02-12 19:00:00+00:00,7.8303016667,63.009935,0.2,219.3721494656,0.624335240177723,0.0012960717802125198,0.00960246179543673,0.624160016703388,0.014405814197214,4.08478614505912,No (reported postion),anchor,2021-02-12 19:00:00
2021-02-12 20:00:00+00:00,7.8315583333,63.0104016667,0.1,219.36151868320002,0.624041905022215,0.00129600897252656,0.00960030772442959,0.624020002087923,0.0144007267746517,4.08059826813239,No (reported postion),anchor,2021-02-12 20:00:00
2021-02-12 21:00:00+00:00,7.8316566667,63.01058,0.1,219.36151868320002,0.624041905022215,0.00129600897252656,0.00960030772442959,0.624020002087923,0.0144007267746517,4.08059826813239,No (reported postion),anchor,2021-02-12 21:00:00
2021-02-12 22:00:00+00:00,7.831615,63.010865,0.1,219.36151868320002,0.624041905022215,0.00129600897252656,0.00960030772442959,0.624020002087923,0.0144007267746517,4.08059826813239,No (reported postion),anchor,2021-02-12 22:00:00
2021-02-12 23:00:00+00:00,7.8310583333,63.0110533333,0.0,219.36,0.624,0.001296,0.0096,0.624,0.0144,4.08,No (reported postion),anchor,2021-02-12 23:00:00
2021-02-13 00:00:00+00:00,7.8312283333,63.0110483333,0.0,219.36,0.624,0.001296,0.0096,0.624,0.0144,4.08,No (reported postion),anchor,2021-02-13 00:00:00
2021-02-13 01:00:00+00:00,7.8306166667,63.01128,0.1,219.36151868320002,0.624041905022215,0.00129600897252656,0.00960030772442959,0.624020002087923,0.0144007267746517,4.08059826813239,No (reported postion),anchor,2021-02-13 01:00:00
2021-02-13 02:00:00+00:00,7.8304383333,63.0112266667,0.0,219.36,0.624,0.001296,0.0096,0.624,0.0144,4.08,No (reported postion),anchor,2021-02-13 02:00:00
2021-02-13 03:00:00+00:00,7.8302983333,63.0112766667,0.0,219.36,0.624,0.001296,0.0096,0.624,0.0144,4.08,No (reported postion),anchor,2021-02-13 03:00:00
2021-02-13 04:00:00+00:00,7.8314433333,63.0109583333,0.0,219.36,0.624,0.001296,0.0096,0.624,0.0144,4.08,No (reported postion),anchor,2021-02-13 04:00:00
2021-02-13 05:00:00+00:00,7.8314066667,63.010945,0.0,219.36,0.624,0.001296,0.0096,0.624,0.0144,4.08,No (reported postion),anchor,2021-02-13 05:00:00
2021-02-13 06:00:00+00:00,7.9242183333,63.0855116667,13.7,2725.091,7.7519,0.016100100000000003,0.11926,7.7519,0.17889,50.6855,No (reported postion),cruise,2021-02-13 06:00:00
2021-02-13 07:00:00+00:00,7.9995933333,63.2359933333,14.5,2725.091,7.7519,0.016100100000000003,0.11926,7.7519,0.17889,50.6855,No (reported postion),cruise,2021-02-13 07:00:00
2021-02-13 08:00:00+00:00,8.4485766667,63.3746633333,14.3,2725.091,7.7519,0.016100100000000003,0.11926,7.7519,0.17889,50.6855,No (reported postion),cruise,2021-02-13 08:00:00
2021-02-13 09:00:00+00:00,8.94783,63.470945,15.0,2725.091,7.7519,0.016100100000000003,0.11926,7.7519,0.17889,50.6855,No (reported postion),cruise,2021-02-13 09:00:00
2021-02-13 10:00:00+00:00,9.2636883333,63.615805,9.6,1448.74369966647,4.12115275616282,0.00855931726279971,0.0634023500948126,4.12115275616282,0.095103525142219,26.945998790295402,No (reported postion),cruise,2021-02-13 10:00:00
2021-02-13 11:00:00+00:00,9.4529616667,63.7429016667,13.5,2725.091,7.7519,0.016100100000000003,0.11926,7.7519,0.17889,50.6855,No (reported postion),cruise,2021-02-13 11:00:00
2021-02-13 12:00:00+00:00,9.5737566667,63.739495,3.3,159.68691815967,1.3065830602038,0.000943445687157788,0.0115743807888944,0.752334751278135,0.022413220282146897,13.8114473411205,No (reported postion),cruise,2021-02-13 12:00:00
2021-02-13 13:00:00+00:00,9.3943733333,63.7381883333,5.3,331.20699877166203,1.70109823745928,0.00195680283738181,0.0171664415072215,1.11581869796939,0.0288665355480564,12.552369176562301,No (reported postion),cruise,2021-02-13 13:00:00
2021-02-13 14:00:00+00:00,9.26228,63.57252,13.5,2725.091,7.7519,0.016100100000000003,0.11926,7.7519,0.17889,50.6855,No (reported postion),cruise,2021-02-13 14:00:00
2021-02-13 15:00:00+00:00,9.1392366667,63.4261,13.9,2725.091,7.7519,0.016100100000000003,0.11926,7.7519,0.17889,50.6855,No (reported postion),cruise,2021-02-13 15:00:00
2021-02-13 16:00:00+00:00,9.1114066667,63.30559,0.6,219.688035571208,0.63305148479853,0.00129793806573799,0.00966646847679174,0.6283204509914629,0.014556983324777001,4.209225916596299,No (reported postion),anchor,2021-02-13 16:00:00
2021-02-13 17:00:00+00:00,9.1116233333,63.3058266667,0.1,219.36151868320002,0.624041905022215,0.00129600897252656,0.00960030772442959,0.624020002087923,0.0144007267746517,4.08059826813239,No (reported postion),anchor,2021-02-13 17:00:00
2021-02-13 18:00:00+00:00,9.11185,63.3058866667,0.0,219.36,0.624,0.001296,0.0096,0.624,0.0144,4.08,No (reported postion),anchor,2021-02-13 18:00:00
2021-02-13 19:00:00+00:00,9.11197,63.3058166667,0.1,219.36151868320002,0.624041905022215,0.00129600897252656,0.00960030772442959,0.624020002087923,0.0144007267746517,4.08059826813239,No (reported postion),anchor,2021-02-13 19:00:00
2021-02-13 20:00:00+00:00,9.11189,63.30577,0.1,219.36151868320002,0.624041905022215,0.00129600897252656,0.00960030772442959,0.624020002087923,0.0144007267746517,4.08059826813239,No (reported postion),anchor,2021-02-13 20:00:00
2021-02-13 21:00:00+00:00,9.112315,63.3055783333,0.1,219.36151868320002,0.624041905022215,0.00129600897252656,0.00960030772442959,0.624020002087923,0.0144007267746517,4.08059826813239,No (reported postion),anchor,2021-02-13 21:00:00
2021-02-13 22:00:00+00:00,9.112005,63.3055666667,0.0,219.36,0.624,0.001296,0.0096,0.624,0.0144,4.08,No (reported postion),anchor,2021-02-13 22:00:00
2021-02-13 23:00:00+00:00,9.1123666667,63.30559,0.0,219.36,0.624,0.001296,0.0096,0.624,0.0144,4.08,No (reported postion),anchor,2021-02-13 23:00:00
2021-02-14 00:00:00+00:00,9.1119833333,63.3053016667,0.0,219.36,0.624,0.001296,0.0096,0.624,0.0144,4.08,No (reported postion),anchor,2021-02-14 00:00:00
2021-02-14 01:00:00+00:00,9.1112775,63.3056766667,0.0,219.36,0.624,0.001296,0.0096,0.624,0.0144,4.08,Linear (small gap),anchor,2021-02-14 01:00:00
2021-02-14 02:00:00+00:00,9.1105716667,63.3060516667,0.0,219.36,0.624,0.001296,0.0096,0.624,0.0144,4.08,No (reported postion),anchor,2021-02-14 02:00:00
2021-02-14 03:00:00+00:00,9.1103933333,63.30608,0.0,219.36,0.624,0.001296,0.0096,0.624,0.0144,4.08,No (reported postion),anchor,2021-02-14 03:00:00
2021-02-14 04:00:00+00:00,9.1085983333,63.30448,0.5,219.54983540000399,0.6292381277769269,0.0012971215658205998,0.009638465553698931,0.62650026099043,0.0144908468314682,4.1547835165487905,No (reported postion),anchor,2021-02-14 04:00:00
2021-02-14 05:00:00+00:00,9.104145,63.44785,13.4,2725.091,7.7519,0.016100100000000003,0.11926,7.7519,0.17889,50.6855,No (reported postion),cruise,2021-02-14 05:00:00
2021-02-14 06:00:00+00:00,9.263765,63.5993683333,13.7,2725.091,7.7519,0.016100100000000003,0.11926,7.7519,0.17889,50.6855,No (reported postion),cruise,2021-02-14 06:00:00
2021-02-14 07:00:00+00:00,9.523385,63.7443583333,9.1,1249.5456177338299,3.5545061335973402,0.00738243581593293,0.0546847097476513,3.5545061335973402,0.08202706462147699,23.241001642751797,No (reported postion),cruise,2021-02-14 07:00:00
2021-02-14 08:00:00+00:00,9.592455,63.7295216667,0.0,219.36,0.624,0.001296,0.0096,0.624,0.0144,4.08,No (reported postion),anchor,2021-02-14 08:00:00
2021-02-14 09:00:00+00:00,9.59245,63.7294666667,0.0,219.36,0.624,0.001296,0.0096,0.624,0.0144,4.08,No (reported postion),anchor,2021-02-14 09:00:00
2021-02-14 10:00:00+00:00,9.592365,63.72951,0.0,219.36,0.624,0.001296,0.0096,0.624,0.0144,4.08,No (reported postion),anchor,2021-02-14 10:00:00
2021-02-14 11:00:00+00:00,9.5924033333,63.729505,0.0,219.36,0.624,0.001296,0.0096,0.624,0.0144,4.08,No (reported postion),anchor,2021-02-14 11:00:00
2021-02-14 12:00:00+00:00,9.5924533333,63.72947,0.0,219.36,0.624,0.001296,0.0096,0.624,0.0144,4.08,No (reported postion),anchor,2021-02-14 12:00:00
2021-02-14 13:00:00+00:00,9.5924833333,63.72949,0.0,219.36,0.624,0.001296,0.0096,0.624,0.0144,4.08,No (reported postion),anchor,2021-02-14 13:00:00
2021-02-14 14:00:00+00:00,9.5924616667,63.7294866667,0.0,219.36,0.624,0.001296,0.0096,0.624,0.0144,4.08,No (reported postion),anchor,2021-02-14 14:00:00
2021-02-14 15:00:00+00:00,9.5924266667,63.72947,0.0,219.36,0.624,0.001296,0.0096,0.624,0.0144,4.08,No (reported postion),anchor,2021-02-14 15:00:00
2021-02-14 16:00:00+00:00,9.59242,63.7295333333,0.0,219.36,0.624,0.001296,0.0096,0.624,0.0144,4.08,No (reported postion),anchor,2021-02-14 16:00:00
2021-02-14 17:00:00+00:00,9.5924733333,63.72952,0.0,219.36,0.624,0.001296,0.0096,0.624,0.0144,4.08,No (reported postion),anchor,2021-02-14 17:00:00
2021-02-14 18:00:00+00:00,9.5924016667,63.7294833333,0.0,219.36,0.624,0.001296,0.0096,0.624,0.0144,4.08,No (reported postion),anchor,2021-02-14 18:00:00
2021-02-14 19:00:00+00:00,9.5923983333,63.7295033333,0.0,219.36,0.624,0.001296,0.0096,0.624,0.0144,4.08,No (reported postion),anchor,2021-02-14 19:00:00
2021-02-14 20:00:00+00:00,9.5923833333,63.7295033333,0.0,219.36,0.624,0.001296,0.0096,0.624,0.0144,4.08,No (reported postion),anchor,2021-02-14 20:00:00
2021-02-14 21:00:00+00:00,9.59242,63.729495,0.0,219.36,0.624,0.001296,0.0096,0.624,0.0144,4.08,No (reported postion),anchor,2021-02-14 21:00:00
2021-02-14 22:00:00+00:00,9.5924016667,63.7295333333,0.0,219.36,0.624,0.001296,0.0096,0.624,0.0144,4.08,No (reported postion),anchor,2021-02-14 22:00:00
2021-02-14 23:00:00+00:00,9.5923466667,63.7294883333,0.0,219.36,0.624,0.001296,0.0096,0.624,0.0144,4.08,No (reported postion),anchor,2021-02-14 23:00:00
2021-02-15 00:00:00+00:00,9.5923966667,63.7295333333,0.0,219.36,0.624,0.001296,0.0096,0.624,0.0144,4.08,No (reported postion),anchor,2021-02-15 00:00:00
2021-02-15 01:00:00+00:00,9.5924483333,63.7294933333,0.0,219.36,0.624,0.001296,0.0096,0.624,0.0144,4.08,No (reported postion),anchor,2021-02-15 01:00:00
2021-02-15 02:00:00+00:00,9.592385,63.7295166667,0.0,219.36,0.624,0.001296,0.0096,0.624,0.0144,4.08,No (reported postion),anchor,2021-02-15 02:00:00
2021-02-15 03:00:00+00:00,9.59242,63.7295533333,0.0,219.36,0.624,0.001296,0.0096,0.624,0.0144,4.08,No (reported postion),anchor,2021-02-15 03:00:00
2021-02-15 04:00:00+00:00,9.5924066667,63.7294683333,0.0,219.36,0.624,0.001296,0.0096,0.624,0.0144,4.08,No (reported postion),anchor,2021-02-15 04:00:00
2021-02-15 05:00:00+00:00,9.5924333333,63.7294816667,0.0,219.36,0.624,0.001296,0.0096,0.624,0.0144,4.08,No (reported postion),anchor,2021-02-15 05:00:00
2021-02-15 06:00:00+00:00,9.5923566667,63.7294733333,0.0,219.36,0.624,0.001296,0.0096,0.624,0.0144,4.08,No (reported postion),anchor,2021-02-15 06:00:00
2021-02-15 07:00:00+00:00,9.5924216667,63.7295033333,0.0,219.36,0.624,0.001296,0.0096,0.624,0.0144,4.08,No (reported postion),anchor,2021-02-15 07:00:00
2021-02-15 08:00:00+00:00,9.5924483333,63.7295216667,0.0,219.36,0.624,0.001296,0.0096,0.624,0.0144,4.08,No (reported postion),anchor,2021-02-15 08:00:00
2021-02-15 09:00:00+00:00,9.5924333333,63.7295066667,0.0,219.36,0.624,0.001296,0.0096,0.624,0.0144,4.08,No (reported postion),anchor,2021-02-15 09:00:00
2021-02-15 10:00:00+00:00,9.5924066667,63.7294966667,0.0,219.36,0.624,0.001296,0.0096,0.624,0.0144,4.08,No (reported postion),anchor,2021-02-15 10:00:00
2021-02-15 11:00:00+00:00,9.5928766667,63.7295683333,0.6,219.688035571208,0.63305148479853,0.00129793806573799,0.00966646847679174,0.6283204509914629,0.014556983324777001,4.209225916596299,No (reported postion),anchor,2021-02-15 11:00:00
2021-02-15 12:00:00+00:00,9.2649983333,63.68762,13.1,2725.091,7.7519,0.016100100000000003,0.11926,7.7519,0.17889,50.6855,No (reported postion),cruise,2021-02-15 12:00:00
2021-02-15 13:00:00+00:00,9.1286433333,63.5122733333,11.4,2355.10598291316,6.6994262095998005,0.013914192896861102,0.10306809553230499,6.6994262095998005,0.154602143298457,43.8039406012295,No (reported postion),cruise,2021-02-15 13:00:00
2021-02-15 14:00:00+00:00,8.6856616667,63.4283883333,13.2,2725.091,7.7519,0.016100100000000003,0.11926,7.7519,0.17889,50.6855,No (reported postion),cruise,2021-02-15 14:00:00
2021-02-15 15:00:00+00:00,8.24728,63.3095766667,14.0,2725.091,7.7519,0.016100100000000003,0.11926,7.7519,0.17889,50.6855,No (reported postion),cruise,2021-02-15 15:00:00
2021-02-15 16:00:00+00:00,7.8051266667,63.2226533333,8.5,1037.7713202217,2.95208471835496,0.00613125287658338,0.0454166879746917,2.95208471835496,0.0681250319620375,19.302092389244,No (reported postion),cruise,2021-02-15 16:00:00
2021-02-15 17:00:00+00:00,7.37575,63.236585,11.5,2519.82491693801,7.16799210507531,0.014887368218233301,0.11027680161654299,7.16799210507531,0.165415202424815,46.8676406870309,No (reported postion),cruise,2021-02-15 17:00:00
2021-02-15 18:00:00+00:00,6.98288,63.160085,11.8,2713.77532713504,7.71971099622658,0.0160332459152398,0.11876478455733201,7.71971099622658,0.178147176835998,50.4750334368661,No (reported postion),cruise,2021-02-15 18:00:00
2021-02-15 19:00:00+00:00,6.6115733333,63.05099,11.6,2583.36682912065,7.348745903406679,0.0152627799532293,0.11305762928318,7.348745903406679,0.169586443924769,48.0494924453513,No (reported postion),cruise,2021-02-15 19:00:00
2021-02-15 20:00:00+00:00,6.29889,62.921385,11.8,2713.77532713504,7.71971099622658,0.0160332459152398,0.11876478455733201,7.71971099622658,0.178147176835998,50.4750334368661,No (reported postion),cruise,2021-02-15 20:00:00
2021-02-15 21:00:00+00:00,5.9732433333,62.7957866667,11.2,2335.7342122619502,6.64432051628125,0.013799742610738,0.102220315635096,6.64432051628125,0.15333047345264397,43.4436341449158,No (reported postion),cruise,2021-02-15 21:00:00
2021-02-15 22:00:00+00:00,5.71469,62.6402733333,11.9,2725.091,7.7519,0.016100100000000003,0.11926,7.7519,0.17889,50.6855,No (reported postion),cruise,2021-02-15 22:00:00
2021-02-15 23:00:00+00:00,5.7884066667,62.4749816667,12.5,2725.091,7.7519,0.016100100000000003,0.11926,7.7519,0.17889,50.6855,No (reported postion),cruise,2021-02-15 23:00:00
2021-02-16 00:00:00+00:00,6.1694766667,62.4853366667,7.5,745.8044750149099,2.12154445846692,0.00440628464450822,0.0326391455148757,2.12154445846692,0.048958718272313594,13.8716368438222,No (reported postion),cruise,2021-02-16 00:00:00
2021-02-16 01:00:00+00:00,6.258855,62.4784566667,0.0,219.36,0.624,0.001296,0.0096,0.624,0.0144,4.08,No (reported postion),anchor,2021-02-16 01:00:00
2021-02-16 02:00:00+00:00,6.2588733333,62.4784716667,0.0,219.36,0.624,0.001296,0.0096,0.624,0.0144,4.08,No (reported postion),anchor,2021-02-16 02:00:00
2021-02-16 03:00:00+00:00,6.2588383333,62.4784266667,0.0,219.36,0.624,0.001296,0.0096,0.624,0.0144,4.08,No (reported postion),anchor,2021-02-16 03:00:00
2021-02-16 04:00:00+00:00,6.2589,62.4784216667,0.0,219.36,0.624,0.001296,0.0096,0.624,0.0144,4.08,No (reported postion),anchor,2021-02-16 04:00:00
2021-02-16 05:00:00+00:00,6.2589,62.47845,0.0,219.36,0.624,0.001296,0.0096,0.624,0.0144,4.08,No (reported postion),anchor,2021-02-16 05:00:00
2021-02-16 06:00:00+00:00,6.2588216667,62.4784366667,0.0,219.36,0.624,0.001296,0.0096,0.624,0.0144,4.08,No (reported postion),anchor,2021-02-16 06:00:00
2021-02-16 07:00:00+00:00,6.2588783333,62.47845,0.0,219.36,0.624,0.001296,0.0096,0.624,0.0144,4.08,No (reported postion),anchor,2021-02-16 07:00:00
2021-02-16 08:00:00+00:00,6.2588433333,62.4784533333,0.0,219.36,0.624,0.001296,0.0096,0.624,0.0144,4.08,No (reported postion),anchor,2021-02-16 08:00:00
2021-02-16 09:00:00+00:00,6.2588666667,62.4784283333,0.0,219.36,0.624,0.001296,0.0096,0.624,0.0144,4.08,No (reported postion),anchor,2021-02-16 09:00:00
2021-02-16 10:00:00+00:00,6.0340916667,62.4545983333,9.5,1407.1910086302998,4.00295035277766,0.0083138199634613,0.0615838515811948,4.00295035277766,0.0923757773717922,26.173136922007803,No (reported postion),cruise,2021-02-16 10:00:00
2021-02-16 11:00:00+00:00,5.621605,62.50308,11.8,2713.77532713504,7.71971099622658,0.0160332459152398,0.11876478455733201,7.71971099622658,0.178147176835998,50.4750334368661,No (reported postion),cruise,2021-02-16 11:00:00
2021-02-16 12:00:00+00:00,5.2489033333,62.4025133333,11.8,2713.77532713504,7.71971099622658,0.0160332459152398,0.11876478455733201,7.71971099622658,0.178147176835998,50.4750334368661,No (reported postion),cruise,2021-02-16 12:00:00
2021-02-16 13:00:00+00:00,4.9697933333,62.2601366667,12.5,2725.091,7.7519,0.016100100000000003,0.11926,7.7519,0.17889,50.6855,No (reported postion),cruise,2021-02-16 13:00:00
2021-02-16 14:00:00+00:00,4.7232183333,62.10122,11.0,2218.3576728491803,6.31042664049,0.0131062707148639,0.09708348677676931,6.31042664049,0.145625230165154,41.260481880127,No (reported postion),cruise,2021-02-16 14:00:00
2021-02-16 15:00:00+00:00,4.5490866667,61.923115,12.3,2725.091,7.7519,0.016100100000000003,0.11926,7.7519,0.17889,50.6855,No (reported postion),cruise,2021-02-16 15:00:00
2021-02-16 16:00:00+00:00,4.439675,61.72729,11.1,2276.51723370879,6.475869592607051,0.013449883000030001,0.09962876296318539,6.475869592607051,0.149443144444778,42.342224259353806,No (reported postion),cruise,2021-02-16 16:00:00
2021-02-16 17:00:00+00:00,4.35693,61.5581216667,9.9,1645.6675535070501,4.68133002091722,0.00972276235113576,0.0720204618602648,4.68133002091722,0.108030692790397,30.6086962906126,No (reported postion),cruise,2021-02-16 17:00:00
2021-02-16 18:00:00+00:00,4.3438733333,61.3889883333,9.6,1509.8179587422198,4.29488697235204,0.00892014986565423,0.06607518419003139,4.29488697235204,0.09911277628504711,28.0819532807633,No (reported postion),cruise,2021-02-16 18:00:00
2021-02-16 19:00:00+00:00,4.3065033333,61.220895,9.7,1554.1739318724901,4.4210637011689995,0.00918220922550484,0.06801636463336919,4.4210637011689995,0.102024546950054,28.9069549691819,No (reported postion),cruise,2021-02-16 19:00:00
2021-02-16 20:00:00+00:00,4.288705,61.0745783333,10.4,1891.07260726658,5.3794187952878705,0.0111726390363671,0.08276028915827491,5.3794187952878705,0.124140433737412,35.173122892266804,No (reported postion),cruise,2021-02-16 20:00:00
2021-02-16 21:00:00+00:00,4.3292616667,60.921005,9.0,1262.55369159057,3.59150940715042,0.00745928876869703,0.0552539908792373,3.59150940715042,0.0828809863188559,23.4829461236758,No (reported postion),cruise,2021-02-16 21:00:00
2021-02-16 22:00:00+00:00,4.3404866667,60.7598816667,10.7,2050.12823357639,5.8318746250531905,0.0121123549904951,0.0897211480777414,5.8318746250531905,0.134581722116612,38.1314879330401,No (reported postion),cruise,2021-02-16 22:00:00
2021-02-16 23:00:00+00:00,4.39339,60.61138,9.6,1509.8179587422198,4.29488697235204,0.00892014986565423,0.06607518419003139,4.29488697235204,0.09911277628504711,28.0819532807633,No (reported postion),cruise,2021-02-16 23:00:00
2021-02-17 00:00:00+00:00,4.4436183333,60.4470133333,10.5,1943.08771396095,5.5273829937620205,0.011479949294736499,0.0850366614424925,5.5273829937620205,0.127554992163739,36.1405811130593,No (reported postion),cruise,2021-02-17 00:00:00
2021-02-17 01:00:00+00:00,4.4572716667,60.2835483333,8.7,1150.62459978528,3.27311155299969,0.00679800091776859,0.0503555623538414,3.27311155299969,0.07553334353076209,21.4011140003826,No (reported postion),cruise,2021-02-17 01:00:00
2021-02-17 02:00:00+00:00,4.4962266667,60.120785,10.4,1891.07260726658,5.3794187952878705,0.0111726390363671,0.08276028915827491,5.3794187952878705,0.124140433737412,35.173122892266804,No (reported postion),cruise,2021-02-17 02:00:00
2021-02-17 03:00:00+00:00,4.5385666667,59.9469816667,11.1,2276.51723370879,6.475869592607051,0.013449883000030001,0.09962876296318539,6.475869592607051,0.149443144444778,42.342224259353806,No (reported postion),cruise,2021-02-17 03:00:00
2021-02-17 04:00:00+00:00,4.5840883333,59.7633333333,11.4,2457.37852759103,6.99035467367252,0.0145184289376275,0.1075439180565,6.99035467367252,0.16131587708475,45.706165174012604,No (reported postion),cruise,2021-02-17 04:00:00
2021-02-17 05:00:00+00:00,4.6173116667,59.5962166667,10.0,1692.8242545824,4.81547380953419,0.0100013686813402,0.0740842124543722,4.81547380953419,0.111126318681558,31.4857902931082,No (reported postion),cruise,2021-02-17 05:00:00
2021-02-17 06:00:00+00:00,4.6562783333,59.401425,12.0,2725.091,7.7519,0.016100100000000003,0.11926,7.7519,0.17889,50.6855,No (reported postion),cruise,2021-02-17 06:00:00
2021-02-17 07:00:00+00:00,4.7606516667,59.20404,11.4,2457.37852759103,6.99035467367252,0.0145184289376275,0.1075439180565,6.99035467367252,0.16131587708475,45.706165174012604,No (reported postion),cruise,2021-02-17 07:00:00
2021-02-17 08:00:00+00:00,4.917705,59.0557516667,7.9,887.915048365053,2.52579773057893,0.00524588759427931,0.0388584266242912,2.52579773057893,0.0582876399364368,16.5148313153238,No (reported postion),cruise,2021-02-17 08:00:00
2021-02-17 09:00:00+00:00,5.0425733333,58.9474216667,6.6,561.571497335423,1.74029965132388,0.00331781847441059,0.0249759618066578,1.62343751743276,0.038063235704300195,11.378882335579199,No (reported postion),cruise,2021-02-17 09:00:00
2021-02-17 10:00:00+00:00,5.1600983333,58.8347183333,8.6,1114.98517791267,3.17173026539708,0.00658743978197855,0.0487958502368781,3.17173026539708,0.0731937753553172,20.7382363506732,No (reported postion),cruise,2021-02-17 10:00:00
2021-02-17 11:00:00+00:00,5.28342,58.7137116667,8.2,980.52483312059,2.78923913141525,0.0057930351190932,0.042911371252542206,2.78923913141525,0.0643670568788134,18.2373327823305,No (reported postion),cruise,2021-02-17 11:00:00
2021-02-17 12:00:00+00:00,5.4146333333,58.5990483333,8.5,1080.16501659542,3.07267947828018,0.0063817189164280695,0.047271991973541296,3.07267947828018,0.0709079879603119,20.090596588755,No (reported postion),cruise,2021-02-17 12:00:00
2021-02-17 13:00:00+00:00,5.5435583333,58.4725866667,8.6,1114.98517791267,3.17173026539708,0.00658743978197855,0.0487958502368781,3.17173026539708,0.0731937753553172,20.7382363506732,No (reported postion),cruise,2021-02-17 13:00:00
2021-02-17 14:00:00+00:00,5.6781716667,58.3512766667,11.6,2583.36682912065,7.348745903406679,0.0152627799532293,0.11305762928318,7.348745903406679,0.169586443924769,48.0494924453513,No (reported postion),cruise,2021-02-17 14:00:00
2021-02-17 15:00:00+00:00,5.980685,58.2311266667,11.8,2713.77532713504,7.71971099622658,0.0160332459152398,0.11876478455733201,7.71971099622658,0.178147176835998,50.4750334368661,No (reported postion),cruise,2021-02-17 15:00:00
2021-02-17 16:00:00+00:00,6.290185,58.0985816667,12.8,2725.091,7.7519,0.016100100000000003,0.11926,7.7519,0.17889,50.6855,No (reported postion),cruise,2021-02-17 16:00:00
2021-02-17 17:00:00+00:00,6.6111816667,57.9970683333,12.2,2725.091,7.7519,0.016100100000000003,0.11926,7.7519,0.17889,50.6855,No (reported postion),cruise,2021-02-17 17:00:00
2021-02-17 18:00:00+00:00,6.9651966667,57.9214666667,12.5,2725.091,7.7519,0.016100100000000003,0.11926,7.7519,0.17889,50.6855,No (reported postion),cruise,2021-02-17 18:00:00
2021-02-17 19:00:00+00:00,7.345935,57.895475,11.7,2648.01379042449,7.53264316750948,0.0156447204248274,0.115886817961684,7.53264316750948,0.173830226942526,49.2518976337158,No (reported postion),cruise,2021-02-17 19:00:00
2021-02-17 20:00:00+00:00,7.7187133333,57.9030733333,12.4,2725.091,7.7519,0.016100100000000003,0.11926,7.7519,0.17889,50.6855,No (reported postion),cruise,2021-02-17 20:00:00
2021-02-17 21:00:00+00:00,8.07842,57.9662666667,12.2,2725.091,7.7519,0.016100100000000003,0.11926,7.7519,0.17889,50.6855,No (reported postion),cruise,2021-02-17 21:00:00
2021-02-17 22:00:00+00:00,8.417405,58.0540883333,12.0,2725.091,7.7519,0.016100100000000003,0.11926,7.7519,0.17889,50.6855,No (reported postion),cruise,2021-02-17 22:00:00
2021-02-17 23:00:00+00:00,8.6769933333,58.19597,12.0,2725.091,7.7519,0.016100100000000003,0.11926,7.7519,0.17889,50.6855,No (reported postion),cruise,2021-02-17 23:00:00
2021-02-18 00:00:00+00:00,8.948805,58.3382933333,12.2,2725.091,7.7519,0.016100100000000003,0.11926,7.7519,0.17889,50.6855,No (reported postion),cruise,2021-02-18 00:00:00
2021-02-18 01:00:00+00:00,9.2133583333,58.4820516667,11.7,2648.01379042449,7.53264316750948,0.0156447204248274,0.115886817961684,7.53264316750948,0.173830226942526,49.2518976337158,No (reported postion),cruise,2021-02-18 01:00:00
2021-02-18 02:00:00+00:00,9.4915666667,58.6079516667,11.2,2335.7342122619502,6.64432051628125,0.013799742610738,0.102220315635096,6.64432051628125,0.15333047345264397,43.4436341449158,No (reported postion),cruise,2021-02-18 02:00:00
2021-02-18 03:00:00+00:00,9.7966233333,58.7091883333,11.5,2519.82491693801,7.16799210507531,0.014887368218233301,0.11027680161654299,7.16799210507531,0.165415202424815,46.8676406870309,No (reported postion),cruise,2021-02-18 03:00:00
2021-02-18 04:00:00+00:00,10.1076266667,58.81459,11.6,2583.36682912065,7.348745903406679,0.0152627799532293,0.11305762928318,7.348745903406679,0.169586443924769,48.0494924453513,No (reported postion),cruise,2021-02-18 04:00:00
2021-02-18 05:00:00+00:00,10.4202166667,58.9208933333,11.6,2583.36682912065,7.348745903406679,0.0152627799532293,0.11305762928318,7.348745903406679,0.169586443924769,48.0494924453513,No (reported postion),cruise,2021-02-18 05:00:00
2021-02-18 06:00:00+00:00,10.5699016667,59.076455,10.3,1764.6161371250198,5.0196957948851795,0.0104255220355308,0.0772260891520797,5.0196957948851795,0.11583913372811899,32.8210878896339,No (reported postion),cruise,2021-02-18 06:00:00
2021-02-18 07:00:00+00:00,10.597235,59.2804033333,14.4,2725.091,7.7519,0.016100100000000003,0.11926,7.7519,0.17889,50.6855,No (reported postion),cruise,2021-02-18 07:00:00
2021-02-18 08:00:00+00:00,10.514125,59.3269016667,0.0,219.36,0.624,0.001296,0.0096,0.624,0.0144,4.08,No (reported postion),anchor,2021-02-18 08:00:00
2021-02-18 09:00:00+00:00,10.514125,59.3268966667,0.0,219.36,0.624,0.001296,0.0096,0.624,0.0144,4.08,No (reported postion),anchor,2021-02-18 09:00:00
2021-02-18 10:00:00+00:00,10.5141516667,59.326915,0.0,219.36,0.624,0.001296,0.0096,0.624,0.0144,4.08,No (reported postion),anchor,2021-02-18 10:00:00
2021-02-18 11:00:00+00:00,10.5141116667,59.3269116667,0.0,219.36,0.624,0.001296,0.0096,0.624,0.0144,4.08,No (reported postion),anchor,2021-02-18 11:00:00
2021-02-18 12:00:00+00:00,10.51407,59.3268816667,0.0,219.36,0.624,0.001296,0.0096,0.624,0.0144,4.08,No (reported postion),anchor,2021-02-18 12:00:00
2021-02-18 13:00:00+00:00,10.5141083333,59.3268516667,0.0,219.36,0.624,0.001296,0.0096,0.624,0.0144,4.08,No (reported postion),anchor,2021-02-18 13:00:00
2021-02-18 14:00:00+00:00,10.51415,59.3268866667,0.0,219.36,0.624,0.001296,0.0096,0.624,0.0144,4.08,No (reported postion),anchor,2021-02-18 14:00:00
2021-02-18 15:00:00+00:00,10.5140533333,59.326875,0.0,219.36,0.624,0.001296,0.0096,0.624,0.0144,4.08,No (reported postion),anchor,2021-02-18 15:00:00
2021-02-18 16:00:00+00:00,10.514095,59.326925,0.0,219.36,0.624,0.001296,0.0096,0.624,0.0144,4.08,No (reported postion),anchor,2021-02-18 16:00:00
2021-02-18 17:00:00+00:00,10.5141266667,59.3269,0.0,219.36,0.624,0.001296,0.0096,0.624,0.0144,4.08,No (reported postion),anchor,2021-02-18 17:00:00
2021-02-18 18:00:00+00:00,10.5141383333,59.326875,0.0,219.36,0.624,0.001296,0.0096,0.624,0.0144,4.08,No (reported postion),anchor,2021-02-18 18:00:00
2021-02-18 19:00:00+00:00,10.51411,59.3268883333,0.0,219.36,0.624,0.001296,0.0096,0.624,0.0144,4.08,No (reported postion),anchor,2021-02-18 19:00:00
2021-02-18 20:00:00+00:00,10.5141133333,59.32689,0.0,219.36,0.624,0.001296,0.0096,0.624,0.0144,4.08,No (reported postion),anchor,2021-02-18 20:00:00
2021-02-18 21:00:00+00:00,10.5140716667,59.3268883333,0.0,219.36,0.624,0.001296,0.0096,0.624,0.0144,4.08,No (reported postion),anchor,2021-02-18 21:00:00
2021-02-18 22:00:00+00:00,10.514105,59.3268816667,0.0,219.36,0.624,0.001296,0.0096,0.624,0.0144,4.08,No (reported postion),anchor,2021-02-18 22:00:00
2021-02-18 23:00:00+00:00,10.5140766667,59.3269166667,0.0,219.36,0.624,0.001296,0.0096,0.624,0.0144,4.08,No (reported postion),anchor,2021-02-18 23:00:00
2021-02-19 00:00:00+00:00,10.5141233333,59.3268616667,0.0,219.36,0.624,0.001296,0.0096,0.624,0.0144,4.08,No (reported postion),anchor,2021-02-19 00:00:00
2021-02-19 01:00:00+00:00,10.514105,59.3269283333,0.0,219.36,0.624,0.001296,0.0096,0.624,0.0144,4.08,No (reported postion),anchor,2021-02-19 01:00:00
2021-02-19 02:00:00+00:00,10.5141233333,59.3269116667,0.0,219.36,0.624,0.001296,0.0096,0.624,0.0144,4.08,No (reported postion),anchor,2021-02-19 02:00:00
2021-02-19 03:00:00+00:00,10.51413,59.3268666667,0.0,219.36,0.624,0.001296,0.0096,0.624,0.0144,4.08,No (reported postion),anchor,2021-02-19 03:00:00
2021-02-19 04:00:00+00:00,10.5141083333,59.326925,0.0,219.36,0.624,0.001296,0.0096,0.624,0.0144,4.08,No (reported postion),anchor,2021-02-19 04:00:00
2021-02-19 05:00:00+00:00,10.5940016667,59.2806333333,11.9,2664.33266268836,7.579064467166011,0.015741133893344802,0.11660099180255401,7.579064467166011,0.17490148770383102,49.5554215160854,No (reported postion),cruise,2021-02-19 05:00:00
2021-02-19 06:00:00+00:00,10.558705,59.0929283333,12.3,2725.091,7.7519,0.016100100000000003,0.11926,7.7519,0.17889,50.6855,No (reported postion),cruise,2021-02-19 06:00:00
2021-02-19 07:00:00+00:00,10.632065,58.912255,12.2,2725.091,7.7519,0.016100100000000003,0.11926,7.7519,0.17889,50.6855,No (reported postion),cruise,2021-02-19 07:00:00
2021-02-19 08:00:00+00:00,10.731425,58.7101516667,12.6,2725.091,7.7519,0.016100100000000003,0.11926,7.7519,0.17889,50.6855,No (reported postion),cruise,2021-02-19 08:00:00
2021-02-19 09:00:00+00:00,10.84452,58.5085133333,12.6,2725.091,7.7519,0.016100100000000003,0.11926,7.7519,0.17889,50.6855,No (reported postion),cruise,2021-02-19 09:00:00
2021-02-19 10:00:00+00:00,10.9784933333,58.2943766667,13.3,2725.091,7.7519,0.016100100000000003,0.11926,7.7519,0.17889,50.6855,No (reported postion),cruise,2021-02-19 10:00:00
2021-02-19 11:00:00+00:00,11.1169983333,58.0896533333,13.6,2725.091,7.7519,0.016100100000000003,0.11926,7.7519,0.17889,50.6855,No (reported postion),cruise,2021-02-19 11:00:00
2021-02-19 12:00:00+00:00,11.222445,57.871575,13.4,2725.091,7.7519,0.016100100000000003,0.11926,7.7519,0.17889,50.6855,No (reported postion),cruise,2021-02-19 12:00:00
2021-02-19 13:00:00+00:00,11.40815,57.6727233333,13.7,2725.091,7.7519,0.016100100000000003,0.11926,7.7519,0.17889,50.6855,No (reported postion),cruise,2021-02-19 13:00:00
2021-02-19 14:00:00+00:00,11.6751233333,57.590375,5.1,306.564845167888,1.7030124329534402,0.00181121462134201,0.0165021462134201,1.07263950387231,0.0281916171151182,13.0085672704263,No (reported postion),cruise,2021-02-19 14:00:00
2021-02-19 15:00:00+00:00,11.6792733333,57.59145,0.0,219.36,0.624,0.001296,0.0096,0.624,0.0144,4.08,No (reported postion),anchor,2021-02-19 15:00:00
2021-02-19 16:00:00+00:00,11.6790455555333,57.5914066666667,0.0,219.36,0.624,0.001296,0.0096,0.624,0.0144,4.08,Linear (small gap),anchor,2021-02-19 16:00:00
2021-02-19 17:00:00+00:00,11.6788177777667,57.5913633333333,0.0,219.36,0.624,0.001296,0.0096,0.624,0.0144,4.08,Linear (small gap),anchor,2021-02-19 17:00:00
2021-02-19 18:00:00+00:00,11.67859,57.59132,0.0,219.36,0.624,0.001296,0.0096,0.624,0.0144,4.08,No (reported postion),anchor,2021-02-19 18:00:00
2021-02-19 19:00:00+00:00,11.67891166665,57.5914275,0.0,219.36,0.624,0.001296,0.0096,0.624,0.0144,4.08,Linear (small gap),anchor,2021-02-19 19:00:00
2021-02-19 20:00:00+00:00,11.6792333333,57.591535,0.0,219.36,0.624,0.001296,0.0096,0.624,0.0144,4.08,No (reported postion),anchor,2021-02-19 20:00:00
2021-02-19 21:00:00+00:00,11.6787,57.5916,0.1,219.36151868320002,0.624041905022215,0.00129600897252656,0.00960030772442959,0.624020002087923,0.0144007267746517,4.08059826813239,No (reported postion),anchor,2021-02-19 21:00:00
2021-02-19 22:00:00+00:00,11.6787,57.5916,0.1,219.36151868320002,0.624041905022215,0.00129600897252656,0.00960030772442959,0.624020002087923,0.0144007267746517,4.08059826813239,Linear (small gap),anchor,2021-02-19 22:00:00
2021-02-19 23:00:00+00:00,11.6787,57.5916,0.1,219.36151868320002,0.624041905022215,0.00129600897252656,0.00960030772442959,0.624020002087923,0.0144007267746517,4.08059826813239,No (reported postion),anchor,2021-02-19 23:00:00
2021-02-20 00:00:00+00:00,11.6782,57.5897,0.1,219.36151868320002,0.624041905022215,0.00129600897252656,0.00960030772442959,0.624020002087923,0.0144007267746517,4.08059826813239,No (reported postion),anchor,2021-02-20 00:00:00
2021-02-20 01:00:00+00:00,11.6674283333,57.6048033333,11.0,2126.47733924704,6.04906026481653,0.012563432857695902,0.0930624656125619,6.04906026481653,0.139593698418843,39.5515478853388,No (reported postion),cruise,2021-02-20 01:00:00
2021-02-20 02:00:00+00:00,11.883325,57.6875433333,1.7,226.821290561774,0.829879374144345,0.00134008202301267,0.0111118501225826,0.722270257967868,0.017970643864025998,7.0192913344335,No (reported postion),anchor,2021-02-20 02:00:00
2021-02-20 03:00:00+00:00,11.8889233333,57.6897133333,0.0,219.36,0.624,0.001296,0.0096,0.624,0.0144,4.08,No (reported postion),anchor,2021-02-20 03:00:00
2021-02-20 04:00:00+00:00,11.8889516667,57.6897583333,0.0,219.36,0.624,0.001296,0.0096,0.624,0.0144,4.08,No (reported postion),anchor,2021-02-20 04:00:00
2021-02-20 05:00:00+00:00,11.8889366667,57.6897616667,0.0,219.36,0.624,0.001296,0.0096,0.624,0.0144,4.08,No (reported postion),anchor,2021-02-20 05:00:00
2021-02-20 06:00:00+00:00,11.88897,57.6897016667,0.0,219.36,0.624,0.001296,0.0096,0.624,0.0144,4.08,No (reported postion),anchor,2021-02-20 06:00:00
2021-02-20 07:00:00+00:00,11.8889266667,57.6897433333,0.0,219.36,0.624,0.001296,0.0096,0.624,0.0144,4.08,No (reported postion),anchor,2021-02-20 07:00:00
2021-02-20 08:00:00+00:00,11.8889233333,57.6897183333,0.0,219.36,0.624,0.001296,0.0096,0.624,0.0144,4.08,No (reported postion),anchor,2021-02-20 08:00:00
2021-02-20 09:00:00+00:00,11.8889283333,57.6897433333,0.0,219.36,0.624,0.001296,0.0096,0.624,0.0144,4.08,No (reported postion),anchor,2021-02-20 09:00:00
2021-02-20 10:00:00+00:00,11.8889483333,57.689725,0.0,219.36,0.624,0.001296,0.0096,0.624,0.0144,4.08,No (reported postion),anchor,2021-02-20 10:00:00
2021-02-20 11:00:00+00:00,11.8889266667,57.6897366667,0.0,219.36,0.624,0.001296,0.0096,0.624,0.0144,4.08,No (reported postion),anchor,2021-02-20 11:00:00
2021-02-20 12:00:00+00:00,11.8889266667,57.6897483333,0.0,219.36,0.624,0.001296,0.0096,0.624,0.0144,4.08,No (reported postion),anchor,2021-02-20 12:00:00
2021-02-20 13:00:00+00:00,11.8888883333,57.6897316667,0.0,219.36,0.624,0.001296,0.0096,0.624,0.0144,4.08,No (reported postion),anchor,2021-02-20 13:00:00
2021-02-20 14:00:00+00:00,11.8888966667,57.689755,0.0,219.36,0.624,0.001296,0.0096,0.624,0.0144,4.08,No (reported postion),anchor,2021-02-20 14:00:00
2021-02-20 15:00:00+00:00,11.8889033333,57.6897466667,0.0,219.36,0.624,0.001296,0.0096,0.624,0.0144,4.08,No (reported postion),anchor,2021-02-20 15:00:00
2021-02-20 16:00:00+00:00,11.88894,57.6897583333,0.0,219.36,0.624,0.001296,0.0096,0.624,0.0144,4.08,No (reported postion),anchor,2021-02-20 16:00:00
2021-02-20 17:00:00+00:00,11.888905,57.6897283333,0.0,219.36,0.624,0.001296,0.0096,0.624,0.0144,4.08,No (reported postion),anchor,2021-02-20 17:00:00
2021-02-20 18:00:00+00:00,11.8889083333,57.6897283333,0.0,219.36,0.624,0.001296,0.0096,0.624,0.0144,4.08,No (reported postion),anchor,2021-02-20 18:00:00
2021-02-20 19:00:00+00:00,11.8889016667,57.6897316667,0.0,219.36,0.624,0.001296,0.0096,0.624,0.0144,4.08,No (reported postion),anchor,2021-02-20 19:00:00
2021-02-20 20:00:00+00:00,11.8889416667,57.689745,0.0,219.36,0.624,0.001296,0.0096,0.624,0.0144,4.08,No (reported postion),anchor,2021-02-20 20:00:00
2021-02-20 21:00:00+00:00,11.8889366667,57.6897333333,0.0,219.36,0.624,0.001296,0.0096,0.624,0.0144,4.08,No (reported postion),anchor,2021-02-20 21:00:00
2021-02-20 22:00:00+00:00,11.8889083333,57.68974,0.0,219.36,0.624,0.001296,0.0096,0.624,0.0144,4.08,No (reported postion),anchor,2021-02-20 22:00:00
2021-02-20 23:00:00+00:00,11.8889333333,57.6897083333,0.0,219.36,0.624,0.001296,0.0096,0.624,0.0144,4.08,No (reported postion),anchor,2021-02-20 23:00:00
2021-02-21 00:00:00+00:00,11.8889133333,57.68967,0.0,219.36,0.624,0.001296,0.0096,0.624,0.0144,4.08,No (reported postion),anchor,2021-02-21 00:00:00
2021-02-21 01:00:00+00:00,11.88893,57.689745,0.0,219.36,0.624,0.001296,0.0096,0.624,0.0144,4.08,No (reported postion),anchor,2021-02-21 01:00:00
2021-02-21 02:00:00+00:00,11.8889866667,57.6897333333,0.0,219.36,0.624,0.001296,0.0096,0.624,0.0144,4.08,No (reported postion),anchor,2021-02-21 02:00:00
2021-02-21 03:00:00+00:00,11.8888733333,57.68972,0.0,219.36,0.624,0.001296,0.0096,0.624,0.0144,4.08,No (reported postion),anchor,2021-02-21 03:00:00
2021-02-21 04:00:00+00:00,11.88897,57.6897333333,0.0,219.36,0.624,0.001296,0.0096,0.624,0.0144,4.08,No (reported postion),anchor,2021-02-21 04:00:00
2021-02-21 05:00:00+00:00,11.8889266667,57.6897083333,0.0,219.36,0.624,0.001296,0.0096,0.624,0.0144,4.08,No (reported postion),anchor,2021-02-21 05:00:00
2021-02-21 06:00:00+00:00,11.88893,57.6897383333,0.0,219.36,0.624,0.001296,0.0096,0.624,0.0144,4.08,No (reported postion),anchor,2021-02-21 06:00:00
2021-02-21 07:00:00+00:00,11.8889866667,57.6897083333,0.0,219.36,0.624,0.001296,0.0096,0.624,0.0144,4.08,No (reported postion),anchor,2021-02-21 07:00:00
2021-02-21 08:00:00+00:00,11.7969683333,57.6677116667,0.4,219.457195724802,0.626681921421787,0.00129657424170014,0.00961969436349385,0.6252801336271,0.0144465135777117,4.1182891604729805,No (reported postion),anchor,2021-02-21 08:00:00
2021-02-21 09:00:00+00:00,11.79466,57.6682566667,0.0,219.36,0.624,0.001296,0.0096,0.624,0.0144,4.08,No (reported postion),anchor,2021-02-21 09:00:00
2021-02-21 10:00:00+00:00,11.7950166667,57.6683366667,0.0,219.36,0.624,0.001296,0.0096,0.624,0.0144,4.08,No (reported postion),anchor,2021-02-21 10:00:00
2021-02-21 11:00:00+00:00,11.79565,57.6684083333,0.0,219.36,0.624,0.001296,0.0096,0.624,0.0144,4.08,No (reported postion),anchor,2021-02-21 11:00:00
2021-02-21 12:00:00+00:00,11.7954966667,57.6683566667,0.0,219.36,0.624,0.001296,0.0096,0.624,0.0144,4.08,No (reported postion),anchor,2021-02-21 12:00:00
2021-02-21 13:00:00+00:00,11.79558,57.668385,0.0,219.36,0.624,0.001296,0.0096,0.624,0.0144,4.08,No (reported postion),anchor,2021-02-21 13:00:00
2021-02-21 14:00:00+00:00,11.7959833333,57.6684016667,0.0,219.36,0.624,0.001296,0.0096,0.624,0.0144,4.08,No (reported postion),anchor,2021-02-21 14:00:00
2021-02-21 15:00:00+00:00,11.7960066667,57.6683716667,0.0,219.36,0.624,0.001296,0.0096,0.624,0.0144,4.08,No (reported postion),anchor,2021-02-21 15:00:00
2021-02-21 16:00:00+00:00,11.7955666667,57.66836,0.0,219.36,0.624,0.001296,0.0096,0.624,0.0144,4.08,No (reported postion),anchor,2021-02-21 16:00:00
2021-02-21 17:00:00+00:00,11.794395,57.6680766667,0.0,219.36,0.624,0.001296,0.0096,0.624,0.0144,4.08,No (reported postion),anchor,2021-02-21 17:00:00
2021-02-21 18:00:00+00:00,11.7938266667,57.6676783333,0.0,219.36,0.624,0.001296,0.0096,0.624,0.0144,4.08,No (reported postion),anchor,2021-02-21 18:00:00
2021-02-21 19:00:00+00:00,11.79434,57.6680816667,0.0,219.36,0.624,0.001296,0.0096,0.624,0.0144,4.08,No (reported postion),anchor,2021-02-21 19:00:00
2021-02-21 20:00:00+00:00,11.7942216667,57.66789,0.0,219.36,0.624,0.001296,0.0096,0.624,0.0144,4.08,No (reported postion),anchor,2021-02-21 20:00:00
2021-02-21 21:00:00+00:00,11.7945433333,57.6681033333,0.0,219.36,0.624,0.001296,0.0096,0.624,0.0144,4.08,No (reported postion),anchor,2021-02-21 21:00:00
2021-02-21 22:00:00+00:00,11.7958016667,57.6682733333,0.1,219.36151868320002,0.624041905022215,0.00129600897252656,0.00960030772442959,0.624020002087923,0.0144007267746517,4.08059826813239,No (reported postion),anchor,2021-02-21 22:00:00
2021-02-21 23:00:00+00:00,11.796805,57.6681266667,0.0,219.36,0.624,0.001296,0.0096,0.624,0.0144,4.08,No (reported postion),anchor,2021-02-21 23:00:00
2021-02-22 00:00:00+00:00,11.7971,57.6679,0.1,219.36151868320002,0.624041905022215,0.00129600897252656,0.00960030772442959,0.624020002087923,0.0144007267746517,4.08059826813239,No (reported postion),anchor,2021-02-22 00:00:00
2021-02-22 01:00:00+00:00,11.797605,57.6668016667,0.0,219.36,0.624,0.001296,0.0096,0.624,0.0144,4.08,No (reported postion),anchor,2021-02-22 01:00:00
2021-02-22 02:00:00+00:00,11.7975283333,57.667025,0.0,219.36,0.624,0.001296,0.0096,0.624,0.0144,4.08,No (reported postion),anchor,2021-02-22 02:00:00
2021-02-22 03:00:00+00:00,11.7976383333,57.6667933333,0.0,219.36,0.624,0.001296,0.0096,0.624,0.0144,4.08,No (reported postion),anchor,2021-02-22 03:00:00
2021-02-22 04:00:00+00:00,11.7974233333,57.667405,0.0,219.36,0.624,0.001296,0.0096,0.624,0.0144,4.08,No (reported postion),anchor,2021-02-22 04:00:00
2021-02-22 05:00:00+00:00,11.7972433333,57.6668933333,0.1,219.36151868320002,0.624041905022215,0.00129600897252656,0.00960030772442959,0.624020002087923,0.0144007267746517,4.08059826813239,No (reported postion),anchor,2021-02-22 05:00:00
2021-02-22 06:00:00+00:00,11.79389,57.6666166667,0.1,219.36151868320002,0.624041905022215,0.00129600897252656,0.00960030772442959,0.624020002087923,0.0144007267746517,4.08059826813239,No (reported postion),anchor,2021-02-22 06:00:00
2021-02-22 07:00:00+00:00,11.7936266667,57.6670316667,0.0,219.36,0.624,0.001296,0.0096,0.624,0.0144,4.08,No (reported postion),anchor,2021-02-22 07:00:00
2021-02-22 08:00:00+00:00,11.7936833333,57.6670916667,0.0,219.36,0.624,0.001296,0.0096,0.624,0.0144,4.08,No (reported postion),anchor,2021-02-22 08:00:00
2021-02-22 09:00:00+00:00,11.7937083333,57.6672933333,0.0,219.36,0.624,0.001296,0.0096,0.624,0.0144,4.08,No (reported postion),anchor,2021-02-22 09:00:00
2021-02-22 10:00:00+00:00,11.7938966667,57.6672783333,0.0,219.36,0.624,0.001296,0.0096,0.624,0.0144,4.08,No (reported postion),anchor,2021-02-22 10:00:00
2021-02-22 11:00:00+00:00,11.7943366667,57.668035,0.1,219.36151868320002,0.624041905022215,0.00129600897252656,0.00960030772442959,0.624020002087923,0.0144007267746517,4.08059826813239,No (reported postion),anchor,2021-02-22 11:00:00
2021-02-22 12:00:00+00:00,11.7956783333,57.6683633333,0.0,219.36,0.624,0.001296,0.0096,0.624,0.0144,4.08,No (reported postion),anchor,2021-02-22 12:00:00
2021-02-22 13:00:00+00:00,11.7961,57.6684,0.1,219.36151868320002,0.624041905022215,0.00129600897252656,0.00960030772442959,0.624020002087923,0.0144007267746517,4.08059826813239,No (reported postion),anchor,2021-02-22 13:00:00
2021-02-22 14:00:00+00:00,11.7962683333,57.66706,0.0,219.36,0.624,0.001296,0.0096,0.624,0.0144,4.08,No (reported postion),anchor,2021-02-22 14:00:00
2021-02-22 15:00:00+00:00,11.8790033333,57.68981,0.0,219.36,0.624,0.001296,0.0096,0.624,0.0144,4.08,No (reported postion),anchor,2021-02-22 15:00:00
2021-02-22 16:00:00+00:00,11.8789683333,57.6898016667,0.0,219.36,0.624,0.001296,0.0096,0.624,0.0144,4.08,No (reported postion),anchor,2021-02-22 16:00:00
2021-02-22 17:00:00+00:00,11.8789666667,57.6898416667,0.0,219.36,0.624,0.001296,0.0096,0.624,0.0144,4.08,No (reported postion),anchor,2021-02-22 17:00:00
2021-02-22 18:00:00+00:00,11.8789866667,57.689835,0.0,219.36,0.624,0.001296,0.0096,0.624,0.0144,4.08,No (reported postion),anchor,2021-02-22 18:00:00
2021-02-22 19:00:00+00:00,11.8789916667,57.6898066667,0.0,219.36,0.624,0.001296,0.0096,0.624,0.0144,4.08,No (reported postion),anchor,2021-02-22 19:00:00
2021-02-22 20:00:00+00:00,11.879055,57.6898466667,0.0,219.36,0.624,0.001296,0.0096,0.624,0.0144,4.08,No (reported postion),anchor,2021-02-22 20:00:00
2021-02-22 21:00:00+00:00,11.8789816667,57.689795,0.0,219.36,0.624,0.001296,0.0096,0.624,0.0144,4.08,No (reported postion),anchor,2021-02-22 21:00:00
2021-02-22 22:00:00+00:00,11.8790316667,57.6898233333,0.0,219.36,0.624,0.001296,0.0096,0.624,0.0144,4.08,No (reported postion),anchor,2021-02-22 22:00:00
2021-02-22 23:00:00+00:00,11.8790733333,57.689845,0.0,219.36,0.624,0.001296,0.0096,0.624,0.0144,4.08,No (reported postion),anchor,2021-02-22 23:00:00
2021-02-23 00:00:00+00:00,11.8790383333,57.68982,0.0,219.36,0.624,0.001296,0.0096,0.624,0.0144,4.08,No (reported postion),anchor,2021-02-23 00:00:00
2021-02-23 01:00:00+00:00,11.8789733333,57.6898116667,0.0,219.36,0.624,0.001296,0.0096,0.624,0.0144,4.08,No (reported postion),anchor,2021-02-23 01:00:00
2021-02-23 02:00:00+00:00,11.879,57.6898466667,0.0,219.36,0.624,0.001296,0.0096,0.624,0.0144,4.08,No (reported postion),anchor,2021-02-23 02:00:00
2021-02-23 03:00:00+00:00,11.8790266667,57.68983,0.0,219.36,0.624,0.001296,0.0096,0.624,0.0144,4.08,No (reported postion),anchor,2021-02-23 03:00:00
2021-02-23 04:00:00+00:00,11.8790116667,57.6898333333,0.0,219.36,0.624,0.001296,0.0096,0.624,0.0144,4.08,No (reported postion),anchor,2021-02-23 04:00:00
2021-02-23 05:00:00+00:00,11.8789933333,57.6898383333,0.0,219.36,0.624,0.001296,0.0096,0.624,0.0144,4.08,No (reported postion),anchor,2021-02-23 05:00:00
2021-02-23 06:00:00+00:00,11.8789283333,57.689815,0.0,219.36,0.624,0.001296,0.0096,0.624,0.0144,4.08,No (reported postion),anchor,2021-02-23 06:00:00
2021-02-23 07:00:00+00:00,11.8790133333,57.6897983333,0.0,219.36,0.624,0.001296,0.0096,0.624,0.0144,4.08,No (reported postion),anchor,2021-02-23 07:00:00
2021-02-23 08:00:00+00:00,11.8789833333,57.6898283333,0.0,219.36,0.624,0.001296,0.0096,0.624,0.0144,4.08,No (reported postion),anchor,2021-02-23 08:00:00
2021-02-23 09:00:00+00:00,11.879035,57.6898133333,0.0,219.36,0.624,0.001296,0.0096,0.624,0.0144,4.08,No (reported postion),anchor,2021-02-23 09:00:00
2021-02-23 10:00:00+00:00,11.879015,57.6898333333,0.0,219.36,0.624,0.001296,0.0096,0.624,0.0144,4.08,No (reported postion),anchor,2021-02-23 10:00:00
2021-02-23 11:00:00+00:00,11.8790366667,57.6898316667,0.0,219.36,0.624,0.001296,0.0096,0.624,0.0144,4.08,No (reported postion),anchor,2021-02-23 11:00:00
2021-02-23 12:00:00+00:00,11.879045,57.6898166667,0.0,219.36,0.624,0.001296,0.0096,0.624,0.0144,4.08,No (reported postion),anchor,2021-02-23 12:00:00
2021-02-23 13:00:00+00:00,11.878985,57.6898116667,0.0,219.36,0.624,0.001296,0.0096,0.624,0.0144,4.08,No (reported postion),anchor,2021-02-23 13:00:00
2021-02-23 14:00:00+00:00,11.878995,57.6898166667,0.0,219.36,0.624,0.001296,0.0096,0.624,0.0144,4.08,No (reported postion),anchor,2021-02-23 14:00:00
2021-02-23 15:00:00+00:00,11.8790166667,57.6898733333,0.0,219.36,0.624,0.001296,0.0096,0.624,0.0144,4.08,No (reported postion),anchor,2021-02-23 15:00:00
2021-02-23 16:00:00+00:00,11.8790016667,57.6898183333,0.0,219.36,0.624,0.001296,0.0096,0.624,0.0144,4.08,No (reported postion),anchor,2021-02-23 16:00:00
2021-02-23 17:00:00+00:00,11.8790116667,57.689855,0.0,219.36,0.624,0.001296,0.0096,0.624,0.0144,4.08,No (reported postion),anchor,2021-02-23 17:00:00
2021-02-23 18:00:00+00:00,11.8790466667,57.6897933333,0.0,219.36,0.624,0.001296,0.0096,0.624,0.0144,4.08,No (reported postion),anchor,2021-02-23 18:00:00
2021-02-23 19:00:00+00:00,11.8789916667,57.6898316667,0.0,219.36,0.624,0.001296,0.0096,0.624,0.0144,4.08,No (reported postion),anchor,2021-02-23 19:00:00
2021-02-23 20:00:00+00:00,11.8790033333,57.6898516667,0.0,219.36,0.624,0.001296,0.0096,0.624,0.0144,4.08,No (reported postion),anchor,2021-02-23 20:00:00
2021-02-23 21:00:00+00:00,11.8790016667,57.6898,0.0,219.36,0.624,0.001296,0.0096,0.624,0.0144,4.08,No (reported postion),anchor,2021-02-23 21:00:00
2021-02-23 22:00:00+00:00,11.879005,57.6898483333,0.0,219.36,0.624,0.001296,0.0096,0.624,0.0144,4.08,No (reported postion),anchor,2021-02-23 22:00:00
2021-02-23 23:00:00+00:00,11.8790733333,57.6898366667,0.0,219.36,0.624,0.001296,0.0096,0.624,0.0144,4.08,No (reported postion),anchor,2021-02-23 23:00:00
2021-02-24 00:00:00+00:00,11.8789983333,57.6898733333,0.0,219.36,0.624,0.001296,0.0096,0.624,0.0144,4.08,No (reported postion),anchor,2021-02-24 00:00:00
2021-02-24 01:00:00+00:00,11.8790083333,57.6898116667,0.0,219.36,0.624,0.001296,0.0096,0.624,0.0144,4.08,No (reported postion),anchor,2021-02-24 01:00:00
2021-02-24 02:00:00+00:00,11.794425,57.6711616667,11.0,2126.47733924704,6.04906026481653,0.012563432857695902,0.0930624656125619,6.04906026481653,0.139593698418843,39.5515478853388,No (reported postion),cruise,2021-02-24 02:00:00
2021-02-24 03:00:00+00:00,11.5049016667,57.6261416667,11.9,2664.33266268836,7.579064467166011,0.015741133893344802,0.11660099180255401,7.579064467166011,0.17490148770383102,49.5554215160854,No (reported postion),cruise,2021-02-24 03:00:00
2021-02-24 04:00:00+00:00,11.1821483333,57.73301,12.4,2725.091,7.7519,0.016100100000000003,0.11926,7.7519,0.17889,50.6855,No (reported postion),cruise,2021-02-24 04:00:00
2021-02-24 05:00:00+00:00,10.8569116667,57.8364133333,12.1,2725.091,7.7519,0.016100100000000003,0.11926,7.7519,0.17889,50.6855,No (reported postion),cruise,2021-02-24 05:00:00
2021-02-24 06:00:00+00:00,10.4839083333,57.8586916667,12.4,2725.091,7.7519,0.016100100000000003,0.11926,7.7519,0.17889,50.6855,No (reported postion),cruise,2021-02-24 06:00:00
2021-02-24 07:00:00+00:00,10.11832,57.8464683333,11.7,2648.01379042449,7.53264316750948,0.0156447204248274,0.115886817961684,7.53264316750948,0.173830226942526,49.2518976337158,No (reported postion),cruise,2021-02-24 07:00:00
2021-02-24 08:00:00+00:00,9.7598333333,57.8351183333,11.5,2519.82491693801,7.16799210507531,0.014887368218233301,0.11027680161654299,7.16799210507531,0.165415202424815,46.8676406870309,No (reported postion),cruise,2021-02-24 08:00:00
2021-02-24 09:00:00+00:00,9.4181333333,57.8222083333,10.5,1943.08771396095,5.5273829937620205,0.011479949294736499,0.0850366614424925,5.5273829937620205,0.127554992163739,36.1405811130593,No (reported postion),cruise,2021-02-24 09:00:00
2021-02-24 10:00:00+00:00,9.0828933333,57.8153983333,10.7,2050.12823357639,5.8318746250531905,0.0121123549904951,0.0897211480777414,5.8318746250531905,0.134581722116612,38.1314879330401,No (reported postion),cruise,2021-02-24 10:00:00
2021-02-24 11:00:00+00:00,8.74676,57.802515,10.9,2161.2460033976,6.14796456108725,0.012768849473027399,0.0945840701705731,6.14796456108725,0.14187610525586,40.1982298224936,No (reported postion),cruise,2021-02-24 11:00:00
2021-02-24 12:00:00+00:00,8.4097116667,57.7859266667,11.1,2276.51723370879,6.475869592607051,0.013449883000030001,0.09962876296318539,6.475869592607051,0.149443144444778,42.342224259353806,No (reported postion),cruise,2021-02-24 12:00:00
2021-02-24 13:00:00+00:00,8.0755833333,57.7717366667,10.8,2105.17269906851,5.9884562555559295,0.0124375629923085,0.092130096239322,5.9884562555559295,0.13819514435898297,39.1552909017119,No (reported postion),cruise,2021-02-24 13:00:00
2021-02-24 14:00:00+00:00,7.7432883333,57.768945,11.2,2335.7342122619502,6.64432051628125,0.013799742610738,0.102220315635096,6.64432051628125,0.15333047345264397,43.4436341449158,No (reported postion),cruise,2021-02-24 14:00:00
2021-02-24 15:00:00+00:00,7.3815016667,57.7795616667,11.7,2648.01379042449,7.53264316750948,0.0156447204248274,0.115886817961684,7.53264316750948,0.173830226942526,49.2518976337158,No (reported postion),cruise,2021-02-24 15:00:00
2021-02-24 16:00:00+00:00,7.0121333333,57.7902233333,11.6,2583.36682912065,7.348745903406679,0.0152627799532293,0.11305762928318,7.348745903406679,0.169586443924769,48.0494924453513,No (reported postion),cruise,2021-02-24 16:00:00
2021-02-24 17:00:00+00:00,6.650425,57.8029233333,12.4,2725.091,7.7519,0.016100100000000003,0.11926,7.7519,0.17889,50.6855,No (reported postion),cruise,2021-02-24 17:00:00
2021-02-24 18:00:00+00:00,6.3394,57.9373266667,12.4,2725.091,7.7519,0.016100100000000003,0.11926,7.7519,0.17889,50.6855,No (reported postion),cruise,2021-02-24 18:00:00
2021-02-24 19:00:00+00:00,6.0410766667,58.071415,12.9,2725.091,7.7519,0.016100100000000003,0.11926,7.7519,0.17889,50.6855,No (reported postion),cruise,2021-02-24 19:00:00
2021-02-24 20:00:00+00:00,5.7374366667,58.2192033333,12.7,2725.091,7.7519,0.016100100000000003,0.11926,7.7519,0.17889,50.6855,No (reported postion),cruise,2021-02-24 20:00:00
2021-02-24 21:00:00+00:00,5.4181933333,58.3564666667,13.3,2725.091,7.7519,0.016100100000000003,0.11926,7.7519,0.17889,50.6855,No (reported postion),cruise,2021-02-24 21:00:00
2021-02-24 22:00:00+00:00,5.31981,58.53927,12.9,2725.091,7.7519,0.016100100000000003,0.11926,7.7519,0.17889,50.6855,No (reported postion),cruise,2021-02-24 22:00:00
2021-02-24 23:00:00+00:00,5.3050233333,58.7620733333,13.3,2725.091,7.7519,0.016100100000000003,0.11926,7.7519,0.17889,50.6855,No (reported postion),cruise,2021-02-24 23:00:00
2021-02-25 00:00:00+00:00,5.31056,58.9370783333,9.3,1326.6734627308301,3.77390700558004,0.00783811455005084,0.0580601077781544,3.77390700558004,0.0870901616672316,24.6755458057156,No (reported postion),cruise,2021-02-25 00:00:00
2021-02-25 01:00:00+00:00,5.347965,59.0857183333,9.1,1249.5456177338299,3.5545061335973402,0.00738243581593293,0.0546847097476513,3.5545061335973402,0.08202706462147699,23.241001642751797,No (reported postion),cruise,2021-02-25 01:00:00
2021-02-25 02:00:00+00:00,5.3449766667,59.2448983333,11.9,2664.33266268836,7.579064467166011,0.015741133893344802,0.11660099180255401,7.579064467166011,0.17490148770383102,49.5554215160854,No (reported postion),cruise,2021-02-25 02:00:00
2021-02-25 03:00:00+00:00,5.25853,59.4038266667,1.4,223.52726670089697,0.7389873809591051,0.0013206206128937,0.010444395834798802,0.6788857292619229,0.016394269644389902,5.72164775527896,No (reported postion),anchor,2021-02-25 03:00:00
2021-02-25 04:00:00+00:00,5.2564533333,59.4039466667,0.0,219.36,0.624,0.001296,0.0096,0.624,0.0144,4.08,No (reported postion),anchor,2021-02-25 04:00:00
2021-02-25 05:00:00+00:00,5.25643,59.4039433333,0.0,219.36,0.624,0.001296,0.0096,0.624,0.0144,4.08,No (reported postion),anchor,2021-02-25 05:00:00
2021-02-25 06:00:00+00:00,5.256515,59.4040016667,0.0,219.36,0.624,0.001296,0.0096,0.624,0.0144,4.08,No (reported postion),anchor,2021-02-25 06:00:00
2021-02-25 07:00:00+00:00,5.2564433333,59.4040516667,0.0,219.36,0.624,0.001296,0.0096,0.624,0.0144,4.08,No (reported postion),anchor,2021-02-25 07:00:00
2021-02-25 08:00:00+00:00,5.2564383333,59.403975,0.0,219.36,0.624,0.001296,0.0096,0.624,0.0144,4.08,No (reported postion),anchor,2021-02-25 08:00:00
2021-02-25 09:00:00+00:00,5.2563616667,59.4039133333,0.0,219.36,0.624,0.001296,0.0096,0.624,0.0144,4.08,No (reported postion),anchor,2021-02-25 09:00:00
2021-02-25 10:00:00+00:00,5.25644,59.403975,0.0,219.36,0.624,0.001296,0.0096,0.624,0.0144,4.08,No (reported postion),anchor,2021-02-25 10:00:00
2021-02-25 11:00:00+00:00,5.2544983333,59.4056,4.3,225.85594518521,1.63856661288625,0.00133437866958439,0.0142702441876995,0.927565872200469,0.0262404883753991,14.5540599478266,No (reported postion),cruise,2021-02-25 11:00:00
2021-02-25 12:00:00+00:00,5.2564683333,59.58977,13.4,2725.091,7.7519,0.016100100000000003,0.11926,7.7519,0.17889,50.6855,No (reported postion),cruise,2021-02-25 12:00:00
2021-02-25 13:00:00+00:00,5.53209,59.7651083333,13.3,2725.091,7.7519,0.016100100000000003,0.11926,7.7519,0.17889,50.6855,No (reported postion),cruise,2021-02-25 13:00:00
2021-02-25 14:00:00+00:00,5.41313,59.961535,13.5,2725.091,7.7519,0.016100100000000003,0.11926,7.7519,0.17889,50.6855,No (reported postion),cruise,2021-02-25 14:00:00
2021-02-25 15:00:00+00:00,5.2687616667,60.1523866667,12.1,2725.091,7.7519,0.016100100000000003,0.11926,7.7519,0.17889,50.6855,No (reported postion),cruise,2021-02-25 15:00:00
2021-02-25 16:00:00+00:00,5.193895,60.3343383333,10.8,2018.21345128292,5.7410885922708905,0.0119237993839472,0.08832443988109069,5.7410885922708905,0.13248665982163602,37.5378869494635,No (reported postion),cruise,2021-02-25 16:00:00
2021-02-25 17:00:00+00:00,5.23244,60.3954666667,0.0,219.36,0.624,0.001296,0.0096,0.624,0.0144,4.08,No (reported postion),anchor,2021-02-25 17:00:00
2021-02-25 18:00:00+00:00,5.2323633333,60.3954616667,0.0,219.36,0.624,0.001296,0.0096,0.624,0.0144,4.08,No (reported postion),anchor,2021-02-25 18:00:00
2021-02-25 19:00:00+00:00,5.2324083333,60.3954933333,0.0,219.36,0.624,0.001296,0.0096,0.624,0.0144,4.08,No (reported postion),anchor,2021-02-25 19:00:00
2021-02-25 20:00:00+00:00,5.2324533333,60.3954616667,0.0,219.36,0.624,0.001296,0.0096,0.624,0.0144,4.08,No (reported postion),anchor,2021-02-25 20:00:00
2021-02-25 21:00:00+00:00,5.2323333333,60.395465,0.0,219.36,0.624,0.001296,0.0096,0.624,0.0144,4.08,No (reported postion),anchor,2021-02-25 21:00:00
2021-02-25 22:00:00+00:00,5.23235,60.39543,0.0,219.36,0.624,0.001296,0.0096,0.624,0.0144,4.08,No (reported postion),anchor,2021-02-25 22:00:00
2021-02-25 23:00:00+00:00,5.2324016667,60.3954616667,0.0,219.36,0.624,0.001296,0.0096,0.624,0.0144,4.08,No (reported postion),anchor,2021-02-25 23:00:00
2021-02-26 00:00:00+00:00,5.23235,60.3954416667,0.0,219.36,0.624,0.001296,0.0096,0.624,0.0144,4.08,No (reported postion),anchor,2021-02-26 00:00:00
2021-02-26 01:00:00+00:00,5.23239,60.39542,0.0,219.36,0.624,0.001296,0.0096,0.624,0.0144,4.08,No (reported postion),anchor,2021-02-26 01:00:00
2021-02-26 02:00:00+00:00,5.071985,60.4152583333,11.3,2296.4134332813996,6.53246709686174,0.0135674316627128,0.100499493797873,6.53246709686174,0.150749240696809,42.712284864096,No (reported postion),cruise,2021-02-26 02:00:00
2021-02-26 03:00:00+00:00,4.9047833333,60.5910366667,11.7,2537.4527560581996,7.21813694283516,0.0149915151889653,0.111048260659002,7.21813694283516,0.166572390988504,47.195510780076,No (reported postion),cruise,2021-02-26 03:00:00
2021-02-26 04:00:00+00:00,4.767195,60.7596816667,4.6,252.93254795864001,1.66983579485496,0.0014943498457075,0.014950812986163,0.971802844100594,0.026695929836036702,13.915040942605499,No (reported postion),cruise,2021-02-26 04:00:00
2021-02-26 05:00:00+00:00,4.4611016667,60.794195,11.8,2713.77532713504,7.71971099622658,0.0160332459152398,0.11876478455733201,7.71971099622658,0.178147176835998,50.4750334368661,No (reported postion),cruise,2021-02-26 05:00:00
2021-02-26 06:00:00+00:00,4.3466366667,60.98912,12.6,2725.091,7.7519,0.016100100000000003,0.11926,7.7519,0.17889,50.6855,No (reported postion),cruise,2021-02-26 06:00:00
2021-02-26 07:00:00+00:00,4.32975,61.1944616667,11.4,2457.37852759103,6.99035467367252,0.0145184289376275,0.1075439180565,6.99035467367252,0.16131587708475,45.706165174012604,No (reported postion),cruise,2021-02-26 07:00:00
2021-02-26 08:00:00+00:00,4.3455216667,61.3801066667,11.1,2276.51723370879,6.475869592607051,0.013449883000030001,0.09962876296318539,6.475869592607051,0.149443144444778,42.342224259353806,No (reported postion),cruise,2021-02-26 08:00:00
2021-02-26 09:00:00+00:00,4.3736183333,61.5635516667,10.8,2105.17269906851,5.9884562555559295,0.0124375629923085,0.092130096239322,5.9884562555559295,0.13819514435898297,39.1552909017119,No (reported postion),cruise,2021-02-26 09:00:00
2021-02-26 10:00:00+00:00,4.3831933333,61.7488633333,11.1,2276.51723370879,6.475869592607051,0.013449883000030001,0.09962876296318539,6.475869592607051,0.149443144444778,42.342224259353806,No (reported postion),cruise,2021-02-26 10:00:00
2021-02-26 11:00:00+00:00,4.410135,61.9288116667,10.9,2161.2460033976,6.14796456108725,0.012768849473027399,0.0945840701705731,6.14796456108725,0.14187610525586,40.1982298224936,No (reported postion),cruise,2021-02-26 11:00:00
2021-02-26 12:00:00+00:00,4.6289316667,62.078365,11.8,2713.77532713504,7.71971099622658,0.0160332459152398,0.11876478455733201,7.71971099622658,0.178147176835998,50.4750334368661,No (reported postion),cruise,2021-02-26 12:00:00
2021-02-26 13:00:00+00:00,4.891895,62.2267733333,11.6,2583.36682912065,7.348745903406679,0.0152627799532293,0.11305762928318,7.348745903406679,0.169586443924769,48.0494924453513,No (reported postion),cruise,2021-02-26 13:00:00
2021-02-26 14:00:00+00:00,5.1699966667,62.365325,12.2,2725.091,7.7519,0.016100100000000003,0.11926,7.7519,0.17889,50.6855,No (reported postion),cruise,2021-02-26 14:00:00
2021-02-26 15:00:00+00:00,5.48965,62.49325,11.2,2335.7342122619502,6.64432051628125,0.013799742610738,0.102220315635096,6.64432051628125,0.15333047345264397,43.4436341449158,No (reported postion),cruise,2021-02-26 15:00:00
2021-02-26 16:00:00+00:00,5.884465,62.4647683333,11.4,2355.10598291316,6.6994262095998005,0.013914192896861102,0.10306809553230499,6.6994262095998005,0.154602143298457,43.8039406012295,No (reported postion),cruise,2021-02-26 16:00:00
2021-02-26 17:00:00+00:00,6.2394766667,62.4861266667,7.3,695.903582428149,1.9795944357912298,0.00411146536664333,0.030455299012172803,1.9795944357912298,0.0456829485182592,12.9435020801734,No (reported postion),cruise,2021-02-26 17:00:00
2021-02-26 18:00:00+00:00,6.25904,62.47842,0.0,219.36,0.624,0.001296,0.0096,0.624,0.0144,4.08,No (reported postion),anchor,2021-02-26 18:00:00
2021-02-26 19:00:00+00:00,6.2589783333,62.4784283333,0.0,219.36,0.624,0.001296,0.0096,0.624,0.0144,4.08,No (reported postion),anchor,2021-02-26 19:00:00
2021-02-26 20:00:00+00:00,6.2589933333,62.4784333333,0.0,219.36,0.624,0.001296,0.0096,0.624,0.0144,4.08,No (reported postion),anchor,2021-02-26 20:00:00
2021-02-26 21:00:00+00:00,6.25896,62.478435,0.0,219.36,0.624,0.001296,0.0096,0.624,0.0144,4.08,No (reported postion),anchor,2021-02-26 21:00:00
2021-02-26 22:00:00+00:00,6.2589533333,62.478435,0.0,219.36,0.624,0.001296,0.0096,0.624,0.0144,4.08,No (reported postion),anchor,2021-02-26 22:00:00
2021-02-26 23:00:00+00:00,6.2589866667,62.4784233333,0.0,219.36,0.624,0.001296,0.0096,0.624,0.0144,4.08,No (reported postion),anchor,2021-02-26 23:00:00
2021-02-27 00:00:00+00:00,6.25898,62.47844,0.0,219.36,0.624,0.001296,0.0096,0.624,0.0144,4.08,No (reported postion),anchor,2021-02-27 00:00:00
2021-02-27 01:00:00+00:00,6.139615,62.4851183333,10.6,1913.88599017329,5.44431463287808,0.011307422699054501,0.0837586866596627,5.44431463287808,0.125638029989494,35.5974418303567,No (reported postion),cruise,2021-02-27 01:00:00
2021-02-27 02:00:00+00:00,5.81619,62.482135,10.4,1813.42205912456,5.1585310215797,0.0107138721217425,0.07936201571661079,5.1585310215797,0.119043023574916,33.7288566795596,No (reported postion),cruise,2021-02-27 02:00:00
2021-02-27 03:00:00+00:00,5.5088866667,62.475585,8.7,1105.16744327287,3.1438023550431797,0.00652943566047431,0.0483661900775874,3.1438023550431797,0.0725492851163812,20.5556307829747,No (reported postion),cruise,2021-02-27 03:00:00
2021-02-27 04:00:00+00:00,5.2546583333,62.3947116667,9.0,1262.55369159057,3.59150940715042,0.00745928876869703,0.0552539908792373,3.59150940715042,0.0828809863188559,23.4829461236758,No (reported postion),cruise,2021-02-27 04:00:00
2021-02-27 05:00:00+00:00,5.009905,62.2889716667,8.7,1150.62459978528,3.27311155299969,0.00679800091776859,0.0503555623538414,3.27311155299969,0.07553334353076209,21.4011140003826,No (reported postion),cruise,2021-02-27 05:00:00
2021-02-27 06:00:00+00:00,4.80802,62.19207,8.0,918.01969834619,2.6114345904815,0.0054237487648462,0.0401759167766385,2.6114345904815,0.060263875164957806,17.0747646300714,No (reported postion),cruise,2021-02-27 06:00:00
2021-02-27 07:00:00+00:00,4.6340583333,62.0835583333,8.7,1150.62459978528,3.27311155299969,0.00679800091776859,0.0503555623538414,3.27311155299969,0.07553334353076209,21.4011140003826,No (reported postion),cruise,2021-02-27 07:00:00
2021-02-27 08:00:00+00:00,4.4776783333,61.9580766667,8.9,1224.3993303386999,3.48297402503351,0.00723386912891575,0.0535842157697463,3.48297402503351,0.0803763236546194,22.7732917021422,No (reported postion),cruise,2021-02-27 08:00:00
2021-02-27 09:00:00+00:00,4.416055,61.8106283333,9.2,1341.4440374722599,3.8159239577985598,0.007925380527735471,0.058706522427670105,3.8159239577985598,0.08805978364150521,24.9502720317598,No (reported postion),cruise,2021-02-27 09:00:00
2021-02-27 10:00:00+00:00,4.39689,61.654305,9.5,1466.37650902259,4.17131173244937,0.008663493598164089,0.0641740266530673,4.17131173244937,0.0962610399796009,27.2739613275536,No (reported postion),cruise,2021-02-27 10:00:00
2021-02-27 11:00:00+00:00,4.36867,61.4951833333,9.2,1341.4440374722599,3.8159239577985598,0.007925380527735471,0.058706522427670105,3.8159239577985598,0.08805978364150521,24.9502720317598,No (reported postion),cruise,2021-02-27 11:00:00
2021-02-27 12:00:00+00:00,4.3663383333,61.340775,9.4,1423.84005642807,4.05031088261814,0.0084121841408223,0.0623124751172022,4.05031088261814,0.0934687126758033,26.4828019248109,No (reported postion),cruise,2021-02-27 12:00:00
2021-02-27 13:00:00+00:00,4.3596583333,61.18816,8.9,1224.3993303386999,3.48297402503351,0.00723386912891575,0.0535842157697463,3.48297402503351,0.0803763236546194,22.7732917021422,No (reported postion),cruise,2021-02-27 13:00:00
2021-02-27 14:00:00+00:00,4.3487933333,61.0528933333,7.9,887.915048365053,2.52579773057893,0.00524588759427931,0.0388584266242912,2.52579773057893,0.0582876399364368,16.5148313153238,No (reported postion),cruise,2021-02-27 14:00:00
2021-02-27 15:00:00+00:00,4.3719466667,60.919205,5.3,341.484135079464,1.76482997552561,0.00201752114817189,0.0177376433939133,1.15294682060437,0.0298650144366044,13.034067775497,No (reported postion),cruise,2021-02-27 15:00:00
2021-02-27 16:00:00+00:00,4.303475,60.9178766667,1.1,221.473247672849,0.682310838412753,0.0013084852707148599,0.0100281985437764,0.651832905345469,0.015411306927904,4.912490106221091,No (reported postion),anchor,2021-02-27 16:00:00
2021-02-27 17:00:00+00:00,4.2749116667,60.9286233333,0.5,219.55846428182298,0.62947622449406,0.00129717254608517,0.00964021398795797,0.626613909217268,0.0144949762328986,4.158182767301001,No (reported postion),anchor,2021-02-27 17:00:00
2021-02-27 18:00:00+00:00,4.2568083333,60.940355,1.3,222.848208217318,0.720250121707602,0.0013166086699929,0.0103068010523492,0.669942068402701,0.0160693022694253,5.45414031808244,No (reported postion),anchor,2021-02-27 18:00:00
2021-02-27 19:00:00+00:00,4.22288,60.9409366667,2.5,244.16803522785,1.30852806175753,0.00144256826064594,0.014626748494746,0.950738652158489,0.0262720291123212,13.8528459126255,No (reported postion),anchor,2021-02-27 19:00:00
2021-02-27 20:00:00+00:00,4.24484,60.8955716667,2.8,254.213503316593,1.58571264074888,0.00150191785329278,0.0166622197092265,1.0830442810997198,0.0310793461167152,17.8101448623331,No (reported postion),anchor,2021-02-27 20:00:00
2021-02-27 21:00:00+00:00,4.4117266667,60.8751283333,7.0,649.6959893217639,1.84815051667023,0.0038384664576996998,0.0284330848718496,1.84815051667023,0.0426496273077745,12.0840610705361,No (reported postion),cruise,2021-02-27 21:00:00
2021-02-27 22:00:00+00:00,4.7179433333,60.85924,6.5,522.178373809706,1.77014708661104,0.00308508010784728,0.023765067505478802,1.54472938785612,0.0364689612941673,11.7291844277942,No (reported postion),cruise,2021-02-27 22:00:00
2021-02-27 23:00:00+00:00,5.01672,60.8306416667,5.6,371.815068857407,1.79359886508494,0.00219671922519693,0.018839832998076,1.22458914487494,0.0310610281196863,12.7691026825552,No (reported postion),cruise,2021-02-27 23:00:00
2021-02-28 00:00:00+00:00,5.0438016667,60.81457,0.0,219.36,0.624,0.001296,0.0096,0.624,0.0144,4.08,No (reported postion),anchor,2021-02-28 00:00:00
2021-02-28 01:00:00+00:00,5.043865,60.8145683333,0.0,219.36,0.624,0.001296,0.0096,0.624,0.0144,4.08,No (reported postion),anchor,2021-02-28 01:00:00
2021-02-28 02:00:00+00:00,5.0438033333,60.8145916667,0.0,219.36,0.624,0.001296,0.0096,0.624,0.0144,4.08,No (reported postion),anchor,2021-02-28 02:00:00
2021-02-28 03:00:00+00:00,5.0439,60.8145983333,0.0,219.36,0.624,0.001296,0.0096,0.624,0.0144,4.08,No (reported postion),anchor,2021-02-28 03:00:00
2021-02-28 04:00:00+00:00,5.043805,60.8145816667,0.0,219.36,0.624,0.001296,0.0096,0.624,0.0144,4.08,No (reported postion),anchor,2021-02-28 04:00:00
2021-02-28 05:00:00+00:00,5.0438183333,60.8145733333,0.0,219.36,0.624,0.001296,0.0096,0.624,0.0144,4.08,No (reported postion),anchor,2021-02-28 05:00:00
2021-02-28 06:00:00+00:00,5.0438866667,60.8145933333,0.0,219.36,0.624,0.001296,0.0096,0.624,0.0144,4.08,No (reported postion),anchor,2021-02-28 06:00:00
2021-02-28 07:00:00+00:00,5.0438683333,60.8145716667,0.0,219.36,0.624,0.001296,0.0096,0.624,0.0144,4.08,No (reported postion),anchor,2021-02-28 07:00:00
2021-02-28 08:00:00+00:00,5.0438816667,60.814565,0.0,219.36,0.624,0.001296,0.0096,0.624,0.0144,4.08,No (reported postion),anchor,2021-02-28 08:00:00
2021-02-28 09:00:00+00:00,5.04386,60.8145833333,0.0,219.36,0.624,0.001296,0.0096,0.624,0.0144,4.08,No (reported postion),anchor,2021-02-28 09:00:00
2021-02-28 10:00:00+00:00,5.043865,60.8146166667,0.0,219.36,0.624,0.001296,0.0096,0.624,0.0144,4.08,No (reported postion),anchor,2021-02-28 10:00:00
2021-02-28 11:00:00+00:00,5.0438583333,60.8145833333,0.0,219.36,0.624,0.001296,0.0096,0.624,0.0144,4.08,No (reported postion),anchor,2021-02-28 11:00:00
2021-02-28 12:00:00+00:00,5.0438533333,60.8145966667,0.0,219.36,0.624,0.001296,0.0096,0.624,0.0144,4.08,No (reported postion),anchor,2021-02-28 12:00:00
2021-02-28 13:00:00+00:00,4.8390366667,60.8476283333,12.0,2729.39456966107,7.764142101880511,0.0161255259039057,0.119448340028931,7.764142101880511,0.179172510043396,50.7655445122956,No (reported postion),cruise,2021-02-28 13:00:00
2021-02-28 14:00:00+00:00,4.6631216667,60.7427766667,12.4,2725.091,7.7519,0.016100100000000003,0.11926,7.7519,0.17889,50.6855,No (reported postion),cruise,2021-02-28 14:00:00
2021-02-28 15:00:00+00:00,4.5330816667,60.5846733333,11.1,2276.51723370879,6.475869592607051,0.013449883000030001,0.09962876296318539,6.475869592607051,0.149443144444778,42.342224259353806,No (reported postion),cruise,2021-02-28 15:00:00
2021-02-28 16:00:00+00:00,4.5691383333,60.3911033333,11.0,2218.3576728491803,6.31042664049,0.0131062707148639,0.09708348677676931,6.31042664049,0.145625230165154,41.260481880127,No (reported postion),cruise,2021-02-28 16:00:00
2021-02-28 17:00:00+00:00,4.5736533333,60.2111966667,11.2,2335.7342122619502,6.64432051628125,0.013799742610738,0.102220315635096,6.64432051628125,0.15333047345264397,43.4436341449158,No (reported postion),cruise,2021-02-28 17:00:00
2021-02-28 18:00:00+00:00,4.594165,60.020295,11.1,2276.51723370879,6.475869592607051,0.013449883000030001,0.09962876296318539,6.475869592607051,0.149443144444778,42.342224259353806,No (reported postion),cruise,2021-02-28 18:00:00
2021-02-28 19:00:00+00:00,4.5926633333,59.8305683333,11.6,2583.36682912065,7.348745903406679,0.0152627799532293,0.11305762928318,7.348745903406679,0.169586443924769,48.0494924453513,No (reported postion),cruise,2021-02-28 19:00:00
2021-02-28 20:00:00+00:00,4.6007266667,59.6253516667,12.8,2725.091,7.7519,0.016100100000000003,0.11926,7.7519,0.17889,50.6855,No (reported postion),cruise,2021-02-28 20:00:00
2021-02-28 21:00:00+00:00,4.64585,59.4221316667,11.8,2713.77532713504,7.71971099622658,0.0160332459152398,0.11876478455733201,7.71971099622658,0.178147176835998,50.4750334368661,No (reported postion),cruise,2021-02-28 21:00:00
2021-02-28 22:00:00+00:00,4.7220783333,59.2276416667,13.2,2725.091,7.7519,0.016100100000000003,0.11926,7.7519,0.17889,50.6855,No (reported postion),cruise,2021-02-28 22:00:00
2021-02-28 23:00:00+00:00,5.02194,59.0960283333,11.3,2396.0181347941902,6.81580651035545,0.014155905829199799,0.10485856169777599,6.81580651035545,0.157287842546664,44.564888721554894,No (reported postion),cruise,2021-02-28 23:00:00
2021-03-01 00:00:00+00:00,5.3125833333,59.0662666667,11.0,2126.47733924704,6.04906026481653,0.012563432857695902,0.0930624656125619,6.04906026481653,0.139593698418843,39.5515478853388,No (reported postion),cruise,2021-03-01 00:00:00
2021-03-01 01:00:00+00:00,5.538635,59.0350766667,11.8,2600.3550955204696,7.39707138769499,0.0153631482667511,0.113801098272231,7.39707138769499,0.17070164740834598,48.365466765698,No (reported postion),cruise,2021-03-01 01:00:00
2021-03-01 02:00:00+00:00,5.5944016667,58.9268016667,0.6,219.688035571208,0.63305148479853,0.00129793806573799,0.00966646847679174,0.6283204509914629,0.014556983324777001,4.209225916596299,No (reported postion),anchor,2021-03-01 02:00:00
2021-03-01 03:00:00+00:00,5.6015783333,58.9276966667,0.0,219.36,0.624,0.001296,0.0096,0.624,0.0144,4.08,No (reported postion),anchor,2021-03-01 03:00:00
2021-03-01 04:00:00+00:00,5.6016066667,58.9276866667,0.0,219.36,0.624,0.001296,0.0096,0.624,0.0144,4.08,No (reported postion),anchor,2021-03-01 04:00:00
2021-03-01 05:00:00+00:00,5.6016033333,58.92774,0.0,219.36,0.624,0.001296,0.0096,0.624,0.0144,4.08,No (reported postion),anchor,2021-03-01 05:00:00
2021-03-01 06:00:00+00:00,5.60159,58.9277216667,0.0,219.36,0.624,0.001296,0.0096,0.624,0.0144,4.08,No (reported postion),anchor,2021-03-01 06:00:00
2021-03-01 07:00:00+00:00,5.6016216667,58.9277066667,0.0,219.36,0.624,0.001296,0.0096,0.624,0.0144,4.08,No (reported postion),anchor,2021-03-01 07:00:00
2021-03-01 08:00:00+00:00,5.6016333333,58.9276983333,0.0,219.36,0.624,0.001296,0.0096,0.624,0.0144,4.08,No (reported postion),anchor,2021-03-01 08:00:00
2021-03-01 09:00:00+00:00,5.6015833333,58.9277283333,0.0,219.36,0.624,0.001296,0.0096,0.624,0.0144,4.08,No (reported postion),anchor,2021-03-01 09:00:00
2021-03-01 10:00:00+00:00,5.6015916667,58.9277133333,0.0,219.36,0.624,0.001296,0.0096,0.624,0.0144,4.08,No (reported postion),anchor,2021-03-01 10:00:00
2021-03-01 11:00:00+00:00,5.47423,58.84466,12.9,2725.091,7.7519,0.016100100000000003,0.11926,7.7519,0.17889,50.6855,No (reported postion),cruise,2021-03-01 11:00:00
2021-03-01 12:00:00+00:00,5.3071283333,58.6610416667,12.4,2725.091,7.7519,0.016100100000000003,0.11926,7.7519,0.17889,50.6855,No (reported postion),cruise,2021-03-01 12:00:00
2021-03-01 13:00:00+00:00,5.235405,58.4566033333,12.6,2725.091,7.7519,0.016100100000000003,0.11926,7.7519,0.17889,50.6855,No (reported postion),cruise,2021-03-01 13:00:00
2021-03-01 14:00:00+00:00,5.3455383333,58.272575,13.5,2725.091,7.7519,0.016100100000000003,0.11926,7.7519,0.17889,50.6855,No (reported postion),cruise,2021-03-01 14:00:00
2021-03-01 15:00:00+00:00,5.651585,58.1288933333,12.8,2725.091,7.7519,0.016100100000000003,0.11926,7.7519,0.17889,50.6855,No (reported postion),cruise,2021-03-01 15:00:00
2021-03-01 16:00:00+00:00,5.9649033333,57.9897966667,12.3,2725.091,7.7519,0.016100100000000003,0.11926,7.7519,0.17889,50.6855,No (reported postion),cruise,2021-03-01 16:00:00
2021-03-01 17:00:00+00:00,6.2726916667,57.8577033333,12.6,2725.091,7.7519,0.016100100000000003,0.11926,7.7519,0.17889,50.6855,No (reported postion),cruise,2021-03-01 17:00:00
2021-03-01 18:00:00+00:00,6.5787383333,57.7323633333,12.4,2725.091,7.7519,0.016100100000000003,0.11926,7.7519,0.17889,50.6855,No (reported postion),cruise,2021-03-01 18:00:00
2021-03-01 19:00:00+00:00,6.931035,57.7183283333,10.9,2161.2460033976,6.14796456108725,0.012768849473027399,0.0945840701705731,6.14796456108725,0.14187610525586,40.1982298224936,No (reported postion),cruise,2021-03-01 19:00:00
2021-03-01 20:00:00+00:00,7.2769783333,57.7022916667,11.4,2457.37852759103,6.99035467367252,0.0145184289376275,0.1075439180565,6.99035467367252,0.16131587708475,45.706165174012604,No (reported postion),cruise,2021-03-01 20:00:00
2021-03-01 21:00:00+00:00,7.633135,57.68626,11.4,2457.37852759103,6.99035467367252,0.0145184289376275,0.1075439180565,6.99035467367252,0.16131587708475,45.706165174012604,No (reported postion),cruise,2021-03-01 21:00:00
2021-03-01 22:00:00+00:00,7.9900833333,57.6855566667,11.2,2335.7342122619502,6.64432051628125,0.013799742610738,0.102220315635096,6.64432051628125,0.15333047345264397,43.4436341449158,No (reported postion),cruise,2021-03-01 22:00:00
2021-03-01 23:00:00+00:00,8.3467183333,57.6988916667,11.1,2276.51723370879,6.475869592607051,0.013449883000030001,0.09962876296318539,6.475869592607051,0.149443144444778,42.342224259353806,No (reported postion),cruise,2021-03-01 23:00:00
2021-03-02 00:00:00+00:00,8.6943783333,57.7190966667,11.5,2519.82491693801,7.16799210507531,0.014887368218233301,0.11027680161654299,7.16799210507531,0.165415202424815,46.8676406870309,No (reported postion),cruise,2021-03-02 00:00:00
2021-03-02 01:00:00+00:00,9.0494516667,57.741975,11.4,2457.37852759103,6.99035467367252,0.0145184289376275,0.1075439180565,6.99035467367252,0.16131587708475,45.706165174012604,No (reported postion),cruise,2021-03-02 01:00:00
2021-03-02 02:00:00+00:00,9.4834,57.765,11.1,2276.51723370879,6.475869592607051,0.013449883000030001,0.09962876296318539,6.475869592607051,0.149443144444778,42.342224259353806,No (reported postion),cruise,2021-03-02 02:00:00
2021-03-02 03:00:00+00:00,9.7436883333,57.7770483333,11.0,2218.3576728491803,6.31042664049,0.0131062707148639,0.09708348677676931,6.31042664049,0.145625230165154,41.260481880127,No (reported postion),cruise,2021-03-02 03:00:00
2021-03-02 04:00:00+00:00,10.0758266667,57.7933516667,10.3,1840.04823426707,5.23427287647087,0.0108711821280549,0.0805272750226287,5.23427287647087,0.120790912533943,34.2240918846172,No (reported postion),cruise,2021-03-02 04:00:00
2021-03-02 05:00:00+00:00,10.3963316667,57.807895,10.6,1996.1030806357198,5.67819257073617,0.011793169185375102,0.0873568087805564,5.67819257073617,0.131035213170835,37.1266437317365,No (reported postion),cruise,2021-03-02 05:00:00
2021-03-02 06:00:00+00:00,10.7256833333,57.804105,10.6,1913.88599017329,5.44431463287808,0.011307422699054501,0.0837586866596627,5.44431463287808,0.125638029989494,35.5974418303567,No (reported postion),cruise,2021-03-02 06:00:00
2021-03-02 07:00:00+00:00,11.0220116667,57.73718,10.4,1891.07260726658,5.3794187952878705,0.0111726390363671,0.08276028915827491,5.3794187952878705,0.124140433737412,35.173122892266804,No (reported postion),cruise,2021-03-02 07:00:00
2021-03-02 08:00:00+00:00,11.30282,57.6654816667,9.7,1554.1739318724901,4.4210637011689995,0.00918220922550484,0.06801636463336919,4.4210637011689995,0.102024546950054,28.9069549691819,No (reported postion),cruise,2021-03-02 08:00:00
2021-03-02 09:00:00+00:00,11.5732216667,57.6000016667,5.9,417.01563694005904,1.75410463447747,0.0024637685333438897,0.0201611565037929,1.31047517274654,0.0322892553482936,12.165302688453599,No (reported postion),cruise,2021-03-02 09:00:00
2021-03-02 10:00:00+00:00,11.589705,57.5841033333,0.0,219.36,0.624,0.001296,0.0096,0.624,0.0144,4.08,No (reported postion),anchor,2021-03-02 10:00:00
2021-03-02 11:00:00+00:00,11.58924,57.58393,0.0,219.36,0.624,0.001296,0.0096,0.624,0.0144,4.08,No (reported postion),anchor,2021-03-02 11:00:00
2021-03-02 12:00:00+00:00,11.58912833335,57.5839275,0.0,219.36,0.624,0.001296,0.0096,0.624,0.0144,4.08,Linear (small gap),anchor,2021-03-02 12:00:00
2021-03-02 13:00:00+00:00,11.5890166667,57.583925,0.0,219.36,0.624,0.001296,0.0096,0.624,0.0144,4.08,No (reported postion),anchor,2021-03-02 13:00:00
2021-03-02 14:00:00+00:00,11.58917583335,57.5840325,0.0,219.36,0.624,0.001296,0.0096,0.624,0.0144,4.08,Linear (small gap),anchor,2021-03-02 14:00:00
2021-03-02 15:00:00+00:00,11.589335,57.58414,0.0,219.36,0.624,0.001296,0.0096,0.624,0.0144,4.08,No (reported postion),anchor,2021-03-02 15:00:00
2021-03-02 16:00:00+00:00,11.5895733333,57.5841116667,0.0,219.36,0.624,0.001296,0.0096,0.624,0.0144,4.08,No (reported postion),anchor,2021-03-02 16:00:00
2021-03-02 17:00:00+00:00,11.7082183333,57.64799,11.4,2355.10598291316,6.6994262095998005,0.013914192896861102,0.10306809553230499,6.6994262095998005,0.154602143298457,43.8039406012295,No (reported postion),cruise,2021-03-02 17:00:00
2021-03-02 18:00:00+00:00,11.8783616667,57.69001,0.0,219.36,0.624,0.001296,0.0096,0.624,0.0144,4.08,No (reported postion),anchor,2021-03-02 18:00:00
2021-03-02 19:00:00+00:00,11.8783483333,57.6900366667,0.0,219.36,0.624,0.001296,0.0096,0.624,0.0144,4.08,No (reported postion),anchor,2021-03-02 19:00:00
2021-03-02 20:00:00+00:00,11.8783783333,57.6900283333,0.0,219.36,0.624,0.001296,0.0096,0.624,0.0144,4.08,No (reported postion),anchor,2021-03-02 20:00:00
2021-03-02 21:00:00+00:00,11.878415,57.6899983333,0.0,219.36,0.624,0.001296,0.0096,0.624,0.0144,4.08,No (reported postion),anchor,2021-03-02 21:00:00
2021-03-02 22:00:00+00:00,11.878405,57.6900283333,0.0,219.36,0.624,0.001296,0.0096,0.624,0.0144,4.08,No (reported postion),anchor,2021-03-02 22:00:00
2021-03-02 23:00:00+00:00,11.8782566667,57.6900333333,0.0,219.36,0.624,0.001296,0.0096,0.624,0.0144,4.08,No (reported postion),anchor,2021-03-02 23:00:00
2021-03-03 00:00:00+00:00,11.878395,57.6900216667,0.0,219.36,0.624,0.001296,0.0096,0.624,0.0144,4.08,No (reported postion),anchor,2021-03-03 00:00:00
2021-03-03 01:00:00+00:00,11.8783216667,57.6900083333,0.0,219.36,0.624,0.001296,0.0096,0.624,0.0144,4.08,No (reported postion),anchor,2021-03-03 01:00:00
2021-03-03 02:00:00+00:00,11.8783383333,57.690025,0.0,219.36,0.624,0.001296,0.0096,0.624,0.0144,4.08,No (reported postion),anchor,2021-03-03 02:00:00
2021-03-03 03:00:00+00:00,11.878335,57.6900166667,0.0,219.36,0.624,0.001296,0.0096,0.624,0.0144,4.08,No (reported postion),anchor,2021-03-03 03:00:00
2021-03-03 04:00:00+00:00,11.87832,57.690055,0.0,219.36,0.624,0.001296,0.0096,0.624,0.0144,4.08,No (reported postion),anchor,2021-03-03 04:00:00
2021-03-03 05:00:00+00:00,11.878425,57.6900466667,0.0,219.36,0.624,0.001296,0.0096,0.624,0.0144,4.08,No (reported postion),anchor,2021-03-03 05:00:00
2021-03-03 06:00:00+00:00,11.87837,57.6900366667,0.0,219.36,0.624,0.001296,0.0096,0.624,0.0144,4.08,No (reported postion),anchor,2021-03-03 06:00:00
2021-03-03 07:00:00+00:00,11.8783616667,57.6900283333,0.0,219.36,0.624,0.001296,0.0096,0.624,0.0144,4.08,No (reported postion),anchor,2021-03-03 07:00:00
2021-03-03 08:00:00+00:00,11.8783516667,57.6900183333,0.0,219.36,0.624,0.001296,0.0096,0.624,0.0144,4.08,No (reported postion),anchor,2021-03-03 08:00:00
2021-03-03 09:00:00+00:00,11.87429,57.69039,0.0,219.36,0.624,0.001296,0.0096,0.624,0.0144,4.08,No (reported postion),anchor,2021-03-03 09:00:00
2021-03-03 10:00:00+00:00,11.873375,57.6905216667,0.0,219.36,0.624,0.001296,0.0096,0.624,0.0144,4.08,No (reported postion),anchor,2021-03-03 10:00:00
2021-03-03 11:00:00+00:00,11.8733733333,57.6904833333,0.0,219.36,0.624,0.001296,0.0096,0.624,0.0144,4.08,No (reported postion),anchor,2021-03-03 11:00:00
2021-03-03 12:00:00+00:00,11.8734133333,57.6905183333,0.0,219.36,0.624,0.001296,0.0096,0.624,0.0144,4.08,No (reported postion),anchor,2021-03-03 12:00:00
2021-03-03 13:00:00+00:00,11.8733233333,57.6905016667,0.0,219.36,0.624,0.001296,0.0096,0.624,0.0144,4.08,No (reported postion),anchor,2021-03-03 13:00:00
2021-03-03 14:00:00+00:00,11.87334,57.6905016667,0.0,219.36,0.624,0.001296,0.0096,0.624,0.0144,4.08,No (reported postion),anchor,2021-03-03 14:00:00
2021-03-03 15:00:00+00:00,11.8734166667,57.6904933333,0.0,219.36,0.624,0.001296,0.0096,0.624,0.0144,4.08,No (reported postion),anchor,2021-03-03 15:00:00
2021-03-03 16:00:00+00:00,11.8733966667,57.6905116667,0.0,219.36,0.624,0.001296,0.0096,0.624,0.0144,4.08,No (reported postion),anchor,2021-03-03 16:00:00
2021-03-03 17:00:00+00:00,11.8733683333,57.6905033333,0.0,219.36,0.624,0.001296,0.0096,0.624,0.0144,4.08,No (reported postion),anchor,2021-03-03 17:00:00
2021-03-03 18:00:00+00:00,11.8733816667,57.6905166667,0.0,219.36,0.624,0.001296,0.0096,0.624,0.0144,4.08,No (reported postion),anchor,2021-03-03 18:00:00
2021-03-03 19:00:00+00:00,11.87333,57.6904916667,0.0,219.36,0.624,0.001296,0.0096,0.624,0.0144,4.08,No (reported postion),anchor,2021-03-03 19:00:00
2021-03-03 20:00:00+00:00,11.87338,57.69053,0.0,219.36,0.624,0.001296,0.0096,0.624,0.0144,4.08,No (reported postion),anchor,2021-03-03 20:00:00
2021-03-03 21:00:00+00:00,11.8733333333,57.69051,0.0,219.36,0.624,0.001296,0.0096,0.624,0.0144,4.08,No (reported postion),anchor,2021-03-03 21:00:00
2021-03-03 22:00:00+00:00,11.873425,57.6904883333,0.0,219.36,0.624,0.001296,0.0096,0.624,0.0144,4.08,No (reported postion),anchor,2021-03-03 22:00:00
2021-03-03 23:00:00+00:00,11.8733616667,57.6905133333,0.0,219.36,0.624,0.001296,0.0096,0.624,0.0144,4.08,No (reported postion),anchor,2021-03-03 23:00:00
2021-03-04 00:00:00+00:00,11.8733583333,57.69051,0.0,219.36,0.624,0.001296,0.0096,0.624,0.0144,4.08,No (reported postion),anchor,2021-03-04 00:00:00
2021-03-04 01:00:00+00:00,11.8733466667,57.690475,0.0,219.36,0.624,0.001296,0.0096,0.624,0.0144,4.08,No (reported postion),anchor,2021-03-04 01:00:00
2021-03-04 02:00:00+00:00,11.8733766667,57.6905016667,0.0,219.36,0.624,0.001296,0.0096,0.624,0.0144,4.08,No (reported postion),anchor,2021-03-04 02:00:00
2021-03-04 03:00:00+00:00,11.8733733333,57.69049,0.0,219.36,0.624,0.001296,0.0096,0.624,0.0144,4.08,No (reported postion),anchor,2021-03-04 03:00:00
2021-03-04 04:00:00+00:00,11.873375,57.6904883333,0.0,219.36,0.624,0.001296,0.0096,0.624,0.0144,4.08,No (reported postion),anchor,2021-03-04 04:00:00
2021-03-04 05:00:00+00:00,11.8734033333,57.6904916667,0.0,219.36,0.624,0.001296,0.0096,0.624,0.0144,4.08,No (reported postion),anchor,2021-03-04 05:00:00
2021-03-04 06:00:00+00:00,11.87336,57.69049,0.0,219.36,0.624,0.001296,0.0096,0.624,0.0144,4.08,No (reported postion),anchor,2021-03-04 06:00:00
2021-03-04 07:00:00+00:00,11.873365,57.6905016667,0.0,219.36,0.624,0.001296,0.0096,0.624,0.0144,4.08,No (reported postion),anchor,2021-03-04 07:00:00
2021-03-04 08:00:00+00:00,11.8733183333,57.6904833333,0.0,219.36,0.624,0.001296,0.0096,0.624,0.0144,4.08,No (reported postion),anchor,2021-03-04 08:00:00
2021-03-04 09:00:00+00:00,11.8733783333,57.6904833333,0.0,219.36,0.624,0.001296,0.0096,0.624,0.0144,4.08,No (reported postion),anchor,2021-03-04 09:00:00
2021-03-04 10:00:00+00:00,11.8733033333,57.690485,0.0,219.36,0.624,0.001296,0.0096,0.624,0.0144,4.08,No (reported postion),anchor,2021-03-04 10:00:00
2021-03-04 11:00:00+00:00,11.8733716667,57.6905133333,0.0,219.36,0.624,0.001296,0.0096,0.624,0.0144,4.08,No (reported postion),anchor,2021-03-04 11:00:00
2021-03-04 12:00:00+00:00,11.8733266667,57.6904816667,0.0,219.36,0.624,0.001296,0.0096,0.624,0.0144,4.08,No (reported postion),anchor,2021-03-04 12:00:00
2021-03-04 13:00:00+00:00,11.873355,57.69052,0.0,219.36,0.624,0.001296,0.0096,0.624,0.0144,4.08,No (reported postion),anchor,2021-03-04 13:00:00
2021-03-04 14:00:00+00:00,11.66822,57.61723,10.8,2018.21345128292,5.7410885922708905,0.0119237993839472,0.08832443988109069,5.7410885922708905,0.13248665982163602,37.5378869494635,No (reported postion),cruise,2021-03-04 14:00:00
2021-03-04 15:00:00+00:00,11.5704766667,57.4175516667,12.9,2725.091,7.7519,0.016100100000000003,0.11926,7.7519,0.17889,50.6855,No (reported postion),cruise,2021-03-04 15:00:00
2021-03-04 16:00:00+00:00,11.560915,57.2059116667,12.7,2725.091,7.7519,0.016100100000000003,0.11926,7.7519,0.17889,50.6855,No (reported postion),cruise,2021-03-04 16:00:00
2021-03-04 17:00:00+00:00,11.6956166667,57.0053033333,13.0,2725.091,7.7519,0.016100100000000003,0.11926,7.7519,0.17889,50.6855,No (reported postion),cruise,2021-03-04 17:00:00
2021-03-04 18:00:00+00:00,11.8277383333,56.7964566667,13.5,2725.091,7.7519,0.016100100000000003,0.11926,7.7519,0.17889,50.6855,No (reported postion),cruise,2021-03-04 18:00:00
2021-03-04 19:00:00+00:00,11.6959083333,56.6027133333,13.0,2725.091,7.7519,0.016100100000000003,0.11926,7.7519,0.17889,50.6855,No (reported postion),cruise,2021-03-04 19:00:00
2021-03-04 20:00:00+00:00,11.49427,56.4133516667,13.4,2725.091,7.7519,0.016100100000000003,0.11926,7.7519,0.17889,50.6855,No (reported postion),cruise,2021-03-04 20:00:00
2021-03-04 21:00:00+00:00,11.3101633333,56.216325,13.2,2725.091,7.7519,0.016100100000000003,0.11926,7.7519,0.17889,50.6855,No (reported postion),cruise,2021-03-04 21:00:00
2021-03-04 22:00:00+00:00,11.0852533333,56.0471066667,9.1,1301.5654185399198,3.70248368512449,0.00768977380756624,0.0569612874634537,3.70248368512449,0.0854419311951805,24.208547171967798,No (reported postion),cruise,2021-03-04 22:00:00
2021-03-04 23:00:00+00:00,10.9269216667,55.9090833333,11.8,2600.3550955204696,7.39707138769499,0.0153631482667511,0.113801098272231,7.39707138769499,0.17070164740834598,48.365466765698,No (reported postion),cruise,2021-03-04 23:00:00
2021-03-05 00:00:00+00:00,10.7912633333,55.7209566667,13.1,2725.091,7.7519,0.016100100000000003,0.11926,7.7519,0.17889,50.6855,No (reported postion),cruise,2021-03-05 00:00:00
2021-03-05 01:00:00+00:00,10.8611916667,55.5140733333,13.2,2725.091,7.7519,0.016100100000000003,0.11926,7.7519,0.17889,50.6855,No (reported postion),cruise,2021-03-05 01:00:00
2021-03-05 02:00:00+00:00,11.0298016667,55.322645,13.4,2725.091,7.7519,0.016100100000000003,0.11926,7.7519,0.17889,50.6855,No (reported postion),cruise,2021-03-05 02:00:00
2021-03-05 03:00:00+00:00,11.03815,55.1236083333,12.9,2725.091,7.7519,0.016100100000000003,0.11926,7.7519,0.17889,50.6855,No (reported postion),cruise,2021-03-05 03:00:00
2021-03-05 04:00:00+00:00,10.91199,54.9286766667,13.3,2725.091,7.7519,0.016100100000000003,0.11926,7.7519,0.17889,50.6855,No (reported postion),cruise,2021-03-05 04:00:00
2021-03-05 05:00:00+00:00,10.8559066667,54.7135333333,13.3,2725.091,7.7519,0.016100100000000003,0.11926,7.7519,0.17889,50.6855,No (reported postion),cruise,2021-03-05 05:00:00
2021-03-05 06:00:00+00:00,11.1603783333,54.5877416667,13.4,2725.091,7.7519,0.016100100000000003,0.11926,7.7519,0.17889,50.6855,No (reported postion),cruise,2021-03-05 06:00:00
2021-03-05 07:00:00+00:00,11.4969316667,54.4921416667,13.0,2725.091,7.7519,0.016100100000000003,0.11926,7.7519,0.17889,50.6855,No (reported postion),cruise,2021-03-05 07:00:00
2021-03-05 08:00:00+00:00,11.8463883333,54.4125166667,13.2,2725.091,7.7519,0.016100100000000003,0.11926,7.7519,0.17889,50.6855,No (reported postion),cruise,2021-03-05 08:00:00
2021-03-05 09:00:00+00:00,12.2002166667,54.4337116667,12.9,2725.091,7.7519,0.016100100000000003,0.11926,7.7519,0.17889,50.6855,No (reported postion),cruise,2021-03-05 09:00:00
2021-03-05 10:00:00+00:00,12.3816033333,54.6188883333,13.0,2725.091,7.7519,0.016100100000000003,0.11926,7.7519,0.17889,50.6855,No (reported postion),cruise,2021-03-05 10:00:00
2021-03-05 11:00:00+00:00,12.6934083333,54.7399183333,12.9,2725.091,7.7519,0.016100100000000003,0.11926,7.7519,0.17889,50.6855,No (reported postion),cruise,2021-03-05 11:00:00
2021-03-05 12:00:00+00:00,13.038385,54.8116166667,12.5,2725.091,7.7519,0.016100100000000003,0.11926,7.7519,0.17889,50.6855,No (reported postion),cruise,2021-03-05 12:00:00
2021-03-05 13:00:00+00:00,13.3878233333,54.8808083333,12.7,2725.091,7.7519,0.016100100000000003,0.11926,7.7519,0.17889,50.6855,No (reported postion),cruise,2021-03-05 13:00:00
2021-03-05 14:00:00+00:00,13.7347583333,54.9531516667,12.9,2725.091,7.7519,0.016100100000000003,0.11926,7.7519,0.17889,50.6855,No (reported postion),cruise,2021-03-05 14:00:00
2021-03-05 15:00:00+00:00,14.093905,55.0123533333,13.1,2725.091,7.7519,0.016100100000000003,0.11926,7.7519,0.17889,50.6855,No (reported postion),cruise,2021-03-05 15:00:00
2021-03-05 16:00:00+00:00,14.342255,55.1674916667,13.0,2725.091,7.7519,0.016100100000000003,0.11926,7.7519,0.17889,50.6855,No (reported postion),cruise,2021-03-05 16:00:00
2021-03-05 17:00:00+00:00,14.57301,55.3361266667,12.8,2725.091,7.7519,0.016100100000000003,0.11926,7.7519,0.17889,50.6855,No (reported postion),cruise,2021-03-05 17:00:00
2021-03-05 18:00:00+00:00,14.8653716667,55.46384,12.7,2725.091,7.7519,0.016100100000000003,0.11926,7.7519,0.17889,50.6855,No (reported postion),cruise,2021-03-05 18:00:00
2021-03-05 19:00:00+00:00,15.2034733333,55.5562083333,13.0,2725.091,7.7519,0.016100100000000003,0.11926,7.7519,0.17889,50.6855,No (reported postion),cruise,2021-03-05 19:00:00
2021-03-05 20:00:00+00:00,15.5269133333,55.66889,12.6,2725.091,7.7519,0.016100100000000003,0.11926,7.7519,0.17889,50.6855,No (reported postion),cruise,2021-03-05 20:00:00
2021-03-05 21:00:00+00:00,15.8487633333,55.7778866667,12.5,2725.091,7.7519,0.016100100000000003,0.11926,7.7519,0.17889,50.6855,No (reported postion),cruise,2021-03-05 21:00:00
2021-03-05 22:00:00+00:00,16.1740283333,55.8820383333,12.6,2725.091,7.7519,0.016100100000000003,0.11926,7.7519,0.17889,50.6855,No (reported postion),cruise,2021-03-05 22:00:00
2021-03-05 23:00:00+00:00,16.5079816667,55.9805,12.8,2725.091,7.7519,0.016100100000000003,0.11926,7.7519,0.17889,50.6855,No (reported postion),cruise,2021-03-05 23:00:00
2021-03-06 00:00:00+00:00,16.85122,56.07518,13.0,2725.091,7.7519,0.016100100000000003,0.11926,7.7519,0.17889,50.6855,No (reported postion),cruise,2021-03-06 00:00:00
2021-03-06 01:00:00+00:00,17.226105,56.242825416675,13.025,2725.091,7.7519,0.016100100000000003,0.11926,7.7519,0.17889,50.6855,Linear (small gap),cruise,2021-03-06 01:00:00
2021-03-06 02:00:00+00:00,17.60099,56.41047083335,13.05,2725.091,7.7519,0.016100100000000003,0.11926,7.7519,0.17889,50.6855,Linear (small gap),cruise,2021-03-06 02:00:00
2021-03-06 03:00:00+00:00,17.975875,56.578116250025,13.075,2725.091,7.7519,0.016100100000000003,0.11926,7.7519,0.17889,50.6855,Linear (small gap),cruise,2021-03-06 03:00:00
2021-03-06 04:00:00+00:00,18.35076,56.7457616667,13.1,2725.091,7.7519,0.016100100000000003,0.11926,7.7519,0.17889,50.6855,No (reported postion),cruise,2021-03-06 04:00:00
2021-03-06 05:00:00+00:00,18.553316,56.87540500002,12.76,2725.091,7.7519,0.016100100000000003,0.11926,7.7519,0.17889,50.6855,Linear (small gap),cruise,2021-03-06 05:00:00
2021-03-06 06:00:00+00:00,18.755872,57.00504833334,12.42,2725.091,7.7519,0.016100100000000003,0.11926,7.7519,0.17889,50.6855,Linear (small gap),cruise,2021-03-06 06:00:00
2021-03-06 07:00:00+00:00,18.958428,57.13469166666,12.08,2725.091,7.7519,0.016100100000000003,0.11926,7.7519,0.17889,50.6855,Linear (small gap),cruise,2021-03-06 07:00:00
2021-03-06 08:00:00+00:00,19.160984,57.26433499998,11.74,2725.091,7.7519,0.016100100000000003,0.11926,7.7519,0.17889,50.6855,Linear (small gap),cruise,2021-03-06 08:00:00
2021-03-06 09:00:00+00:00,19.36354,57.3939783333,11.4,2457.37852759103,6.99035467367252,0.0145184289376275,0.1075439180565,6.99035467367252,0.16131587708475,45.706165174012604,No (reported postion),cruise,2021-03-06 09:00:00
2021-03-06 10:00:00+00:00,19.57563166665,57.5404175,11.4,2725.091,7.7519,0.016100100000000003,0.11926,7.7519,0.17889,50.6855,Linear (small gap),cruise,2021-03-06 10:00:00
2021-03-06 11:00:00+00:00,19.7877233333,57.6868566667,11.4,2457.37852759103,6.99035467367252,0.0145184289376275,0.1075439180565,6.99035467367252,0.16131587708475,45.706165174012604,No (reported postion),cruise,2021-03-06 11:00:00
2021-03-06 12:00:00+00:00,19.9291383333,57.7892816667,11.5,2519.82491693801,7.16799210507531,0.014887368218233301,0.11027680161654299,7.16799210507531,0.165415202424815,46.8676406870309,No (reported postion),cruise,2021-03-06 12:00:00
2021-03-06 13:00:00+00:00,20.1599614285429,57.9521985714571,11.3285714285714,2725.091,7.7519,0.016100100000000003,0.11926,7.7519,0.17889,50.6855,Linear (small gap),cruise,2021-03-06 13:00:00
2021-03-06 14:00:00+00:00,20.3907845237857,58.1151154762143,11.1571428571429,2725.091,7.7519,0.016100100000000003,0.11926,7.7519,0.17889,50.6855,Linear (small gap),cruise,2021-03-06 14:00:00
2021-03-06 15:00:00+00:00,20.6216076190286,58.2780323809714,10.9857142857143,2725.091,7.7519,0.016100100000000003,0.11926,7.7519,0.17889,50.6855,Linear (small gap),cruise,2021-03-06 15:00:00
2021-03-06 16:00:00+00:00,20.8524307142714,58.4409492857286,10.8142857142857,2725.091,7.7519,0.016100100000000003,0.11926,7.7519,0.17889,50.6855,Linear (small gap),cruise,2021-03-06 16:00:00
2021-03-06 17:00:00+00:00,21.0832538095143,58.6038661904857,10.6428571428571,2725.091,7.7519,0.016100100000000003,0.11926,7.7519,0.17889,50.6855,Linear (small gap),cruise,2021-03-06 17:00:00
2021-03-06 18:00:00+00:00,21.3140769047571,58.7667830952429,10.4714285714286,2725.091,7.7519,0.016100100000000003,0.11926,7.7519,0.17889,50.6855,Linear (small gap),cruise,2021-03-06 18:00:00
2021-03-06 19:00:00+00:00,21.5449,58.9297,10.3,1840.04823426707,5.23427287647087,0.0108711821280549,0.0805272750226287,5.23427287647087,0.120790912533943,34.2240918846172,No (reported postion),cruise,2021-03-06 19:00:00
2021-03-06 20:00:00+00:00,21.5757,58.9509,9.7,1554.1739318724901,4.4210637011689995,0.00918220922550484,0.06801636463336919,4.4210637011689995,0.102024546950054,28.9069549691819,No (reported postion),cruise,2021-03-06 20:00:00
2021-03-06 21:00:00+00:00,21.7747,59.0878,10.0,1692.8242545824,4.81547380953419,0.0100013686813402,0.0740842124543722,4.81547380953419,0.111126318681558,31.4857902931082,No (reported postion),cruise,2021-03-06 21:00:00
2021-03-06 22:00:00+00:00,22.026,59.195,10.2,1790.00506867688,5.091918138468159,0.0105755222875877,0.0783372021302793,5.091918138468159,0.117505803195419,33.2933109053687,No (reported postion),cruise,2021-03-06 22:00:00
2021-03-06 23:00:00+00:00,22.2886,59.3093,11.0,2218.3576728491803,6.31042664049,0.0131062707148639,0.09708348677676931,6.31042664049,0.145625230165154,41.260481880127,No (reported postion),cruise,2021-03-06 23:00:00
2021-03-07 00:00:00+00:00,22.586,59.4085,10.7,2050.12823357639,5.8318746250531905,0.0121123549904951,0.0897211480777414,5.8318746250531905,0.134581722116612,38.1314879330401,No (reported postion),cruise,2021-03-07 00:00:00
2021-03-07 01:00:00+00:00,22.9129883333,59.4647,10.7,2050.12823357639,5.8318746250531905,0.0121123549904951,0.0897211480777414,5.8318746250531905,0.134581722116612,38.1314879330401,No (reported postion),cruise,2021-03-07 01:00:00
2021-03-07 02:00:00+00:00,23.2414,59.5265,10.8,2105.17269906851,5.9884562555559295,0.0124375629923085,0.092130096239322,5.9884562555559295,0.13819514435898297,39.1552909017119,No (reported postion),cruise,2021-03-07 02:00:00
2021-03-07 03:00:00+00:00,23.5792,59.5846,11.1,2276.51723370879,6.475869592607051,0.013449883000030001,0.09962876296318539,6.475869592607051,0.149443144444778,42.342224259353806,No (reported postion),cruise,2021-03-07 03:00:00
2021-03-07 04:00:00+00:00,23.936,59.6394,11.0,2218.3576728491803,6.31042664049,0.0131062707148639,0.09708348677676931,6.31042664049,0.145625230165154,41.260481880127,No (reported postion),cruise,2021-03-07 04:00:00
2021-03-07 05:00:00+00:00,24.2651633333,59.69582,11.0,2218.3576728491803,6.31042664049,0.0131062707148639,0.09708348677676931,6.31042664049,0.145625230165154,41.260481880127,No (reported postion),cruise,2021-03-07 05:00:00
2021-03-07 06:00:00+00:00,24.6113583333,59.7430883333,10.9,2161.2460033976,6.14796456108725,0.012768849473027399,0.0945840701705731,6.14796456108725,0.14187610525586,40.1982298224936,No (reported postion),cruise,2021-03-07 06:00:00
2021-03-07 07:00:00+00:00,24.9691166667,59.78365,11.1,2276.51723370879,6.475869592607051,0.013449883000030001,0.09962876296318539,6.475869592607051,0.149443144444778,42.342224259353806,No (reported postion),cruise,2021-03-07 07:00:00
2021-03-07 08:00:00+00:00,25.3298083333,59.8214766667,11.1,2276.51723370879,6.475869592607051,0.013449883000030001,0.09962876296318539,6.475869592607051,0.149443144444778,42.342224259353806,No (reported postion),cruise,2021-03-07 08:00:00
2021-03-07 09:00:00+00:00,25.6983683333,59.85813,11.4,2457.37852759103,6.99035467367252,0.0145184289376275,0.1075439180565,6.99035467367252,0.16131587708475,45.706165174012604,No (reported postion),cruise,2021-03-07 09:00:00
2021-03-07 10:00:00+00:00,26.0174,59.9393,10.6,1996.1030806357198,5.67819257073617,0.011793169185375102,0.0873568087805564,5.67819257073617,0.131035213170835,37.1266437317365,No (reported postion),cruise,2021-03-07 10:00:00
2021-03-07 11:00:00+00:00,26.225355,60.0819083333,10.9,2161.2460033976,6.14796456108725,0.012768849473027399,0.0945840701705731,6.14796456108725,0.14187610525586,40.1982298224936,No (reported postion),cruise,2021-03-07 11:00:00
2021-03-07 12:00:00+00:00,26.4187316667,60.23673,8.8,1140.05007769449,3.2430308555860603,0.006735525623140289,0.0498927823936317,3.2430308555860603,0.0748391735904476,21.204432517293498,No (reported postion),cruise,2021-03-07 12:00:00
2021-03-07 13:00:00+00:00,26.6962633333,60.3665366667,11.2,2238.7505508592503,6.36843701557337,0.0132267538015755,0.09797595408574411,6.36843701557337,0.146963931128616,41.639780486441204,No (reported postion),cruise,2021-03-07 13:00:00
2021-03-07 14:00:00+00:00,27.06842,60.3436433333,10.5,1863.17563944091,5.30006199403323,0.011007821064530599,0.081539415292819,5.30006199403323,0.12230912293922801,34.6542514994481,No (reported postion),cruise,2021-03-07 14:00:00
2021-03-07 15:00:00+00:00,27.27255,60.465125,11.2,2238.7505508592503,6.36843701557337,0.0132267538015755,0.09797595408574411,6.36843701557337,0.146963931128616,41.639780486441204,No (reported postion),cruise,2021-03-07 15:00:00
2021-03-07 16:00:00+00:00,27.15975,60.5169233333,0.0,219.36,0.624,0.001296,0.0096,0.624,0.0144,4.08,No (reported postion),anchor,2021-03-07 16:00:00
2021-03-07 17:00:00+00:00,27.1597633333,60.5169516667,0.0,219.36,0.624,0.001296,0.0096,0.624,0.0144,4.08,No (reported postion),anchor,2021-03-07 17:00:00
2021-03-07 18:00:00+00:00,27.15976,60.5169233333,0.0,219.36,0.624,0.001296,0.0096,0.624,0.0144,4.08,No (reported postion),anchor,2021-03-07 18:00:00
2021-03-07 19:00:00+00:00,27.1597483333,60.516935,0.0,219.36,0.624,0.001296,0.0096,0.624,0.0144,4.08,No (reported postion),anchor,2021-03-07 19:00:00
2021-03-07 20:00:00+00:00,27.1597633333,60.516925,0.0,219.36,0.624,0.001296,0.0096,0.624,0.0144,4.08,No (reported postion),anchor,2021-03-07 20:00:00
2021-03-07 21:00:00+00:00,27.1597533333,60.516905,0.0,219.36,0.624,0.001296,0.0096,0.624,0.0144,4.08,No (reported postion),anchor,2021-03-07 21:00:00
2021-03-07 22:00:00+00:00,27.15978,60.5169433333,0.0,219.36,0.624,0.001296,0.0096,0.624,0.0144,4.08,No (reported postion),anchor,2021-03-07 22:00:00
2021-03-07 23:00:00+00:00,27.1597366667,60.516945,0.0,219.36,0.624,0.001296,0.0096,0.624,0.0144,4.08,No (reported postion),anchor,2021-03-07 23:00:00
2021-03-08 00:00:00+00:00,27.1598366667,60.51694,0.0,219.36,0.624,0.001296,0.0096,0.624,0.0144,4.08,No (reported postion),anchor,2021-03-08 00:00:00
2021-03-08 01:00:00+00:00,27.1597566667,60.5169333333,0.0,219.36,0.624,0.001296,0.0096,0.624,0.0144,4.08,No (reported postion),anchor,2021-03-08 01:00:00
2021-03-08 02:00:00+00:00,27.159705,60.51691,0.0,219.36,0.624,0.001296,0.0096,0.624,0.0144,4.08,No (reported postion),anchor,2021-03-08 02:00:00
2021-03-08 03:00:00+00:00,27.1597483333,60.5169333333,0.0,219.36,0.624,0.001296,0.0096,0.624,0.0144,4.08,No (reported postion),anchor,2021-03-08 03:00:00
2021-03-08 04:00:00+00:00,27.1598283333,60.5169383333,0.0,219.36,0.624,0.001296,0.0096,0.624,0.0144,4.08,No (reported postion),anchor,2021-03-08 04:00:00
2021-03-08 05:00:00+00:00,27.1597683333,60.5169516667,0.0,219.36,0.624,0.001296,0.0096,0.624,0.0144,4.08,No (reported postion),anchor,2021-03-08 05:00:00
2021-03-08 06:00:00+00:00,27.159755,60.5169416667,0.0,219.36,0.624,0.001296,0.0096,0.624,0.0144,4.08,No (reported postion),anchor,2021-03-08 06:00:00
2021-03-08 07:00:00+00:00,27.1597366667,60.5169466667,0.0,219.36,0.624,0.001296,0.0096,0.624,0.0144,4.08,No (reported postion),anchor,2021-03-08 07:00:00
2021-03-08 08:00:00+00:00,27.1597616667,60.5169316667,0.0,219.36,0.624,0.001296,0.0096,0.624,0.0144,4.08,No (reported postion),anchor,2021-03-08 08:00:00
2021-03-08 09:00:00+00:00,27.1597616667,60.5169216667,0.0,219.36,0.624,0.001296,0.0096,0.624,0.0144,4.08,No (reported postion),anchor,2021-03-08 09:00:00
2021-03-08 10:00:00+00:00,27.1598033333,60.5169233333,0.0,219.36,0.624,0.001296,0.0096,0.624,0.0144,4.08,No (reported postion),anchor,2021-03-08 10:00:00
2021-03-08 11:00:00+00:00,27.1415,60.4280416667,11.4,2355.10598291316,6.6994262095998005,0.013914192896861102,0.10306809553230499,6.6994262095998005,0.154602143298457,43.8039406012295,No (reported postion),cruise,2021-03-08 11:00:00
2021-03-08 12:00:00+00:00,26.9237433333,60.3604016667,11.5,2414.83731185375,6.86934027441986,0.0142670913391797,0.10568215806799801,6.86934027441986,0.158523237101997,44.9149171788991,No (reported postion),cruise,2021-03-08 12:00:00
2021-03-08 13:00:00+00:00,26.575385,60.3124383333,12.3,2725.091,7.7519,0.016100100000000003,0.11926,7.7519,0.17889,50.6855,No (reported postion),cruise,2021-03-08 13:00:00
2021-03-08 14:00:00+00:00,26.3433433333,60.1680716667,11.7,2648.01379042449,7.53264316750948,0.0156447204248274,0.115886817961684,7.53264316750948,0.173830226942526,49.2518976337158,No (reported postion),cruise,2021-03-08 14:00:00
2021-03-08 15:00:00+00:00,26.0752,60.0187,11.9,2725.091,7.7519,0.016100100000000003,0.11926,7.7519,0.17889,50.6855,No (reported postion),cruise,2021-03-08 15:00:00
2021-03-08 16:00:00+00:00,25.7198,59.9186,11.7,2648.01379042449,7.53264316750948,0.0156447204248274,0.115886817961684,7.53264316750948,0.173830226942526,49.2518976337158,No (reported postion),cruise,2021-03-08 16:00:00
2021-03-08 17:00:00+00:00,25.378805,59.885285,11.7,2648.01379042449,7.53264316750948,0.0156447204248274,0.115886817961684,7.53264316750948,0.173830226942526,49.2518976337158,No (reported postion),cruise,2021-03-08 17:00:00
2021-03-08 18:00:00+00:00,24.99729,59.8479416667,11.6,2583.36682912065,7.348745903406679,0.0152627799532293,0.11305762928318,7.348745903406679,0.169586443924769,48.0494924453513,No (reported postion),cruise,2021-03-08 18:00:00
2021-03-08 19:00:00+00:00,24.6157416667,59.80849,11.7,2648.01379042449,7.53264316750948,0.0156447204248274,0.115886817961684,7.53264316750948,0.173830226942526,49.2518976337158,No (reported postion),cruise,2021-03-08 19:00:00
2021-03-08 20:00:00+00:00,24.2438733333,59.7829616667,11.3,2396.0181347941902,6.81580651035545,0.014155905829199799,0.10485856169777599,6.81580651035545,0.157287842546664,44.564888721554894,No (reported postion),cruise,2021-03-08 20:00:00
2021-03-08 21:00:00+00:00,24.23223,59.9282266667,10.3,1764.6161371250198,5.0196957948851795,0.0104255220355308,0.0772260891520797,5.0196957948851795,0.11583913372811899,32.8210878896339,No (reported postion),cruise,2021-03-08 21:00:00
2021-03-08 22:00:00+00:00,23.9615583333,60.0079933333,1.9,229.776648069042,0.911426547375547,0.00135754255970769,0.011710681862567499,0.761194321066885,0.0193849473363229,8.183521120065,No (reported postion),anchor,2021-03-08 22:00:00
2021-03-08 23:00:00+00:00,23.9613635416375,60.0083691666375,1.675,226.496933051441,0.820929378071492,0.00133816568761245,0.0110461269158938,0.7179982495330941,0.0178154206966087,6.89151434847032,Linear (small gap),anchor,2021-03-08 23:00:00
2021-03-09 00:00:00+00:00,23.961168749975,60.008744999975,1.45,223.989895570708,0.7517526983514761,0.00132335386879849,0.0105381363891631,0.6849788652956019,0.0166156633726779,5.90389518510835,Linear (small gap),anchor,2021-03-09 00:00:00
2021-03-09 01:00:00+00:00,23.9609739583125,60.0091208333125,1.225,222.15174312189,0.701032561853463,0.0013124938871534,0.010165679240890601,0.66076915065789,0.0157360048594252,5.1797757423060204,Linear (small gap),anchor,2021-03-09 01:00:00
2021-03-09 02:00:00+00:00,23.96077916665,60.00949666665,1.0,220.878683200035,0.665905022215417,0.00130497252656476,0.009907724429591409,0.6440020879234409,0.015126774651745601,4.67826813239029,Linear (small gap),anchor,2021-03-09 02:00:00
2021-03-09 03:00:00+00:00,23.9605843749875,60.0098724999875,0.775,220.066923300191,0.643506133075305,0.00130017657092017,0.009743240913780591,0.6333106593957379,0.0147383022445336,4.35848446768811,Linear (small gap),anchor,2021-03-09 03:00:00
2021-03-09 04:00:00+00:00,23.960389583325,60.010248333325,0.55,219.612670917406,0.6309719480710899,0.00129749280410721,0.009651197651973269,0.627327847378263,0.0145209171326842,4.17953686052643,Linear (small gap),anchor,2021-03-09 04:00:00
2021-03-09 05:00:00+00:00,23.9601947916625,60.0106241666625,0.325,219.41213354672598,0.625438520840739,0.00129630801001348,0.00961056360268457,0.624686634174497,0.014424948811091999,4.10053742323221,Linear (small gap),anchor,2021-03-09 05:00:00
2021-03-09 06:00:00+00:00,23.96,60.011,0.1,219.36151868320002,0.624041905022215,0.00129600897252656,0.00960030772442959,0.624020002087923,0.0144007267746517,4.08059826813239,No (reported postion),anchor,2021-03-09 06:00:00
2021-03-09 07:00:00+00:00,24.01458,59.9880733333,11.6,2475.61653220237,7.04223521195421,0.014626180824828,0.10834208018391099,7.04223521195421,0.16251312027586598,46.0453840781622,No (reported postion),cruise,2021-03-09 07:00:00
2021-03-09 08:00:00+00:00,24.1755,59.8808,11.6,2583.36682912065,7.348745903406679,0.0152627799532293,0.11305762928318,7.348745903406679,0.169586443924769,48.0494924453513,No (reported postion),cruise,2021-03-09 08:00:00
2021-03-09 09:00:00+00:00,23.9404,59.7215,11.7,2648.01379042449,7.53264316750948,0.0156447204248274,0.115886817961684,7.53264316750948,0.173830226942526,49.2518976337158,No (reported postion),cruise,2021-03-09 09:00:00
2021-03-09 10:00:00+00:00,23.5766,59.6686,11.7,2648.01379042449,7.53264316750948,0.0156447204248274,0.115886817961684,7.53264316750948,0.173830226942526,49.2518976337158,No (reported postion),cruise,2021-03-09 10:00:00
2021-03-09 11:00:00+00:00,23.1924,59.61,11.8,2713.77532713504,7.71971099622658,0.0160332459152398,0.11876478455733201,7.71971099622658,0.178147176835998,50.4750334368661,No (reported postion),cruise,2021-03-09 11:00:00
2021-03-09 12:00:00+00:00,22.8298,59.5578,12.0,2725.091,7.7519,0.016100100000000003,0.11926,7.7519,0.17889,50.6855,No (reported postion),cruise,2021-03-09 12:00:00
2021-03-09 13:00:00+00:00,22.4603,59.4821,12.5,2725.091,7.7519,0.016100100000000003,0.11926,7.7519,0.17889,50.6855,No (reported postion),cruise,2021-03-09 13:00:00
2021-03-09 14:00:00+00:00,22.132,59.3355,11.8,2713.77532713504,7.71971099622658,0.0160332459152398,0.11876478455733201,7.71971099622658,0.178147176835998,50.4750334368661,No (reported postion),cruise,2021-03-09 14:00:00
2021-03-09 15:00:00+00:00,21.8246,59.2107,11.9,2725.091,7.7519,0.016100100000000003,0.11926,7.7519,0.17889,50.6855,No (reported postion),cruise,2021-03-09 15:00:00
2021-03-09 16:00:00+00:00,21.5598,59.0689,11.7,2648.01379042449,7.53264316750948,0.0156447204248274,0.115886817961684,7.53264316750948,0.173830226942526,49.2518976337158,No (reported postion),cruise,2021-03-09 16:00:00
2021-03-09 17:00:00+00:00,21.31705555555,58.8999166666667,11.5833333333333,2725.091,7.7519,0.016100100000000003,0.11926,7.7519,0.17889,50.6855,Linear (small gap),cruise,2021-03-09 17:00:00
2021-03-09 18:00:00+00:00,21.0743111111,58.7309333333333,11.4666666666667,2725.091,7.7519,0.016100100000000003,0.11926,7.7519,0.17889,50.6855,Linear (small gap),cruise,2021-03-09 18:00:00
2021-03-09 19:00:00+00:00,20.83156666665,58.56195,11.35,2725.091,7.7519,0.016100100000000003,0.11926,7.7519,0.17889,50.6855,Linear (small gap),cruise,2021-03-09 19:00:00
2021-03-09 20:00:00+00:00,20.5888222222,58.3929666666667,11.2333333333333,2725.091,7.7519,0.016100100000000003,0.11926,7.7519,0.17889,50.6855,Linear (small gap),cruise,2021-03-09 20:00:00
2021-03-09 21:00:00+00:00,20.34607777775,58.2239833333333,11.1166666666667,2725.091,7.7519,0.016100100000000003,0.11926,7.7519,0.17889,50.6855,Linear (small gap),cruise,2021-03-09 21:00:00
2021-03-09 22:00:00+00:00,20.1033333333,58.055,11.0,2218.3576728491803,6.31042664049,0.0131062707148639,0.09708348677676931,6.31042664049,0.145625230165154,41.260481880127,No (reported postion),cruise,2021-03-09 22:00:00
2021-03-09 23:00:00+00:00,19.939235,57.9302933333,11.8,2713.77532713504,7.71971099622658,0.0160332459152398,0.11876478455733201,7.71971099622658,0.178147176835998,50.4750334368661,No (reported postion),cruise,2021-03-09 23:00:00
2021-03-10 00:00:00+00:00,19.7088116667,57.7605833333,11.8,2713.77532713504,7.71971099622658,0.0160332459152398,0.11876478455733201,7.71971099622658,0.178147176835998,50.4750334368661,No (reported postion),cruise,2021-03-10 00:00:00
2021-03-10 01:00:00+00:00,19.5231616667,57.6143,11.9,2725.091,7.7519,0.016100100000000003,0.11926,7.7519,0.17889,50.6855,No (reported postion),cruise,2021-03-10 01:00:00
2021-03-10 02:00:00+00:00,19.3135883333,57.45343,11.8,2713.77532713504,7.71971099622658,0.0160332459152398,0.11876478455733201,7.71971099622658,0.178147176835998,50.4750334368661,No (reported postion),cruise,2021-03-10 02:00:00
2021-03-10 03:00:00+00:00,19.14358,57.3305583333,11.6,2583.36682912065,7.348745903406679,0.0152627799532293,0.11305762928318,7.348745903406679,0.169586443924769,48.0494924453513,No (reported postion),cruise,2021-03-10 03:00:00
2021-03-10 04:00:00+00:00,18.91028,57.1800116667,11.8,2713.77532713504,7.71971099622658,0.0160332459152398,0.11876478455733201,7.71971099622658,0.178147176835998,50.4750334368661,No (reported postion),cruise,2021-03-10 04:00:00
2021-03-10 05:00:00+00:00,18.67843,57.0190816667,11.9,2725.091,7.7519,0.016100100000000003,0.11926,7.7519,0.17889,50.6855,No (reported postion),cruise,2021-03-10 05:00:00
2021-03-10 06:00:00+00:00,18.46127,56.86464,11.7,2648.01379042449,7.53264316750948,0.0156447204248274,0.115886817961684,7.53264316750948,0.173830226942526,49.2518976337158,No (reported postion),cruise,2021-03-10 06:00:00
2021-03-10 07:00:00+00:00,18.118135,56.71982,10.35,2725.091,7.7519,0.016100100000000003,0.11926,7.7519,0.17889,50.6855,Linear (small gap),cruise,2021-03-10 07:00:00
2021-03-10 08:00:00+00:00,17.775,56.575,9.0,1262.55369159057,3.59150940715042,0.00745928876869703,0.0552539908792373,3.59150940715042,0.0828809863188559,23.4829461236758,No (reported postion),cruise,2021-03-10 08:00:00
2021-03-10 09:00:00+00:00,17.4916666667,56.455,9.0,1262.55369159057,3.59150940715042,0.00745928876869703,0.0552539908792373,3.59150940715042,0.0828809863188559,23.4829461236758,No (reported postion),cruise,2021-03-10 09:00:00
2021-03-10 10:00:00+00:00,17.32333333335,56.38666666665,9.0,2725.091,7.7519,0.016100100000000003,0.11926,7.7519,0.17889,50.6855,Linear (small gap),cruise,2021-03-10 10:00:00
2021-03-10 11:00:00+00:00,17.155,56.3183333333,9.0,1262.55369159057,3.59150940715042,0.00745928876869703,0.0552539908792373,3.59150940715042,0.0828809863188559,23.4829461236758,No (reported postion),cruise,2021-03-10 11:00:00
2021-03-10 12:00:00+00:00,16.85958,56.20178,9.5,1466.37650902259,4.17131173244937,0.008663493598164089,0.0641740266530673,4.17131173244937,0.0962610399796009,27.2739613275536,No (reported postion),cruise,2021-03-10 12:00:00
2021-03-10 13:00:00+00:00,16.6536033333,56.1197016667,9.5,1466.37650902259,4.17131173244937,0.008663493598164089,0.0641740266530673,4.17131173244937,0.0962610399796009,27.2739613275536,No (reported postion),cruise,2021-03-10 13:00:00
2021-03-10 14:00:00+00:00,16.51011,56.0632483333,9.4,1423.84005642807,4.05031088261814,0.0084121841408223,0.0623124751172022,4.05031088261814,0.0934687126758033,26.4828019248109,No (reported postion),cruise,2021-03-10 14:00:00
2021-03-10 15:00:00+00:00,16.2738833333,55.983755,8.7,1150.62459978528,3.27311155299969,0.00679800091776859,0.0503555623538414,3.27311155299969,0.07553334353076209,21.4011140003826,No (reported postion),cruise,2021-03-10 15:00:00
2021-03-10 16:00:00+00:00,16.0575333333,55.9092483333,8.4,1046.15458954801,2.97593209280615,0.006180782038905089,0.0457835706585562,2.97593209280615,0.0686753559878343,19.4580175298864,No (reported postion),cruise,2021-03-10 16:00:00
2021-03-10 17:00:00+00:00,15.8468,55.8355383333,8.2,980.52483312059,2.78923913141525,0.0057930351190932,0.042911371252542206,2.78923913141525,0.0643670568788134,18.2373327823305,No (reported postion),cruise,2021-03-10 17:00:00
2021-03-10 18:00:00+00:00,15.6427683333,55.766245,7.7,829.953951787268,2.36091933768807,0.004903447855198299,0.0363218359644319,2.36091933768807,0.0544827539466478,15.4367802848835,No (reported postion),cruise,2021-03-10 18:00:00
2021-03-10 19:00:00+00:00,15.4438883333,55.7083766667,7.5,774.926951151951,2.2043873883972402,0.0045783430374404105,0.0339136521291882,2.2043873883972402,0.0508704781937824,14.413302154905,No (reported postion),cruise,2021-03-10 19:00:00
2021-03-10 20:00:00+00:00,15.2506683333,55.6501066667,7.4,748.4899210989,2.12918358299468,0.00442215051852742,0.032756670507610504,2.12918358299468,0.0491350057614157,13.921584965734501,No (reported postion),cruise,2021-03-10 20:00:00
2021-03-10 21:00:00+00:00,15.0165683333,55.5806783333,10.8,2105.17269906851,5.9884562555559295,0.0124375629923085,0.092130096239322,5.9884562555559295,0.13819514435898297,39.1552909017119,No (reported postion),cruise,2021-03-10 21:00:00
2021-03-10 22:00:00+00:00,14.7365066667,55.49986,10.5,1943.08771396095,5.5273829937620205,0.011479949294736499,0.0850366614424925,5.5273829937620205,0.127554992163739,36.1405811130593,No (reported postion),cruise,2021-03-10 22:00:00
2021-03-10 23:00:00+00:00,14.49967,55.3857083333,10.7,2050.12823357639,5.8318746250531905,0.0121123549904951,0.0897211480777414,5.8318746250531905,0.134581722116612,38.1314879330401,No (reported postion),cruise,2021-03-10 23:00:00
2021-03-11 00:00:00+00:00,14.3070916667,55.2527583333,10.0,1692.8242545824,4.81547380953419,0.0100013686813402,0.0740842124543722,4.81547380953419,0.111126318681558,31.4857902931082,No (reported postion),cruise,2021-03-11 00:00:00
2021-03-11 01:00:00+00:00,14.0267433333,55.22525,10.8,2105.17269906851,5.9884562555559295,0.0124375629923085,0.092130096239322,5.9884562555559295,0.13819514435898297,39.1552909017119,No (reported postion),cruise,2021-03-11 01:00:00
2021-03-11 02:00:00+00:00,13.72675,55.2333383333,10.2,1790.00506867688,5.091918138468159,0.0105755222875877,0.0783372021302793,5.091918138468159,0.117505803195419,33.2933109053687,No (reported postion),cruise,2021-03-11 02:00:00
2021-03-11 03:00:00+00:00,13.4197466667,55.23988,10.6,1996.1030806357198,5.67819257073617,0.011793169185375102,0.0873568087805564,5.67819257073617,0.131035213170835,37.1266437317365,No (reported postion),cruise,2021-03-11 03:00:00
2021-03-11 04:00:00+00:00,13.10879,55.2498216667,10.6,1996.1030806357198,5.67819257073617,0.011793169185375102,0.0873568087805564,5.67819257073617,0.131035213170835,37.1266437317365,No (reported postion),cruise,2021-03-11 04:00:00
2021-03-11 05:00:00+00:00,12.80163,55.2779383333,11.0,2218.3576728491803,6.31042664049,0.0131062707148639,0.09708348677676931,6.31042664049,0.145625230165154,41.260481880127,No (reported postion),cruise,2021-03-11 05:00:00
2021-03-11 06:00:00+00:00,12.6881316667,55.4103783333,11.7,2537.4527560581996,7.21813694283516,0.0149915151889653,0.111048260659002,7.21813694283516,0.166572390988504,47.195510780076,No (reported postion),cruise,2021-03-11 06:00:00
2021-03-11 07:00:00+00:00,12.7001033333,55.5940016667,10.9,2071.84878585857,5.89366175408346,0.012240682104634899,0.0906717192935917,5.89366175408346,0.13600757894038798,38.5354806997765,No (reported postion),cruise,2021-03-11 07:00:00
2021-03-11 08:00:00+00:00,12.7169133333,55.7976616667,11.4,2355.10598291316,6.6994262095998005,0.013914192896861102,0.10306809553230499,6.6994262095998005,0.154602143298457,43.8039406012295,No (reported postion),cruise,2021-03-11 08:00:00
2021-03-11 09:00:00+00:00,12.688635,55.991565,12.7,2725.091,7.7519,0.016100100000000003,0.11926,7.7519,0.17889,50.6855,No (reported postion),cruise,2021-03-11 09:00:00
2021-03-11 10:00:00+00:00,12.4435783333,56.181735,13.5,2725.091,7.7519,0.016100100000000003,0.11926,7.7519,0.17889,50.6855,No (reported postion),cruise,2021-03-11 10:00:00
2021-03-11 11:00:00+00:00,12.3403166667,56.41236,14.3,2725.091,7.7519,0.016100100000000003,0.11926,7.7519,0.17889,50.6855,No (reported postion),cruise,2021-03-11 11:00:00
2021-03-11 12:00:00+00:00,12.2557683333,56.6188033333,11.1,2276.51723370879,6.475869592607051,0.013449883000030001,0.09962876296318539,6.475869592607051,0.149443144444778,42.342224259353806,No (reported postion),cruise,2021-03-11 12:00:00
2021-03-11 13:00:00+00:00,12.171905,56.793975,10.8,2105.17269906851,5.9884562555559295,0.0124375629923085,0.092130096239322,5.9884562555559295,0.13819514435898297,39.1552909017119,No (reported postion),cruise,2021-03-11 13:00:00
2021-03-11 14:00:00+00:00,12.0837366667,56.9706466667,11.0,2218.3576728491803,6.31042664049,0.0131062707148639,0.09708348677676931,6.31042664049,0.145625230165154,41.260481880127,No (reported postion),cruise,2021-03-11 14:00:00
2021-03-11 15:00:00+00:00,11.9706383333,57.138495,10.5,1943.08771396095,5.5273829937620205,0.011479949294736499,0.0850366614424925,5.5273829937620205,0.127554992163739,36.1405811130593,No (reported postion),cruise,2021-03-11 15:00:00
2021-03-11 16:00:00+00:00,11.8169216667,57.2979083333,11.2,2238.7505508592503,6.36843701557337,0.0132267538015755,0.09797595408574411,6.36843701557337,0.146963931128616,41.639780486441204,No (reported postion),cruise,2021-03-11 16:00:00
2021-03-11 17:00:00+00:00,11.6303333333,57.4481483333,10.8,2018.21345128292,5.7410885922708905,0.0119237993839472,0.08832443988109069,5.7410885922708905,0.13248665982163602,37.5378869494635,No (reported postion),cruise,2021-03-11 17:00:00
2021-03-11 18:00:00+00:00,11.6400233333,57.5583366667,0.3,219.401004446401,0.625131435599816,0.0012962422582172498,0.00960830855959897,0.624540056373933,0.014419622915597102,4.09615323957454,No (reported postion),anchor,2021-03-11 18:00:00
2021-03-11 19:00:00+00:00,11.6409583333,57.55822,0.1,219.36151868320002,0.624041905022215,0.00129600897252656,0.00960030772442959,0.624020002087923,0.0144007267746517,4.08059826813239,No (reported postion),anchor,2021-03-11 19:00:00
2021-03-11 20:00:00+00:00,11.641955,57.557715,0.2,219.3721494656,0.624335240177723,0.0012960717802125198,0.00960246179543673,0.624160016703388,0.014405814197214,4.08478614505912,No (reported postion),anchor,2021-03-11 20:00:00
2021-03-11 21:00:00+00:00,11.6423766667,57.5574483333,0.1,219.36151868320002,0.624041905022215,0.00129600897252656,0.00960030772442959,0.624020002087923,0.0144007267746517,4.08059826813239,No (reported postion),anchor,2021-03-11 21:00:00
2021-03-11 22:00:00+00:00,11.6428083333,57.5569733333,0.3,219.401004446401,0.625131435599816,0.0012962422582172498,0.00960830855959897,0.624540056373933,0.014419622915597102,4.09615323957454,No (reported postion),anchor,2021-03-11 22:00:00
2021-03-11 23:00:00+00:00,11.642945,57.556955,0.1,219.36151868320002,0.624041905022215,0.00129600897252656,0.00960030772442959,0.624020002087923,0.0144007267746517,4.08059826813239,No (reported postion),anchor,2021-03-11 23:00:00
2021-03-12 00:00:00+00:00,11.64304,57.5560483333,0.3,219.401004446401,0.625131435599816,0.0012962422582172498,0.00960830855959897,0.624540056373933,0.014419622915597102,4.09615323957454,No (reported postion),anchor,2021-03-12 00:00:00
2021-03-12 01:00:00+00:00,11.6432,57.5564,0.1,219.36151868320002,0.624041905022215,0.00129600897252656,0.00960030772442959,0.624020002087923,0.0144007267746517,4.08059826813239,No (reported postion),anchor,2021-03-12 01:00:00
2021-03-12 02:00:00+00:00,11.6430816667,57.5564733333,0.0,219.36,0.624,0.001296,0.0096,0.624,0.0144,4.08,No (reported postion),anchor,2021-03-12 02:00:00
2021-03-12 03:00:00+00:00,11.6430933333,57.5565266667,0.1,219.36151868320002,0.624041905022215,0.00129600897252656,0.00960030772442959,0.624020002087923,0.0144007267746517,4.08059826813239,No (reported postion),anchor,2021-03-12 03:00:00
2021-03-12 04:00:00+00:00,11.6430583333,57.55607,0.3,219.401004446401,0.625131435599816,0.0012962422582172498,0.00960830855959897,0.624540056373933,0.014419622915597102,4.09615323957454,No (reported postion),anchor,2021-03-12 04:00:00
2021-03-12 05:00:00+00:00,11.6430216667,57.5565133333,0.3,219.401004446401,0.625131435599816,0.0012962422582172498,0.00960830855959897,0.624540056373933,0.014419622915597102,4.09615323957454,No (reported postion),anchor,2021-03-12 05:00:00
2021-03-12 06:00:00+00:00,11.6429,57.5569,0.3,219.401004446401,0.625131435599816,0.0012962422582172498,0.00960830855959897,0.624540056373933,0.014419622915597102,4.09615323957454,No (reported postion),anchor,2021-03-12 06:00:00
2021-03-12 07:00:00+00:00,11.6429583333,57.5567883333,0.0,219.36,0.624,0.001296,0.0096,0.624,0.0144,4.08,No (reported postion),anchor,2021-03-12 07:00:00
2021-03-12 08:00:00+00:00,11.6429483333,57.556945,0.0,219.36,0.624,0.001296,0.0096,0.624,0.0144,4.08,No (reported postion),anchor,2021-03-12 08:00:00
2021-03-12 09:00:00+00:00,11.6425033333,57.5573066667,0.0,219.36,0.624,0.001296,0.0096,0.624,0.0144,4.08,No (reported postion),anchor,2021-03-12 09:00:00
2021-03-12 10:00:00+00:00,11.64159,57.5571483333,0.4,219.457195724802,0.626681921421787,0.00129657424170014,0.00961969436349385,0.6252801336271,0.0144465135777117,4.1182891604729805,No (reported postion),anchor,2021-03-12 10:00:00
2021-03-12 11:00:00+00:00,11.752325,57.6563433333,12.1,2725.091,7.7519,0.016100100000000003,0.11926,7.7519,0.17889,50.6855,No (reported postion),cruise,2021-03-12 11:00:00
2021-03-12 12:00:00+00:00,11.8783333333,57.6899766667,0.0,219.36,0.624,0.001296,0.0096,0.624,0.0144,4.08,No (reported postion),anchor,2021-03-12 12:00:00
2021-03-12 13:00:00+00:00,11.878315,57.6900133333,0.0,219.36,0.624,0.001296,0.0096,0.624,0.0144,4.08,No (reported postion),anchor,2021-03-12 13:00:00
2021-03-12 14:00:00+00:00,11.87826,57.6900533333,0.0,219.36,0.624,0.001296,0.0096,0.624,0.0144,4.08,No (reported postion),anchor,2021-03-12 14:00:00
2021-03-12 15:00:00+00:00,11.878355,57.6900133333,0.0,219.36,0.624,0.001296,0.0096,0.624,0.0144,4.08,No (reported postion),anchor,2021-03-12 15:00:00
2021-03-12 16:00:00+00:00,11.87841,57.6900133333,0.0,219.36,0.624,0.001296,0.0096,0.624,0.0144,4.08,No (reported postion),anchor,2021-03-12 16:00:00
2021-03-12 17:00:00+00:00,11.8782883333,57.69001,0.0,219.36,0.624,0.001296,0.0096,0.624,0.0144,4.08,No (reported postion),anchor,2021-03-12 17:00:00
2021-03-12 18:00:00+00:00,11.8783016667,57.690015,0.0,219.36,0.624,0.001296,0.0096,0.624,0.0144,4.08,No (reported postion),anchor,2021-03-12 18:00:00
2021-03-12 19:00:00+00:00,11.87837,57.6900316667,0.0,219.36,0.624,0.001296,0.0096,0.624,0.0144,4.08,No (reported postion),anchor,2021-03-12 19:00:00
2021-03-12 20:00:00+00:00,11.8783,57.6899966667,0.0,219.36,0.624,0.001296,0.0096,0.624,0.0144,4.08,No (reported postion),anchor,2021-03-12 20:00:00
2021-03-12 21:00:00+00:00,11.87832,57.6900116667,0.0,219.36,0.624,0.001296,0.0096,0.624,0.0144,4.08,No (reported postion),anchor,2021-03-12 21:00:00
2021-03-12 22:00:00+00:00,11.8782816667,57.689995,0.0,219.36,0.624,0.001296,0.0096,0.624,0.0144,4.08,No (reported postion),anchor,2021-03-12 22:00:00
2021-03-12 23:00:00+00:00,11.8783633333,57.6900316667,0.0,219.36,0.624,0.001296,0.0096,0.624,0.0144,4.08,No (reported postion),anchor,2021-03-12 23:00:00
2021-03-13 00:00:00+00:00,11.8783266667,57.6900216667,0.0,219.36,0.624,0.001296,0.0096,0.624,0.0144,4.08,No (reported postion),anchor,2021-03-13 00:00:00
2021-03-13 01:00:00+00:00,11.878295,57.689995,0.0,219.36,0.624,0.001296,0.0096,0.624,0.0144,4.08,No (reported postion),anchor,2021-03-13 01:00:00
2021-03-13 02:00:00+00:00,11.8783433333,57.6900516667,0.0,219.36,0.624,0.001296,0.0096,0.624,0.0144,4.08,No (reported postion),anchor,2021-03-13 02:00:00
2021-03-13 03:00:00+00:00,11.8783116667,57.6899916667,0.0,219.36,0.624,0.001296,0.0096,0.624,0.0144,4.08,No (reported postion),anchor,2021-03-13 03:00:00
2021-03-13 04:00:00+00:00,11.8783916667,57.6900266667,0.0,219.36,0.624,0.001296,0.0096,0.624,0.0144,4.08,No (reported postion),anchor,2021-03-13 04:00:00
2021-03-13 05:00:00+00:00,11.87833,57.6900366667,0.0,219.36,0.624,0.001296,0.0096,0.624,0.0144,4.08,No (reported postion),anchor,2021-03-13 05:00:00
2021-03-13 06:00:00+00:00,11.878275,57.6900366667,0.0,219.36,0.624,0.001296,0.0096,0.624,0.0144,4.08,No (reported postion),anchor,2021-03-13 06:00:00
2021-03-13 07:00:00+00:00,11.8783483333,57.6899783333,0.0,219.36,0.624,0.001296,0.0096,0.624,0.0144,4.08,No (reported postion),anchor,2021-03-13 07:00:00
2021-03-13 08:00:00+00:00,11.8783566667,57.690035,0.0,219.36,0.624,0.001296,0.0096,0.624,0.0144,4.08,No (reported postion),anchor,2021-03-13 08:00:00
2021-03-13 09:00:00+00:00,11.878305,57.6900583333,0.0,219.36,0.624,0.001296,0.0096,0.624,0.0144,4.08,No (reported postion),anchor,2021-03-13 09:00:00
2021-03-13 10:00:00+00:00,11.87836,57.6900183333,0.0,219.36,0.624,0.001296,0.0096,0.624,0.0144,4.08,No (reported postion),anchor,2021-03-13 10:00:00
2021-03-13 11:00:00+00:00,11.87833,57.6900083333,0.0,219.36,0.624,0.001296,0.0096,0.624,0.0144,4.08,No (reported postion),anchor,2021-03-13 11:00:00
2021-03-13 12:00:00+00:00,11.8783,57.6900033333,0.0,219.36,0.624,0.001296,0.0096,0.624,0.0144,4.08,No (reported postion),anchor,2021-03-13 12:00:00
2021-03-13 13:00:00+00:00,11.8782683333,57.6900383333,0.0,219.36,0.624,0.001296,0.0096,0.624,0.0144,4.08,No (reported postion),anchor,2021-03-13 13:00:00
2021-03-13 14:00:00+00:00,11.87836,57.68996,0.0,219.36,0.624,0.001296,0.0096,0.624,0.0144,4.08,No (reported postion),anchor,2021-03-13 14:00:00
2021-03-13 15:00:00+00:00,11.8784016667,57.6900316667,0.0,219.36,0.624,0.001296,0.0096,0.624,0.0144,4.08,No (reported postion),anchor,2021-03-13 15:00:00
2021-03-13 16:00:00+00:00,11.8783383333,57.6899983333,0.0,219.36,0.624,0.001296,0.0096,0.624,0.0144,4.08,No (reported postion),anchor,2021-03-13 16:00:00
2021-03-13 17:00:00+00:00,11.8783516667,57.6900016667,0.0,219.36,0.624,0.001296,0.0096,0.624,0.0144,4.08,No (reported postion),anchor,2021-03-13 17:00:00
2021-03-13 18:00:00+00:00,11.8782933333,57.69003,0.0,219.36,0.624,0.001296,0.0096,0.624,0.0144,4.08,No (reported postion),anchor,2021-03-13 18:00:00
2021-03-13 19:00:00+00:00,11.8783083333,57.6900116667,0.0,219.36,0.624,0.001296,0.0096,0.624,0.0144,4.08,No (reported postion),anchor,2021-03-13 19:00:00
2021-03-13 20:00:00+00:00,11.8783416667,57.6899833333,0.0,219.36,0.624,0.001296,0.0096,0.624,0.0144,4.08,No (reported postion),anchor,2021-03-13 20:00:00
2021-03-13 21:00:00+00:00,11.878345,57.6900066667,0.0,219.36,0.624,0.001296,0.0096,0.624,0.0144,4.08,No (reported postion),anchor,2021-03-13 21:00:00
2021-03-13 22:00:00+00:00,11.8783916667,57.6899983333,0.0,219.36,0.624,0.001296,0.0096,0.624,0.0144,4.08,No (reported postion),anchor,2021-03-13 22:00:00
2021-03-13 23:00:00+00:00,11.8783683333,57.69002,0.0,219.36,0.624,0.001296,0.0096,0.624,0.0144,4.08,No (reported postion),anchor,2021-03-13 23:00:00
2021-03-14 00:00:00+00:00,11.8783566667,57.6900216667,0.0,219.36,0.624,0.001296,0.0096,0.624,0.0144,4.08,No (reported postion),anchor,2021-03-14 00:00:00
2021-03-14 01:00:00+00:00,11.8782966667,57.6900283333,0.0,219.36,0.624,0.001296,0.0096,0.624,0.0144,4.08,No (reported postion),anchor,2021-03-14 01:00:00
2021-03-14 02:00:00+00:00,11.8782983333,57.6900233333,0.0,219.36,0.624,0.001296,0.0096,0.624,0.0144,4.08,No (reported postion),anchor,2021-03-14 02:00:00
2021-03-14 03:00:00+00:00,11.8783316667,57.6900333333,0.0,219.36,0.624,0.001296,0.0096,0.624,0.0144,4.08,No (reported postion),anchor,2021-03-14 03:00:00
2021-03-14 04:00:00+00:00,11.8783616667,57.690005,0.0,219.36,0.624,0.001296,0.0096,0.624,0.0144,4.08,No (reported postion),anchor,2021-03-14 04:00:00
2021-03-14 05:00:00+00:00,11.8783,57.6900383333,0.0,219.36,0.624,0.001296,0.0096,0.624,0.0144,4.08,No (reported postion),anchor,2021-03-14 05:00:00
2021-03-14 06:00:00+00:00,11.8783733333,57.690045,0.0,219.36,0.624,0.001296,0.0096,0.624,0.0144,4.08,No (reported postion),anchor,2021-03-14 06:00:00
2021-03-14 07:00:00+00:00,11.878295,57.6900333333,0.2,219.3721494656,0.624335240177723,0.0012960717802125198,0.00960246179543673,0.624160016703388,0.014405814197214,4.08478614505912,No (reported postion),anchor,2021-03-14 07:00:00
2021-03-14 08:00:00+00:00,11.6554483333,57.60872,11.1,2182.10822354754,6.207310045102401,0.012892105478289602,0.09549707761696,6.207310045102401,0.14324561642544,40.586257987208,No (reported postion),cruise,2021-03-14 08:00:00
2021-03-14 09:00:00+00:00,11.344535,57.6852933333,11.4,2457.37852759103,6.99035467367252,0.0145184289376275,0.1075439180565,6.99035467367252,0.16131587708475,45.706165174012604,No (reported postion),cruise,2021-03-14 09:00:00
2021-03-14 10:00:00+00:00,11.0270166667,57.7850216667,11.9,2725.091,7.7519,0.016100100000000003,0.11926,7.7519,0.17889,50.6855,No (reported postion),cruise,2021-03-14 10:00:00
2021-03-14 11:00:00+00:00,10.71737,57.8591133333,10.9,2161.2460033976,6.14796456108725,0.012768849473027399,0.0945840701705731,6.14796456108725,0.14187610525586,40.1982298224936,No (reported postion),cruise,2021-03-14 11:00:00
2021-03-14 12:00:00+00:00,10.37154,57.8534816667,11.1,2276.51723370879,6.475869592607051,0.013449883000030001,0.09962876296318539,6.475869592607051,0.149443144444778,42.342224259353806,No (reported postion),cruise,2021-03-14 12:00:00
2021-03-14 13:00:00+00:00,10.0230316667,57.8413816667,10.9,2161.2460033976,6.14796456108725,0.012768849473027399,0.0945840701705731,6.14796456108725,0.14187610525586,40.1982298224936,No (reported postion),cruise,2021-03-14 13:00:00
2021-03-14 14:00:00+00:00,9.6961833333,57.8306066667,10.4,1891.07260726658,5.3794187952878705,0.0111726390363671,0.08276028915827491,5.3794187952878705,0.124140433737412,35.173122892266804,No (reported postion),cruise,2021-03-14 14:00:00
2021-03-14 15:00:00+00:00,9.375555,57.8161633333,10.5,1943.08771396095,5.5273829937620205,0.011479949294736499,0.0850366614424925,5.5273829937620205,0.127554992163739,36.1405811130593,No (reported postion),cruise,2021-03-14 15:00:00
2021-03-14 16:00:00+00:00,9.0440866667,57.80596,10.8,2105.17269906851,5.9884562555559295,0.0124375629923085,0.092130096239322,5.9884562555559295,0.13819514435898297,39.1552909017119,No (reported postion),cruise,2021-03-14 16:00:00
2021-03-14 17:00:00+00:00,8.70184,57.789995,11.0,2218.3576728491803,6.31042664049,0.0131062707148639,0.09708348677676931,6.31042664049,0.145625230165154,41.260481880127,No (reported postion),cruise,2021-03-14 17:00:00
2021-03-14 18:00:00+00:00,8.3747633333,57.775195,10.2,1790.00506867688,5.091918138468159,0.0105755222875877,0.0783372021302793,5.091918138468159,0.117505803195419,33.2933109053687,No (reported postion),cruise,2021-03-14 18:00:00
2021-03-14 19:00:00+00:00,8.0484566667,57.7653066667,11.5,2519.82491693801,7.16799210507531,0.014887368218233301,0.11027680161654299,7.16799210507531,0.165415202424815,46.8676406870309,No (reported postion),cruise,2021-03-14 19:00:00
2021-03-14 20:00:00+00:00,7.6998633333,57.7615866667,10.5,1943.08771396095,5.5273829937620205,0.011479949294736499,0.0850366614424925,5.5273829937620205,0.127554992163739,36.1405811130593,No (reported postion),cruise,2021-03-14 20:00:00
2021-03-14 21:00:00+00:00,7.36728,57.76194,10.7,2050.12823357639,5.8318746250531905,0.0121123549904951,0.0897211480777414,5.8318746250531905,0.134581722116612,38.1314879330401,No (reported postion),cruise,2021-03-14 21:00:00
2021-03-14 22:00:00+00:00,7.0389283333,57.7670233333,10.8,2105.17269906851,5.9884562555559295,0.0124375629923085,0.092130096239322,5.9884562555559295,0.13819514435898297,39.1552909017119,No (reported postion),cruise,2021-03-14 22:00:00
2021-03-14 23:00:00+00:00,6.7114116667,57.78087,10.4,1891.07260726658,5.3794187952878705,0.0111726390363671,0.08276028915827491,5.3794187952878705,0.124140433737412,35.173122892266804,No (reported postion),cruise,2021-03-14 23:00:00
2021-03-15 00:00:00+00:00,6.444255,57.8627016667,9.6,1509.8179587422198,4.29488697235204,0.00892014986565423,0.06607518419003139,4.29488697235204,0.09911277628504711,28.0819532807633,No (reported postion),cruise,2021-03-15 00:00:00
2021-03-15 01:00:00+00:00,6.2035833333,57.9615983333,9.9,1645.6675535070501,4.68133002091722,0.00972276235113576,0.0720204618602648,4.68133002091722,0.108030692790397,30.6086962906126,No (reported postion),cruise,2021-03-15 01:00:00
2021-03-15 02:00:00+00:00,5.95288,58.06572,10.0,1692.8242545824,4.81547380953419,0.0100013686813402,0.0740842124543722,4.81547380953419,0.111126318681558,31.4857902931082,No (reported postion),cruise,2021-03-15 02:00:00
2021-03-15 03:00:00+00:00,5.710605,58.1928816667,10.1,1740.9335842105,4.95232748243688,0.0102856032327535,0.07618965357595209,4.95232748243688,0.11428448036392799,32.3806027697796,No (reported postion),cruise,2021-03-15 03:00:00
2021-03-15 04:00:00+00:00,5.4814283333,58.3091066667,10.1,1740.9335842105,4.95232748243688,0.0102856032327535,0.07618965357595209,4.95232748243688,0.11428448036392799,32.3806027697796,No (reported postion),cruise,2021-03-15 04:00:00
2021-03-15 05:00:00+00:00,5.2358416667,58.4322583333,11.4,2457.37852759103,6.99035467367252,0.0145184289376275,0.1075439180565,6.99035467367252,0.16131587708475,45.706165174012604,No (reported postion),cruise,2021-03-15 05:00:00
2021-03-15 06:00:00+00:00,5.0063766667,58.564705,10.9,2161.2460033976,6.14796456108725,0.012768849473027399,0.0945840701705731,6.14796456108725,0.14187610525586,40.1982298224936,No (reported postion),cruise,2021-03-15 06:00:00
2021-03-15 07:00:00+00:00,4.77198,58.697895,10.4,1891.07260726658,5.3794187952878705,0.0111726390363671,0.08276028915827491,5.3794187952878705,0.124140433737412,35.173122892266804,No (reported postion),cruise,2021-03-15 07:00:00
2021-03-15 08:00:00+00:00,4.522245,58.8234733333,11.0,2218.3576728491803,6.31042664049,0.0131062707148639,0.09708348677676931,6.31042664049,0.145625230165154,41.260481880127,No (reported postion),cruise,2021-03-15 08:00:00
2021-03-15 09:00:00+00:00,4.27194,58.9544166667,10.6,1996.1030806357198,5.67819257073617,0.011793169185375102,0.0873568087805564,5.67819257073617,0.131035213170835,37.1266437317365,No (reported postion),cruise,2021-03-15 09:00:00
2021-03-15 10:00:00+00:00,4.1962266667,59.1337433333,12.1,2725.091,7.7519,0.016100100000000003,0.11926,7.7519,0.17889,50.6855,No (reported postion),cruise,2021-03-15 10:00:00
2021-03-15 11:00:00+00:00,4.204245,59.33466,12.0,2725.091,7.7519,0.016100100000000003,0.11926,7.7519,0.17889,50.6855,No (reported postion),cruise,2021-03-15 11:00:00
2021-03-15 12:00:00+00:00,4.2245183333,59.5293183333,11.9,2725.091,7.7519,0.016100100000000003,0.11926,7.7519,0.17889,50.6855,No (reported postion),cruise,2021-03-15 12:00:00
2021-03-15 13:00:00+00:00,4.2233966667,59.7283,12.2,2725.091,7.7519,0.016100100000000003,0.11926,7.7519,0.17889,50.6855,No (reported postion),cruise,2021-03-15 13:00:00
2021-03-15 14:00:00+00:00,4.227665,59.9345533333,12.2,2725.091,7.7519,0.016100100000000003,0.11926,7.7519,0.17889,50.6855,No (reported postion),cruise,2021-03-15 14:00:00
2021-03-15 15:00:00+00:00,4.2173083333,60.13655,12.2,2725.091,7.7519,0.016100100000000003,0.11926,7.7519,0.17889,50.6855,No (reported postion),cruise,2021-03-15 15:00:00
2021-03-15 16:00:00+00:00,4.214,60.3373616667,11.5,2519.82491693801,7.16799210507531,0.014887368218233301,0.11027680161654299,7.16799210507531,0.165415202424815,46.8676406870309,No (reported postion),cruise,2021-03-15 16:00:00
2021-03-15 17:00:00+00:00,4.2079466667,60.5352166667,12.2,2725.091,7.7519,0.016100100000000003,0.11926,7.7519,0.17889,50.6855,No (reported postion),cruise,2021-03-15 17:00:00
2021-03-15 18:00:00+00:00,4.19972,60.72918,12.1,2725.091,7.7519,0.016100100000000003,0.11926,7.7519,0.17889,50.6855,No (reported postion),cruise,2021-03-15 18:00:00
2021-03-15 19:00:00+00:00,4.1861016667,60.9418283333,12.8,2725.091,7.7519,0.016100100000000003,0.11926,7.7519,0.17889,50.6855,No (reported postion),cruise,2021-03-15 19:00:00
2021-03-15 20:00:00+00:00,4.1689933333,61.14962,11.9,2725.091,7.7519,0.016100100000000003,0.11926,7.7519,0.17889,50.6855,No (reported postion),cruise,2021-03-15 20:00:00
2021-03-15 21:00:00+00:00,4.17787,61.34785,11.9,2725.091,7.7519,0.016100100000000003,0.11926,7.7519,0.17889,50.6855,No (reported postion),cruise,2021-03-15 21:00:00
2021-03-15 22:00:00+00:00,4.1829333333,61.5516983333,12.6,2725.091,7.7519,0.016100100000000003,0.11926,7.7519,0.17889,50.6855,No (reported postion),cruise,2021-03-15 22:00:00
2021-03-15 23:00:00+00:00,4.1794533333,61.754335,12.2,2725.091,7.7519,0.016100100000000003,0.11926,7.7519,0.17889,50.6855,No (reported postion),cruise,2021-03-15 23:00:00
2021-03-16 00:00:00+00:00,4.1816833333,61.9533433333,11.3,2396.0181347941902,6.81580651035545,0.014155905829199799,0.10485856169777599,6.81580651035545,0.157287842546664,44.564888721554894,No (reported postion),cruise,2021-03-16 00:00:00
2021-03-16 01:00:00+00:00,4.441585,62.0953033333,11.6,2583.36682912065,7.348745903406679,0.0152627799532293,0.11305762928318,7.348745903406679,0.169586443924769,48.0494924453513,No (reported postion),cruise,2021-03-16 01:00:00
2021-03-16 02:00:00+00:00,4.760405,62.2159966667,11.3,2396.0181347941902,6.81580651035545,0.014155905829199799,0.10485856169777599,6.81580651035545,0.157287842546664,44.564888721554894,No (reported postion),cruise,2021-03-16 02:00:00
2021-03-16 03:00:00+00:00,5.0723283333,62.3438916667,11.9,2725.091,7.7519,0.016100100000000003,0.11926,7.7519,0.17889,50.6855,No (reported postion),cruise,2021-03-16 03:00:00
2021-03-16 04:00:00+00:00,5.40989,62.4753783333,12.6,2725.091,7.7519,0.016100100000000003,0.11926,7.7519,0.17889,50.6855,No (reported postion),cruise,2021-03-16 04:00:00
2021-03-16 05:00:00+00:00,5.8171333333,62.47367,12.4,2725.091,7.7519,0.016100100000000003,0.11926,7.7519,0.17889,50.6855,No (reported postion),cruise,2021-03-16 05:00:00
2021-03-16 06:00:00+00:00,6.1801283333,62.4858866667,10.2,1716.74876134311,4.88353039331737,0.0101427169707361,0.0751312368202672,4.88353039331737,0.112696855230401,31.930775648613597,No (reported postion),cruise,2021-03-16 06:00:00
2021-03-16 07:00:00+00:00,6.259065,62.478445,0.0,219.36,0.624,0.001296,0.0096,0.624,0.0144,4.08,No (reported postion),anchor,2021-03-16 07:00:00
2021-03-16 08:00:00+00:00,6.2589983333,62.478445,0.0,219.36,0.624,0.001296,0.0096,0.624,0.0144,4.08,No (reported postion),anchor,2021-03-16 08:00:00
2021-03-16 09:00:00+00:00,6.2590766667,62.4784566667,0.0,219.36,0.624,0.001296,0.0096,0.624,0.0144,4.08,No (reported postion),anchor,2021-03-16 09:00:00
2021-03-16 10:00:00+00:00,6.259095,62.4784133333,0.0,219.36,0.624,0.001296,0.0096,0.624,0.0144,4.08,No (reported postion),anchor,2021-03-16 10:00:00
2021-03-16 11:00:00+00:00,6.259075,62.4784433333,0.0,219.36,0.624,0.001296,0.0096,0.624,0.0144,4.08,No (reported postion),anchor,2021-03-16 11:00:00
2021-03-16 12:00:00+00:00,6.259075,62.4784416667,0.0,219.36,0.624,0.001296,0.0096,0.624,0.0144,4.08,No (reported postion),anchor,2021-03-16 12:00:00
2021-03-16 13:00:00+00:00,6.2590633333,62.4784233333,0.0,219.36,0.624,0.001296,0.0096,0.624,0.0144,4.08,No (reported postion),anchor,2021-03-16 13:00:00
2021-03-16 14:00:00+00:00,6.259145,62.478375,0.0,219.36,0.624,0.001296,0.0096,0.624,0.0144,4.08,No (reported postion),anchor,2021-03-16 14:00:00
2021-03-16 15:00:00+00:00,6.2560366667,62.47903,3.8,188.443184552339,1.45107671772796,0.00111334047766152,0.0126597959676442,0.822886737896873,0.023803689733045603,13.9051974827955,No (reported postion),cruise,2021-03-16 15:00:00
2021-03-16 16:00:00+00:00,5.9116233333,62.4533583333,11.9,2664.33266268836,7.579064467166011,0.015741133893344802,0.11660099180255401,7.579064467166011,0.17490148770383102,49.5554215160854,No (reported postion),cruise,2021-03-16 16:00:00
2021-03-16 17:00:00+00:00,5.649115,62.593565,12.2,2725.091,7.7519,0.016100100000000003,0.11926,7.7519,0.17889,50.6855,No (reported postion),cruise,2021-03-16 17:00:00
2021-03-16 18:00:00+00:00,5.8571316667,62.770415,12.6,2725.091,7.7519,0.016100100000000003,0.11926,7.7519,0.17889,50.6855,No (reported postion),cruise,2021-03-16 18:00:00
2021-03-16 19:00:00+00:00,6.1042666667,62.945165,12.5,2725.091,7.7519,0.016100100000000003,0.11926,7.7519,0.17889,50.6855,No (reported postion),cruise,2021-03-16 19:00:00
2021-03-16 20:00:00+00:00,6.3758316667,63.1157066667,12.8,2725.091,7.7519,0.016100100000000003,0.11926,7.7519,0.17889,50.6855,No (reported postion),cruise,2021-03-16 20:00:00
2021-03-16 21:00:00+00:00,6.6762433333,63.2627066667,11.9,2725.091,7.7519,0.016100100000000003,0.11926,7.7519,0.17889,50.6855,No (reported postion),cruise,2021-03-16 21:00:00
2021-03-16 22:00:00+00:00,6.899265,63.4231316667,11.8,2713.77532713504,7.71971099622658,0.0160332459152398,0.11876478455733201,7.71971099622658,0.178147176835998,50.4750334368661,No (reported postion),cruise,2021-03-16 22:00:00
2021-03-16 23:00:00+00:00,7.1097033333,63.592235,11.6,2583.36682912065,7.348745903406679,0.0152627799532293,0.11305762928318,7.348745903406679,0.169586443924769,48.0494924453513,No (reported postion),cruise,2021-03-16 23:00:00
2021-03-17 00:00:00+00:00,7.3438666667,63.7564816667,11.8,2713.77532713504,7.71971099622658,0.0160332459152398,0.11876478455733201,7.71971099622658,0.178147176835998,50.4750334368661,No (reported postion),cruise,2021-03-17 00:00:00
2021-03-17 01:00:00+00:00,7.6039,63.922475,12.5,2725.091,7.7519,0.016100100000000003,0.11926,7.7519,0.17889,50.6855,No (reported postion),cruise,2021-03-17 01:00:00
2021-03-17 02:00:00+00:00,7.84391,64.0907866667,11.7,2648.01379042449,7.53264316750948,0.0156447204248274,0.115886817961684,7.53264316750948,0.173830226942526,49.2518976337158,No (reported postion),cruise,2021-03-17 02:00:00
2021-03-17 03:00:00+00:00,8.0800333333,64.2556833333,11.5,2519.82491693801,7.16799210507531,0.014887368218233301,0.11027680161654299,7.16799210507531,0.165415202424815,46.8676406870309,No (reported postion),cruise,2021-03-17 03:00:00
2021-03-17 04:00:00+00:00,8.33468,64.419155,12.1,2725.091,7.7519,0.016100100000000003,0.11926,7.7519,0.17889,50.6855,No (reported postion),cruise,2021-03-17 04:00:00
2021-03-17 05:00:00+00:00,8.58138,64.58231,11.3,2396.0181347941902,6.81580651035545,0.014155905829199799,0.10485856169777599,6.81580651035545,0.157287842546664,44.564888721554894,No (reported postion),cruise,2021-03-17 05:00:00
2021-03-17 06:00:00+00:00,8.8204166667,64.740415,11.6,2583.36682912065,7.348745903406679,0.0152627799532293,0.11305762928318,7.348745903406679,0.169586443924769,48.0494924453513,No (reported postion),cruise,2021-03-17 06:00:00
2021-03-17 07:00:00+00:00,9.0715883333,64.9016116667,11.4,2457.37852759103,6.99035467367252,0.0145184289376275,0.1075439180565,6.99035467367252,0.16131587708475,45.706165174012604,No (reported postion),cruise,2021-03-17 07:00:00
2021-03-17 08:00:00+00:00,9.3197016667,65.0611583333,11.3,2396.0181347941902,6.81580651035545,0.014155905829199799,0.10485856169777599,6.81580651035545,0.157287842546664,44.564888721554894,No (reported postion),cruise,2021-03-17 08:00:00
2021-03-17 09:00:00+00:00,9.5725216667,65.2237966667,11.5,2519.82491693801,7.16799210507531,0.014887368218233301,0.11027680161654299,7.16799210507531,0.165415202424815,46.8676406870309,No (reported postion),cruise,2021-03-17 09:00:00
2021-03-17 10:00:00+00:00,9.8235666667,65.3870916667,11.9,2725.091,7.7519,0.016100100000000003,0.11926,7.7519,0.17889,50.6855,No (reported postion),cruise,2021-03-17 10:00:00
2021-03-17 11:00:00+00:00,10.0928433333,65.554195,11.3,2396.0181347941902,6.81580651035545,0.014155905829199799,0.10485856169777599,6.81580651035545,0.157287842546664,44.564888721554894,No (reported postion),cruise,2021-03-17 11:00:00
2021-03-17 12:00:00+00:00,10.34649,65.7194483333,11.6,2583.36682912065,7.348745903406679,0.0152627799532293,0.11305762928318,7.348745903406679,0.169586443924769,48.0494924453513,No (reported postion),cruise,2021-03-17 12:00:00
2021-03-17 13:00:00+00:00,10.605605,65.8800116667,11.4,2457.37852759103,6.99035467367252,0.0145184289376275,0.1075439180565,6.99035467367252,0.16131587708475,45.706165174012604,No (reported postion),cruise,2021-03-17 13:00:00
2021-03-17 14:00:00+00:00,10.868665,66.0425716667,11.7,2648.01379042449,7.53264316750948,0.0156447204248274,0.115886817961684,7.53264316750948,0.173830226942526,49.2518976337158,No (reported postion),cruise,2021-03-17 14:00:00
2021-03-17 15:00:00+00:00,11.12692,66.2079483333,11.8,2713.77532713504,7.71971099622658,0.0160332459152398,0.11876478455733201,7.71971099622658,0.178147176835998,50.4750334368661,No (reported postion),cruise,2021-03-17 15:00:00
2021-03-17 16:00:00+00:00,11.397285,66.3725933333,12.2,2725.091,7.7519,0.016100100000000003,0.11926,7.7519,0.17889,50.6855,No (reported postion),cruise,2021-03-17 16:00:00
2021-03-17 17:00:00+00:00,11.666755,66.5348883333,12.0,2725.091,7.7519,0.016100100000000003,0.11926,7.7519,0.17889,50.6855,No (reported postion),cruise,2021-03-17 17:00:00
2021-03-17 18:00:00+00:00,11.9666166667,66.691325,11.2,2335.7342122619502,6.64432051628125,0.013799742610738,0.102220315635096,6.64432051628125,0.15333047345264397,43.4436341449158,No (reported postion),cruise,2021-03-17 18:00:00
2021-03-17 19:00:00+00:00,12.2564066667,66.8361916667,10.9,2161.2460033976,6.14796456108725,0.012768849473027399,0.0945840701705731,6.14796456108725,0.14187610525586,40.1982298224936,No (reported postion),cruise,2021-03-17 19:00:00
2021-03-17 20:00:00+00:00,12.59947,66.9568783333,11.1,2276.51723370879,6.475869592607051,0.013449883000030001,0.09962876296318539,6.475869592607051,0.149443144444778,42.342224259353806,No (reported postion),cruise,2021-03-17 20:00:00
2021-03-17 21:00:00+00:00,12.97303,67.06379,10.7,2050.12823357639,5.8318746250531905,0.0121123549904951,0.0897211480777414,5.8318746250531905,0.134581722116612,38.1314879330401,No (reported postion),cruise,2021-03-17 21:00:00
2021-03-17 22:00:00+00:00,13.3498483333,67.1744466667,10.6,1996.1030806357198,5.67819257073617,0.011793169185375102,0.0873568087805564,5.67819257073617,0.131035213170835,37.1266437317365,No (reported postion),cruise,2021-03-17 22:00:00
2021-03-17 23:00:00+00:00,13.7742416667,67.2222133333,10.0,1623.7932000353399,4.6191053830327,0.00959352656476023,0.0710631597389647,4.6191053830327,0.106594739608447,30.20184288906,No (reported postion),cruise,2021-03-17 23:00:00
2021-03-18 00:00:00+00:00,14.2089616667,67.2625916667,11.8,2600.3550955204696,7.39707138769499,0.0153631482667511,0.113801098272231,7.39707138769499,0.17070164740834598,48.365466765698,No (reported postion),cruise,2021-03-18 00:00:00
2021-03-18 01:00:00+00:00,14.3823266667,67.2897616667,0.0,219.36,0.624,0.001296,0.0096,0.624,0.0144,4.08,No (reported postion),anchor,2021-03-18 01:00:00
2021-03-18 02:00:00+00:00,14.38238,67.2897583333,0.0,219.36,0.624,0.001296,0.0096,0.624,0.0144,4.08,No (reported postion),anchor,2021-03-18 02:00:00
2021-03-18 03:00:00+00:00,14.3823716667,67.2897316667,0.0,219.36,0.624,0.001296,0.0096,0.624,0.0144,4.08,No (reported postion),anchor,2021-03-18 03:00:00
2021-03-18 04:00:00+00:00,14.382395,67.28973,0.0,219.36,0.624,0.001296,0.0096,0.624,0.0144,4.08,No (reported postion),anchor,2021-03-18 04:00:00
2021-03-18 05:00:00+00:00,14.3823666667,67.2897583333,0.0,219.36,0.624,0.001296,0.0096,0.624,0.0144,4.08,No (reported postion),anchor,2021-03-18 05:00:00
2021-03-18 06:00:00+00:00,14.382365,67.28973,0.0,219.36,0.624,0.001296,0.0096,0.624,0.0144,4.08,No (reported postion),anchor,2021-03-18 06:00:00
2021-03-18 07:00:00+00:00,14.3823983333,67.289715,0.0,219.36,0.624,0.001296,0.0096,0.624,0.0144,4.08,No (reported postion),anchor,2021-03-18 07:00:00
2021-03-18 08:00:00+00:00,14.38238,67.2897466667,0.0,219.36,0.624,0.001296,0.0096,0.624,0.0144,4.08,No (reported postion),anchor,2021-03-18 08:00:00
2021-03-18 09:00:00+00:00,14.3824016667,67.2897266667,0.0,219.36,0.624,0.001296,0.0096,0.624,0.0144,4.08,No (reported postion),anchor,2021-03-18 09:00:00
2021-03-18 10:00:00+00:00,14.3823833333,67.28972,0.0,219.36,0.624,0.001296,0.0096,0.624,0.0144,4.08,No (reported postion),anchor,2021-03-18 10:00:00
2021-03-18 11:00:00+00:00,14.3823933333,67.289725,0.0,219.36,0.624,0.001296,0.0096,0.624,0.0144,4.08,No (reported postion),anchor,2021-03-18 11:00:00
2021-03-18 12:00:00+00:00,14.3823916667,67.2896933333,0.0,219.36,0.624,0.001296,0.0096,0.624,0.0144,4.08,No (reported postion),anchor,2021-03-18 12:00:00
2021-03-18 13:00:00+00:00,14.3824433333,67.2897133333,0.0,219.36,0.624,0.001296,0.0096,0.624,0.0144,4.08,No (reported postion),anchor,2021-03-18 13:00:00
2021-03-18 14:00:00+00:00,14.3824183333,67.28973,0.0,219.36,0.624,0.001296,0.0096,0.624,0.0144,4.08,No (reported postion),anchor,2021-03-18 14:00:00
2021-03-18 15:00:00+00:00,14.0590983333,67.2195533333,13.2,2725.091,7.7519,0.016100100000000003,0.11926,7.7519,0.17889,50.6855,No (reported postion),cruise,2021-03-18 15:00:00
2021-03-18 16:00:00+00:00,13.51356,67.2179766667,13.1,2725.091,7.7519,0.016100100000000003,0.11926,7.7519,0.17889,50.6855,No (reported postion),cruise,2021-03-18 16:00:00
2021-03-18 17:00:00+00:00,12.9962433333,67.1489716667,13.3,2725.091,7.7519,0.016100100000000003,0.11926,7.7519,0.17889,50.6855,No (reported postion),cruise,2021-03-18 17:00:00
2021-03-18 18:00:00+00:00,12.503335,67.0481883333,13.1,2725.091,7.7519,0.016100100000000003,0.11926,7.7519,0.17889,50.6855,No (reported postion),cruise,2021-03-18 18:00:00
2021-03-18 19:00:00+00:00,12.0861716667,66.9229666667,12.1,2725.091,7.7519,0.016100100000000003,0.11926,7.7519,0.17889,50.6855,No (reported postion),cruise,2021-03-18 19:00:00
2021-03-18 20:00:00+00:00,11.7003416667,66.7861816667,12.6,2725.091,7.7519,0.016100100000000003,0.11926,7.7519,0.17889,50.6855,No (reported postion),cruise,2021-03-18 20:00:00
2021-03-18 21:00:00+00:00,11.3400783333,66.6352666667,12.1,2725.091,7.7519,0.016100100000000003,0.11926,7.7519,0.17889,50.6855,No (reported postion),cruise,2021-03-18 21:00:00
2021-03-18 22:00:00+00:00,10.9996816667,66.4826916667,12.1,2725.091,7.7519,0.016100100000000003,0.11926,7.7519,0.17889,50.6855,No (reported postion),cruise,2021-03-18 22:00:00
2021-03-18 23:00:00+00:00,10.6675666667,66.32759,12.6,2725.091,7.7519,0.016100100000000003,0.11926,7.7519,0.17889,50.6855,No (reported postion),cruise,2021-03-18 23:00:00
2021-03-19 00:00:00+00:00,10.3203633333,66.1719916667,12.8,2725.091,7.7519,0.016100100000000003,0.11926,7.7519,0.17889,50.6855,No (reported postion),cruise,2021-03-19 00:00:00
2021-03-19 01:00:00+00:00,9.99349,66.0111033333,12.4,2725.091,7.7519,0.016100100000000003,0.11926,7.7519,0.17889,50.6855,No (reported postion),cruise,2021-03-19 01:00:00
2021-03-19 02:00:00+00:00,9.6520166667,65.8576483333,12.5,2725.091,7.7519,0.016100100000000003,0.11926,7.7519,0.17889,50.6855,No (reported postion),cruise,2021-03-19 02:00:00
2021-03-19 03:00:00+00:00,9.3063516667,65.69997,12.6,2725.091,7.7519,0.016100100000000003,0.11926,7.7519,0.17889,50.6855,No (reported postion),cruise,2021-03-19 03:00:00
2021-03-19 04:00:00+00:00,8.9295583333,65.5197816667,12.4,2725.091,7.7519,0.016100100000000003,0.11926,7.7519,0.17889,50.6855,No (reported postion),cruise,2021-03-19 04:00:00
2021-03-19 05:00:00+00:00,8.6346133333,65.37432,12.0,2725.091,7.7519,0.016100100000000003,0.11926,7.7519,0.17889,50.6855,No (reported postion),cruise,2021-03-19 05:00:00
2021-03-19 06:00:00+00:00,8.13174,65.1425766667,12.4,2725.091,7.7519,0.016100100000000003,0.11926,7.7519,0.17889,50.6855,No (reported postion),cruise,2021-03-19 06:00:00
2021-03-19 07:00:00+00:00,7.9704833333,65.0676633333,12.3,2725.091,7.7519,0.016100100000000003,0.11926,7.7519,0.17889,50.6855,No (reported postion),cruise,2021-03-19 07:00:00
2021-03-19 08:00:00+00:00,7.67493,64.9245183333,12.3,2725.091,7.7519,0.016100100000000003,0.11926,7.7519,0.17889,50.6855,No (reported postion),cruise,2021-03-19 08:00:00
2021-03-19 09:00:00+00:00,7.3776566667,64.7753066667,11.8,2713.77532713504,7.71971099622658,0.0160332459152398,0.11876478455733201,7.71971099622658,0.178147176835998,50.4750334368661,No (reported postion),cruise,2021-03-19 09:00:00
2021-03-19 10:00:00+00:00,7.0678616667,64.6184383333,11.6,2583.36682912065,7.348745903406679,0.0152627799532293,0.11305762928318,7.348745903406679,0.169586443924769,48.0494924453513,No (reported postion),cruise,2021-03-19 10:00:00
2021-03-19 11:00:00+00:00,6.7880083333,64.4773783333,11.9,2725.091,7.7519,0.016100100000000003,0.11926,7.7519,0.17889,50.6855,No (reported postion),cruise,2021-03-19 11:00:00
2021-03-19 12:00:00+00:00,6.4923566667,64.3296416667,12.1,2725.091,7.7519,0.016100100000000003,0.11926,7.7519,0.17889,50.6855,No (reported postion),cruise,2021-03-19 12:00:00
2021-03-19 13:00:00+00:00,6.1846883333,64.1787333333,12.1,2725.091,7.7519,0.016100100000000003,0.11926,7.7519,0.17889,50.6855,No (reported postion),cruise,2021-03-19 13:00:00
2021-03-19 14:00:00+00:00,5.8847383333,64.0378466667,11.6,2583.36682912065,7.348745903406679,0.0152627799532293,0.11305762928318,7.348745903406679,0.169586443924769,48.0494924453513,No (reported postion),cruise,2021-03-19 14:00:00
2021-03-19 15:00:00+00:00,5.5941833333,63.9025566667,10.9,2161.2460033976,6.14796456108725,0.012768849473027399,0.0945840701705731,6.14796456108725,0.14187610525586,40.1982298224936,No (reported postion),cruise,2021-03-19 15:00:00
2021-03-19 16:00:00+00:00,5.2964866667,63.7884233333,12.5,2725.091,7.7519,0.016100100000000003,0.11926,7.7519,0.17889,50.6855,No (reported postion),cruise,2021-03-19 16:00:00
2021-03-19 17:00:00+00:00,5.0537216667,63.6281166667,12.3,2725.091,7.7519,0.016100100000000003,0.11926,7.7519,0.17889,50.6855,No (reported postion),cruise,2021-03-19 17:00:00
2021-03-19 18:00:00+00:00,4.768675,63.4393666667,12.6,2725.091,7.7519,0.016100100000000003,0.11926,7.7519,0.17889,50.6855,No (reported postion),cruise,2021-03-19 18:00:00
2021-03-19 19:00:00+00:00,4.5483133333,63.28515,12.1,2725.091,7.7519,0.016100100000000003,0.11926,7.7519,0.17889,50.6855,No (reported postion),cruise,2021-03-19 19:00:00
2021-03-19 20:00:00+00:00,4.3076066667,63.13185,10.8,2105.17269906851,5.9884562555559295,0.0124375629923085,0.092130096239322,5.9884562555559295,0.13819514435898297,39.1552909017119,No (reported postion),cruise,2021-03-19 20:00:00
2021-03-19 21:00:00+00:00,4.0870383333,62.9785466667,11.5,2519.82491693801,7.16799210507531,0.014887368218233301,0.11027680161654299,7.16799210507531,0.165415202424815,46.8676406870309,No (reported postion),cruise,2021-03-19 21:00:00
2021-03-19 22:00:00+00:00,4.01604,62.7829166667,11.9,2725.091,7.7519,0.016100100000000003,0.11926,7.7519,0.17889,50.6855,No (reported postion),cruise,2021-03-19 22:00:00
2021-03-19 23:00:00+00:00,4.0151366667,62.5847966667,12.3,2725.091,7.7519,0.016100100000000003,0.11926,7.7519,0.17889,50.6855,No (reported postion),cruise,2021-03-19 23:00:00
2021-03-20 00:00:00+00:00,4.01073,62.380845,12.2,2725.091,7.7519,0.016100100000000003,0.11926,7.7519,0.17889,50.6855,No (reported postion),cruise,2021-03-20 00:00:00
2021-03-20 01:00:00+00:00,3.996295,62.1816233333,12.2,2725.091,7.7519,0.016100100000000003,0.11926,7.7519,0.17889,50.6855,No (reported postion),cruise,2021-03-20 01:00:00
2021-03-20 02:00:00+00:00,4.0124866667,61.974165,12.5,2725.091,7.7519,0.016100100000000003,0.11926,7.7519,0.17889,50.6855,No (reported postion),cruise,2021-03-20 02:00:00
2021-03-20 03:00:00+00:00,4.0223583333,61.767375,12.7,2725.091,7.7519,0.016100100000000003,0.11926,7.7519,0.17889,50.6855,No (reported postion),cruise,2021-03-20 03:00:00
2021-03-20 04:00:00+00:00,4.03445,61.5501083333,12.7,2725.091,7.7519,0.016100100000000003,0.11926,7.7519,0.17889,50.6855,No (reported postion),cruise,2021-03-20 04:00:00
2021-03-20 05:00:00+00:00,4.0309366667,61.3425283333,12.2,2725.091,7.7519,0.016100100000000003,0.11926,7.7519,0.17889,50.6855,No (reported postion),cruise,2021-03-20 05:00:00
2021-03-20 06:00:00+00:00,4.024405,61.1465166667,12.5,2725.091,7.7519,0.016100100000000003,0.11926,7.7519,0.17889,50.6855,No (reported postion),cruise,2021-03-20 06:00:00
2021-03-20 07:00:00+00:00,4.0305883333,60.9318766667,12.8,2725.091,7.7519,0.016100100000000003,0.11926,7.7519,0.17889,50.6855,No (reported postion),cruise,2021-03-20 07:00:00
2021-03-20 08:00:00+00:00,4.0341383333,60.7327083333,10.8,2105.17269906851,5.9884562555559295,0.0124375629923085,0.092130096239322,5.9884562555559295,0.13819514435898297,39.1552909017119,No (reported postion),cruise,2021-03-20 08:00:00
2021-03-20 09:00:00+00:00,4.02217,60.5571716667,10.4,1891.07260726658,5.3794187952878705,0.0111726390363671,0.08276028915827491,5.3794187952878705,0.124140433737412,35.173122892266804,No (reported postion),cruise,2021-03-20 09:00:00
2021-03-20 10:00:00+00:00,4.0229066667,60.3798933333,10.9,2161.2460033976,6.14796456108725,0.012768849473027399,0.0945840701705731,6.14796456108725,0.14187610525586,40.1982298224936,No (reported postion),cruise,2021-03-20 10:00:00
2021-03-20 11:00:00+00:00,4.0237866667,60.1946666667,10.9,2161.2460033976,6.14796456108725,0.012768849473027399,0.0945840701705731,6.14796456108725,0.14187610525586,40.1982298224936,No (reported postion),cruise,2021-03-20 11:00:00
2021-03-20 12:00:00+00:00,4.0325366667,60.0179133333,10.5,1943.08771396095,5.5273829937620205,0.011479949294736499,0.0850366614424925,5.5273829937620205,0.127554992163739,36.1405811130593,No (reported postion),cruise,2021-03-20 12:00:00
2021-03-20 13:00:00+00:00,4.0355733333,59.8418216667,10.6,1996.1030806357198,5.67819257073617,0.011793169185375102,0.0873568087805564,5.67819257073617,0.131035213170835,37.1266437317365,No (reported postion),cruise,2021-03-20 13:00:00
2021-03-20 14:00:00+00:00,4.0368283333,59.6622316667,10.9,2161.2460033976,6.14796456108725,0.012768849473027399,0.0945840701705731,6.14796456108725,0.14187610525586,40.1982298224936,No (reported postion),cruise,2021-03-20 14:00:00
2021-03-20 15:00:00+00:00,4.0458416667,59.4804583333,10.7,2050.12823357639,5.8318746250531905,0.0121123549904951,0.0897211480777414,5.8318746250531905,0.134581722116612,38.1314879330401,No (reported postion),cruise,2021-03-20 15:00:00
2021-03-20 16:00:00+00:00,4.0527733333,59.3025783333,10.5,1943.08771396095,5.5273829937620205,0.011479949294736499,0.0850366614424925,5.5273829937620205,0.127554992163739,36.1405811130593,No (reported postion),cruise,2021-03-20 16:00:00
2021-03-20 17:00:00+00:00,4.0516033333,59.1317383333,10.1,1740.9335842105,4.95232748243688,0.0102856032327535,0.07618965357595209,4.95232748243688,0.11428448036392799,32.3806027697796,No (reported postion),cruise,2021-03-20 17:00:00
2021-03-20 18:00:00+00:00,4.0924566667,58.9654283333,11.3,2396.0181347941902,6.81580651035545,0.014155905829199799,0.10485856169777599,6.81580651035545,0.157287842546664,44.564888721554894,No (reported postion),cruise,2021-03-20 18:00:00
2021-03-20 19:00:00+00:00,4.3463666667,58.8313083333,11.4,2457.37852759103,6.99035467367252,0.0145184289376275,0.1075439180565,6.99035467367252,0.16131587708475,45.706165174012604,No (reported postion),cruise,2021-03-20 19:00:00
2021-03-20 20:00:00+00:00,4.5753916667,58.6852633333,11.3,2396.0181347941902,6.81580651035545,0.014155905829199799,0.10485856169777599,6.81580651035545,0.157287842546664,44.564888721554894,No (reported postion),cruise,2021-03-20 20:00:00
2021-03-20 21:00:00+00:00,4.8202116667,58.53596,11.9,2725.091,7.7519,0.016100100000000003,0.11926,7.7519,0.17889,50.6855,No (reported postion),cruise,2021-03-20 21:00:00
2021-03-20 22:00:00+00:00,5.0754816667,58.3929966667,11.5,2519.82491693801,7.16799210507531,0.014887368218233301,0.11027680161654299,7.16799210507531,0.165415202424815,46.8676406870309,No (reported postion),cruise,2021-03-20 22:00:00
2021-03-20 23:00:00+00:00,5.3272816667,58.2629933333,10.8,2105.17269906851,5.9884562555559295,0.0124375629923085,0.092130096239322,5.9884562555559295,0.13819514435898297,39.1552909017119,No (reported postion),cruise,2021-03-20 23:00:00
2021-03-21 00:00:00+00:00,5.5920766667,58.1419333333,11.1,2276.51723370879,6.475869592607051,0.013449883000030001,0.09962876296318539,6.475869592607051,0.149443144444778,42.342224259353806,No (reported postion),cruise,2021-03-21 00:00:00
2021-03-21 01:00:00+00:00,5.8557716667,58.0293466667,10.8,2105.17269906851,5.9884562555559295,0.0124375629923085,0.092130096239322,5.9884562555559295,0.13819514435898297,39.1552909017119,No (reported postion),cruise,2021-03-21 01:00:00
2021-03-21 02:00:00+00:00,6.102025,57.9052433333,10.5,1943.08771396095,5.5273829937620205,0.011479949294736499,0.0850366614424925,5.5273829937620205,0.127554992163739,36.1405811130593,No (reported postion),cruise,2021-03-21 02:00:00
2021-03-21 03:00:00+00:00,6.3475266667,57.7980283333,10.1,1740.9335842105,4.95232748243688,0.0102856032327535,0.07618965357595209,4.95232748243688,0.11428448036392799,32.3806027697796,No (reported postion),cruise,2021-03-21 03:00:00
2021-03-21 04:00:00+00:00,6.6160166667,57.71811,9.1,1301.5654185399198,3.70248368512449,0.00768977380756624,0.0569612874634537,3.70248368512449,0.0854419311951805,24.208547171967798,No (reported postion),cruise,2021-03-21 04:00:00
2021-03-21 05:00:00+00:00,6.9113933333,57.6803666667,9.8,1599.45395469892,4.5498690177431,0.009449727959927991,0.0699979848883554,4.5498690177431,0.104996977332533,29.749143577551102,No (reported postion),cruise,2021-03-21 05:00:00
2021-03-21 06:00:00+00:00,7.2151983333,57.6677683333,9.7,1554.1739318724901,4.4210637011689995,0.00918220922550484,0.06801636463336919,4.4210637011689995,0.102024546950054,28.9069549691819,No (reported postion),cruise,2021-03-21 06:00:00
2021-03-21 07:00:00+00:00,7.5342666667,57.6706816667,10.2,1790.00506867688,5.091918138468159,0.0105755222875877,0.0783372021302793,5.091918138468159,0.117505803195419,33.2933109053687,No (reported postion),cruise,2021-03-21 07:00:00
2021-03-21 08:00:00+00:00,7.8594583333,57.678755,10.5,1943.08771396095,5.5273829937620205,0.011479949294736499,0.0850366614424925,5.5273829937620205,0.127554992163739,36.1405811130593,No (reported postion),cruise,2021-03-21 08:00:00
2021-03-21 09:00:00+00:00,8.185325,57.6948766667,10.4,1891.07260726658,5.3794187952878705,0.0111726390363671,0.08276028915827491,5.3794187952878705,0.124140433737412,35.173122892266804,No (reported postion),cruise,2021-03-21 09:00:00
2021-03-21 10:00:00+00:00,8.5087883333,57.7102883333,10.7,2050.12823357639,5.8318746250531905,0.0121123549904951,0.0897211480777414,5.8318746250531905,0.134581722116612,38.1314879330401,No (reported postion),cruise,2021-03-21 10:00:00
2021-03-21 11:00:00+00:00,8.84217,57.7302783333,10.9,2161.2460033976,6.14796456108725,0.012768849473027399,0.0945840701705731,6.14796456108725,0.14187610525586,40.1982298224936,No (reported postion),cruise,2021-03-21 11:00:00
2021-03-21 12:00:00+00:00,9.1838816667,57.7502883333,11.3,2396.0181347941902,6.81580651035545,0.014155905829199799,0.10485856169777599,6.81580651035545,0.157287842546664,44.564888721554894,No (reported postion),cruise,2021-03-21 12:00:00
2021-03-21 13:00:00+00:00,9.5355883333,57.7712283333,11.1,2276.51723370879,6.475869592607051,0.013449883000030001,0.09962876296318539,6.475869592607051,0.149443144444778,42.342224259353806,No (reported postion),cruise,2021-03-21 13:00:00
2021-03-21 14:00:00+00:00,9.8775216667,57.7886766667,10.2,1790.00506867688,5.091918138468159,0.0105755222875877,0.0783372021302793,5.091918138468159,0.117505803195419,33.2933109053687,No (reported postion),cruise,2021-03-21 14:00:00
2021-03-21 15:00:00+00:00,10.1721016667,57.8018583333,9.4,1423.84005642807,4.05031088261814,0.0084121841408223,0.0623124751172022,4.05031088261814,0.0934687126758033,26.4828019248109,No (reported postion),cruise,2021-03-21 15:00:00
2021-03-21 16:00:00+00:00,10.4610466667,57.8123683333,9.3,1326.6734627308301,3.77390700558004,0.00783811455005084,0.0580601077781544,3.77390700558004,0.0870901616672316,24.6755458057156,No (reported postion),cruise,2021-03-21 16:00:00
2021-03-21 17:00:00+00:00,10.7780916667,57.805405,10.5,1943.08771396095,5.5273829937620205,0.011479949294736499,0.0850366614424925,5.5273829937620205,0.127554992163739,36.1405811130593,No (reported postion),cruise,2021-03-21 17:00:00
2021-03-21 18:00:00+00:00,11.0467983333,57.728285,9.4,1423.84005642807,4.05031088261814,0.0084121841408223,0.0623124751172022,4.05031088261814,0.0934687126758033,26.4828019248109,No (reported postion),cruise,2021-03-21 18:00:00
2021-03-21 19:00:00+00:00,11.296495,57.656895,8.7,1150.62459978528,3.27311155299969,0.00679800091776859,0.0503555623538414,3.27311155299969,0.07553334353076209,21.4011140003826,No (reported postion),cruise,2021-03-21 19:00:00
2021-03-21 20:00:00+00:00,11.5269716667,57.5891416667,8.2,942.463318637086,2.68096786483197,0.00556816402695872,0.0412456594589534,2.68096786483197,0.0618684891884302,17.5294052700552,No (reported postion),cruise,2021-03-21 20:00:00
2021-03-21 21:00:00+00:00,11.6296233333,57.560555,0.1,219.36151868320002,0.624041905022215,0.00129600897252656,0.00960030772442959,0.624020002087923,0.0144007267746517,4.08059826813239,No (reported postion),anchor,2021-03-21 21:00:00
2021-03-21 22:00:00+00:00,11.6305233333,57.5601383333,0.1,219.36151868320002,0.624041905022215,0.00129600897252656,0.00960030772442959,0.624020002087923,0.0144007267746517,4.08059826813239,No (reported postion),anchor,2021-03-21 22:00:00
2021-03-21 23:00:00+00:00,11.6307316667,57.5602816667,0.1,219.36151868320002,0.624041905022215,0.00129600897252656,0.00960030772442959,0.624020002087923,0.0144007267746517,4.08059826813239,No (reported postion),anchor,2021-03-21 23:00:00
2021-03-22 00:00:00+00:00,11.6312416667,57.5602666667,0.0,219.36,0.624,0.001296,0.0096,0.624,0.0144,4.08,No (reported postion),anchor,2021-03-22 00:00:00
2021-03-22 01:00:00+00:00,11.632175,57.559295,0.0,219.36,0.624,0.001296,0.0096,0.624,0.0144,4.08,No (reported postion),anchor,2021-03-22 01:00:00
2021-03-22 02:00:00+00:00,11.6321566667,57.559215,0.0,219.36,0.624,0.001296,0.0096,0.624,0.0144,4.08,No (reported postion),anchor,2021-03-22 02:00:00
2021-03-22 03:00:00+00:00,11.6322083333,57.5593933333,0.0,219.36,0.624,0.001296,0.0096,0.624,0.0144,4.08,No (reported postion),anchor,2021-03-22 03:00:00
2021-03-22 04:00:00+00:00,11.631905,57.55999,0.1,219.36151868320002,0.624041905022215,0.00129600897252656,0.00960030772442959,0.624020002087923,0.0144007267746517,4.08059826813239,No (reported postion),anchor,2021-03-22 04:00:00
2021-03-22 05:00:00+00:00,11.63202,57.5599816667,0.0,219.36,0.624,0.001296,0.0096,0.624,0.0144,4.08,No (reported postion),anchor,2021-03-22 05:00:00
2021-03-22 06:00:00+00:00,11.632015,57.5600833333,0.0,219.36,0.624,0.001296,0.0096,0.624,0.0144,4.08,No (reported postion),anchor,2021-03-22 06:00:00
2021-03-22 07:00:00+00:00,11.6322183333,57.5600033333,0.0,219.36,0.624,0.001296,0.0096,0.624,0.0144,4.08,No (reported postion),anchor,2021-03-22 07:00:00
2021-03-22 08:00:00+00:00,11.6324,57.56,0.1,219.36151868320002,0.624041905022215,0.00129600897252656,0.00960030772442959,0.624020002087923,0.0144007267746517,4.08059826813239,No (reported postion),anchor,2021-03-22 08:00:00
2021-03-22 09:00:00+00:00,11.6325816667,57.5599916667,0.0,219.36,0.624,0.001296,0.0096,0.624,0.0144,4.08,No (reported postion),anchor,2021-03-22 09:00:00
2021-03-22 10:00:00+00:00,11.6327083333,57.55961,0.0,219.36,0.624,0.001296,0.0096,0.624,0.0144,4.08,No (reported postion),anchor,2021-03-22 10:00:00
2021-03-22 11:00:00+00:00,11.6326133333,57.5593783333,0.0,219.36,0.624,0.001296,0.0096,0.624,0.0144,4.08,No (reported postion),anchor,2021-03-22 11:00:00
2021-03-22 12:00:00+00:00,11.6326116667,57.5591766667,0.0,219.36,0.624,0.001296,0.0096,0.624,0.0144,4.08,No (reported postion),anchor,2021-03-22 12:00:00
2021-03-22 13:00:00+00:00,11.6318716667,57.558735,0.0,219.36,0.624,0.001296,0.0096,0.624,0.0144,4.08,No (reported postion),anchor,2021-03-22 13:00:00
2021-03-22 14:00:00+00:00,11.63145,57.5585783333,0.0,219.36,0.624,0.001296,0.0096,0.624,0.0144,4.08,No (reported postion),anchor,2021-03-22 14:00:00
2021-03-22 15:00:00+00:00,11.6319033333,57.5588083333,0.0,219.36,0.624,0.001296,0.0096,0.624,0.0144,4.08,No (reported postion),anchor,2021-03-22 15:00:00
2021-03-22 16:00:00+00:00,11.6322733333,57.5592866667,0.0,219.36,0.624,0.001296,0.0096,0.624,0.0144,4.08,No (reported postion),anchor,2021-03-22 16:00:00
2021-03-22 17:00:00+00:00,11.6326,57.5598183333,0.0,219.36,0.624,0.001296,0.0096,0.624,0.0144,4.08,No (reported postion),anchor,2021-03-22 17:00:00
2021-03-22 18:00:00+00:00,11.6326383333,57.55972,0.0,219.36,0.624,0.001296,0.0096,0.624,0.0144,4.08,No (reported postion),anchor,2021-03-22 18:00:00
2021-03-22 19:00:00+00:00,11.632635,57.55969,0.0,219.36,0.624,0.001296,0.0096,0.624,0.0144,4.08,No (reported postion),anchor,2021-03-22 19:00:00
2021-03-22 20:00:00+00:00,11.6327116667,57.55969,0.0,219.36,0.624,0.001296,0.0096,0.624,0.0144,4.08,No (reported postion),anchor,2021-03-22 20:00:00
2021-03-22 21:00:00+00:00,11.6326583333,57.559685,0.0,219.36,0.624,0.001296,0.0096,0.624,0.0144,4.08,No (reported postion),anchor,2021-03-22 21:00:00
2021-03-22 22:00:00+00:00,11.6327833333,57.559295,0.0,219.36,0.624,0.001296,0.0096,0.624,0.0144,4.08,No (reported postion),anchor,2021-03-22 22:00:00
2021-03-22 23:00:00+00:00,11.6326383333,57.5588866667,0.0,219.36,0.624,0.001296,0.0096,0.624,0.0144,4.08,No (reported postion),anchor,2021-03-22 23:00:00
2021-03-23 00:00:00+00:00,11.6325366667,57.55876,0.0,219.36,0.624,0.001296,0.0096,0.624,0.0144,4.08,No (reported postion),anchor,2021-03-23 00:00:00
2021-03-23 01:00:00+00:00,11.6322916667,57.5585933333,0.0,219.36,0.624,0.001296,0.0096,0.624,0.0144,4.08,No (reported postion),anchor,2021-03-23 01:00:00
2021-03-23 02:00:00+00:00,11.63218,57.558545,0.0,219.36,0.624,0.001296,0.0096,0.624,0.0144,4.08,No (reported postion),anchor,2021-03-23 02:00:00
2021-03-23 03:00:00+00:00,11.6321983333,57.55868,0.0,219.36,0.624,0.001296,0.0096,0.624,0.0144,4.08,No (reported postion),anchor,2021-03-23 03:00:00
2021-03-23 04:00:00+00:00,11.63676,57.5710783333,9.9,1578.68679031109,4.49079393305125,0.009327033553260288,0.0690891374315577,4.49079393305125,0.103633706147337,29.362883408412,No (reported postion),cruise,2021-03-23 04:00:00
2021-03-23 05:00:00+00:00,11.85667,57.6847116667,5.9,417.01563694005904,1.75410463447747,0.0024637685333438897,0.0201611565037929,1.31047517274654,0.0322892553482936,12.165302688453599,No (reported postion),cruise,2021-03-23 05:00:00
2021-03-23 06:00:00+00:00,11.87334,57.6904716667,0.0,219.36,0.624,0.001296,0.0096,0.624,0.0144,4.08,No (reported postion),anchor,2021-03-23 06:00:00
2021-03-23 07:00:00+00:00,11.8733633333,57.690495,0.0,219.36,0.624,0.001296,0.0096,0.624,0.0144,4.08,No (reported postion),anchor,2021-03-23 07:00:00
2021-03-23 08:00:00+00:00,11.873345,57.69047,0.0,219.36,0.624,0.001296,0.0096,0.624,0.0144,4.08,No (reported postion),anchor,2021-03-23 08:00:00
2021-03-23 09:00:00+00:00,11.8733716667,57.690505,0.0,219.36,0.624,0.001296,0.0096,0.624,0.0144,4.08,No (reported postion),anchor,2021-03-23 09:00:00
2021-03-23 10:00:00+00:00,11.8733383333,57.6905033333,0.0,219.36,0.624,0.001296,0.0096,0.624,0.0144,4.08,No (reported postion),anchor,2021-03-23 10:00:00
2021-03-23 11:00:00+00:00,11.8733183333,57.6904716667,0.0,219.36,0.624,0.001296,0.0096,0.624,0.0144,4.08,No (reported postion),anchor,2021-03-23 11:00:00
2021-03-23 12:00:00+00:00,11.8734,57.6904766667,0.0,219.36,0.624,0.001296,0.0096,0.624,0.0144,4.08,No (reported postion),anchor,2021-03-23 12:00:00
2021-03-23 13:00:00+00:00,11.8733566667,57.6904766667,0.0,219.36,0.624,0.001296,0.0096,0.624,0.0144,4.08,No (reported postion),anchor,2021-03-23 13:00:00
2021-03-23 14:00:00+00:00,11.87336,57.6904966667,0.0,219.36,0.624,0.001296,0.0096,0.624,0.0144,4.08,No (reported postion),anchor,2021-03-23 14:00:00
2021-03-23 15:00:00+00:00,11.8734166667,57.6904983333,0.0,219.36,0.624,0.001296,0.0096,0.624,0.0144,4.08,No (reported postion),anchor,2021-03-23 15:00:00
2021-03-23 16:00:00+00:00,11.87335,57.6905316667,0.0,219.36,0.624,0.001296,0.0096,0.624,0.0144,4.08,No (reported postion),anchor,2021-03-23 16:00:00
2021-03-23 17:00:00+00:00,11.8733016667,57.690475,0.0,219.36,0.624,0.001296,0.0096,0.624,0.0144,4.08,No (reported postion),anchor,2021-03-23 17:00:00
2021-03-23 18:00:00+00:00,11.8733033333,57.690495,0.0,219.36,0.624,0.001296,0.0096,0.624,0.0144,4.08,No (reported postion),anchor,2021-03-23 18:00:00
2021-03-23 19:00:00+00:00,11.8733866667,57.6904966667,0.0,219.36,0.624,0.001296,0.0096,0.624,0.0144,4.08,No (reported postion),anchor,2021-03-23 19:00:00
2021-03-23 20:00:00+00:00,11.8733966667,57.6904883333,0.0,219.36,0.624,0.001296,0.0096,0.624,0.0144,4.08,No (reported postion),anchor,2021-03-23 20:00:00
2021-03-23 21:00:00+00:00,11.873355,57.6904816667,0.0,219.36,0.624,0.001296,0.0096,0.624,0.0144,4.08,No (reported postion),anchor,2021-03-23 21:00:00
2021-03-23 22:00:00+00:00,11.8733566667,57.69051,0.0,219.36,0.624,0.001296,0.0096,0.624,0.0144,4.08,No (reported postion),anchor,2021-03-23 22:00:00
2021-03-23 23:00:00+00:00,11.87335,57.6904983333,0.0,219.36,0.624,0.001296,0.0096,0.624,0.0144,4.08,No (reported postion),anchor,2021-03-23 23:00:00
2021-03-24 00:00:00+00:00,11.8733483333,57.6905066667,0.0,219.36,0.624,0.001296,0.0096,0.624,0.0144,4.08,No (reported postion),anchor,2021-03-24 00:00:00
2021-03-24 01:00:00+00:00,11.8733366667,57.6904783333,0.0,219.36,0.624,0.001296,0.0096,0.624,0.0144,4.08,No (reported postion),anchor,2021-03-24 01:00:00
2021-03-24 02:00:00+00:00,11.693355,57.64433,12.0,2729.39456966107,7.764142101880511,0.0161255259039057,0.119448340028931,7.764142101880511,0.179172510043396,50.7655445122956,No (reported postion),cruise,2021-03-24 02:00:00
2021-03-24 03:00:00+00:00,11.61048,57.4512883333,11.5,2519.82491693801,7.16799210507531,0.014887368218233301,0.11027680161654299,7.16799210507531,0.165415202424815,46.8676406870309,No (reported postion),cruise,2021-03-24 03:00:00
2021-03-24 04:00:00+00:00,11.5775516667,57.2607616667,11.2,2335.7342122619502,6.64432051628125,0.013799742610738,0.102220315635096,6.64432051628125,0.15333047345264397,43.4436341449158,No (reported postion),cruise,2021-03-24 04:00:00
2021-03-24 05:00:00+00:00,11.6372833333,57.085525,10.5,1943.08771396095,5.5273829937620205,0.011479949294736499,0.0850366614424925,5.5273829937620205,0.127554992163739,36.1405811130593,No (reported postion),cruise,2021-03-24 05:00:00
2021-03-24 06:00:00+00:00,11.7423083333,56.9197083333,10.4,1891.07260726658,5.3794187952878705,0.0111726390363671,0.08276028915827491,5.3794187952878705,0.124140433737412,35.173122892266804,No (reported postion),cruise,2021-03-24 06:00:00
2021-03-24 07:00:00+00:00,11.85494,56.7574616667,10.2,1790.00506867688,5.091918138468159,0.0105755222875877,0.0783372021302793,5.091918138468159,0.117505803195419,33.2933109053687,No (reported postion),cruise,2021-03-24 07:00:00
2021-03-24 08:00:00+00:00,11.7111416667,56.6009516667,10.6,1996.1030806357198,5.67819257073617,0.011793169185375102,0.0873568087805564,5.67819257073617,0.131035213170835,37.1266437317365,No (reported postion),cruise,2021-03-24 08:00:00
2021-03-24 09:00:00+00:00,11.5451183333,56.4502316667,10.2,1790.00506867688,5.091918138468159,0.0105755222875877,0.0783372021302793,5.091918138468159,0.117505803195419,33.2933109053687,No (reported postion),cruise,2021-03-24 09:00:00
2021-03-24 10:00:00+00:00,11.3770916667,56.294385,11.7,2648.01379042449,7.53264316750948,0.0156447204248274,0.115886817961684,7.53264316750948,0.173830226942526,49.2518976337158,No (reported postion),cruise,2021-03-24 10:00:00
2021-03-24 11:00:00+00:00,11.18906,56.1346016667,11.8,2713.77532713504,7.71971099622658,0.0160332459152398,0.11876478455733201,7.71971099622658,0.178147176835998,50.4750334368661,No (reported postion),cruise,2021-03-24 11:00:00
2021-03-24 12:00:00+00:00,11.0095866667,55.964935,11.8,2600.3550955204696,7.39707138769499,0.0153631482667511,0.113801098272231,7.39707138769499,0.17070164740834598,48.365466765698,No (reported postion),cruise,2021-03-24 12:00:00
2021-03-24 13:00:00+00:00,10.8015233333,55.8073416667,12.2,2725.091,7.7519,0.016100100000000003,0.11926,7.7519,0.17889,50.6855,No (reported postion),cruise,2021-03-24 13:00:00
2021-03-24 14:00:00+00:00,10.79221,55.6104733333,12.2,2725.091,7.7519,0.016100100000000003,0.11926,7.7519,0.17889,50.6855,No (reported postion),cruise,2021-03-24 14:00:00
2021-03-24 15:00:00+00:00,10.9609716667,55.4273816667,12.8,2725.091,7.7519,0.016100100000000003,0.11926,7.7519,0.17889,50.6855,No (reported postion),cruise,2021-03-24 15:00:00
2021-03-24 16:00:00+00:00,11.076755,55.25741,8.3,973.473310898609,2.76918009664812,0.0057513740468845605,0.0426027707176634,2.76918009664812,0.0639041560764951,18.106177555006898,No (reported postion),cruise,2021-03-24 16:00:00
2021-03-24 17:00:00+00:00,11.0315266667,55.0870083333,12.4,2725.091,7.7519,0.016100100000000003,0.11926,7.7519,0.17889,50.6855,No (reported postion),cruise,2021-03-24 17:00:00
2021-03-24 18:00:00+00:00,10.8907683333,54.908365,11.9,2664.33266268836,7.579064467166011,0.015741133893344802,0.11660099180255401,7.579064467166011,0.17490148770383102,49.5554215160854,No (reported postion),cruise,2021-03-24 18:00:00
2021-03-24 19:00:00+00:00,10.8563333333,54.70897,12.4,2725.091,7.7519,0.016100100000000003,0.11926,7.7519,0.17889,50.6855,No (reported postion),cruise,2021-03-24 19:00:00
2021-03-24 20:00:00+00:00,11.1588483333,54.5869816667,13.2,2725.091,7.7519,0.016100100000000003,0.11926,7.7519,0.17889,50.6855,No (reported postion),cruise,2021-03-24 20:00:00
2021-03-24 21:00:00+00:00,11.4914866667,54.4914433333,12.6,2725.091,7.7519,0.016100100000000003,0.11926,7.7519,0.17889,50.6855,No (reported postion),cruise,2021-03-24 21:00:00
2021-03-24 22:00:00+00:00,11.8333166667,54.415475,13.2,2725.091,7.7519,0.016100100000000003,0.11926,7.7519,0.17889,50.6855,No (reported postion),cruise,2021-03-24 22:00:00
2021-03-24 23:00:00+00:00,12.1946533333,54.4203333333,12.6,2725.091,7.7519,0.016100100000000003,0.11926,7.7519,0.17889,50.6855,No (reported postion),cruise,2021-03-24 23:00:00
2021-03-25 00:00:00+00:00,12.3650333333,54.6038166667,12.8,2725.091,7.7519,0.016100100000000003,0.11926,7.7519,0.17889,50.6855,No (reported postion),cruise,2021-03-25 00:00:00
2021-03-25 01:00:00+00:00,12.6657433333,54.7271083333,12.6,2725.091,7.7519,0.016100100000000003,0.11926,7.7519,0.17889,50.6855,No (reported postion),cruise,2021-03-25 01:00:00
2021-03-25 02:00:00+00:00,13.0102083333,54.8014866667,13.0,2725.091,7.7519,0.016100100000000003,0.11926,7.7519,0.17889,50.6855,No (reported postion),cruise,2021-03-25 02:00:00
2021-03-25 03:00:00+00:00,13.3665883333,54.872215,12.9,2725.091,7.7519,0.016100100000000003,0.11926,7.7519,0.17889,50.6855,No (reported postion),cruise,2021-03-25 03:00:00
2021-03-25 04:00:00+00:00,13.7265833333,54.9414066667,13.5,2725.091,7.7519,0.016100100000000003,0.11926,7.7519,0.17889,50.6855,No (reported postion),cruise,2021-03-25 04:00:00
2021-03-25 05:00:00+00:00,14.0901216667,55.015285,13.3,2725.091,7.7519,0.016100100000000003,0.11926,7.7519,0.17889,50.6855,No (reported postion),cruise,2021-03-25 05:00:00
2021-03-25 06:00:00+00:00,14.3715866667,55.16469,13.3,2725.091,7.7519,0.016100100000000003,0.11926,7.7519,0.17889,50.6855,No (reported postion),cruise,2021-03-25 06:00:00
2021-03-25 07:00:00+00:00,14.59189,55.3384483333,11.7,2648.01379042449,7.53264316750948,0.0156447204248274,0.115886817961684,7.53264316750948,0.173830226942526,49.2518976337158,No (reported postion),cruise,2021-03-25 07:00:00
2021-03-25 08:00:00+00:00,14.8323833333,55.4544366667,9.5,1466.37650902259,4.17131173244937,0.008663493598164089,0.0641740266530673,4.17131173244937,0.0962610399796009,27.2739613275536,No (reported postion),cruise,2021-03-25 08:00:00
2021-03-25 09:00:00+00:00,15.0777316667,55.5284333333,9.4,1423.84005642807,4.05031088261814,0.0084121841408223,0.0623124751172022,4.05031088261814,0.0934687126758033,26.4828019248109,No (reported postion),cruise,2021-03-25 09:00:00
2021-03-25 10:00:00+00:00,15.3238666667,55.6025566667,9.5,1466.37650902259,4.17131173244937,0.008663493598164089,0.0641740266530673,4.17131173244937,0.0962610399796009,27.2739613275536,No (reported postion),cruise,2021-03-25 10:00:00
2021-03-25 11:00:00+00:00,15.57071,55.6823766667,9.4,1423.84005642807,4.05031088261814,0.0084121841408223,0.0623124751172022,4.05031088261814,0.0934687126758033,26.4828019248109,No (reported postion),cruise,2021-03-25 11:00:00
2021-03-25 12:00:00+00:00,15.8198216667,55.7620033333,9.5,1466.37650902259,4.17131173244937,0.008663493598164089,0.0641740266530673,4.17131173244937,0.0962610399796009,27.2739613275536,No (reported postion),cruise,2021-03-25 12:00:00
2021-03-25 13:00:00+00:00,16.05757,55.8380266667,9.6,1509.8179587422198,4.29488697235204,0.00892014986565423,0.06607518419003139,4.29488697235204,0.09911277628504711,28.0819532807633,No (reported postion),cruise,2021-03-25 13:00:00
2021-03-25 14:00:00+00:00,16.3035616667,55.9144733333,9.5,1466.37650902259,4.17131173244937,0.008663493598164089,0.0641740266530673,4.17131173244937,0.0962610399796009,27.2739613275536,No (reported postion),cruise,2021-03-25 14:00:00
2021-03-25 15:00:00+00:00,16.5517083333,55.98466,9.8,1599.45395469892,4.5498690177431,0.009449727959927991,0.0699979848883554,4.5498690177431,0.104996977332533,29.749143577551102,No (reported postion),cruise,2021-03-25 15:00:00
2021-03-25 16:00:00+00:00,16.7876233333,56.0614616667,9.1,1301.5654185399198,3.70248368512449,0.00768977380756624,0.0569612874634537,3.70248368512449,0.0854419311951805,24.208547171967798,No (reported postion),cruise,2021-03-25 16:00:00
2021-03-25 17:00:00+00:00,17.0068433333,56.155645,9.1,1301.5654185399198,3.70248368512449,0.00768977380756624,0.0569612874634537,3.70248368512449,0.0854419311951805,24.208547171967798,No (reported postion),cruise,2021-03-25 17:00:00
2021-03-25 18:00:00+00:00,17.2157566667,56.2493616667,8.2,980.52483312059,2.78923913141525,0.0057930351190932,0.042911371252542206,2.78923913141525,0.0643670568788134,18.2373327823305,No (reported postion),cruise,2021-03-25 18:00:00
2021-03-25 19:00:00+00:00,17.5216155555667,56.3845744444667,9.46666666666667,2725.091,7.7519,0.016100100000000003,0.11926,7.7519,0.17889,50.6855,Linear (small gap),cruise,2021-03-25 19:00:00
2021-03-25 20:00:00+00:00,17.8274744444333,56.5197872222333,10.7333333333333,2725.091,7.7519,0.016100100000000003,0.11926,7.7519,0.17889,50.6855,Linear (small gap),cruise,2021-03-25 20:00:00
2021-03-25 21:00:00+00:00,18.1333333333,56.655,12.0,2725.091,7.7519,0.016100100000000003,0.11926,7.7519,0.17889,50.6855,No (reported postion),cruise,2021-03-25 21:00:00
2021-03-25 22:00:00+00:00,18.36987,56.7594116667,12.7,2725.091,7.7519,0.016100100000000003,0.11926,7.7519,0.17889,50.6855,No (reported postion),cruise,2021-03-25 22:00:00
2021-03-25 23:00:00+00:00,18.6222861111,56.9137972222333,12.7333333333333,2725.091,7.7519,0.016100100000000003,0.11926,7.7519,0.17889,50.6855,Linear (small gap),cruise,2021-03-25 23:00:00
2021-03-26 00:00:00+00:00,18.8747022222,57.0681827777667,12.7666666666667,2725.091,7.7519,0.016100100000000003,0.11926,7.7519,0.17889,50.6855,Linear (small gap),cruise,2021-03-26 00:00:00
2021-03-26 01:00:00+00:00,19.1271183333,57.2225683333,12.8,2725.091,7.7519,0.016100100000000003,0.11926,7.7519,0.17889,50.6855,No (reported postion),cruise,2021-03-26 01:00:00
2021-03-26 02:00:00+00:00,19.33305,57.3680616667,12.4,2725.091,7.7519,0.016100100000000003,0.11926,7.7519,0.17889,50.6855,No (reported postion),cruise,2021-03-26 02:00:00
2021-03-26 03:00:00+00:00,19.57086,57.54095,12.8,2725.091,7.7519,0.016100100000000003,0.11926,7.7519,0.17889,50.6855,No (reported postion),cruise,2021-03-26 03:00:00
2021-03-26 04:00:00+00:00,19.80464,57.7117683333,13.0,2725.091,7.7519,0.016100100000000003,0.11926,7.7519,0.17889,50.6855,No (reported postion),cruise,2021-03-26 04:00:00
2021-03-26 05:00:00+00:00,20.0825,57.9131816667,13.1,2725.091,7.7519,0.016100100000000003,0.11926,7.7519,0.17889,50.6855,No (reported postion),cruise,2021-03-26 05:00:00
2021-03-26 06:00:00+00:00,20.29958333335,58.0707575,12.55,2725.091,7.7519,0.016100100000000003,0.11926,7.7519,0.17889,50.6855,Linear (small gap),cruise,2021-03-26 06:00:00
2021-03-26 07:00:00+00:00,20.5166666667,58.2283333333,12.0,2725.091,7.7519,0.016100100000000003,0.11926,7.7519,0.17889,50.6855,No (reported postion),cruise,2021-03-26 07:00:00
2021-03-26 08:00:00+00:00,20.9282,58.5108,12.2,2725.091,7.7519,0.016100100000000003,0.11926,7.7519,0.17889,50.6855,No (reported postion),cruise,2021-03-26 08:00:00
2021-03-26 09:00:00+00:00,21.0638,58.6071,12.2,2725.091,7.7519,0.016100100000000003,0.11926,7.7519,0.17889,50.6855,No (reported postion),cruise,2021-03-26 09:00:00
2021-03-26 10:00:00+00:00,21.2188,58.7088,12.3,2725.091,7.7519,0.016100100000000003,0.11926,7.7519,0.17889,50.6855,No (reported postion),cruise,2021-03-26 10:00:00
2021-03-26 11:00:00+00:00,21.4472,58.8656,12.1,2725.091,7.7519,0.016100100000000003,0.11926,7.7519,0.17889,50.6855,No (reported postion),cruise,2021-03-26 11:00:00
2021-03-26 12:00:00+00:00,21.6901,59.0331,12.2,2725.091,7.7519,0.016100100000000003,0.11926,7.7519,0.17889,50.6855,No (reported postion),cruise,2021-03-26 12:00:00
2021-03-26 13:00:00+00:00,21.9859,59.1741,12.3,2725.091,7.7519,0.016100100000000003,0.11926,7.7519,0.17889,50.6855,No (reported postion),cruise,2021-03-26 13:00:00
2021-03-26 14:00:00+00:00,22.2942,59.292,12.0,2725.091,7.7519,0.016100100000000003,0.11926,7.7519,0.17889,50.6855,No (reported postion),cruise,2021-03-26 14:00:00
2021-03-26 15:00:00+00:00,22.5889,59.411,11.8,2713.77532713504,7.71971099622658,0.0160332459152398,0.11876478455733201,7.71971099622658,0.178147176835998,50.4750334368661,No (reported postion),cruise,2021-03-26 15:00:00
2021-03-26 16:00:00+00:00,22.9495,59.4828,12.1,2725.091,7.7519,0.016100100000000003,0.11926,7.7519,0.17889,50.6855,No (reported postion),cruise,2021-03-26 16:00:00
2021-03-26 17:00:00+00:00,23.3260783333,59.5506133333,12.0,2725.091,7.7519,0.016100100000000003,0.11926,7.7519,0.17889,50.6855,No (reported postion),cruise,2021-03-26 17:00:00
2021-03-26 18:00:00+00:00,23.7025766667,59.618175,13.1,2725.091,7.7519,0.016100100000000003,0.11926,7.7519,0.17889,50.6855,No (reported postion),cruise,2021-03-26 18:00:00
2021-03-26 19:00:00+00:00,24.022635,59.7458516667,12.9,2725.091,7.7519,0.016100100000000003,0.11926,7.7519,0.17889,50.6855,No (reported postion),cruise,2021-03-26 19:00:00
2021-03-26 20:00:00+00:00,24.2194016667,59.9140666667,6.9,604.01109936041,1.78915317423843,0.00356855572926282,0.026652083604114397,1.7323854342674398,0.040305631598311895,11.6983092161743,No (reported postion),cruise,2021-03-26 20:00:00
2021-03-26 21:00:00+00:00,23.9923283333,59.9978366667,4.3,225.85594518521,1.63856661288625,0.00133437866958439,0.0142702441876995,0.927565872200469,0.0262404883753991,14.5540599478266,No (reported postion),cruise,2021-03-26 21:00:00
2021-03-26 22:00:00+00:00,23.9914828508447,59.99817780705,4.168,361.970329066088,1.7384295464732,0.00213855555465741,0.0183142057532003,1.19042337395802,0.0301691851714137,12.3699275658525,Linear (small gap),cruise,2021-03-26 22:00:00
2021-03-26 23:00:00+00:00,23.9906373683895,59.9985189474,4.036,338.330851376637,1.74527547658947,0.00199889124445716,0.0175623842997081,1.14155497948102,0.0295586560199621,12.886270539360101,Linear (small gap),cruise,2021-03-26 23:00:00
2021-03-27 00:00:00+00:00,23.9897918859342,59.99886008775,3.904,316.18817506438,1.7700809356237401,0.00186807018090553,0.0170707018090553,1.10959561758859,0.0292086999028656,13.5365869578541,Linear (small gap),cruise,2021-03-27 00:00:00
2021-03-27 01:00:00+00:00,23.9889464034789,59.9992012281,3.772,295.493346268616,1.62585111130316,0.00174580313988023,0.0158480313988023,1.03012204092215,0.027021478391190703,12.4010884194432,Linear (small gap),cruise,2021-03-27 01:00:00
2021-03-27 02:00:00+00:00,23.9881009210237,59.99954236845,3.64,276.197411128643,1.6617093577861302,0.00163180089725894,0.015456750377966401,1.00468877456782,0.0270037067343723,13.1561714244399,Linear (small gap),cruise,2021-03-27 02:00:00
2021-03-27 03:00:00+00:00,23.9872554385684,59.9998835088,3.508,258.251415783762,1.71916043783716,0.0015257742289193801,0.015323250120525999,0.996011257834189,0.027408215855505902,14.345380412701498,Linear (small gap),cruise,2021-03-27 03:00:00
2021-03-27 04:00:00+00:00,23.9864099561132,60.00022464915,3.376,241.606406373269,1.5648025606343898,0.00142743391073923,0.0141577352383909,0.920252790495406,0.0251791686434225,12.998664388734399,Linear (small gap),cruise,2021-03-27 04:00:00
2021-03-27 05:00:00+00:00,23.9855644736579,60.0005657895,3.244,226.213429036466,1.64253257158617,0.00133649071859619,0.014298874185415,0.929426822051973,0.0262977483708299,14.591361080096,Linear (small gap),cruise,2021-03-27 05:00:00
2021-03-27 06:00:00+00:00,23.9847189912026,60.00090692985,3.112,212.02352991264902,1.777073702381,0.0012526554283679501,0.0149404333088383,0.971128165074487,0.0285868363739662,17.2866809252198,Linear (small gap),cruise,2021-03-27 06:00:00
2021-03-27 07:00:00+00:00,23.9838735087474,60.0012480702,2.98,259.54981258299,1.7329574106597398,0.00153344528221898,0.0177434937531397,1.15332709395408,0.033633067859737104,19.9123237621786,Linear (small gap),anchor,2021-03-27 07:00:00
2021-03-27 08:00:00+00:00,23.9830280262921,60.00158921055,2.848,254.44222613408002,1.59202378895132,0.0015032691697199501,0.0167085648578027,1.0860567157571799,0.0311888027473159,17.9002476387713,Linear (small gap),anchor,2021-03-27 08:00:00
2021-03-27 09:00:00+00:00,23.9821825438368,60.0019303509,2.716,249.786814413662,1.46356702353671,0.0014757645490522699,0.0157652582378667,1.02474178546134,0.0289609284732339,16.0663006540297,Linear (small gap),anchor,2021-03-27 09:00:00
2021-03-27 10:00:00+00:00,23.9813370613816,60.00227149125,2.584,245.56261988516098,1.3470088331551,0.00145080760107207,0.0149093273552865,0.9691062780936209,0.026939415686837498,14.402226822594201,Linear (small gap),anchor,2021-03-27 10:00:00
2021-03-27 11:00:00+00:00,23.9804915789263,60.0026126316,2.452,241.748685012005,1.24177093654568,0.00142827450663548,0.014136525672016701,0.9188741686810841,0.0251142350374735,12.8997701591054,Linear (small gap),anchor,2021-03-27 11:00:00
2021-03-27 12:00:00+00:00,23.9796460964711,60.00295377195,2.32,238.324052257619,1.14727505244765,0.00140804144659862,0.0134426066500121,0.873769432250784,0.023475357174488502,11.550674678203801,Linear (small gap),anchor,2021-03-27 12:00:00
2021-03-27 13:00:00+00:00,23.9788006140158,60.0032949123,2.188,235.267764085431,1.06294289960018,0.0013899846018176401,0.0128233237512274,0.8335160438297781,0.0220127527472292,10.3466843945298,Linear (small gap),anchor,2021-03-27 13:00:00
2021-03-27 14:00:00+00:00,23.9779551315605,60.00363605265,2.056,232.558862958867,0.9881961967424849,0.0013739801531486699,0.0122744304376173,0.797837978445124,0.0207163924050421,9.27954332272399,Linear (small gap),anchor,2021-03-27 14:00:00
2021-03-27 15:00:00+00:00,23.9771096491053,60.003977193,1.924,230.176391341355,0.922456662613743,0.00135990428144783,0.0117916801711366,0.7664592111238789,0.019576246797274,8.34099547742681,Linear (small gap),anchor,2021-03-27 15:00:00
2021-03-27 16:00:00+00:00,23.97626416665,60.00431833335,1.792,228.09939169632,0.865146015953149,0.00134763316757125,0.01137082641374,0.7391037168931011,0.0185822865732715,7.52278487327877,Linear (small gap),anchor,2021-03-27 16:00:00
2021-03-27 17:00:00+00:00,23.9754186841947,60.0046594737,1.66,226.306906487189,0.815685975499894,0.00133704299237508,0.0110076226273823,0.715495470779846,0.0177244823823812,6.81665552492037,Linear (small gap),anchor,2021-03-27 17:00:00
2021-03-27 18:00:00+00:00,23.9745732017395,60.00500061405,1.528,224.777978177389,0.77349825999317,0.00132800993671543,0.010697822274018,0.6953584478111731,0.0169928048739498,6.21435144699211,Linear (small gap),anchor,2021-03-27 18:00:00
2021-03-27 19:00:00+00:00,23.9737277192842,60.0053417544,1.396,223.49164923034698,0.73800458817217,0.00132041018144844,0.010437178815602102,0.678416623014139,0.016377224697323802,5.70761665413447,Linear (small gap),anchor,2021-03-27 19:00:00
2021-03-27 20:00:00+00:00,23.9728822368289,60.00568289475,1.264,222.42696210949,0.7086266787760831,0.0013141199074302502,0.0102214457140892,0.6643939714158,0.0158677125018501,5.28819516098796,Linear (small gap),anchor,2021-03-27 20:00:00
2021-03-27 21:00:00+00:00,23.9720367543737,60.0060240351,1.132,221.562959278244,0.684786250544101,0.00130901529551698,0.0100463764314341,0.653014468043215,0.0154542389368751,4.94783098219307,Linear (small gap),anchor,2021-03-27 21:00:00
2021-03-28 11:00:00+00:00,23.9602,60.0108,1.0,220.878683200035,0.665905022215417,0.00130497252656476,0.009907724429591409,0.6440020879234409,0.015126774651745601,4.67826813239029,No (reported postion),anchor,2021-03-28 11:00:00
2021-03-28 12:00:00+00:00,24.1094133333,59.9536833333,9.8,1534.48247840766,4.36504862566732,0.00906587022253981,0.06715459424103569,4.36504862566732,0.100731891361553,28.5407025524402,No (reported postion),cruise,2021-03-28 12:00:00
2021-03-28 13:00:00+00:00,24.1425,59.8575,10.8,2105.17269906851,5.9884562555559295,0.0124375629923085,0.092130096239322,5.9884562555559295,0.13819514435898297,39.1552909017119,No (reported postion),cruise,2021-03-28 13:00:00
2021-03-28 14:00:00+00:00,23.9533,59.7232,9.3,1382.1990746731399,3.93185732401549,0.00816616521141679,0.0604901126771614,3.93185732401549,0.0907351690157421,25.7082978877936,No (reported postion),cruise,2021-03-28 14:00:00
2021-03-28 15:00:00+00:00,23.6362,59.6775,9.7,1554.1739318724901,4.4210637011689995,0.00918220922550484,0.06801636463336919,4.4210637011689995,0.102024546950054,28.9069549691819,No (reported postion),cruise,2021-03-28 15:00:00
2021-03-28 16:00:00+00:00,23.3379,59.6348,9.7,1554.1739318724901,4.4210637011689995,0.00918220922550484,0.06801636463336919,4.4210637011689995,0.102024546950054,28.9069549691819,No (reported postion),cruise,2021-03-28 16:00:00
2021-03-28 17:00:00+00:00,22.9552183333,59.5795016667,11.7,2648.01379042449,7.53264316750948,0.0156447204248274,0.115886817961684,7.53264316750948,0.173830226942526,49.2518976337158,No (reported postion),cruise,2021-03-28 17:00:00
2021-03-28 18:00:00+00:00,22.6182,59.5308,11.4,2457.37852759103,6.99035467367252,0.0145184289376275,0.1075439180565,6.99035467367252,0.16131587708475,45.706165174012604,No (reported postion),cruise,2021-03-28 18:00:00
2021-03-28 19:00:00+00:00,22.316,59.4473,10.5,1943.08771396095,5.5273829937620205,0.011479949294736499,0.0850366614424925,5.5273829937620205,0.127554992163739,36.1405811130593,No (reported postion),cruise,2021-03-28 19:00:00
2021-03-28 20:00:00+00:00,22.0193,59.3402,11.1,2276.51723370879,6.475869592607051,0.013449883000030001,0.09962876296318539,6.475869592607051,0.149443144444778,42.342224259353806,No (reported postion),cruise,2021-03-28 20:00:00
2021-03-28 21:00:00+00:00,21.7185,59.2129,11.2,2335.7342122619502,6.64432051628125,0.013799742610738,0.102220315635096,6.64432051628125,0.15333047345264397,43.4436341449158,No (reported postion),cruise,2021-03-28 21:00:00
2021-03-28 22:00:00+00:00,21.4999,59.0751,11.6,2583.36682912065,7.348745903406679,0.0152627799532293,0.11305762928318,7.348745903406679,0.169586443924769,48.0494924453513,No (reported postion),cruise,2021-03-28 22:00:00
2021-03-28 23:00:00+00:00,21.2590876190429,58.911245,11.7714285714286,2725.091,7.7519,0.016100100000000003,0.11926,7.7519,0.17889,50.6855,Linear (small gap),cruise,2021-03-28 23:00:00
2021-03-29 00:00:00+00:00,21.0182752380857,58.74739,11.9428571428571,2725.091,7.7519,0.016100100000000003,0.11926,7.7519,0.17889,50.6855,Linear (small gap),cruise,2021-03-29 00:00:00
2021-03-29 01:00:00+00:00,20.7774628571286,58.583535,12.1142857142857,2725.091,7.7519,0.016100100000000003,0.11926,7.7519,0.17889,50.6855,Linear (small gap),cruise,2021-03-29 01:00:00
2021-03-29 02:00:00+00:00,20.5366504761714,58.41968,12.2857142857143,2725.091,7.7519,0.016100100000000003,0.11926,7.7519,0.17889,50.6855,Linear (small gap),cruise,2021-03-29 02:00:00
2021-03-29 03:00:00+00:00,20.2958380952143,58.255825,12.4571428571429,2725.091,7.7519,0.016100100000000003,0.11926,7.7519,0.17889,50.6855,Linear (small gap),cruise,2021-03-29 03:00:00
2021-03-29 04:00:00+00:00,20.0550257142571,58.09197,12.6285714285714,2725.091,7.7519,0.016100100000000003,0.11926,7.7519,0.17889,50.6855,Linear (small gap),cruise,2021-03-29 04:00:00
2021-03-29 05:00:00+00:00,19.8142133333,57.928115,12.8,2725.091,7.7519,0.016100100000000003,0.11926,7.7519,0.17889,50.6855,No (reported postion),cruise,2021-03-29 05:00:00
2021-03-29 06:00:00+00:00,19.6152,57.7780816667,12.9,2725.091,7.7519,0.016100100000000003,0.11926,7.7519,0.17889,50.6855,No (reported postion),cruise,2021-03-29 06:00:00
2021-03-29 07:00:00+00:00,19.3754,57.5863916667,12.9,2725.091,7.7519,0.016100100000000003,0.11926,7.7519,0.17889,50.6855,No (reported postion),cruise,2021-03-29 07:00:00
2021-03-29 08:00:00+00:00,19.1304,57.3958816667,12.7,2725.091,7.7519,0.016100100000000003,0.11926,7.7519,0.17889,50.6855,No (reported postion),cruise,2021-03-29 08:00:00
2021-03-29 09:00:00+00:00,18.94136,57.25961,12.5,2725.091,7.7519,0.016100100000000003,0.11926,7.7519,0.17889,50.6855,No (reported postion),cruise,2021-03-29 09:00:00
2021-03-29 10:00:00+00:00,18.71463,57.0904,12.2,2725.091,7.7519,0.016100100000000003,0.11926,7.7519,0.17889,50.6855,No (reported postion),cruise,2021-03-29 10:00:00
2021-03-29 11:00:00+00:00,18.44976,56.8793483333,11.9,2725.091,7.7519,0.016100100000000003,0.11926,7.7519,0.17889,50.6855,No (reported postion),cruise,2021-03-29 11:00:00
2021-03-29 12:00:00+00:00,18.088853,56.7257433333,12.18,2725.091,7.7519,0.016100100000000003,0.11926,7.7519,0.17889,50.6855,Linear (small gap),cruise,2021-03-29 12:00:00
2021-03-29 13:00:00+00:00,17.727946,56.5721383333,12.46,2725.091,7.7519,0.016100100000000003,0.11926,7.7519,0.17889,50.6855,Linear (small gap),cruise,2021-03-29 13:00:00
2021-03-29 14:00:00+00:00,17.367039,56.4185333333,12.74,2725.091,7.7519,0.016100100000000003,0.11926,7.7519,0.17889,50.6855,Linear (small gap),cruise,2021-03-29 14:00:00
2021-03-29 15:00:00+00:00,17.006132,56.2649283333,13.02,2725.091,7.7519,0.016100100000000003,0.11926,7.7519,0.17889,50.6855,Linear (small gap),cruise,2021-03-29 15:00:00
2021-03-29 16:00:00+00:00,16.645225,56.1113233333,13.3,2725.091,7.7519,0.016100100000000003,0.11926,7.7519,0.17889,50.6855,No (reported postion),cruise,2021-03-29 16:00:00
2021-03-29 17:00:00+00:00,16.6268116667,56.1035383333,13.2,2725.091,7.7519,0.016100100000000003,0.11926,7.7519,0.17889,50.6855,No (reported postion),cruise,2021-03-29 17:00:00
2021-03-29 18:00:00+00:00,16.29624,55.9810266667,13.2,2725.091,7.7519,0.016100100000000003,0.11926,7.7519,0.17889,50.6855,No (reported postion),cruise,2021-03-29 18:00:00
2021-03-29 19:00:00+00:00,15.9516333333,55.8689916667,13.1,2725.091,7.7519,0.016100100000000003,0.11926,7.7519,0.17889,50.6855,No (reported postion),cruise,2021-03-29 19:00:00
2021-03-29 20:00:00+00:00,15.6066533333,55.7585233333,13.4,2725.091,7.7519,0.016100100000000003,0.11926,7.7519,0.17889,50.6855,No (reported postion),cruise,2021-03-29 20:00:00
2021-03-29 21:00:00+00:00,15.26152,55.64888,13.3,2725.091,7.7519,0.016100100000000003,0.11926,7.7519,0.17889,50.6855,No (reported postion),cruise,2021-03-29 21:00:00
2021-03-29 22:00:00+00:00,14.9152216667,55.54516,13.3,2725.091,7.7519,0.016100100000000003,0.11926,7.7519,0.17889,50.6855,No (reported postion),cruise,2021-03-29 22:00:00
2021-03-29 23:00:00+00:00,14.55847,55.4365366667,14.5,2725.091,7.7519,0.016100100000000003,0.11926,7.7519,0.17889,50.6855,No (reported postion),cruise,2021-03-29 23:00:00
2021-03-30 00:00:00+00:00,14.3368933333,55.2654133333,12.3,2725.091,7.7519,0.016100100000000003,0.11926,7.7519,0.17889,50.6855,No (reported postion),cruise,2021-03-30 00:00:00
2021-03-30 01:00:00+00:00,13.9994133333,55.2245666667,13.5,2725.091,7.7519,0.016100100000000003,0.11926,7.7519,0.17889,50.6855,No (reported postion),cruise,2021-03-30 01:00:00
2021-03-30 02:00:00+00:00,13.6027166667,55.23191,13.3,2725.091,7.7519,0.016100100000000003,0.11926,7.7519,0.17889,50.6855,No (reported postion),cruise,2021-03-30 02:00:00
2021-03-30 03:00:00+00:00,13.22376,55.2393333333,12.9,2725.091,7.7519,0.016100100000000003,0.11926,7.7519,0.17889,50.6855,No (reported postion),cruise,2021-03-30 03:00:00
2021-03-30 04:00:00+00:00,12.854095,55.2642316667,12.8,2725.091,7.7519,0.016100100000000003,0.11926,7.7519,0.17889,50.6855,No (reported postion),cruise,2021-03-30 04:00:00
2021-03-30 05:00:00+00:00,12.6840683333,55.4077633333,12.8,2725.091,7.7519,0.016100100000000003,0.11926,7.7519,0.17889,50.6855,No (reported postion),cruise,2021-03-30 05:00:00
2021-03-30 06:00:00+00:00,12.811925,55.5651033333,9.2,1287.6903836691201,3.66301422050297,0.00760779876566001,0.0563540649308149,3.66301422050297,0.0845310973962224,23.9504775955963,No (reported postion),cruise,2021-03-30 06:00:00
2021-03-30 07:00:00+00:00,12.909225,55.6880233333,10.7,1965.5622234209,5.5913148587465304,0.0116127308604736,0.08602022859610049,5.5913148587465304,0.129030342894151,36.5585971533427,No (reported postion),cruise,2021-03-30 07:00:00
2021-03-30 08:00:00+00:00,12.7531766667,55.8364433333,10.5,1863.17563944091,5.30006199403323,0.011007821064530599,0.081539415292819,5.30006199403323,0.12230912293922801,34.6542514994481,No (reported postion),cruise,2021-03-30 08:00:00
2021-03-30 09:00:00+00:00,12.6859083333,56.0025883333,10.6,1913.88599017329,5.44431463287808,0.011307422699054501,0.0837586866596627,5.44431463287808,0.125638029989494,35.5974418303567,No (reported postion),cruise,2021-03-30 09:00:00
2021-03-30 10:00:00+00:00,12.5231216667,56.1380083333,9.6,1448.74369966647,4.12115275616282,0.00855931726279971,0.0634023500948126,4.12115275616282,0.095103525142219,26.945998790295402,No (reported postion),cruise,2021-03-30 10:00:00
2021-03-30 11:00:00+00:00,12.3808933333,56.2803016667,10.1,1669.81081967961,4.750008896243981,0.00986540309219903,0.073077059942215,4.750008896243981,0.109615589913323,31.0577504754414,No (reported postion),cruise,2021-03-30 11:00:00
2021-03-30 12:00:00+00:00,12.3083683333,56.4538666667,10.2,1790.00506867688,5.091918138468159,0.0105755222875877,0.0783372021302793,5.091918138468159,0.117505803195419,33.2933109053687,No (reported postion),cruise,2021-03-30 12:00:00
2021-03-30 13:00:00+00:00,12.2365116667,56.619105,10.5,1943.08771396095,5.5273829937620205,0.011479949294736499,0.0850366614424925,5.5273829937620205,0.127554992163739,36.1405811130593,No (reported postion),cruise,2021-03-30 13:00:00
2021-03-30 14:00:00+00:00,12.15526,56.805925,13.6,2725.091,7.7519,0.016100100000000003,0.11926,7.7519,0.17889,50.6855,No (reported postion),cruise,2021-03-30 14:00:00
2021-03-30 15:00:00+00:00,12.062975,57.02885,13.7,2725.091,7.7519,0.016100100000000003,0.11926,7.7519,0.17889,50.6855,No (reported postion),cruise,2021-03-30 15:00:00
2021-03-30 16:00:00+00:00,11.90808,57.22725,12.6,2725.091,7.7519,0.016100100000000003,0.11926,7.7519,0.17889,50.6855,No (reported postion),cruise,2021-03-30 16:00:00
2021-03-30 17:00:00+00:00,11.7051933333,57.4009333333,11.6,2583.36682912065,7.348745903406679,0.0152627799532293,0.11305762928318,7.348745903406679,0.169586443924769,48.0494924453513,No (reported postion),cruise,2021-03-30 17:00:00
2021-03-30 18:00:00+00:00,11.65355,57.59501,12.8,2725.091,7.7519,0.016100100000000003,0.11926,7.7519,0.17889,50.6855,No (reported postion),cruise,2021-03-30 18:00:00
2021-03-30 19:00:00+00:00,11.8675333333,57.686275,2.4,240.354276557289,1.2032950271059302,0.00142003620723125,0.0138539825146716,0.900508863453654,0.0244469327857309,12.350458662163401,No (reported postion),anchor,2021-03-30 19:00:00
2021-03-30 20:00:00+00:00,11.87834,57.6900366667,0.0,219.36,0.624,0.001296,0.0096,0.624,0.0144,4.08,No (reported postion),anchor,2021-03-30 20:00:00
2021-03-30 21:00:00+00:00,11.8783433333,57.6900166667,0.0,219.36,0.624,0.001296,0.0096,0.624,0.0144,4.08,No (reported postion),anchor,2021-03-30 21:00:00
2021-03-30 22:00:00+00:00,11.8783716667,57.6900166667,0.0,219.36,0.624,0.001296,0.0096,0.624,0.0144,4.08,No (reported postion),anchor,2021-03-30 22:00:00
2021-03-30 23:00:00+00:00,11.8783266667,57.6900216667,0.0,219.36,0.624,0.001296,0.0096,0.624,0.0144,4.08,No (reported postion),anchor,2021-03-30 23:00:00
2021-03-31 00:00:00+00:00,11.8783616667,57.6900166667,0.0,219.36,0.624,0.001296,0.0096,0.624,0.0144,4.08,No (reported postion),anchor,2021-03-31 00:00:00
2021-03-31 01:00:00+00:00,11.878325,57.690045,0.0,219.36,0.624,0.001296,0.0096,0.624,0.0144,4.08,No (reported postion),anchor,2021-03-31 01:00:00
2021-03-31 02:00:00+00:00,11.87832,57.6900133333,0.0,219.36,0.624,0.001296,0.0096,0.624,0.0144,4.08,No (reported postion),anchor,2021-03-31 02:00:00
2021-03-31 03:00:00+00:00,11.8783483333,57.6899816667,0.0,219.36,0.624,0.001296,0.0096,0.624,0.0144,4.08,No (reported postion),anchor,2021-03-31 03:00:00
2021-03-31 04:00:00+00:00,11.8783666667,57.6900216667,0.0,219.36,0.624,0.001296,0.0096,0.624,0.0144,4.08,No (reported postion),anchor,2021-03-31 04:00:00
2021-03-31 05:00:00+00:00,11.8783433333,57.69005,0.0,219.36,0.624,0.001296,0.0096,0.624,0.0144,4.08,No (reported postion),anchor,2021-03-31 05:00:00
2021-03-31 06:00:00+00:00,11.8783116667,57.69003,0.0,219.36,0.624,0.001296,0.0096,0.624,0.0144,4.08,No (reported postion),anchor,2021-03-31 06:00:00
2021-03-31 07:00:00+00:00,11.87832,57.68999,0.0,219.36,0.624,0.001296,0.0096,0.624,0.0144,4.08,No (reported postion),anchor,2021-03-31 07:00:00
2021-03-31 08:00:00+00:00,11.878335,57.6900166667,0.0,219.36,0.624,0.001296,0.0096,0.624,0.0144,4.08,No (reported postion),anchor,2021-03-31 08:00:00
2021-03-31 09:00:00+00:00,11.8783383333,57.6899983333,0.0,219.36,0.624,0.001296,0.0096,0.624,0.0144,4.08,No (reported postion),anchor,2021-03-31 09:00:00
2021-03-31 10:00:00+00:00,11.8783733333,57.6900216667,0.0,219.36,0.624,0.001296,0.0096,0.624,0.0144,4.08,No (reported postion),anchor,2021-03-31 10:00:00
2021-03-31 11:00:00+00:00,11.8783233333,57.6900483333,0.0,219.36,0.624,0.001296,0.0096,0.624,0.0144,4.08,No (reported postion),anchor,2021-03-31 11:00:00
2021-03-31 12:00:00+00:00,11.8782833333,57.6900433333,0.0,219.36,0.624,0.001296,0.0096,0.624,0.0144,4.08,No (reported postion),anchor,2021-03-31 12:00:00
2021-03-31 13:00:00+00:00,11.8783566667,57.689985,0.0,219.36,0.624,0.001296,0.0096,0.624,0.0144,4.08,No (reported postion),anchor,2021-03-31 13:00:00
2021-03-31 14:00:00+00:00,11.878305,57.690035,0.0,219.36,0.624,0.001296,0.0096,0.624,0.0144,4.08,No (reported postion),anchor,2021-03-31 14:00:00
2021-03-31 15:00:00+00:00,11.8782933333,57.69005,0.0,219.36,0.624,0.001296,0.0096,0.624,0.0144,4.08,No (reported postion),anchor,2021-03-31 15:00:00
2021-03-31 16:00:00+00:00,11.878355,57.6900133333,0.0,219.36,0.624,0.001296,0.0096,0.624,0.0144,4.08,No (reported postion),anchor,2021-03-31 16:00:00
2021-03-31 17:00:00+00:00,11.878315,57.6900333333,0.0,219.36,0.624,0.001296,0.0096,0.624,0.0144,4.08,No (reported postion),anchor,2021-03-31 17:00:00
2021-03-31 18:00:00+00:00,11.878385,57.6900066667,0.0,219.36,0.624,0.001296,0.0096,0.624,0.0144,4.08,No (reported postion),anchor,2021-03-31 18:00:00
2021-03-31 19:00:00+00:00,11.8783633333,57.69003,0.0,219.36,0.624,0.001296,0.0096,0.624,0.0144,4.08,No (reported postion),anchor,2021-03-31 19:00:00
2021-03-31 20:00:00+00:00,11.8783233333,57.6900216667,0.0,219.36,0.624,0.001296,0.0096,0.624,0.0144,4.08,No (reported postion),anchor,2021-03-31 20:00:00
2021-03-31 21:00:00+00:00,11.8783183333,57.6899833333,0.0,219.36,0.624,0.001296,0.0096,0.624,0.0144,4.08,No (reported postion),anchor,2021-03-31 21:00:00
2021-03-31 22:00:00+00:00,11.8783333333,57.6900216667,0.0,219.36,0.624,0.001296,0.0096,0.624,0.0144,4.08,No (reported postion),anchor,2021-03-31 22:00:00
2021-03-31 23:00:00+00:00,11.69375,57.64822,13.0,2725.091,7.7519,0.016100100000000003,0.11926,7.7519,0.17889,50.6855,No (reported postion),cruise,2021-03-31 23:00:00
2021-04-01 00:00:00+00:00,11.6742133333,57.58927,0.1,219.36151868320002,0.624041905022215,0.00129600897252656,0.00960030772442959,0.624020002087923,0.0144007267746517,4.08059826813239,No (reported postion),anchor,2021-04-01 00:00:00
2021-04-01 01:00:00+00:00,11.6732466667,57.588675,0.0,219.36,0.624,0.001296,0.0096,0.624,0.0144,4.08,No (reported postion),anchor,2021-04-01 01:00:00
2021-04-01 02:00:00+00:00,11.673555,57.58897,0.0,219.36,0.624,0.001296,0.0096,0.624,0.0144,4.08,No (reported postion),anchor,2021-04-01 02:00:00
2021-04-01 03:00:00+00:00,11.6736416667,57.58921,0.0,219.36,0.624,0.001296,0.0096,0.624,0.0144,4.08,No (reported postion),anchor,2021-04-01 03:00:00
2021-04-01 04:00:00+00:00,11.673805,57.58919,0.0,219.36,0.624,0.001296,0.0096,0.624,0.0144,4.08,No (reported postion),anchor,2021-04-01 04:00:00
2021-04-01 05:00:00+00:00,11.6777433333,57.588325,1.0,220.878683200035,0.665905022215417,0.00130497252656476,0.009907724429591409,0.6440020879234409,0.015126774651745601,4.67826813239029,No (reported postion),anchor,2021-04-01 05:00:00
2021-04-01 06:00:00+00:00,11.5940333333,57.437195,11.4,2457.37852759103,6.99035467367252,0.0145184289376275,0.1075439180565,6.99035467367252,0.16131587708475,45.706165174012604,No (reported postion),cruise,2021-04-01 06:00:00
2021-04-01 07:00:00+00:00,11.57204,57.2461916667,11.4,2457.37852759103,6.99035467367252,0.0145184289376275,0.1075439180565,6.99035467367252,0.16131587708475,45.706165174012604,No (reported postion),cruise,2021-04-01 07:00:00
2021-04-01 08:00:00+00:00,11.6529616667,57.06641,11.0,2218.3576728491803,6.31042664049,0.0131062707148639,0.09708348677676931,6.31042664049,0.145625230165154,41.260481880127,No (reported postion),cruise,2021-04-01 08:00:00
2021-04-01 09:00:00+00:00,11.7625466667,56.893205,11.2,2335.7342122619502,6.64432051628125,0.013799742610738,0.102220315635096,6.64432051628125,0.15333047345264397,43.4436341449158,No (reported postion),cruise,2021-04-01 09:00:00
2021-04-01 10:00:00+00:00,11.8381266667,56.7077933333,12.8,2725.091,7.7519,0.016100100000000003,0.11926,7.7519,0.17889,50.6855,No (reported postion),cruise,2021-04-01 10:00:00
2021-04-01 11:00:00+00:00,11.6224016667,56.52963,13.0,2725.091,7.7519,0.016100100000000003,0.11926,7.7519,0.17889,50.6855,No (reported postion),cruise,2021-04-01 11:00:00
2021-04-01 12:00:00+00:00,11.4262966667,56.3514466667,12.3,2725.091,7.7519,0.016100100000000003,0.11926,7.7519,0.17889,50.6855,No (reported postion),cruise,2021-04-01 12:00:00
2021-04-01 13:00:00+00:00,11.251755,56.1643883333,12.5,2725.091,7.7519,0.016100100000000003,0.11926,7.7519,0.17889,50.6855,No (reported postion),cruise,2021-04-01 13:00:00
2021-04-01 14:00:00+00:00,11.0409883333,55.997125,13.0,2725.091,7.7519,0.016100100000000003,0.11926,7.7519,0.17889,50.6855,No (reported postion),cruise,2021-04-01 14:00:00
2021-04-01 15:00:00+00:00,10.8121383333,55.8301066667,12.4,2725.091,7.7519,0.016100100000000003,0.11926,7.7519,0.17889,50.6855,No (reported postion),cruise,2021-04-01 15:00:00
2021-04-01 16:00:00+00:00,10.7800233333,55.62722,12.2,2725.091,7.7519,0.016100100000000003,0.11926,7.7519,0.17889,50.6855,No (reported postion),cruise,2021-04-01 16:00:00
2021-04-01 17:00:00+00:00,10.9404066667,55.445165,12.3,2725.091,7.7519,0.016100100000000003,0.11926,7.7519,0.17889,50.6855,No (reported postion),cruise,2021-04-01 17:00:00
2021-04-01 18:00:00+00:00,11.0726633333,55.2587283333,12.5,2725.091,7.7519,0.016100100000000003,0.11926,7.7519,0.17889,50.6855,No (reported postion),cruise,2021-04-01 18:00:00
2021-04-01 19:00:00+00:00,11.0284266667,55.07188,11.5,2414.83731185375,6.86934027441986,0.0142670913391797,0.10568215806799801,6.86934027441986,0.158523237101997,44.9149171788991,No (reported postion),cruise,2021-04-01 19:00:00
2021-04-01 20:00:00+00:00,10.89108,54.9095833333,11.3,2296.4134332813996,6.53246709686174,0.0135674316627128,0.100499493797873,6.53246709686174,0.150749240696809,42.712284864096,No (reported postion),cruise,2021-04-01 20:00:00
2021-04-01 21:00:00+00:00,10.85566,54.7189366667,11.9,2664.33266268836,7.579064467166011,0.015741133893344802,0.11660099180255401,7.579064467166011,0.17490148770383102,49.5554215160854,No (reported postion),cruise,2021-04-01 21:00:00
2021-04-01 22:00:00+00:00,11.1394283333,54.5902116667,13.2,2725.091,7.7519,0.016100100000000003,0.11926,7.7519,0.17889,50.6855,No (reported postion),cruise,2021-04-01 22:00:00
2021-04-01 23:00:00+00:00,11.4753683333,54.4874366667,13.2,2725.091,7.7519,0.016100100000000003,0.11926,7.7519,0.17889,50.6855,No (reported postion),cruise,2021-04-01 23:00:00
2021-04-02 00:00:00+00:00,11.823465,54.40297,13.7,2725.091,7.7519,0.016100100000000003,0.11926,7.7519,0.17889,50.6855,No (reported postion),cruise,2021-04-02 00:00:00
2021-04-02 01:00:00+00:00,12.2021716667,54.421275,13.1,2725.091,7.7519,0.016100100000000003,0.11926,7.7519,0.17889,50.6855,No (reported postion),cruise,2021-04-02 01:00:00
2021-04-02 02:00:00+00:00,12.3814833333,54.60685,13.2,2725.091,7.7519,0.016100100000000003,0.11926,7.7519,0.17889,50.6855,No (reported postion),cruise,2021-04-02 02:00:00
2021-04-02 03:00:00+00:00,12.698785,54.7308483333,13.2,2725.091,7.7519,0.016100100000000003,0.11926,7.7519,0.17889,50.6855,No (reported postion),cruise,2021-04-02 03:00:00
2021-04-02 04:00:00+00:00,13.0477266667,54.8088433333,13.1,2725.091,7.7519,0.016100100000000003,0.11926,7.7519,0.17889,50.6855,No (reported postion),cruise,2021-04-02 04:00:00
2021-04-02 05:00:00+00:00,13.3999566667,54.8793083333,13.0,2725.091,7.7519,0.016100100000000003,0.11926,7.7519,0.17889,50.6855,No (reported postion),cruise,2021-04-02 05:00:00
2021-04-02 06:00:00+00:00,13.737655,54.9432766667,11.8,2713.77532713504,7.71971099622658,0.0160332459152398,0.11876478455733201,7.71971099622658,0.178147176835998,50.4750334368661,No (reported postion),cruise,2021-04-02 06:00:00
2021-04-02 07:00:00+00:00,14.05748,55.0066416667,11.2,2335.7342122619502,6.64432051628125,0.013799742610738,0.102220315635096,6.64432051628125,0.15333047345264397,43.4436341449158,No (reported postion),cruise,2021-04-02 07:00:00
2021-04-02 08:00:00+00:00,14.28874,55.1284916667,11.1,2276.51723370879,6.475869592607051,0.013449883000030001,0.09962876296318539,6.475869592607051,0.149443144444778,42.342224259353806,No (reported postion),cruise,2021-04-02 08:00:00
2021-04-02 09:00:00+00:00,14.487785,55.27609,11.2,2335.7342122619502,6.64432051628125,0.013799742610738,0.102220315635096,6.64432051628125,0.15333047345264397,43.4436341449158,No (reported postion),cruise,2021-04-02 09:00:00
2021-04-02 10:00:00+00:00,14.71253,55.4119783333,11.3,2396.0181347941902,6.81580651035545,0.014155905829199799,0.10485856169777599,6.81580651035545,0.157287842546664,44.564888721554894,No (reported postion),cruise,2021-04-02 10:00:00
2021-04-02 11:00:00+00:00,15.0027066667,55.507945,11.5,2519.82491693801,7.16799210507531,0.014887368218233301,0.11027680161654299,7.16799210507531,0.165415202424815,46.8676406870309,No (reported postion),cruise,2021-04-02 11:00:00
2021-04-02 12:00:00+00:00,15.298455,55.59763,11.3,2396.0181347941902,6.81580651035545,0.014155905829199799,0.10485856169777599,6.81580651035545,0.157287842546664,44.564888721554894,No (reported postion),cruise,2021-04-02 12:00:00
2021-04-02 13:00:00+00:00,15.5846816667,55.6890766667,11.0,2218.3576728491803,6.31042664049,0.0131062707148639,0.09708348677676931,6.31042664049,0.145625230165154,41.260481880127,No (reported postion),cruise,2021-04-02 13:00:00
2021-04-02 14:00:00+00:00,15.8707783333,55.7737166667,10.9,2161.2460033976,6.14796456108725,0.012768849473027399,0.0945840701705731,6.14796456108725,0.14187610525586,40.1982298224936,No (reported postion),cruise,2021-04-02 14:00:00
2021-04-02 15:00:00+00:00,16.152335,55.8626666667,10.9,2161.2460033976,6.14796456108725,0.012768849473027399,0.0945840701705731,6.14796456108725,0.14187610525586,40.1982298224936,No (reported postion),cruise,2021-04-02 15:00:00
2021-04-02 16:00:00+00:00,16.44085,55.950645,11.0,2218.3576728491803,6.31042664049,0.0131062707148639,0.09708348677676931,6.31042664049,0.145625230165154,41.260481880127,No (reported postion),cruise,2021-04-02 16:00:00
2021-04-02 17:00:00+00:00,16.71554,56.0466183333,10.9,2161.2460033976,6.14796456108725,0.012768849473027399,0.0945840701705731,6.14796456108725,0.14187610525586,40.1982298224936,No (reported postion),cruise,2021-04-02 17:00:00
2021-04-02 18:00:00+00:00,16.925435,56.2015716667,12.6,2725.091,7.7519,0.016100100000000003,0.11926,7.7519,0.17889,50.6855,No (reported postion),cruise,2021-04-02 18:00:00
2021-04-02 19:00:00+00:00,17.09062166665,56.44192083335,12.75,2725.091,7.7519,0.016100100000000003,0.11926,7.7519,0.17889,50.6855,Linear (small gap),cruise,2021-04-02 19:00:00
2021-04-02 20:00:00+00:00,17.2558083333,56.68227,12.9,2725.091,7.7519,0.016100100000000003,0.11926,7.7519,0.17889,50.6855,No (reported postion),cruise,2021-04-02 20:00:00
2021-04-02 21:00:00+00:00,17.3389866667,56.7785066667,12.7,2725.091,7.7519,0.016100100000000003,0.11926,7.7519,0.17889,50.6855,No (reported postion),cruise,2021-04-02 21:00:00
2021-04-02 22:00:00+00:00,17.47351,56.9635116667,10.8,2105.17269906851,5.9884562555559295,0.0124375629923085,0.092130096239322,5.9884562555559295,0.13819514435898297,39.1552909017119,No (reported postion),cruise,2021-04-02 22:00:00
2021-04-02 23:00:00+00:00,17.5799516667,57.1331816667,10.6,1996.1030806357198,5.67819257073617,0.011793169185375102,0.0873568087805564,5.67819257073617,0.131035213170835,37.1266437317365,No (reported postion),cruise,2021-04-02 23:00:00
2021-04-03 00:00:00+00:00,17.6914733333,57.3021883333,10.9,2161.2460033976,6.14796456108725,0.012768849473027399,0.0945840701705731,6.14796456108725,0.14187610525586,40.1982298224936,No (reported postion),cruise,2021-04-03 00:00:00
2021-04-03 01:00:00+00:00,17.8237966667,57.4699166667,10.9,2161.2460033976,6.14796456108725,0.012768849473027399,0.0945840701705731,6.14796456108725,0.14187610525586,40.1982298224936,No (reported postion),cruise,2021-04-03 01:00:00
2021-04-03 02:00:00+00:00,18.00638,57.6537016667,10.8,2105.17269906851,5.9884562555559295,0.0124375629923085,0.092130096239322,5.9884562555559295,0.13819514435898297,39.1552909017119,No (reported postion),cruise,2021-04-03 02:00:00
2021-04-03 03:00:00+00:00,18.14232,57.7873916667,10.4,1891.07260726658,5.3794187952878705,0.0111726390363671,0.08276028915827491,5.3794187952878705,0.124140433737412,35.173122892266804,No (reported postion),cruise,2021-04-03 03:00:00
2021-04-03 04:00:00+00:00,18.32691,57.9624716667,10.2,1790.00506867688,5.091918138468159,0.0105755222875877,0.0783372021302793,5.091918138468159,0.117505803195419,33.2933109053687,No (reported postion),cruise,2021-04-03 04:00:00
2021-04-03 05:00:00+00:00,18.4452583333,58.0819283333,10.1,1740.9335842105,4.95232748243688,0.0102856032327535,0.07618965357595209,4.95232748243688,0.11428448036392799,32.3806027697796,No (reported postion),cruise,2021-04-03 05:00:00
2021-04-03 06:00:00+00:00,18.68593416665,58.3072683333,11.3,2725.091,7.7519,0.016100100000000003,0.11926,7.7519,0.17889,50.6855,Linear (small gap),cruise,2021-04-03 06:00:00
2021-04-03 07:00:00+00:00,18.92661,58.5326083333,12.5,2725.091,7.7519,0.016100100000000003,0.11926,7.7519,0.17889,50.6855,No (reported postion),cruise,2021-04-03 07:00:00
2021-04-03 08:00:00+00:00,19.063305,58.64130416665,12.25,2725.091,7.7519,0.016100100000000003,0.11926,7.7519,0.17889,50.6855,Linear (small gap),cruise,2021-04-03 08:00:00
2021-04-03 09:00:00+00:00,19.2,58.75,12.0,2725.091,7.7519,0.016100100000000003,0.11926,7.7519,0.17889,50.6855,No (reported postion),cruise,2021-04-03 09:00:00
2021-04-03 10:00:00+00:00,19.4624,58.9494,12.4,2725.091,7.7519,0.016100100000000003,0.11926,7.7519,0.17889,50.6855,No (reported postion),cruise,2021-04-03 10:00:00
2021-04-03 11:00:00+00:00,19.6634,59.0933,12.2,2725.091,7.7519,0.016100100000000003,0.11926,7.7519,0.17889,50.6855,No (reported postion),cruise,2021-04-03 11:00:00
2021-04-03 12:00:00+00:00,19.8764,59.2575,12.3,2725.091,7.7519,0.016100100000000003,0.11926,7.7519,0.17889,50.6855,No (reported postion),cruise,2021-04-03 12:00:00
2021-04-03 13:00:00+00:00,20.1371,59.4432,12.5,2725.091,7.7519,0.016100100000000003,0.11926,7.7519,0.17889,50.6855,No (reported postion),cruise,2021-04-03 13:00:00
2021-04-03 14:00:00+00:00,20.1107283333,59.6052066667,12.3,2725.091,7.7519,0.016100100000000003,0.11926,7.7519,0.17889,50.6855,No (reported postion),cruise,2021-04-03 14:00:00
2021-04-03 15:00:00+00:00,19.820925,59.7528333333,12.8,2725.091,7.7519,0.016100100000000003,0.11926,7.7519,0.17889,50.6855,No (reported postion),cruise,2021-04-03 15:00:00
2021-04-03 16:00:00+00:00,19.5741616667,59.8978016667,11.4,2457.37852759103,6.99035467367252,0.0145184289376275,0.1075439180565,6.99035467367252,0.16131587708475,45.706165174012604,No (reported postion),cruise,2021-04-03 16:00:00
2021-04-03 17:00:00+00:00,19.324855,60.044685,11.5,2519.82491693801,7.16799210507531,0.014887368218233301,0.11027680161654299,7.16799210507531,0.165415202424815,46.8676406870309,No (reported postion),cruise,2021-04-03 17:00:00
2021-04-03 18:00:00+00:00,19.085525,60.1949966667,11.4,2457.37852759103,6.99035467367252,0.0145184289376275,0.1075439180565,6.99035467367252,0.16131587708475,45.706165174012604,No (reported postion),cruise,2021-04-03 18:00:00
2021-04-03 19:00:00+00:00,19.0298183333,60.3782566667,11.4,2457.37852759103,6.99035467367252,0.0145184289376275,0.1075439180565,6.99035467367252,0.16131587708475,45.706165174012604,No (reported postion),cruise,2021-04-03 19:00:00
2021-04-03 20:00:00+00:00,19.0853,60.5698,11.3,2396.0181347941902,6.81580651035545,0.014155905829199799,0.10485856169777599,6.81580651035545,0.157287842546664,44.564888721554894,No (reported postion),cruise,2021-04-03 20:00:00
2021-04-03 21:00:00+00:00,19.1931,60.7771,11.3,2396.0181347941902,6.81580651035545,0.014155905829199799,0.10485856169777599,6.81580651035545,0.157287842546664,44.564888721554894,No (reported postion),cruise,2021-04-03 21:00:00
2021-04-03 22:00:00+00:00,19.2795,60.9361,11.3,2396.0181347941902,6.81580651035545,0.014155905829199799,0.10485856169777599,6.81580651035545,0.157287842546664,44.564888721554894,No (reported postion),cruise,2021-04-03 22:00:00
2021-04-03 23:00:00+00:00,19.3958,61.1488,11.4,2457.37852759103,6.99035467367252,0.0145184289376275,0.1075439180565,6.99035467367252,0.16131587708475,45.706165174012604,No (reported postion),cruise,2021-04-03 23:00:00
2021-04-04 00:00:00+00:00,19.4829,61.3028,11.4,2457.37852759103,6.99035467367252,0.0145184289376275,0.1075439180565,6.99035467367252,0.16131587708475,45.706165174012604,No (reported postion),cruise,2021-04-04 00:00:00
2021-04-04 01:00:00+00:00,19.5951,61.4932,11.6,2583.36682912065,7.348745903406679,0.0152627799532293,0.11305762928318,7.348745903406679,0.169586443924769,48.0494924453513,No (reported postion),cruise,2021-04-04 01:00:00
2021-04-04 02:00:00+00:00,19.6994,61.6787,11.5,2519.82491693801,7.16799210507531,0.014887368218233301,0.11027680161654299,7.16799210507531,0.165415202424815,46.8676406870309,No (reported postion),cruise,2021-04-04 02:00:00
2021-04-04 03:00:00+00:00,19.8048,61.8648,11.5,2519.82491693801,7.16799210507531,0.014887368218233301,0.11027680161654299,7.16799210507531,0.165415202424815,46.8676406870309,No (reported postion),cruise,2021-04-04 03:00:00
2021-04-04 04:00:00+00:00,19.9078,62.0441,11.7,2648.01379042449,7.53264316750948,0.0156447204248274,0.115886817961684,7.53264316750948,0.173830226942526,49.2518976337158,No (reported postion),cruise,2021-04-04 04:00:00
2021-04-04 05:00:00+00:00,20.014,62.2374,11.5,2519.82491693801,7.16799210507531,0.014887368218233301,0.11027680161654299,7.16799210507531,0.165415202424815,46.8676406870309,No (reported postion),cruise,2021-04-04 05:00:00
2021-04-04 06:00:00+00:00,20.1163,62.4158,11.4,2457.37852759103,6.99035467367252,0.0145184289376275,0.1075439180565,6.99035467367252,0.16131587708475,45.706165174012604,No (reported postion),cruise,2021-04-04 06:00:00
2021-04-04 07:00:00+00:00,20.2231,62.595,10.8,2105.17269906851,5.9884562555559295,0.0124375629923085,0.092130096239322,5.9884562555559295,0.13819514435898297,39.1552909017119,No (reported postion),cruise,2021-04-04 07:00:00
2021-04-04 08:00:00+00:00,20.3212,62.7755,10.8,2105.17269906851,5.9884562555559295,0.0124375629923085,0.092130096239322,5.9884562555559295,0.13819514435898297,39.1552909017119,No (reported postion),cruise,2021-04-04 08:00:00
2021-04-04 09:00:00+00:00,20.4118716667,62.9357933333,10.1,1740.9335842105,4.95232748243688,0.0102856032327535,0.07618965357595209,4.95232748243688,0.11428448036392799,32.3806027697796,No (reported postion),cruise,2021-04-04 09:00:00
2021-04-04 10:00:00+00:00,20.5189233333,63.097955,10.2,1790.00506867688,5.091918138468159,0.0105755222875877,0.0783372021302793,5.091918138468159,0.117505803195419,33.2933109053687,No (reported postion),cruise,2021-04-04 10:00:00
2021-04-04 11:00:00+00:00,20.7862016667,63.206055,10.4,1813.42205912456,5.1585310215797,0.0107138721217425,0.07936201571661079,5.1585310215797,0.119043023574916,33.7288566795596,No (reported postion),cruise,2021-04-04 11:00:00
2021-04-04 12:00:00+00:00,21.1357466667,63.1276633333,12.4,2725.091,7.7519,0.016100100000000003,0.11926,7.7519,0.17889,50.6855,No (reported postion),cruise,2021-04-04 12:00:00
2021-04-04 13:00:00+00:00,21.4770283333,63.0960816667,6.0,433.145571207634,1.7173769993573,0.00255906573798821,0.0205352071790142,1.33478846663592,0.0325255358689552,11.7171089024591,No (reported postion),cruise,2021-04-04 13:00:00
2021-04-04 14:00:00+00:00,21.5624116667,63.0829516667,0.0,219.36,0.624,0.001296,0.0096,0.624,0.0144,4.08,No (reported postion),anchor,2021-04-04 14:00:00
2021-04-04 15:00:00+00:00,21.5623416667,63.0829483333,0.0,219.36,0.624,0.001296,0.0096,0.624,0.0144,4.08,No (reported postion),anchor,2021-04-04 15:00:00
2021-04-04 16:00:00+00:00,21.562415,63.0829383333,0.0,219.36,0.624,0.001296,0.0096,0.624,0.0144,4.08,No (reported postion),anchor,2021-04-04 16:00:00
2021-04-04 17:00:00+00:00,21.562355,63.0829283333,0.0,219.36,0.624,0.001296,0.0096,0.624,0.0144,4.08,No (reported postion),anchor,2021-04-04 17:00:00
2021-04-04 18:00:00+00:00,21.5623933333,63.0829433333,0.0,219.36,0.624,0.001296,0.0096,0.624,0.0144,4.08,No (reported postion),anchor,2021-04-04 18:00:00
2021-04-04 19:00:00+00:00,21.5623,63.08294,0.0,219.36,0.624,0.001296,0.0096,0.624,0.0144,4.08,No (reported postion),anchor,2021-04-04 19:00:00
2021-04-04 20:00:00+00:00,21.56235,63.08294,0.0,219.36,0.624,0.001296,0.0096,0.624,0.0144,4.08,No (reported postion),anchor,2021-04-04 20:00:00
2021-04-04 21:00:00+00:00,21.5623483333,63.0829316667,0.0,219.36,0.624,0.001296,0.0096,0.624,0.0144,4.08,No (reported postion),anchor,2021-04-04 21:00:00
2021-04-04 22:00:00+00:00,21.5623033333,63.0829433333,0.0,219.36,0.624,0.001296,0.0096,0.624,0.0144,4.08,No (reported postion),anchor,2021-04-04 22:00:00
2021-04-04 23:00:00+00:00,21.5623483333,63.0829483333,0.0,219.36,0.624,0.001296,0.0096,0.624,0.0144,4.08,No (reported postion),anchor,2021-04-04 23:00:00
2021-04-05 00:00:00+00:00,21.5623583333,63.08295,0.0,219.36,0.624,0.001296,0.0096,0.624,0.0144,4.08,No (reported postion),anchor,2021-04-05 00:00:00
2021-04-05 01:00:00+00:00,21.5623416667,63.082935,0.0,219.36,0.624,0.001296,0.0096,0.624,0.0144,4.08,No (reported postion),anchor,2021-04-05 01:00:00
2021-04-05 02:00:00+00:00,21.5623183333,63.0829716667,0.0,219.36,0.624,0.001296,0.0096,0.624,0.0144,4.08,No (reported postion),anchor,2021-04-05 02:00:00
2021-04-05 03:00:00+00:00,21.562325,63.0829316667,0.0,219.36,0.624,0.001296,0.0096,0.624,0.0144,4.08,No (reported postion),anchor,2021-04-05 03:00:00
2021-04-05 04:00:00+00:00,21.5623216667,63.0829483333,0.0,219.36,0.624,0.001296,0.0096,0.624,0.0144,4.08,No (reported postion),anchor,2021-04-05 04:00:00
2021-04-05 05:00:00+00:00,21.5623866667,63.082925,0.0,219.36,0.624,0.001296,0.0096,0.624,0.0144,4.08,No (reported postion),anchor,2021-04-05 05:00:00
2021-04-05 06:00:00+00:00,21.5623833333,63.0829283333,0.0,219.36,0.624,0.001296,0.0096,0.624,0.0144,4.08,No (reported postion),anchor,2021-04-05 06:00:00
2021-04-05 07:00:00+00:00,21.5623666667,63.0829483333,0.0,219.36,0.624,0.001296,0.0096,0.624,0.0144,4.08,No (reported postion),anchor,2021-04-05 07:00:00
2021-04-05 08:00:00+00:00,21.5623416667,63.0829683333,0.0,219.36,0.624,0.001296,0.0096,0.624,0.0144,4.08,No (reported postion),anchor,2021-04-05 08:00:00
2021-04-05 09:00:00+00:00,21.4625866667,63.0984516667,9.7,1491.17115222586,4.2418435402486,0.00880998273743941,0.0652591313884401,4.2418435402486,0.0978886970826601,27.735130840087,No (reported postion),cruise,2021-04-05 09:00:00
2021-04-05 10:00:00+00:00,21.0970916667,63.1476716667,12.9,2725.091,7.7519,0.016100100000000003,0.11926,7.7519,0.17889,50.6855,No (reported postion),cruise,2021-04-05 10:00:00
2021-04-05 11:00:00+00:00,20.7251,63.1925933333,10.9,2071.84878585857,5.89366175408346,0.012240682104634899,0.0906717192935917,5.89366175408346,0.13600757894038798,38.5354806997765,No (reported postion),cruise,2021-04-05 11:00:00
2021-04-05 12:00:00+00:00,20.5298133333,63.0344633333,11.6,2583.36682912065,7.348745903406679,0.0152627799532293,0.11305762928318,7.348745903406679,0.169586443924769,48.0494924453513,No (reported postion),cruise,2021-04-05 12:00:00
2021-04-05 13:00:00+00:00,20.3934,62.8539,11.6,2583.36682912065,7.348745903406679,0.0152627799532293,0.11305762928318,7.348745903406679,0.169586443924769,48.0494924453513,No (reported postion),cruise,2021-04-05 13:00:00
2021-04-05 14:00:00+00:00,20.2812,62.6631,11.5,2519.82491693801,7.16799210507531,0.014887368218233301,0.11027680161654299,7.16799210507531,0.165415202424815,46.8676406870309,No (reported postion),cruise,2021-04-05 14:00:00
2021-04-05 15:00:00+00:00,20.1803,62.4839,11.2,2335.7342122619502,6.64432051628125,0.013799742610738,0.102220315635096,6.64432051628125,0.15333047345264397,43.4436341449158,No (reported postion),cruise,2021-04-05 15:00:00
2021-04-05 16:00:00+00:00,20.0717,62.3033,11.2,2335.7342122619502,6.64432051628125,0.013799742610738,0.102220315635096,6.64432051628125,0.15333047345264397,43.4436341449158,No (reported postion),cruise,2021-04-05 16:00:00
2021-04-05 17:00:00+00:00,19.9533,62.1151,11.4,2457.37852759103,6.99035467367252,0.0145184289376275,0.1075439180565,6.99035467367252,0.16131587708475,45.706165174012604,No (reported postion),cruise,2021-04-05 17:00:00
2021-04-05 18:00:00+00:00,19.8434,61.9367,11.5,2519.82491693801,7.16799210507531,0.014887368218233301,0.11027680161654299,7.16799210507531,0.165415202424815,46.8676406870309,No (reported postion),cruise,2021-04-05 18:00:00
2021-04-05 19:00:00+00:00,19.7232,61.7514,11.6,2583.36682912065,7.348745903406679,0.0152627799532293,0.11305762928318,7.348745903406679,0.169586443924769,48.0494924453513,No (reported postion),cruise,2021-04-05 19:00:00
2021-04-05 20:00:00+00:00,19.6102,61.5563,11.4,2457.37852759103,6.99035467367252,0.0145184289376275,0.1075439180565,6.99035467367252,0.16131587708475,45.706165174012604,No (reported postion),cruise,2021-04-05 20:00:00
2021-04-05 21:00:00+00:00,19.4348,61.2569,11.2,2335.7342122619502,6.64432051628125,0.013799742610738,0.102220315635096,6.64432051628125,0.15333047345264397,43.4436341449158,No (reported postion),cruise,2021-04-05 21:00:00
2021-04-05 22:00:00+00:00,19.3203883333,61.067495,11.3,2396.0181347941902,6.81580651035545,0.014155905829199799,0.10485856169777599,6.81580651035545,0.157287842546664,44.564888721554894,No (reported postion),cruise,2021-04-05 22:00:00
2021-04-05 23:00:00+00:00,19.2809,61.0008,11.1,2276.51723370879,6.475869592607051,0.013449883000030001,0.09962876296318539,6.475869592607051,0.149443144444778,42.342224259353806,No (reported postion),cruise,2021-04-05 23:00:00
2021-04-06 00:00:00+00:00,19.1897,60.846,11.0,2218.3576728491803,6.31042664049,0.0131062707148639,0.09708348677676931,6.31042664049,0.145625230165154,41.260481880127,No (reported postion),cruise,2021-04-06 00:00:00
2021-04-06 01:00:00+00:00,19.0858,60.6654,11.4,2457.37852759103,6.99035467367252,0.0145184289376275,0.1075439180565,6.99035467367252,0.16131587708475,45.706165174012604,No (reported postion),cruise,2021-04-06 01:00:00
2021-04-06 02:00:00+00:00,18.9802,60.4752,11.8,2713.77532713504,7.71971099622658,0.0160332459152398,0.11876478455733201,7.71971099622658,0.178147176835998,50.4750334368661,No (reported postion),cruise,2021-04-06 02:00:00
2021-04-06 03:00:00+00:00,19.01377,60.2943233333,11.5,2519.82491693801,7.16799210507531,0.014887368218233301,0.11027680161654299,7.16799210507531,0.165415202424815,46.8676406870309,No (reported postion),cruise,2021-04-06 03:00:00
2021-04-06 04:00:00+00:00,19.1105116667,60.1194866667,11.4,2457.37852759103,6.99035467367252,0.0145184289376275,0.1075439180565,6.99035467367252,0.16131587708475,45.706165174012604,No (reported postion),cruise,2021-04-06 04:00:00
2021-04-06 05:00:00+00:00,19.3499766667,59.9724183333,11.4,2457.37852759103,6.99035467367252,0.0145184289376275,0.1075439180565,6.99035467367252,0.16131587708475,45.706165174012604,No (reported postion),cruise,2021-04-06 05:00:00
2021-04-06 06:00:00+00:00,19.8199433333,59.6963016667,11.3,2396.0181347941902,6.81580651035545,0.014155905829199799,0.10485856169777599,6.81580651035545,0.157287842546664,44.564888721554894,No (reported postion),cruise,2021-04-06 06:00:00
2021-04-06 07:00:00+00:00,19.8458,59.6819,11.4,2457.37852759103,6.99035467367252,0.0145184289376275,0.1075439180565,6.99035467367252,0.16131587708475,45.706165174012604,No (reported postion),cruise,2021-04-06 07:00:00
2021-04-06 08:00:00+00:00,19.9448,59.5159,11.3,2396.0181347941902,6.81580651035545,0.014155905829199799,0.10485856169777599,6.81580651035545,0.157287842546664,44.564888721554894,No (reported postion),cruise,2021-04-06 08:00:00
2021-04-06 09:00:00+00:00,19.7653,59.352,11.2,2335.7342122619502,6.64432051628125,0.013799742610738,0.102220315635096,6.64432051628125,0.15333047345264397,43.4436341449158,No (reported postion),cruise,2021-04-06 09:00:00
2021-04-06 10:00:00+00:00,19.5633354761857,59.1723116666714,11.2285714285714,2725.091,7.7519,0.016100100000000003,0.11926,7.7519,0.17889,50.6855,Linear (small gap),cruise,2021-04-06 10:00:00
2021-04-06 11:00:00+00:00,19.3613709523714,58.9926233333429,11.2571428571429,2725.091,7.7519,0.016100100000000003,0.11926,7.7519,0.17889,50.6855,Linear (small gap),cruise,2021-04-06 11:00:00
2021-04-06 12:00:00+00:00,19.1594064285571,58.8129350000143,11.2857142857143,2725.091,7.7519,0.016100100000000003,0.11926,7.7519,0.17889,50.6855,Linear (small gap),cruise,2021-04-06 12:00:00
2021-04-06 13:00:00+00:00,18.9574419047429,58.6332466666857,11.3142857142857,2725.091,7.7519,0.016100100000000003,0.11926,7.7519,0.17889,50.6855,Linear (small gap),cruise,2021-04-06 13:00:00
2021-04-06 14:00:00+00:00,18.7554773809286,58.4535583333571,11.3428571428571,2725.091,7.7519,0.016100100000000003,0.11926,7.7519,0.17889,50.6855,Linear (small gap),cruise,2021-04-06 14:00:00
2021-04-06 15:00:00+00:00,18.5535128571143,58.2738700000286,11.3714285714286,2725.091,7.7519,0.016100100000000003,0.11926,7.7519,0.17889,50.6855,Linear (small gap),cruise,2021-04-06 15:00:00
2021-04-06 16:00:00+00:00,18.3515483333,58.0941816667,11.4,2457.37852759103,6.99035467367252,0.0145184289376275,0.1075439180565,6.99035467367252,0.16131587708475,45.706165174012604,No (reported postion),cruise,2021-04-06 16:00:00
2021-04-06 17:00:00+00:00,18.30343,58.04932,11.3,2396.0181347941902,6.81580651035545,0.014155905829199799,0.10485856169777599,6.81580651035545,0.157287842546664,44.564888721554894,No (reported postion),cruise,2021-04-06 17:00:00
2021-04-06 18:00:00+00:00,18.13085,57.8957483333,11.4,2457.37852759103,6.99035467367252,0.0145184289376275,0.1075439180565,6.99035467367252,0.16131587708475,45.706165174012604,No (reported postion),cruise,2021-04-06 18:00:00
2021-04-06 19:00:00+00:00,17.9497475,57.72883,11.25,2725.091,7.7519,0.016100100000000003,0.11926,7.7519,0.17889,50.6855,Linear (small gap),cruise,2021-04-06 19:00:00
2021-04-06 20:00:00+00:00,17.768645,57.5619116667,11.1,2276.51723370879,6.475869592607051,0.013449883000030001,0.09962876296318539,6.475869592607051,0.149443144444778,42.342224259353806,No (reported postion),cruise,2021-04-06 20:00:00
2021-04-06 21:00:00+00:00,17.626445,57.4000833333,11.3,2396.0181347941902,6.81580651035545,0.014155905829199799,0.10485856169777599,6.81580651035545,0.157287842546664,44.564888721554894,No (reported postion),cruise,2021-04-06 21:00:00
2021-04-06 22:00:00+00:00,17.5009133333,57.2245033333,11.3,2396.0181347941902,6.81580651035545,0.014155905829199799,0.10485856169777599,6.81580651035545,0.157287842546664,44.564888721554894,No (reported postion),cruise,2021-04-06 22:00:00
2021-04-06 23:00:00+00:00,17.3718783333,57.0460766667,11.6,2583.36682912065,7.348745903406679,0.0152627799532293,0.11305762928318,7.348745903406679,0.169586443924769,48.0494924453513,No (reported postion),cruise,2021-04-06 23:00:00
2021-04-07 00:00:00+00:00,17.2457933333,56.86535,11.6,2583.36682912065,7.348745903406679,0.0152627799532293,0.11305762928318,7.348745903406679,0.169586443924769,48.0494924453513,No (reported postion),cruise,2021-04-07 00:00:00
2021-04-07 01:00:00+00:00,17.1243333333,56.6894783333,11.1,2276.51723370879,6.475869592607051,0.013449883000030001,0.09962876296318539,6.475869592607051,0.149443144444778,42.342224259353806,No (reported postion),cruise,2021-04-07 01:00:00
2021-04-07 02:00:00+00:00,16.9711033333,56.4763116667,11.4,2457.37852759103,6.99035467367252,0.0145184289376275,0.1075439180565,6.99035467367252,0.16131587708475,45.706165174012604,No (reported postion),cruise,2021-04-07 02:00:00
2021-04-07 03:00:00+00:00,16.8719583333,56.3379883333,11.3,2396.0181347941902,6.81580651035545,0.014155905829199799,0.10485856169777599,6.81580651035545,0.157287842546664,44.564888721554894,No (reported postion),cruise,2021-04-07 03:00:00
2021-04-07 04:00:00+00:00,16.734655,56.1665666667,11.2,2335.7342122619502,6.64432051628125,0.013799742610738,0.102220315635096,6.64432051628125,0.15333047345264397,43.4436341449158,No (reported postion),cruise,2021-04-07 04:00:00
2021-04-07 05:00:00+00:00,16.45527,56.061035,11.4,2457.37852759103,6.99035467367252,0.0145184289376275,0.1075439180565,6.99035467367252,0.16131587708475,45.706165174012604,No (reported postion),cruise,2021-04-07 05:00:00
2021-04-07 06:00:00+00:00,16.15965,55.9711,11.5,2519.82491693801,7.16799210507531,0.014887368218233301,0.11027680161654299,7.16799210507531,0.165415202424815,46.8676406870309,No (reported postion),cruise,2021-04-07 06:00:00
2021-04-07 07:00:00+00:00,15.86768,55.876125,11.4,2457.37852759103,6.99035467367252,0.0145184289376275,0.1075439180565,6.99035467367252,0.16131587708475,45.706165174012604,No (reported postion),cruise,2021-04-07 07:00:00
2021-04-07 08:00:00+00:00,15.58849,55.771175,11.3,2396.0181347941902,6.81580651035545,0.014155905829199799,0.10485856169777599,6.81580651035545,0.157287842546664,44.564888721554894,No (reported postion),cruise,2021-04-07 08:00:00
2021-04-07 09:00:00+00:00,15.3097783333,55.66566,11.3,2396.0181347941902,6.81580651035545,0.014155905829199799,0.10485856169777599,6.81580651035545,0.157287842546664,44.564888721554894,No (reported postion),cruise,2021-04-07 09:00:00
2021-04-07 10:00:00+00:00,15.01364,55.5756433333,11.3,2396.0181347941902,6.81580651035545,0.014155905829199799,0.10485856169777599,6.81580651035545,0.157287842546664,44.564888721554894,No (reported postion),cruise,2021-04-07 10:00:00
2021-04-07 11:00:00+00:00,14.7173833333,55.4881383333,11.3,2396.0181347941902,6.81580651035545,0.014155905829199799,0.10485856169777599,6.81580651035545,0.157287842546664,44.564888721554894,No (reported postion),cruise,2021-04-07 11:00:00
2021-04-07 12:00:00+00:00,14.4742666667,55.3675483333,11.2,2335.7342122619502,6.64432051628125,0.013799742610738,0.102220315635096,6.64432051628125,0.15333047345264397,43.4436341449158,No (reported postion),cruise,2021-04-07 12:00:00
2021-04-07 13:00:00+00:00,14.267575,55.2196233333,11.6,2583.36682912065,7.348745903406679,0.0152627799532293,0.11305762928318,7.348745903406679,0.169586443924769,48.0494924453513,No (reported postion),cruise,2021-04-07 13:00:00
2021-04-07 14:00:00+00:00,13.939155,55.2263266667,11.3,2396.0181347941902,6.81580651035545,0.014155905829199799,0.10485856169777599,6.81580651035545,0.157287842546664,44.564888721554894,No (reported postion),cruise,2021-04-07 14:00:00
2021-04-07 15:00:00+00:00,13.6080316667,55.2356633333,11.9,2725.091,7.7519,0.016100100000000003,0.11926,7.7519,0.17889,50.6855,No (reported postion),cruise,2021-04-07 15:00:00
2021-04-07 16:00:00+00:00,13.2576966667,55.2451633333,11.7,2648.01379042449,7.53264316750948,0.0156447204248274,0.115886817961684,7.53264316750948,0.173830226942526,49.2518976337158,No (reported postion),cruise,2021-04-07 16:00:00
2021-04-07 17:00:00+00:00,12.909785,55.257325,11.7,2648.01379042449,7.53264316750948,0.0156447204248274,0.115886817961684,7.53264316750948,0.173830226942526,49.2518976337158,No (reported postion),cruise,2021-04-07 17:00:00
2021-04-07 18:00:00+00:00,12.672875,55.36071,11.7,2537.4527560581996,7.21813694283516,0.0149915151889653,0.111048260659002,7.21813694283516,0.166572390988504,47.195510780076,No (reported postion),cruise,2021-04-07 18:00:00
2021-04-07 19:00:00+00:00,12.7570383333,55.528205,9.4,1366.50396701815,3.8872104094608297,0.00807343700426481,0.0598032370686282,3.8872104094608297,0.08970485560294231,25.416375754167,No (reported postion),cruise,2021-04-07 19:00:00
2021-04-07 20:00:00+00:00,12.9540283333,55.6402366667,11.1,2182.10822354754,6.207310045102401,0.012892105478289602,0.09549707761696,6.207310045102401,0.14324561642544,40.586257987208,No (reported postion),cruise,2021-04-07 20:00:00
2021-04-07 21:00:00+00:00,12.7850966667,55.8063916667,11.9,2664.33266268836,7.579064467166011,0.015741133893344802,0.11660099180255401,7.579064467166011,0.17490148770383102,49.5554215160854,No (reported postion),cruise,2021-04-07 21:00:00
2021-04-07 22:00:00+00:00,12.69954,55.9881883333,11.5,2414.83731185375,6.86934027441986,0.0142670913391797,0.10568215806799801,6.86934027441986,0.158523237101997,44.9149171788991,No (reported postion),cruise,2021-04-07 22:00:00
2021-04-07 23:00:00+00:00,12.5092916667,56.1396566667,11.5,2414.83731185375,6.86934027441986,0.0142670913391797,0.10568215806799801,6.86934027441986,0.158523237101997,44.9149171788991,No (reported postion),cruise,2021-04-07 23:00:00
2021-04-08 00:00:00+00:00,12.3846216667,56.316415,11.6,2475.61653220237,7.04223521195421,0.014626180824828,0.10834208018391099,7.04223521195421,0.16251312027586598,46.0453840781622,No (reported postion),cruise,2021-04-08 00:00:00
2021-04-08 01:00:00+00:00,12.3031433333,56.5003916667,11.4,2457.37852759103,6.99035467367252,0.0145184289376275,0.1075439180565,6.99035467367252,0.16131587708475,45.706165174012604,No (reported postion),cruise,2021-04-08 01:00:00
2021-04-08 02:00:00+00:00,12.215955,56.6848316667,11.6,2583.36682912065,7.348745903406679,0.0152627799532293,0.11305762928318,7.348745903406679,0.169586443924769,48.0494924453513,No (reported postion),cruise,2021-04-08 02:00:00
2021-04-08 03:00:00+00:00,12.13129,56.868165,11.3,2396.0181347941902,6.81580651035545,0.014155905829199799,0.10485856169777599,6.81580651035545,0.157287842546664,44.564888721554894,No (reported postion),cruise,2021-04-08 03:00:00
2021-04-08 04:00:00+00:00,12.01834,57.049365,11.4,2457.37852759103,6.99035467367252,0.0145184289376275,0.1075439180565,6.99035467367252,0.16131587708475,45.706165174012604,No (reported postion),cruise,2021-04-08 04:00:00
2021-04-08 05:00:00+00:00,11.89387,57.230155,11.6,2583.36682912065,7.348745903406679,0.0152627799532293,0.11305762928318,7.348745903406679,0.169586443924769,48.0494924453513,No (reported postion),cruise,2021-04-08 05:00:00
2021-04-08 06:00:00+00:00,11.7135966667,57.3947366667,11.4,2457.37852759103,6.99035467367252,0.0145184289376275,0.1075439180565,6.99035467367252,0.16131587708475,45.706165174012604,No (reported postion),cruise,2021-04-08 06:00:00
2021-04-08 07:00:00+00:00,11.6495133333,57.582505,13.5,2725.091,7.7519,0.016100100000000003,0.11926,7.7519,0.17889,50.6855,No (reported postion),cruise,2021-04-08 07:00:00
2021-04-08 08:00:00+00:00,11.8699433333,57.6865033333,2.6,246.05237592382102,1.36052267045817,0.00145370112690223,0.0150085645744986,0.975556697342406,0.027173791279080303,14.5951606948917,No (reported postion),anchor,2021-04-08 08:00:00
2021-04-08 09:00:00+00:00,11.8783766667,57.6900016667,0.0,219.36,0.624,0.001296,0.0096,0.624,0.0144,4.08,No (reported postion),anchor,2021-04-08 09:00:00
2021-04-08 10:00:00+00:00,11.878325,57.6900316667,0.0,219.36,0.624,0.001296,0.0096,0.624,0.0144,4.08,No (reported postion),anchor,2021-04-08 10:00:00
2021-04-08 11:00:00+00:00,11.8783216667,57.6900416667,0.0,219.36,0.624,0.001296,0.0096,0.624,0.0144,4.08,No (reported postion),anchor,2021-04-08 11:00:00
2021-04-08 12:00:00+00:00,11.8783266667,57.6900033333,0.0,219.36,0.624,0.001296,0.0096,0.624,0.0144,4.08,No (reported postion),anchor,2021-04-08 12:00:00
2021-04-08 13:00:00+00:00,11.8783033333,57.69,0.0,219.36,0.624,0.001296,0.0096,0.624,0.0144,4.08,No (reported postion),anchor,2021-04-08 13:00:00
2021-04-08 14:00:00+00:00,11.8782633333,57.69005,0.0,219.36,0.624,0.001296,0.0096,0.624,0.0144,4.08,No (reported postion),anchor,2021-04-08 14:00:00
2021-04-08 15:00:00+00:00,11.8783283333,57.6899833333,0.0,219.36,0.624,0.001296,0.0096,0.624,0.0144,4.08,No (reported postion),anchor,2021-04-08 15:00:00
2021-04-08 16:00:00+00:00,11.878335,57.69,0.0,219.36,0.624,0.001296,0.0096,0.624,0.0144,4.08,No (reported postion),anchor,2021-04-08 16:00:00
2021-04-08 17:00:00+00:00,11.87834,57.69002,0.0,219.36,0.624,0.001296,0.0096,0.624,0.0144,4.08,No (reported postion),anchor,2021-04-08 17:00:00
2021-04-08 18:00:00+00:00,11.878325,57.6900033333,0.0,219.36,0.624,0.001296,0.0096,0.624,0.0144,4.08,No (reported postion),anchor,2021-04-08 18:00:00
2021-04-08 19:00:00+00:00,11.8783066667,57.689985,0.0,219.36,0.624,0.001296,0.0096,0.624,0.0144,4.08,No (reported postion),anchor,2021-04-08 19:00:00
2021-04-08 20:00:00+00:00,11.878315,57.69,0.0,219.36,0.624,0.001296,0.0096,0.624,0.0144,4.08,No (reported postion),anchor,2021-04-08 20:00:00
2021-04-08 21:00:00+00:00,11.8783433333,57.6900333333,0.0,219.36,0.624,0.001296,0.0096,0.624,0.0144,4.08,No (reported postion),anchor,2021-04-08 21:00:00
2021-04-08 22:00:00+00:00,11.87834,57.6900066667,0.0,219.36,0.624,0.001296,0.0096,0.624,0.0144,4.08,No (reported postion),anchor,2021-04-08 22:00:00
2021-04-08 23:00:00+00:00,11.8783033333,57.6900233333,0.0,219.36,0.624,0.001296,0.0096,0.624,0.0144,4.08,No (reported postion),anchor,2021-04-08 23:00:00
2021-04-09 00:00:00+00:00,11.8784166667,57.6900416667,0.0,219.36,0.624,0.001296,0.0096,0.624,0.0144,4.08,No (reported postion),anchor,2021-04-09 00:00:00
2021-04-09 01:00:00+00:00,11.8783366667,57.689985,0.0,219.36,0.624,0.001296,0.0096,0.624,0.0144,4.08,No (reported postion),anchor,2021-04-09 01:00:00
2021-04-09 02:00:00+00:00,11.8783233333,57.69001,0.0,219.36,0.624,0.001296,0.0096,0.624,0.0144,4.08,No (reported postion),anchor,2021-04-09 02:00:00
2021-04-09 03:00:00+00:00,11.87836,57.6900416667,0.0,219.36,0.624,0.001296,0.0096,0.624,0.0144,4.08,No (reported postion),anchor,2021-04-09 03:00:00
2021-04-09 04:00:00+00:00,11.87833,57.6899866667,0.0,219.36,0.624,0.001296,0.0096,0.624,0.0144,4.08,No (reported postion),anchor,2021-04-09 04:00:00
2021-04-09 05:00:00+00:00,11.8782916667,57.6900333333,0.0,219.36,0.624,0.001296,0.0096,0.624,0.0144,4.08,No (reported postion),anchor,2021-04-09 05:00:00
2021-04-09 06:00:00+00:00,11.8783483333,57.6900416667,0.0,219.36,0.624,0.001296,0.0096,0.624,0.0144,4.08,No (reported postion),anchor,2021-04-09 06:00:00
2021-04-09 07:00:00+00:00,11.8783283333,57.6900183333,0.0,219.36,0.624,0.001296,0.0096,0.624,0.0144,4.08,No (reported postion),anchor,2021-04-09 07:00:00
2021-04-09 08:00:00+00:00,11.8782633333,57.690025,0.0,219.36,0.624,0.001296,0.0096,0.624,0.0144,4.08,No (reported postion),anchor,2021-04-09 08:00:00
2021-04-09 09:00:00+00:00,11.8784033333,57.6899783333,0.0,219.36,0.624,0.001296,0.0096,0.624,0.0144,4.08,No (reported postion),anchor,2021-04-09 09:00:00
2021-04-09 10:00:00+00:00,11.8783133333,57.6900166667,0.0,219.36,0.624,0.001296,0.0096,0.624,0.0144,4.08,No (reported postion),anchor,2021-04-09 10:00:00
2021-04-09 11:00:00+00:00,11.8783983333,57.6900416667,0.0,219.36,0.624,0.001296,0.0096,0.624,0.0144,4.08,No (reported postion),anchor,2021-04-09 11:00:00
2021-04-09 12:00:00+00:00,11.8783883333,57.69001,0.0,219.36,0.624,0.001296,0.0096,0.624,0.0144,4.08,No (reported postion),anchor,2021-04-09 12:00:00
2021-04-09 13:00:00+00:00,11.8783233333,57.6900066667,0.0,219.36,0.624,0.001296,0.0096,0.624,0.0144,4.08,No (reported postion),anchor,2021-04-09 13:00:00
2021-04-09 14:00:00+00:00,11.878335,57.69,0.0,219.36,0.624,0.001296,0.0096,0.624,0.0144,4.08,No (reported postion),anchor,2021-04-09 14:00:00
2021-04-09 15:00:00+00:00,11.878315,57.6900266667,0.0,219.36,0.624,0.001296,0.0096,0.624,0.0144,4.08,No (reported postion),anchor,2021-04-09 15:00:00
2021-04-09 16:00:00+00:00,11.87831,57.69003,0.0,219.36,0.624,0.001296,0.0096,0.624,0.0144,4.08,No (reported postion),anchor,2021-04-09 16:00:00
2021-04-09 17:00:00+00:00,11.8783033333,57.6899833333,0.0,219.36,0.624,0.001296,0.0096,0.624,0.0144,4.08,No (reported postion),anchor,2021-04-09 17:00:00
2021-04-09 18:00:00+00:00,11.87836,57.68999,0.0,219.36,0.624,0.001296,0.0096,0.624,0.0144,4.08,No (reported postion),anchor,2021-04-09 18:00:00
2021-04-09 19:00:00+00:00,11.86994,57.6864083333,4.9,283.781559800958,1.72211701898356,0.0016766087778174801,0.0159380202061877,1.0359713134022,0.0278948856921476,13.6527091230737,No (reported postion),cruise,2021-04-09 19:00:00
2021-04-09 20:00:00+00:00,11.6626333333,57.6098516667,11.3,2296.4134332813996,6.53246709686174,0.0135674316627128,0.100499493797873,6.53246709686174,0.150749240696809,42.712284864096,No (reported postion),cruise,2021-04-09 20:00:00
2021-04-09 21:00:00+00:00,11.390185,57.665795,9.7,1554.1739318724901,4.4210637011689995,0.00918220922550484,0.06801636463336919,4.4210637011689995,0.102024546950054,28.9069549691819,No (reported postion),cruise,2021-04-09 21:00:00
2021-04-09 22:00:00+00:00,11.131375,57.7467983333,9.7,1554.1739318724901,4.4210637011689995,0.00918220922550484,0.06801636463336919,4.4210637011689995,0.102024546950054,28.9069549691819,No (reported postion),cruise,2021-04-09 22:00:00
2021-04-09 23:00:00+00:00,10.890285,57.8326133333,8.6,1114.98517791267,3.17173026539708,0.00658743978197855,0.0487958502368781,3.17173026539708,0.0731937753553172,20.7382363506732,No (reported postion),cruise,2021-04-09 23:00:00
2021-04-10 00:00:00+00:00,10.652505,57.8651916667,8.3,1012.94437048491,2.88146101013213,0.00598457286719749,0.044330169386648105,2.88146101013213,0.0664952540799721,18.8403219893254,No (reported postion),cruise,2021-04-10 00:00:00
2021-04-10 01:00:00+00:00,10.384165,57.862225,8.9,1224.3993303386999,3.48297402503351,0.00723386912891575,0.0535842157697463,3.48297402503351,0.0803763236546194,22.7732917021422,No (reported postion),cruise,2021-04-10 01:00:00
2021-04-10 02:00:00+00:00,10.1047,57.865605,9.0,1262.55369159057,3.59150940715042,0.00745928876869703,0.0552539908792373,3.59150940715042,0.0828809863188559,23.4829461236758,No (reported postion),cruise,2021-04-10 02:00:00
2021-04-10 03:00:00+00:00,9.8255466667,57.8641316667,8.8,1187.09280849878,3.37685043993088,0.007013458606010299,0.0519515452297059,3.37685043993088,0.0779273178445589,22.079406722625002,No (reported postion),cruise,2021-04-10 03:00:00
2021-04-10 04:00:00+00:00,9.5566416667,57.8495516667,8.3,1012.94437048491,2.88146101013213,0.00598457286719749,0.044330169386648105,2.88146101013213,0.0664952540799721,18.8403219893254,No (reported postion),cruise,2021-04-10 04:00:00
2021-04-10 05:00:00+00:00,9.2874533333,57.84026,8.9,1224.3993303386999,3.48297402503351,0.00723386912891575,0.0535842157697463,3.48297402503351,0.0803763236546194,22.7732917021422,No (reported postion),cruise,2021-04-10 05:00:00
2021-04-10 06:00:00+00:00,8.995015,57.8296433333,10.2,1790.00506867688,5.091918138468159,0.0105755222875877,0.0783372021302793,5.091918138468159,0.117505803195419,33.2933109053687,No (reported postion),cruise,2021-04-10 06:00:00
2021-04-10 07:00:00+00:00,8.62457,57.8204366667,12.3,2725.091,7.7519,0.016100100000000003,0.11926,7.7519,0.17889,50.6855,No (reported postion),cruise,2021-04-10 07:00:00
2021-04-10 08:00:00+00:00,8.2417833333,57.80501,12.2,2725.091,7.7519,0.016100100000000003,0.11926,7.7519,0.17889,50.6855,No (reported postion),cruise,2021-04-10 08:00:00
2021-04-10 09:00:00+00:00,7.8634433333,57.7839366667,12.2,2725.091,7.7519,0.016100100000000003,0.11926,7.7519,0.17889,50.6855,No (reported postion),cruise,2021-04-10 09:00:00
2021-04-10 10:00:00+00:00,7.4782866667,57.77635,12.5,2725.091,7.7519,0.016100100000000003,0.11926,7.7519,0.17889,50.6855,No (reported postion),cruise,2021-04-10 10:00:00
2021-04-10 11:00:00+00:00,7.10424,57.78598,11.9,2725.091,7.7519,0.016100100000000003,0.11926,7.7519,0.17889,50.6855,No (reported postion),cruise,2021-04-10 11:00:00
2021-04-10 12:00:00+00:00,6.7236683333,57.7928566667,12.4,2725.091,7.7519,0.016100100000000003,0.11926,7.7519,0.17889,50.6855,No (reported postion),cruise,2021-04-10 12:00:00
2021-04-10 13:00:00+00:00,6.41812,57.90597,11.8,2713.77532713504,7.71971099622658,0.0160332459152398,0.11876478455733201,7.71971099622658,0.178147176835998,50.4750334368661,No (reported postion),cruise,2021-04-10 13:00:00
2021-04-10 14:00:00+00:00,6.131305,58.0406833333,12.3,2725.091,7.7519,0.016100100000000003,0.11926,7.7519,0.17889,50.6855,No (reported postion),cruise,2021-04-10 14:00:00
2021-04-10 15:00:00+00:00,5.84028,58.174885,12.3,2725.091,7.7519,0.016100100000000003,0.11926,7.7519,0.17889,50.6855,No (reported postion),cruise,2021-04-10 15:00:00
2021-04-10 16:00:00+00:00,5.53983,58.30898,12.7,2725.091,7.7519,0.016100100000000003,0.11926,7.7519,0.17889,50.6855,No (reported postion),cruise,2021-04-10 16:00:00
2021-04-10 17:00:00+00:00,5.3489333333,58.467085,9.6,1509.8179587422198,4.29488697235204,0.00892014986565423,0.06607518419003139,4.29488697235204,0.09911277628504711,28.0819532807633,No (reported postion),cruise,2021-04-10 17:00:00
2021-04-10 18:00:00+00:00,5.3443883333,58.6089883333,8.4,1046.15458954801,2.97593209280615,0.006180782038905089,0.0457835706585562,2.97593209280615,0.0686753559878343,19.4580175298864,No (reported postion),cruise,2021-04-10 18:00:00
2021-04-10 19:00:00+00:00,5.3520466667,58.7597483333,11.8,2600.3550955204696,7.39707138769499,0.0153631482667511,0.113801098272231,7.39707138769499,0.17070164740834598,48.365466765698,No (reported postion),cruise,2021-04-10 19:00:00
2021-04-10 20:00:00+00:00,5.5410866667,58.914485,9.0,1212.2300528257601,3.44835682423084,0.00716197186571021,0.053051643449705206,3.44835682423084,0.0795774651745579,22.5469484661247,No (reported postion),cruise,2021-04-10 20:00:00
2021-04-10 21:00:00+00:00,5.6016883333,58.9277383333,0.0,219.36,0.624,0.001296,0.0096,0.624,0.0144,4.08,No (reported postion),anchor,2021-04-10 21:00:00
2021-04-10 22:00:00+00:00,5.6016083333,58.9277083333,0.0,219.36,0.624,0.001296,0.0096,0.624,0.0144,4.08,No (reported postion),anchor,2021-04-10 22:00:00
2021-04-10 23:00:00+00:00,5.6016116667,58.9277366667,0.0,219.36,0.624,0.001296,0.0096,0.624,0.0144,4.08,No (reported postion),anchor,2021-04-10 23:00:00
2021-04-11 00:00:00+00:00,5.601595,58.9276933333,0.0,219.36,0.624,0.001296,0.0096,0.624,0.0144,4.08,No (reported postion),anchor,2021-04-11 00:00:00
2021-04-11 01:00:00+00:00,5.6016283333,58.92773,0.0,219.36,0.624,0.001296,0.0096,0.624,0.0144,4.08,No (reported postion),anchor,2021-04-11 01:00:00
2021-04-11 02:00:00+00:00,5.6016383333,58.92772,0.0,219.36,0.624,0.001296,0.0096,0.624,0.0144,4.08,No (reported postion),anchor,2021-04-11 02:00:00
2021-04-11 03:00:00+00:00,5.6015666667,58.92772,0.0,219.36,0.624,0.001296,0.0096,0.624,0.0144,4.08,No (reported postion),anchor,2021-04-11 03:00:00
2021-04-11 04:00:00+00:00,5.60164,58.9277416667,0.0,219.36,0.624,0.001296,0.0096,0.624,0.0144,4.08,No (reported postion),anchor,2021-04-11 04:00:00
2021-04-11 05:00:00+00:00,5.6016133333,58.9276883333,0.0,219.36,0.624,0.001296,0.0096,0.624,0.0144,4.08,No (reported postion),anchor,2021-04-11 05:00:00
2021-04-11 06:00:00+00:00,5.6016533333,58.927715,0.0,219.36,0.624,0.001296,0.0096,0.624,0.0144,4.08,No (reported postion),anchor,2021-04-11 06:00:00
2021-04-11 07:00:00+00:00,5.6016,58.9276983333,0.0,219.36,0.624,0.001296,0.0096,0.624,0.0144,4.08,No (reported postion),anchor,2021-04-11 07:00:00
2021-04-11 08:00:00+00:00,5.6016666667,58.92771,0.0,219.36,0.624,0.001296,0.0096,0.624,0.0144,4.08,No (reported postion),anchor,2021-04-11 08:00:00
2021-04-11 09:00:00+00:00,5.5529216667,58.9725066667,12.6,2725.091,7.7519,0.016100100000000003,0.11926,7.7519,0.17889,50.6855,No (reported postion),cruise,2021-04-11 09:00:00
2021-04-11 10:00:00+00:00,5.377415,59.1473583333,13.9,2725.091,7.7519,0.016100100000000003,0.11926,7.7519,0.17889,50.6855,No (reported postion),cruise,2021-04-11 10:00:00
2021-04-11 11:00:00+00:00,5.312575,59.3540166667,9.9,1578.68679031109,4.49079393305125,0.009327033553260288,0.0690891374315577,4.49079393305125,0.103633706147337,29.362883408412,No (reported postion),cruise,2021-04-11 11:00:00
2021-04-11 12:00:00+00:00,5.2564383333,59.40396,0.0,219.36,0.624,0.001296,0.0096,0.624,0.0144,4.08,No (reported postion),anchor,2021-04-11 12:00:00
2021-04-11 13:00:00+00:00,5.2564633333,59.4040266667,0.0,219.36,0.624,0.001296,0.0096,0.624,0.0144,4.08,No (reported postion),anchor,2021-04-11 13:00:00
2021-04-11 14:00:00+00:00,5.2564383333,59.4039733333,0.0,219.36,0.624,0.001296,0.0096,0.624,0.0144,4.08,No (reported postion),anchor,2021-04-11 14:00:00
2021-04-11 15:00:00+00:00,5.2564433333,59.4039416667,0.0,219.36,0.624,0.001296,0.0096,0.624,0.0144,4.08,No (reported postion),anchor,2021-04-11 15:00:00
2021-04-11 16:00:00+00:00,5.2564166667,59.403975,0.0,219.36,0.624,0.001296,0.0096,0.624,0.0144,4.08,No (reported postion),anchor,2021-04-11 16:00:00
2021-04-11 17:00:00+00:00,5.2564616667,59.4039933333,0.0,219.36,0.624,0.001296,0.0096,0.624,0.0144,4.08,No (reported postion),anchor,2021-04-11 17:00:00
2021-04-11 18:00:00+00:00,5.2564366667,59.40401,0.0,219.36,0.624,0.001296,0.0096,0.624,0.0144,4.08,No (reported postion),anchor,2021-04-11 18:00:00
2021-04-11 19:00:00+00:00,5.2564133333,59.4040166667,0.0,219.36,0.624,0.001296,0.0096,0.624,0.0144,4.08,No (reported postion),anchor,2021-04-11 19:00:00
2021-04-11 20:00:00+00:00,5.2565,59.4039633333,0.0,219.36,0.624,0.001296,0.0096,0.624,0.0144,4.08,No (reported postion),anchor,2021-04-11 20:00:00
2021-04-11 21:00:00+00:00,5.2221166667,59.461985,12.0,2729.39456966107,7.764142101880511,0.0161255259039057,0.119448340028931,7.764142101880511,0.179172510043396,50.7655445122956,No (reported postion),cruise,2021-04-11 21:00:00
2021-04-11 22:00:00+00:00,5.31972,59.6411583333,11.7,2537.4527560581996,7.21813694283516,0.0149915151889653,0.111048260659002,7.21813694283516,0.166572390988504,47.195510780076,No (reported postion),cruise,2021-04-11 22:00:00
2021-04-11 23:00:00+00:00,5.5601933333,59.7905633333,11.7,2537.4527560581996,7.21813694283516,0.0149915151889653,0.111048260659002,7.21813694283516,0.166572390988504,47.195510780076,No (reported postion),cruise,2021-04-11 23:00:00
2021-04-12 00:00:00+00:00,5.3953433333,59.96815,12.1,2725.091,7.7519,0.016100100000000003,0.11926,7.7519,0.17889,50.6855,No (reported postion),cruise,2021-04-12 00:00:00
2021-04-12 01:00:00+00:00,5.2772616667,60.1521033333,12.0,2729.39456966107,7.764142101880511,0.0161255259039057,0.119448340028931,7.764142101880511,0.179172510043396,50.7655445122956,No (reported postion),cruise,2021-04-12 01:00:00
2021-04-12 02:00:00+00:00,5.1963216667,60.3302966667,11.8,2600.3550955204696,7.39707138769499,0.0153631482667511,0.113801098272231,7.39707138769499,0.17070164740834598,48.365466765698,No (reported postion),cruise,2021-04-12 02:00:00
2021-04-12 03:00:00+00:00,5.23194,60.39557,0.6,219.688035571208,0.63305148479853,0.00129793806573799,0.00966646847679174,0.6283204509914629,0.014556983324777001,4.209225916596299,No (reported postion),anchor,2021-04-12 03:00:00
2021-04-12 04:00:00+00:00,5.2323716667,60.395435,0.0,219.36,0.624,0.001296,0.0096,0.624,0.0144,4.08,No (reported postion),anchor,2021-04-12 04:00:00
2021-04-12 05:00:00+00:00,5.2324216667,60.3954616667,0.0,219.36,0.624,0.001296,0.0096,0.624,0.0144,4.08,No (reported postion),anchor,2021-04-12 05:00:00
2021-04-12 06:00:00+00:00,5.2324216667,60.3954966667,0.0,219.36,0.624,0.001296,0.0096,0.624,0.0144,4.08,No (reported postion),anchor,2021-04-12 06:00:00
2021-04-12 07:00:00+00:00,5.23242,60.39545,0.0,219.36,0.624,0.001296,0.0096,0.624,0.0144,4.08,No (reported postion),anchor,2021-04-12 07:00:00
2021-04-12 08:00:00+00:00,5.2324383333,60.3954616667,0.0,219.36,0.624,0.001296,0.0096,0.624,0.0144,4.08,No (reported postion),anchor,2021-04-12 08:00:00
2021-04-12 09:00:00+00:00,5.232455,60.39546,0.0,219.36,0.624,0.001296,0.0096,0.624,0.0144,4.08,No (reported postion),anchor,2021-04-12 09:00:00
2021-04-12 10:00:00+00:00,5.2324433333,60.395435,0.0,219.36,0.624,0.001296,0.0096,0.624,0.0144,4.08,No (reported postion),anchor,2021-04-12 10:00:00
2021-04-12 11:00:00+00:00,5.232485,60.3954183333,0.0,219.36,0.624,0.001296,0.0096,0.624,0.0144,4.08,No (reported postion),anchor,2021-04-12 11:00:00
2021-04-12 12:00:00+00:00,5.169,60.3567566667,13.2,2725.091,7.7519,0.016100100000000003,0.11926,7.7519,0.17889,50.6855,No (reported postion),cruise,2021-04-12 12:00:00
2021-04-12 13:00:00+00:00,5.1185333333,60.1642766667,13.0,2725.091,7.7519,0.016100100000000003,0.11926,7.7519,0.17889,50.6855,No (reported postion),cruise,2021-04-12 13:00:00
2021-04-12 14:00:00+00:00,4.8691033333,60.038895,12.0,2729.39456966107,7.764142101880511,0.0161255259039057,0.119448340028931,7.764142101880511,0.179172510043396,50.7655445122956,No (reported postion),cruise,2021-04-12 14:00:00
2021-04-12 15:00:00+00:00,4.70342,59.859585,12.1,2725.091,7.7519,0.016100100000000003,0.11926,7.7519,0.17889,50.6855,No (reported postion),cruise,2021-04-12 15:00:00
2021-04-12 16:00:00+00:00,4.5425233333,59.678975,11.8,2713.77532713504,7.71971099622658,0.0160332459152398,0.11876478455733201,7.71971099622658,0.178147176835998,50.4750334368661,No (reported postion),cruise,2021-04-12 16:00:00
2021-04-12 17:00:00+00:00,4.3847233333,59.4984766667,11.4,2457.37852759103,6.99035467367252,0.0145184289376275,0.1075439180565,6.99035467367252,0.16131587708475,45.706165174012604,No (reported postion),cruise,2021-04-12 17:00:00
2021-04-12 18:00:00+00:00,4.2249566667,59.321575,11.7,2648.01379042449,7.53264316750948,0.0156447204248274,0.115886817961684,7.53264316750948,0.173830226942526,49.2518976337158,No (reported postion),cruise,2021-04-12 18:00:00
2021-04-12 19:00:00+00:00,4.079785,59.14215,12.0,2725.091,7.7519,0.016100100000000003,0.11926,7.7519,0.17889,50.6855,No (reported postion),cruise,2021-04-12 19:00:00
2021-04-12 20:00:00+00:00,4.057715,58.950945,11.9,2725.091,7.7519,0.016100100000000003,0.11926,7.7519,0.17889,50.6855,No (reported postion),cruise,2021-04-12 20:00:00
2021-04-12 21:00:00+00:00,4.32179,58.8050383333,12.4,2725.091,7.7519,0.016100100000000003,0.11926,7.7519,0.17889,50.6855,No (reported postion),cruise,2021-04-12 21:00:00
2021-04-12 22:00:00+00:00,4.5897483333,58.664165,11.8,2713.77532713504,7.71971099622658,0.0160332459152398,0.11876478455733201,7.71971099622658,0.178147176835998,50.4750334368661,No (reported postion),cruise,2021-04-12 22:00:00
2021-04-12 23:00:00+00:00,4.8614683333,58.5200016667,11.8,2713.77532713504,7.71971099622658,0.0160332459152398,0.11876478455733201,7.71971099622658,0.178147176835998,50.4750334368661,No (reported postion),cruise,2021-04-12 23:00:00
2021-04-13 00:00:00+00:00,5.1246466667,58.378845,12.4,2725.091,7.7519,0.016100100000000003,0.11926,7.7519,0.17889,50.6855,No (reported postion),cruise,2021-04-13 00:00:00
2021-04-13 01:00:00+00:00,5.3906366667,58.2449133333,11.2,2335.7342122619502,6.64432051628125,0.013799742610738,0.102220315635096,6.64432051628125,0.15333047345264397,43.4436341449158,No (reported postion),cruise,2021-04-13 01:00:00
2021-04-13 02:00:00+00:00,5.6788683333,58.11802,11.7,2648.01379042449,7.53264316750948,0.0156447204248274,0.115886817961684,7.53264316750948,0.173830226942526,49.2518976337158,No (reported postion),cruise,2021-04-13 02:00:00
2021-04-13 03:00:00+00:00,5.9606616667,57.9957616667,11.7,2648.01379042449,7.53264316750948,0.0156447204248274,0.115886817961684,7.53264316750948,0.173830226942526,49.2518976337158,No (reported postion),cruise,2021-04-13 03:00:00
2021-04-13 04:00:00+00:00,6.2458516667,57.8695233333,11.6,2583.36682912065,7.348745903406679,0.0152627799532293,0.11305762928318,7.348745903406679,0.169586443924769,48.0494924453513,No (reported postion),cruise,2021-04-13 04:00:00
2021-04-13 05:00:00+00:00,6.5232583333,57.7467283333,11.8,2713.77532713504,7.71971099622658,0.0160332459152398,0.11876478455733201,7.71971099622658,0.178147176835998,50.4750334368661,No (reported postion),cruise,2021-04-13 05:00:00
2021-04-13 06:00:00+00:00,6.8733333333,57.7137133333,11.8,2713.77532713504,7.71971099622658,0.0160332459152398,0.11876478455733201,7.71971099622658,0.178147176835998,50.4750334368661,No (reported postion),cruise,2021-04-13 06:00:00
2021-04-13 07:00:00+00:00,7.235405,57.7051433333,11.7,2648.01379042449,7.53264316750948,0.0156447204248274,0.115886817961684,7.53264316750948,0.173830226942526,49.2518976337158,No (reported postion),cruise,2021-04-13 07:00:00
2021-04-13 08:00:00+00:00,7.6016916667,57.6959833333,11.8,2713.77532713504,7.71971099622658,0.0160332459152398,0.11876478455733201,7.71971099622658,0.178147176835998,50.4750334368661,No (reported postion),cruise,2021-04-13 08:00:00
2021-04-13 09:00:00+00:00,7.9733833333,57.6905266667,11.9,2725.091,7.7519,0.016100100000000003,0.11926,7.7519,0.17889,50.6855,No (reported postion),cruise,2021-04-13 09:00:00
2021-04-13 10:00:00+00:00,8.3497033333,57.708545,12.5,2725.091,7.7519,0.016100100000000003,0.11926,7.7519,0.17889,50.6855,No (reported postion),cruise,2021-04-13 10:00:00
2021-04-13 11:00:00+00:00,8.73467,57.7256316667,12.4,2725.091,7.7519,0.016100100000000003,0.11926,7.7519,0.17889,50.6855,No (reported postion),cruise,2021-04-13 11:00:00
2021-04-13 12:00:00+00:00,9.1308633333,57.7545383333,13.0,2725.091,7.7519,0.016100100000000003,0.11926,7.7519,0.17889,50.6855,No (reported postion),cruise,2021-04-13 12:00:00
2021-04-13 13:00:00+00:00,9.5372866667,57.7772316667,12.8,2725.091,7.7519,0.016100100000000003,0.11926,7.7519,0.17889,50.6855,No (reported postion),cruise,2021-04-13 13:00:00
2021-04-13 14:00:00+00:00,9.9277883333,57.7913466667,12.4,2725.091,7.7519,0.016100100000000003,0.11926,7.7519,0.17889,50.6855,No (reported postion),cruise,2021-04-13 14:00:00
2021-04-13 15:00:00+00:00,10.3158583333,57.7993333333,12.4,2725.091,7.7519,0.016100100000000003,0.11926,7.7519,0.17889,50.6855,No (reported postion),cruise,2021-04-13 15:00:00
2021-04-13 16:00:00+00:00,10.7059966667,57.8147133333,12.3,2725.091,7.7519,0.016100100000000003,0.11926,7.7519,0.17889,50.6855,No (reported postion),cruise,2021-04-13 16:00:00
2021-04-13 17:00:00+00:00,11.04803,57.72496,12.3,2725.091,7.7519,0.016100100000000003,0.11926,7.7519,0.17889,50.6855,No (reported postion),cruise,2021-04-13 17:00:00
2021-04-13 18:00:00+00:00,11.4036566667,57.6493833333,11.2,2335.7342122619502,6.64432051628125,0.013799742610738,0.102220315635096,6.64432051628125,0.15333047345264397,43.4436341449158,No (reported postion),cruise,2021-04-13 18:00:00
2021-04-13 19:00:00+00:00,11.6728816667,57.6122116667,10.4,1813.42205912456,5.1585310215797,0.0107138721217425,0.07936201571661079,5.1585310215797,0.119043023574916,33.7288566795596,No (reported postion),cruise,2021-04-13 19:00:00
2021-04-13 20:00:00+00:00,11.6966416667,57.67944,0.3,219.401004446401,0.625131435599816,0.0012962422582172498,0.00960830855959897,0.624540056373933,0.014419622915597102,4.09615323957454,No (reported postion),anchor,2021-04-13 20:00:00
2021-04-13 21:00:00+00:00,11.69676,57.6793416667,0.0,219.36,0.624,0.001296,0.0096,0.624,0.0144,4.08,No (reported postion),anchor,2021-04-13 21:00:00
2021-04-13 22:00:00+00:00,11.6963,57.6802,0.1,219.36151868320002,0.624041905022215,0.00129600897252656,0.00960030772442959,0.624020002087923,0.0144007267746517,4.08059826813239,No (reported postion),anchor,2021-04-13 22:00:00
2021-04-13 23:00:00+00:00,11.6954,57.6807566667,0.0,219.36,0.624,0.001296,0.0096,0.624,0.0144,4.08,No (reported postion),anchor,2021-04-13 23:00:00
2021-04-14 00:00:00+00:00,11.6949016667,57.6808716667,0.0,219.36,0.624,0.001296,0.0096,0.624,0.0144,4.08,No (reported postion),anchor,2021-04-14 00:00:00
2021-04-14 01:00:00+00:00,11.69481,57.68085,0.0,219.36,0.624,0.001296,0.0096,0.624,0.0144,4.08,No (reported postion),anchor,2021-04-14 01:00:00
2021-04-14 02:00:00+00:00,11.693885,57.68085,0.0,219.36,0.624,0.001296,0.0096,0.624,0.0144,4.08,No (reported postion),anchor,2021-04-14 02:00:00
2021-04-14 03:00:00+00:00,11.6940783333,57.6809816667,0.0,219.36,0.624,0.001296,0.0096,0.624,0.0144,4.08,No (reported postion),anchor,2021-04-14 03:00:00
2021-04-14 04:00:00+00:00,11.6939233333,57.6809333333,0.0,219.36,0.624,0.001296,0.0096,0.624,0.0144,4.08,No (reported postion),anchor,2021-04-14 04:00:00
2021-04-14 05:00:00+00:00,11.6940516667,57.6808833333,0.0,219.36,0.624,0.001296,0.0096,0.624,0.0144,4.08,No (reported postion),anchor,2021-04-14 05:00:00
2021-04-14 06:00:00+00:00,11.69425,57.6807983333,0.0,219.36,0.624,0.001296,0.0096,0.624,0.0144,4.08,No (reported postion),anchor,2021-04-14 06:00:00
2021-04-14 07:00:00+00:00,11.6941983333,57.68094,0.1,219.36151868320002,0.624041905022215,0.00129600897252656,0.00960030772442959,0.624020002087923,0.0144007267746517,4.08059826813239,No (reported postion),anchor,2021-04-14 07:00:00
2021-04-14 08:00:00+00:00,11.6940116667,57.681005,0.0,219.36,0.624,0.001296,0.0096,0.624,0.0144,4.08,No (reported postion),anchor,2021-04-14 08:00:00
2021-04-14 09:00:00+00:00,11.6940033333,57.680855,0.0,219.36,0.624,0.001296,0.0096,0.624,0.0144,4.08,No (reported postion),anchor,2021-04-14 09:00:00
2021-04-14 10:00:00+00:00,11.695095,57.6809433333,0.0,219.36,0.624,0.001296,0.0096,0.624,0.0144,4.08,No (reported postion),anchor,2021-04-14 10:00:00
2021-04-14 11:00:00+00:00,11.6949883333,57.6785966667,3.1,150.353091212253,1.5473925168194902,0.000888300538890772,0.0137674184819576,0.894882201327243,0.0285513436501525,19.7780059320391,No (reported postion),cruise,2021-04-14 11:00:00
2021-04-14 12:00:00+00:00,11.87333,57.6874733333,0.8,220.13756579841802,0.645455371374294,0.00130059393360116,0.0097575549079508,0.634241069016802,0.0147721086216937,4.386313283783831,No (reported postion),anchor,2021-04-14 12:00:00
2021-04-14 13:00:00+00:00,11.873365,57.6904966667,0.0,219.36,0.624,0.001296,0.0096,0.624,0.0144,4.08,No (reported postion),anchor,2021-04-14 13:00:00
2021-04-14 14:00:00+00:00,11.8733783333,57.6905016667,0.0,219.36,0.624,0.001296,0.0096,0.624,0.0144,4.08,No (reported postion),anchor,2021-04-14 14:00:00
2021-04-14 15:00:00+00:00,11.8733383333,57.6904683333,0.0,219.36,0.624,0.001296,0.0096,0.624,0.0144,4.08,No (reported postion),anchor,2021-04-14 15:00:00
2021-04-14 16:00:00+00:00,11.8733166667,57.690465,0.0,219.36,0.624,0.001296,0.0096,0.624,0.0144,4.08,No (reported postion),anchor,2021-04-14 16:00:00
2021-04-14 17:00:00+00:00,11.873365,57.690495,0.0,219.36,0.624,0.001296,0.0096,0.624,0.0144,4.08,No (reported postion),anchor,2021-04-14 17:00:00
2021-04-14 18:00:00+00:00,11.87337,57.6905033333,0.0,219.36,0.624,0.001296,0.0096,0.624,0.0144,4.08,No (reported postion),anchor,2021-04-14 18:00:00
2021-04-14 19:00:00+00:00,11.873345,57.6904816667,0.0,219.36,0.624,0.001296,0.0096,0.624,0.0144,4.08,No (reported postion),anchor,2021-04-14 19:00:00
2021-04-14 20:00:00+00:00,11.873385,57.6904716667,0.0,219.36,0.624,0.001296,0.0096,0.624,0.0144,4.08,No (reported postion),anchor,2021-04-14 20:00:00
2021-04-14 21:00:00+00:00,11.8734016667,57.6904733333,0.0,219.36,0.624,0.001296,0.0096,0.624,0.0144,4.08,No (reported postion),anchor,2021-04-14 21:00:00
2021-04-14 22:00:00+00:00,11.8733883333,57.69048,0.0,219.36,0.624,0.001296,0.0096,0.624,0.0144,4.08,No (reported postion),anchor,2021-04-14 22:00:00
2021-04-14 23:00:00+00:00,11.8733883333,57.6905383333,0.0,219.36,0.624,0.001296,0.0096,0.624,0.0144,4.08,No (reported postion),anchor,2021-04-14 23:00:00
2021-04-15 00:00:00+00:00,11.8734,57.6904866667,0.0,219.36,0.624,0.001296,0.0096,0.624,0.0144,4.08,No (reported postion),anchor,2021-04-15 00:00:00
2021-04-15 01:00:00+00:00,11.8733716667,57.6904733333,0.0,219.36,0.624,0.001296,0.0096,0.624,0.0144,4.08,No (reported postion),anchor,2021-04-15 01:00:00
2021-04-15 02:00:00+00:00,11.87341,57.6904883333,0.0,219.36,0.624,0.001296,0.0096,0.624,0.0144,4.08,No (reported postion),anchor,2021-04-15 02:00:00
2021-04-15 03:00:00+00:00,11.8733666667,57.69051,0.0,219.36,0.624,0.001296,0.0096,0.624,0.0144,4.08,No (reported postion),anchor,2021-04-15 03:00:00
2021-04-15 04:00:00+00:00,11.873345,57.69051,0.0,219.36,0.624,0.001296,0.0096,0.624,0.0144,4.08,No (reported postion),anchor,2021-04-15 04:00:00
2021-04-15 05:00:00+00:00,11.8732866667,57.690455,0.0,219.36,0.624,0.001296,0.0096,0.624,0.0144,4.08,No (reported postion),anchor,2021-04-15 05:00:00
2021-04-15 06:00:00+00:00,11.87337,57.690515,0.0,219.36,0.624,0.001296,0.0096,0.624,0.0144,4.08,No (reported postion),anchor,2021-04-15 06:00:00
2021-04-15 07:00:00+00:00,11.8733933333,57.6905166667,0.0,219.36,0.624,0.001296,0.0096,0.624,0.0144,4.08,No (reported postion),anchor,2021-04-15 07:00:00
2021-04-15 08:00:00+00:00,11.8733016667,57.6904966667,0.0,219.36,0.624,0.001296,0.0096,0.624,0.0144,4.08,No (reported postion),anchor,2021-04-15 08:00:00
2021-04-15 09:00:00+00:00,11.873355,57.690475,0.0,219.36,0.624,0.001296,0.0096,0.624,0.0144,4.08,No (reported postion),anchor,2021-04-15 09:00:00
2021-04-15 10:00:00+00:00,11.873385,57.6904583333,0.0,219.36,0.624,0.001296,0.0096,0.624,0.0144,4.08,No (reported postion),anchor,2021-04-15 10:00:00
2021-04-15 11:00:00+00:00,11.8733883333,57.6905166667,0.0,219.36,0.624,0.001296,0.0096,0.624,0.0144,4.08,No (reported postion),anchor,2021-04-15 11:00:00
2021-04-15 12:00:00+00:00,11.873345,57.6905133333,0.0,219.36,0.624,0.001296,0.0096,0.624,0.0144,4.08,No (reported postion),anchor,2021-04-15 12:00:00
2021-04-15 13:00:00+00:00,11.6866083333,57.6323866667,11.9,2664.33266268836,7.579064467166011,0.015741133893344802,0.11660099180255401,7.579064467166011,0.17490148770383102,49.5554215160854,No (reported postion),cruise,2021-04-15 13:00:00
2021-04-15 14:00:00+00:00,11.5948966667,57.4449966667,12.4,2725.091,7.7519,0.016100100000000003,0.11926,7.7519,0.17889,50.6855,No (reported postion),cruise,2021-04-15 14:00:00
2021-04-15 15:00:00+00:00,11.579695,57.2398516667,12.3,2725.091,7.7519,0.016100100000000003,0.11926,7.7519,0.17889,50.6855,No (reported postion),cruise,2021-04-15 15:00:00
2021-04-15 16:00:00+00:00,11.669895,57.0460066667,11.6,2583.36682912065,7.348745903406679,0.0152627799532293,0.11305762928318,7.348745903406679,0.169586443924769,48.0494924453513,No (reported postion),cruise,2021-04-15 16:00:00
2021-04-15 17:00:00+00:00,11.78693,56.866765,11.0,2218.3576728491803,6.31042664049,0.0131062707148639,0.09708348677676931,6.31042664049,0.145625230165154,41.260481880127,No (reported postion),cruise,2021-04-15 17:00:00
2021-04-15 18:00:00+00:00,11.8282883333,56.6959516667,11.5,2519.82491693801,7.16799210507531,0.014887368218233301,0.11027680161654299,7.16799210507531,0.165415202424815,46.8676406870309,No (reported postion),cruise,2021-04-15 18:00:00
2021-04-15 19:00:00+00:00,11.6327833333,56.5348566667,11.6,2583.36682912065,7.348745903406679,0.0152627799532293,0.11305762928318,7.348745903406679,0.169586443924769,48.0494924453513,No (reported postion),cruise,2021-04-15 19:00:00
2021-04-15 20:00:00+00:00,11.44555,56.3690516667,11.2,2335.7342122619502,6.64432051628125,0.013799742610738,0.102220315635096,6.64432051628125,0.15333047345264397,43.4436341449158,No (reported postion),cruise,2021-04-15 20:00:00
2021-04-15 21:00:00+00:00,11.2945816667,56.2018033333,10.9,2161.2460033976,6.14796456108725,0.012768849473027399,0.0945840701705731,6.14796456108725,0.14187610525586,40.1982298224936,No (reported postion),cruise,2021-04-15 21:00:00
2021-04-15 22:00:00+00:00,11.1065083333,56.07348,10.2,1790.00506867688,5.091918138468159,0.0105755222875877,0.0783372021302793,5.091918138468159,0.117505803195419,33.2933109053687,No (reported postion),cruise,2021-04-15 22:00:00
2021-04-15 23:00:00+00:00,10.956595,55.92581,10.3,1764.6161371250198,5.0196957948851795,0.0104255220355308,0.0772260891520797,5.0196957948851795,0.11583913372811899,32.8210878896339,No (reported postion),cruise,2021-04-15 23:00:00
2021-04-16 00:00:00+00:00,10.8059283333,55.78501,10.1,1669.81081967961,4.750008896243981,0.00986540309219903,0.073077059942215,4.750008896243981,0.109615589913323,31.0577504754414,No (reported postion),cruise,2021-04-16 00:00:00
2021-04-16 01:00:00+00:00,10.784975,55.6178283333,10.2,1716.74876134311,4.88353039331737,0.0101427169707361,0.0751312368202672,4.88353039331737,0.112696855230401,31.930775648613597,No (reported postion),cruise,2021-04-16 01:00:00
2021-04-16 02:00:00+00:00,10.9128766667,55.4648183333,11.1,2276.51723370879,6.475869592607051,0.013449883000030001,0.09962876296318539,6.475869592607051,0.149443144444778,42.342224259353806,No (reported postion),cruise,2021-04-16 02:00:00
2021-04-16 03:00:00+00:00,11.0302433333,55.3149616667,10.3,1764.6161371250198,5.0196957948851795,0.0104255220355308,0.0772260891520797,5.0196957948851795,0.11583913372811899,32.8210878896339,No (reported postion),cruise,2021-04-16 03:00:00
2021-04-16 04:00:00+00:00,11.0458083333,55.1600583333,9.5,1407.1910086302998,4.00295035277766,0.0083138199634613,0.0615838515811948,4.00295035277766,0.0923757773717922,26.173136922007803,No (reported postion),cruise,2021-04-16 04:00:00
2021-04-16 05:00:00+00:00,11.016355,54.9957766667,10.0,1623.7932000353399,4.6191053830327,0.00959352656476023,0.0710631597389647,4.6191053830327,0.106594739608447,30.20184288906,No (reported postion),cruise,2021-04-16 05:00:00
2021-04-16 06:00:00+00:00,10.8694983333,54.8599533333,9.7,1491.17115222586,4.2418435402486,0.00880998273743941,0.0652591313884401,4.2418435402486,0.0978886970826601,27.735130840087,No (reported postion),cruise,2021-04-16 06:00:00
2021-04-16 07:00:00+00:00,10.88227,54.6923433333,11.9,2725.091,7.7519,0.016100100000000003,0.11926,7.7519,0.17889,50.6855,No (reported postion),cruise,2021-04-16 07:00:00
2021-04-16 08:00:00+00:00,11.169525,54.5866083333,11.6,2475.61653220237,7.04223521195421,0.014626180824828,0.10834208018391099,7.04223521195421,0.16251312027586598,46.0453840781622,No (reported postion),cruise,2021-04-16 08:00:00
2021-04-16 09:00:00+00:00,11.4700716667,54.4993166667,11.8,2713.77532713504,7.71971099622658,0.0160332459152398,0.11876478455733201,7.71971099622658,0.178147176835998,50.4750334368661,No (reported postion),cruise,2021-04-16 09:00:00
2021-04-16 10:00:00+00:00,11.7702616667,54.4115083333,11.9,2725.091,7.7519,0.016100100000000003,0.11926,7.7519,0.17889,50.6855,No (reported postion),cruise,2021-04-16 10:00:00
2021-04-16 11:00:00+00:00,12.11063,54.4087216667,12.2,2725.091,7.7519,0.016100100000000003,0.11926,7.7519,0.17889,50.6855,No (reported postion),cruise,2021-04-16 11:00:00
2021-04-16 12:00:00+00:00,12.2990716667,54.5522566667,12.2,2725.091,7.7519,0.016100100000000003,0.11926,7.7519,0.17889,50.6855,No (reported postion),cruise,2021-04-16 12:00:00
2021-04-16 13:00:00+00:00,12.5615066667,54.68129,12.2,2725.091,7.7519,0.016100100000000003,0.11926,7.7519,0.17889,50.6855,No (reported postion),cruise,2021-04-16 13:00:00
2021-04-16 14:00:00+00:00,12.8686033333,54.77786,12.3,2725.091,7.7519,0.016100100000000003,0.11926,7.7519,0.17889,50.6855,No (reported postion),cruise,2021-04-16 14:00:00
2021-04-16 15:00:00+00:00,13.20794,54.84118,12.5,2725.091,7.7519,0.016100100000000003,0.11926,7.7519,0.17889,50.6855,No (reported postion),cruise,2021-04-16 15:00:00
2021-04-16 16:00:00+00:00,13.5551666667,54.9083666667,12.6,2725.091,7.7519,0.016100100000000003,0.11926,7.7519,0.17889,50.6855,No (reported postion),cruise,2021-04-16 16:00:00
2021-04-16 17:00:00+00:00,13.8994516667,54.9760316667,12.7,2725.091,7.7519,0.016100100000000003,0.11926,7.7519,0.17889,50.6855,No (reported postion),cruise,2021-04-16 17:00:00
2021-04-16 18:00:00+00:00,14.1996716667,55.08091,12.3,2725.091,7.7519,0.016100100000000003,0.11926,7.7519,0.17889,50.6855,No (reported postion),cruise,2021-04-16 18:00:00
2021-04-16 19:00:00+00:00,14.43022,55.2433733333,12.3,2725.091,7.7519,0.016100100000000003,0.11926,7.7519,0.17889,50.6855,No (reported postion),cruise,2021-04-16 19:00:00
2021-04-16 20:00:00+00:00,14.6496,55.398915,11.9,2725.091,7.7519,0.016100100000000003,0.11926,7.7519,0.17889,50.6855,No (reported postion),cruise,2021-04-16 20:00:00
2021-04-16 21:00:00+00:00,14.9649233333,55.4984416667,12.3,2725.091,7.7519,0.016100100000000003,0.11926,7.7519,0.17889,50.6855,No (reported postion),cruise,2021-04-16 21:00:00
2021-04-16 22:00:00+00:00,15.2874766667,55.5981966667,12.4,2725.091,7.7519,0.016100100000000003,0.11926,7.7519,0.17889,50.6855,No (reported postion),cruise,2021-04-16 22:00:00
2021-04-16 23:00:00+00:00,15.5867983333,55.6988066667,11.5,2519.82491693801,7.16799210507531,0.014887368218233301,0.11027680161654299,7.16799210507531,0.165415202424815,46.8676406870309,No (reported postion),cruise,2021-04-16 23:00:00
2021-04-17 00:00:00+00:00,15.8775316667,55.7981433333,11.5,2519.82491693801,7.16799210507531,0.014887368218233301,0.11027680161654299,7.16799210507531,0.165415202424815,46.8676406870309,No (reported postion),cruise,2021-04-17 00:00:00
2021-04-17 01:00:00+00:00,16.1874966667,55.8924616667,11.8,2713.77532713504,7.71971099622658,0.0160332459152398,0.11876478455733201,7.71971099622658,0.178147176835998,50.4750334368661,No (reported postion),cruise,2021-04-17 01:00:00
2021-04-17 02:00:00+00:00,16.50385,55.975115,11.7,2648.01379042449,7.53264316750948,0.0156447204248274,0.115886817961684,7.53264316750948,0.173830226942526,49.2518976337158,No (reported postion),cruise,2021-04-17 02:00:00
2021-04-17 03:00:00+00:00,16.8005216667,56.07538,11.7,2648.01379042449,7.53264316750948,0.0156447204248274,0.115886817961684,7.53264316750948,0.173830226942526,49.2518976337158,No (reported postion),cruise,2021-04-17 03:00:00
2021-04-17 04:00:00+00:00,16.9546933333,56.2455633333,11.7,2648.01379042449,7.53264316750948,0.0156447204248274,0.115886817961684,7.53264316750948,0.173830226942526,49.2518976337158,No (reported postion),cruise,2021-04-17 04:00:00
2021-04-17 05:00:00+00:00,17.1019833333,56.4655383333,12.1,2725.091,7.7519,0.016100100000000003,0.11926,7.7519,0.17889,50.6855,No (reported postion),cruise,2021-04-17 05:00:00
2021-04-17 06:00:00+00:00,17.250195,56.69278,12.1,2725.091,7.7519,0.016100100000000003,0.11926,7.7519,0.17889,50.6855,No (reported postion),cruise,2021-04-17 06:00:00
2021-04-17 07:00:00+00:00,17.3326433333,56.8114766667,12.0,2725.091,7.7519,0.016100100000000003,0.11926,7.7519,0.17889,50.6855,No (reported postion),cruise,2021-04-17 07:00:00
2021-04-17 08:00:00+00:00,17.4688433333,57.0013033333,12.3,2725.091,7.7519,0.016100100000000003,0.11926,7.7519,0.17889,50.6855,No (reported postion),cruise,2021-04-17 08:00:00
2021-04-17 09:00:00+00:00,17.6081283333,57.190885,12.4,2725.091,7.7519,0.016100100000000003,0.11926,7.7519,0.17889,50.6855,No (reported postion),cruise,2021-04-17 09:00:00
2021-04-17 10:00:00+00:00,17.7486233333,57.3824033333,12.3,2725.091,7.7519,0.016100100000000003,0.11926,7.7519,0.17889,50.6855,No (reported postion),cruise,2021-04-17 10:00:00
2021-04-17 11:00:00+00:00,17.918345,57.5638883333,12.1,2725.091,7.7519,0.016100100000000003,0.11926,7.7519,0.17889,50.6855,No (reported postion),cruise,2021-04-17 11:00:00
2021-04-17 12:00:00+00:00,18.1030833333,57.7381066667,12.2,2725.091,7.7519,0.016100100000000003,0.11926,7.7519,0.17889,50.6855,No (reported postion),cruise,2021-04-17 12:00:00
2021-04-17 13:00:00+00:00,18.32058,57.9454366667,11.8,2713.77532713504,7.71971099622658,0.0160332459152398,0.11876478455733201,7.71971099622658,0.178147176835998,50.4750334368661,No (reported postion),cruise,2021-04-17 13:00:00
2021-04-17 14:00:00+00:00,18.4630233333,58.084835,11.8,2713.77532713504,7.71971099622658,0.0160332459152398,0.11876478455733201,7.71971099622658,0.178147176835998,50.4750334368661,No (reported postion),cruise,2021-04-17 14:00:00
2021-04-17 15:00:00+00:00,18.66091,58.2751716667,11.8,2713.77532713504,7.71971099622658,0.0160332459152398,0.11876478455733201,7.71971099622658,0.178147176835998,50.4750334368661,No (reported postion),cruise,2021-04-17 15:00:00
2021-04-17 16:00:00+00:00,18.8448066667,58.451525,11.9,2725.091,7.7519,0.016100100000000003,0.11926,7.7519,0.17889,50.6855,No (reported postion),cruise,2021-04-17 16:00:00
2021-04-17 17:00:00+00:00,19.0162566667,58.6214333333,11.9,2725.091,7.7519,0.016100100000000003,0.11926,7.7519,0.17889,50.6855,No (reported postion),cruise,2021-04-17 17:00:00
2021-04-17 18:00:00+00:00,19.2091883333,58.7699716667,11.7,2648.01379042449,7.53264316750948,0.0156447204248274,0.115886817961684,7.53264316750948,0.173830226942526,49.2518976337158,No (reported postion),cruise,2021-04-17 18:00:00
2021-04-17 19:00:00+00:00,19.4485433333,58.9414333333,11.8,2713.77532713504,7.71971099622658,0.0160332459152398,0.11876478455733201,7.71971099622658,0.178147176835998,50.4750334368661,No (reported postion),cruise,2021-04-17 19:00:00
2021-04-17 20:00:00+00:00,19.6769,59.108,12.1,2725.091,7.7519,0.016100100000000003,0.11926,7.7519,0.17889,50.6855,No (reported postion),cruise,2021-04-17 20:00:00
2021-04-17 21:00:00+00:00,19.8974,59.2688,12.1,2725.091,7.7519,0.016100100000000003,0.11926,7.7519,0.17889,50.6855,No (reported postion),cruise,2021-04-17 21:00:00
2021-04-17 22:00:00+00:00,20.1102,59.4221,12.1,2725.091,7.7519,0.016100100000000003,0.11926,7.7519,0.17889,50.6855,No (reported postion),cruise,2021-04-17 22:00:00
2021-04-17 23:00:00+00:00,20.1159183333,59.606385,12.9,2725.091,7.7519,0.016100100000000003,0.11926,7.7519,0.17889,50.6855,No (reported postion),cruise,2021-04-17 23:00:00
2021-04-18 00:00:00+00:00,19.818075,59.7543866667,12.8,2725.091,7.7519,0.016100100000000003,0.11926,7.7519,0.17889,50.6855,No (reported postion),cruise,2021-04-18 00:00:00
2021-04-18 01:00:00+00:00,19.54967,59.916295,12.6,2725.091,7.7519,0.016100100000000003,0.11926,7.7519,0.17889,50.6855,No (reported postion),cruise,2021-04-18 01:00:00
2021-04-18 02:00:00+00:00,19.28116,60.0795666667,12.5,2725.091,7.7519,0.016100100000000003,0.11926,7.7519,0.17889,50.6855,No (reported postion),cruise,2021-04-18 02:00:00
2021-04-18 03:00:00+00:00,19.049955,60.25234,12.6,2725.091,7.7519,0.016100100000000003,0.11926,7.7519,0.17889,50.6855,No (reported postion),cruise,2021-04-18 03:00:00
2021-04-18 04:00:00+00:00,19.04099,60.465725,12.7,2725.091,7.7519,0.016100100000000003,0.11926,7.7519,0.17889,50.6855,No (reported postion),cruise,2021-04-18 04:00:00
2021-04-18 05:00:00+00:00,19.1348,60.6696,12.7,2725.091,7.7519,0.016100100000000003,0.11926,7.7519,0.17889,50.6855,No (reported postion),cruise,2021-04-18 05:00:00
2021-04-18 06:00:00+00:00,19.2488,60.8744,12.6,2725.091,7.7519,0.016100100000000003,0.11926,7.7519,0.17889,50.6855,No (reported postion),cruise,2021-04-18 06:00:00
2021-04-18 07:00:00+00:00,19.3703,61.09435,12.0,2725.091,7.7519,0.016100100000000003,0.11926,7.7519,0.17889,50.6855,Linear (small gap),cruise,2021-04-18 07:00:00
2021-04-18 08:00:00+00:00,19.4918,61.3143,11.4,2457.37852759103,6.99035467367252,0.0145184289376275,0.1075439180565,6.99035467367252,0.16131587708475,45.706165174012604,No (reported postion),cruise,2021-04-18 08:00:00
2021-04-18 09:00:00+00:00,19.6318,61.5651,11.2,2335.7342122619502,6.64432051628125,0.013799742610738,0.102220315635096,6.64432051628125,0.15333047345264397,43.4436341449158,No (reported postion),cruise,2021-04-18 09:00:00
2021-04-18 10:00:00+00:00,19.7005,61.6854,11.2,2335.7342122619502,6.64432051628125,0.013799742610738,0.102220315635096,6.64432051628125,0.15333047345264397,43.4436341449158,No (reported postion),cruise,2021-04-18 10:00:00
2021-04-18 11:00:00+00:00,19.784,61.8337,11.2,2335.7342122619502,6.64432051628125,0.013799742610738,0.102220315635096,6.64432051628125,0.15333047345264397,43.4436341449158,No (reported postion),cruise,2021-04-18 11:00:00
2021-04-18 12:00:00+00:00,19.885,62.0118,11.3,2396.0181347941902,6.81580651035545,0.014155905829199799,0.10485856169777599,6.81580651035545,0.157287842546664,44.564888721554894,No (reported postion),cruise,2021-04-18 12:00:00
2021-04-18 13:00:00+00:00,19.9889,62.1971,11.1,2276.51723370879,6.475869592607051,0.013449883000030001,0.09962876296318539,6.475869592607051,0.149443144444778,42.342224259353806,No (reported postion),cruise,2021-04-18 13:00:00
2021-04-18 14:00:00+00:00,20.0922,62.3767,11.0,2218.3576728491803,6.31042664049,0.0131062707148639,0.09708348677676931,6.31042664049,0.145625230165154,41.260481880127,No (reported postion),cruise,2021-04-18 14:00:00
2021-04-18 15:00:00+00:00,20.1916,62.5479,11.1,2276.51723370879,6.475869592607051,0.013449883000030001,0.09962876296318539,6.475869592607051,0.149443144444778,42.342224259353806,No (reported postion),cruise,2021-04-18 15:00:00
2021-04-18 16:00:00+00:00,20.2947,62.7255,11.1,2276.51723370879,6.475869592607051,0.013449883000030001,0.09962876296318539,6.475869592607051,0.149443144444778,42.342224259353806,No (reported postion),cruise,2021-04-18 16:00:00
2021-04-18 17:00:00+00:00,20.3924,62.8969,11.0,2218.3576728491803,6.31042664049,0.0131062707148639,0.09708348677676931,6.31042664049,0.145625230165154,41.260481880127,No (reported postion),cruise,2021-04-18 17:00:00
2021-04-18 18:00:00+00:00,20.4951,63.0723,10.9,2161.2460033976,6.14796456108725,0.012768849473027399,0.0945840701705731,6.14796456108725,0.14187610525586,40.1982298224936,No (reported postion),cruise,2021-04-18 18:00:00
2021-04-18 19:00:00+00:00,20.7455833333,63.1971533333,8.4,1005.23960739375,2.85954374094502,0.0059390523850396506,0.0439929806299233,2.85954374094502,0.065989470944885,18.6970167677174,No (reported postion),cruise,2021-04-18 19:00:00
2021-04-18 20:00:00+00:00,21.1205716667,63.1348066667,12.6,2725.091,7.7519,0.016100100000000003,0.11926,7.7519,0.17889,50.6855,No (reported postion),cruise,2021-04-18 20:00:00
2021-04-18 21:00:00+00:00,21.4561716667,63.09971,7.5,745.8044750149099,2.12154445846692,0.00440628464450822,0.0326391455148757,2.12154445846692,0.048958718272313594,13.8716368438222,No (reported postion),cruise,2021-04-18 21:00:00
2021-04-18 22:00:00+00:00,21.5553283333,63.084065,1.7,226.821290561774,0.829879374144345,0.00134008202301267,0.0111118501225826,0.722270257967868,0.017970643864025998,7.0192913344335,No (reported postion),anchor,2021-04-18 22:00:00
2021-04-18 23:00:00+00:00,21.5623583333,63.0829533333,0.0,219.36,0.624,0.001296,0.0096,0.624,0.0144,4.08,No (reported postion),anchor,2021-04-18 23:00:00
2021-04-19 00:00:00+00:00,21.562355,63.0829433333,0.0,219.36,0.624,0.001296,0.0096,0.624,0.0144,4.08,No (reported postion),anchor,2021-04-19 00:00:00
2021-04-19 01:00:00+00:00,21.5623216667,63.0829383333,0.0,219.36,0.624,0.001296,0.0096,0.624,0.0144,4.08,No (reported postion),anchor,2021-04-19 01:00:00
2021-04-19 02:00:00+00:00,21.562395,63.08293,0.0,219.36,0.624,0.001296,0.0096,0.624,0.0144,4.08,No (reported postion),anchor,2021-04-19 02:00:00
2021-04-19 03:00:00+00:00,21.562405,63.08294,0.0,219.36,0.624,0.001296,0.0096,0.624,0.0144,4.08,No (reported postion),anchor,2021-04-19 03:00:00
2021-04-19 04:00:00+00:00,21.5623566667,63.08295,0.0,219.36,0.624,0.001296,0.0096,0.624,0.0144,4.08,No (reported postion),anchor,2021-04-19 04:00:00
2021-04-19 05:00:00+00:00,21.562355,63.0829333333,0.0,219.36,0.624,0.001296,0.0096,0.624,0.0144,4.08,No (reported postion),anchor,2021-04-19 05:00:00
2021-04-19 06:00:00+00:00,21.56238,63.0829533333,0.0,219.36,0.624,0.001296,0.0096,0.624,0.0144,4.08,No (reported postion),anchor,2021-04-19 06:00:00
2021-04-19 07:00:00+00:00,21.56234,63.0829466667,0.0,219.36,0.624,0.001296,0.0096,0.624,0.0144,4.08,No (reported postion),anchor,2021-04-19 07:00:00
2021-04-19 08:00:00+00:00,21.562375,63.082945,0.0,219.36,0.624,0.001296,0.0096,0.624,0.0144,4.08,No (reported postion),anchor,2021-04-19 08:00:00
2021-04-19 09:00:00+00:00,21.5623733333,63.08293,0.0,219.36,0.624,0.001296,0.0096,0.624,0.0144,4.08,No (reported postion),anchor,2021-04-19 09:00:00
2021-04-19 10:00:00+00:00,21.5623583333,63.0829216667,0.0,219.36,0.624,0.001296,0.0096,0.624,0.0144,4.08,No (reported postion),anchor,2021-04-19 10:00:00
2021-04-19 11:00:00+00:00,21.5623066667,63.0829416667,0.0,219.36,0.624,0.001296,0.0096,0.624,0.0144,4.08,No (reported postion),anchor,2021-04-19 11:00:00
2021-04-19 12:00:00+00:00,21.5623033333,63.0829433333,0.0,219.36,0.624,0.001296,0.0096,0.624,0.0144,4.08,No (reported postion),anchor,2021-04-19 12:00:00
2021-04-19 13:00:00+00:00,21.5623366667,63.0829583333,0.0,219.36,0.624,0.001296,0.0096,0.624,0.0144,4.08,No (reported postion),anchor,2021-04-19 13:00:00
2021-04-19 14:00:00+00:00,21.56235,63.082935,0.0,219.36,0.624,0.001296,0.0096,0.624,0.0144,4.08,No (reported postion),anchor,2021-04-19 14:00:00
2021-04-19 15:00:00+00:00,21.4528166667,63.1001333333,11.6,2475.61653220237,7.04223521195421,0.014626180824828,0.10834208018391099,7.04223521195421,0.16251312027586598,46.0453840781622,No (reported postion),cruise,2021-04-19 15:00:00
2021-04-19 16:00:00+00:00,21.0711616667,63.1629283333,12.7,2725.091,7.7519,0.016100100000000003,0.11926,7.7519,0.17889,50.6855,No (reported postion),cruise,2021-04-19 16:00:00
2021-04-19 17:00:00+00:00,20.6773866667,63.1806083333,11.5,2414.83731185375,6.86934027441986,0.0142670913391797,0.10568215806799801,6.86934027441986,0.158523237101997,44.9149171788991,No (reported postion),cruise,2021-04-19 17:00:00
2021-04-19 18:00:00+00:00,20.5124783333,63.01184,11.6,2583.36682912065,7.348745903406679,0.0152627799532293,0.11305762928318,7.348745903406679,0.169586443924769,48.0494924453513,No (reported postion),cruise,2021-04-19 18:00:00
2021-04-19 19:00:00+00:00,20.39341,62.8254733333,11.6,2583.36682912065,7.348745903406679,0.0152627799532293,0.11305762928318,7.348745903406679,0.169586443924769,48.0494924453513,No (reported postion),cruise,2021-04-19 19:00:00
2021-04-19 20:00:00+00:00,20.2646,62.6263,11.2,2335.7342122619502,6.64432051628125,0.013799742610738,0.102220315635096,6.64432051628125,0.15333047345264397,43.4436341449158,No (reported postion),cruise,2021-04-19 20:00:00
2021-04-19 21:00:00+00:00,20.1501,62.4463,10.8,2105.17269906851,5.9884562555559295,0.0124375629923085,0.092130096239322,5.9884562555559295,0.13819514435898297,39.1552909017119,No (reported postion),cruise,2021-04-19 21:00:00
2021-04-19 22:00:00+00:00,20.0496,62.2867,10.7,2050.12823357639,5.8318746250531905,0.0121123549904951,0.0897211480777414,5.8318746250531905,0.134581722116612,38.1314879330401,No (reported postion),cruise,2021-04-19 22:00:00
2021-04-19 23:00:00+00:00,19.9536,62.1192,10.6,1996.1030806357198,5.67819257073617,0.011793169185375102,0.0873568087805564,5.67819257073617,0.131035213170835,37.1266437317365,No (reported postion),cruise,2021-04-19 23:00:00
2021-04-20 00:00:00+00:00,19.8434,61.944,10.5,1943.08771396095,5.5273829937620205,0.011479949294736499,0.0850366614424925,5.5273829937620205,0.127554992163739,36.1405811130593,No (reported postion),cruise,2021-04-20 00:00:00
2021-04-20 01:00:00+00:00,19.7315,61.7812,10.7,2050.12823357639,5.8318746250531905,0.0121123549904951,0.0897211480777414,5.8318746250531905,0.134581722116612,38.1314879330401,No (reported postion),cruise,2021-04-20 01:00:00
2021-04-20 02:00:00+00:00,19.6323,61.6078,10.7,2050.12823357639,5.8318746250531905,0.0121123549904951,0.0897211480777414,5.8318746250531905,0.134581722116612,38.1314879330401,No (reported postion),cruise,2021-04-20 02:00:00
2021-04-20 03:00:00+00:00,19.5103,61.4389,10.9,2161.2460033976,6.14796456108725,0.012768849473027399,0.0945840701705731,6.14796456108725,0.14187610525586,40.1982298224936,No (reported postion),cruise,2021-04-20 03:00:00
2021-04-20 04:00:00+00:00,19.4028,61.2666,10.6,1996.1030806357198,5.67819257073617,0.011793169185375102,0.0873568087805564,5.67819257073617,0.131035213170835,37.1266437317365,No (reported postion),cruise,2021-04-20 04:00:00
2021-04-20 05:00:00+00:00,19.2994,61.0878,10.8,2105.17269906851,5.9884562555559295,0.0124375629923085,0.092130096239322,5.9884562555559295,0.13819514435898297,39.1552909017119,No (reported postion),cruise,2021-04-20 05:00:00
2021-04-20 06:00:00+00:00,19.2005,60.9179,10.9,2161.2460033976,6.14796456108725,0.012768849473027399,0.0945840701705731,6.14796456108725,0.14187610525586,40.1982298224936,No (reported postion),cruise,2021-04-20 06:00:00
2021-04-20 07:00:00+00:00,19.1075,60.7497,10.8,2105.17269906851,5.9884562555559295,0.0124375629923085,0.092130096239322,5.9884562555559295,0.13819514435898297,39.1552909017119,No (reported postion),cruise,2021-04-20 07:00:00
2021-04-20 08:00:00+00:00,19.0159,60.5756,9.5,1466.37650902259,4.17131173244937,0.008663493598164089,0.0641740266530673,4.17131173244937,0.0962610399796009,27.2739613275536,No (reported postion),cruise,2021-04-20 08:00:00
2021-04-20 09:00:00+00:00,18.9772516667,60.4285716667,9.7,1554.1739318724901,4.4210637011689995,0.00918220922550484,0.06801636463336919,4.4210637011689995,0.102024546950054,28.9069549691819,No (reported postion),cruise,2021-04-20 09:00:00
2021-04-20 10:00:00+00:00,18.9995333333,60.27277,9.6,1509.8179587422198,4.29488697235204,0.00892014986565423,0.06607518419003139,4.29488697235204,0.09911277628504711,28.0819532807633,No (reported postion),cruise,2021-04-20 10:00:00
2021-04-20 11:00:00+00:00,19.0778983333,60.1306716667,9.2,1341.4440374722599,3.8159239577985598,0.007925380527735471,0.058706522427670105,3.8159239577985598,0.08805978364150521,24.9502720317598,No (reported postion),cruise,2021-04-20 11:00:00
2021-04-20 12:00:00+00:00,19.2823983333,60.0067266667,9.7,1554.1739318724901,4.4210637011689995,0.00918220922550484,0.06801636463336919,4.4210637011689995,0.102024546950054,28.9069549691819,No (reported postion),cruise,2021-04-20 12:00:00
2021-04-20 13:00:00+00:00,19.4796466667,59.8874083333,9.1,1301.5654185399198,3.70248368512449,0.00768977380756624,0.0569612874634537,3.70248368512449,0.0854419311951805,24.208547171967798,No (reported postion),cruise,2021-04-20 13:00:00
2021-04-20 14:00:00+00:00,19.682115,59.7759833333,9.0,1262.55369159057,3.59150940715042,0.00745928876869703,0.0552539908792373,3.59150940715042,0.0828809863188559,23.4829461236758,No (reported postion),cruise,2021-04-20 14:00:00
2021-04-20 15:00:00+00:00,19.8745416667,59.662475,8.9,1224.3993303386999,3.48297402503351,0.00723386912891575,0.0535842157697463,3.48297402503351,0.0803763236546194,22.7732917021422,No (reported postion),cruise,2021-04-20 15:00:00
2021-04-20 16:00:00+00:00,19.937925,59.5212116667,11.0,2218.3576728491803,6.31042664049,0.0131062707148639,0.09708348677676931,6.31042664049,0.145625230165154,41.260481880127,No (reported postion),cruise,2021-04-20 16:00:00
2021-04-20 17:00:00+00:00,19.7617,59.3518,11.2,2335.7342122619502,6.64432051628125,0.013799742610738,0.102220315635096,6.64432051628125,0.15333047345264397,43.4436341449158,No (reported postion),cruise,2021-04-20 17:00:00
2021-04-20 18:00:00+00:00,19.541534583325,59.157791666675,11.175,2725.091,7.7519,0.016100100000000003,0.11926,7.7519,0.17889,50.6855,Linear (small gap),cruise,2021-04-20 18:00:00
2021-04-20 19:00:00+00:00,19.32136916665,58.96378333335,11.15,2725.091,7.7519,0.016100100000000003,0.11926,7.7519,0.17889,50.6855,Linear (small gap),cruise,2021-04-20 19:00:00
2021-04-20 20:00:00+00:00,19.101203749975,58.769775000025,11.125,2725.091,7.7519,0.016100100000000003,0.11926,7.7519,0.17889,50.6855,Linear (small gap),cruise,2021-04-20 20:00:00
2021-04-20 21:00:00+00:00,18.8810383333,58.5757666667,11.1,2276.51723370879,6.475869592607051,0.013449883000030001,0.09962876296318539,6.475869592607051,0.149443144444778,42.342224259353806,No (reported postion),cruise,2021-04-20 21:00:00
2021-04-20 22:00:00+00:00,18.8643,58.56113,11.1,2276.51723370879,6.475869592607051,0.013449883000030001,0.09962876296318539,6.475869592607051,0.149443144444778,42.342224259353806,No (reported postion),cruise,2021-04-20 22:00:00
2021-04-20 23:00:00+00:00,18.5572683333,58.2786683333,11.4,2457.37852759103,6.99035467367252,0.0145184289376275,0.1075439180565,6.99035467367252,0.16131587708475,45.706165174012604,No (reported postion),cruise,2021-04-20 23:00:00
2021-04-21 00:00:00+00:00,18.3714883333,58.1129166667,11.2,2335.7342122619502,6.64432051628125,0.013799742610738,0.102220315635096,6.64432051628125,0.15333047345264397,43.4436341449158,No (reported postion),cruise,2021-04-21 00:00:00
2021-04-21 01:00:00+00:00,18.3301266667,58.0758116667,11.1,2276.51723370879,6.475869592607051,0.013449883000030001,0.09962876296318539,6.475869592607051,0.149443144444778,42.342224259353806,No (reported postion),cruise,2021-04-21 01:00:00
2021-04-21 02:00:00+00:00,18.1489466667,57.9119533333,11.1,2276.51723370879,6.475869592607051,0.013449883000030001,0.09962876296318539,6.475869592607051,0.149443144444778,42.342224259353806,No (reported postion),cruise,2021-04-21 02:00:00
2021-04-21 03:00:00+00:00,17.895675,57.6782016667,11.0,2218.3576728491803,6.31042664049,0.0131062707148639,0.09708348677676931,6.31042664049,0.145625230165154,41.260481880127,No (reported postion),cruise,2021-04-21 03:00:00
2021-04-21 04:00:00+00:00,17.79752,57.5967533333,11.1,2276.51723370879,6.475869592607051,0.013449883000030001,0.09962876296318539,6.475869592607051,0.149443144444778,42.342224259353806,No (reported postion),cruise,2021-04-21 04:00:00
2021-04-21 05:00:00+00:00,17.633155,57.4324966667,11.1,2276.51723370879,6.475869592607051,0.013449883000030001,0.09962876296318539,6.475869592607051,0.149443144444778,42.342224259353806,No (reported postion),cruise,2021-04-21 05:00:00
2021-04-21 06:00:00+00:00,17.50549,57.2609983333,11.1,2276.51723370879,6.475869592607051,0.013449883000030001,0.09962876296318539,6.475869592607051,0.149443144444778,42.342224259353806,No (reported postion),cruise,2021-04-21 06:00:00
2021-04-21 07:00:00+00:00,17.3928283333,57.0865383333,11.1,2276.51723370879,6.475869592607051,0.013449883000030001,0.09962876296318539,6.475869592607051,0.149443144444778,42.342224259353806,No (reported postion),cruise,2021-04-21 07:00:00
2021-04-21 08:00:00+00:00,17.277385,56.9088783333,11.5,2519.82491693801,7.16799210507531,0.014887368218233301,0.11027680161654299,7.16799210507531,0.165415202424815,46.8676406870309,No (reported postion),cruise,2021-04-21 08:00:00
2021-04-21 09:00:00+00:00,17.1581733333,56.730815,11.2,2335.7342122619502,6.64432051628125,0.013799742610738,0.102220315635096,6.64432051628125,0.15333047345264397,43.4436341449158,No (reported postion),cruise,2021-04-21 09:00:00
2021-04-21 10:00:00+00:00,17.0232875,56.53664916665,10.95,2725.091,7.7519,0.016100100000000003,0.11926,7.7519,0.17889,50.6855,Linear (small gap),cruise,2021-04-21 10:00:00
2021-04-21 11:00:00+00:00,16.8884016667,56.3424833333,10.7,2050.12823357639,5.8318746250531905,0.0121123549904951,0.0897211480777414,5.8318746250531905,0.134581722116612,38.1314879330401,No (reported postion),cruise,2021-04-21 11:00:00
2021-04-21 12:00:00+00:00,16.8017333333,56.2140283333,10.6,1996.1030806357198,5.67819257073617,0.011793169185375102,0.0873568087805564,5.67819257073617,0.131035213170835,37.1266437317365,No (reported postion),cruise,2021-04-21 12:00:00
2021-04-21 13:00:00+00:00,16.5760566667,56.0940783333,11.2,2335.7342122619502,6.64432051628125,0.013799742610738,0.102220315635096,6.64432051628125,0.15333047345264397,43.4436341449158,No (reported postion),cruise,2021-04-21 13:00:00
2021-04-21 14:00:00+00:00,16.2968083333,55.99674,11.0,2218.3576728491803,6.31042664049,0.0131062707148639,0.09708348677676931,6.31042664049,0.145625230165154,41.260481880127,No (reported postion),cruise,2021-04-21 14:00:00
2021-04-21 15:00:00+00:00,16.0136966667,55.9008066667,11.2,2335.7342122619502,6.64432051628125,0.013799742610738,0.102220315635096,6.64432051628125,0.15333047345264397,43.4436341449158,No (reported postion),cruise,2021-04-21 15:00:00
2021-04-21 16:00:00+00:00,15.73935,55.8116416667,10.1,1740.9335842105,4.95232748243688,0.0102856032327535,0.07618965357595209,4.95232748243688,0.11428448036392799,32.3806027697796,No (reported postion),cruise,2021-04-21 16:00:00
2021-04-21 17:00:00+00:00,15.47887,55.725095,10.1,1740.9335842105,4.95232748243688,0.0102856032327535,0.07618965357595209,4.95232748243688,0.11428448036392799,32.3806027697796,No (reported postion),cruise,2021-04-21 17:00:00
2021-04-21 18:00:00+00:00,15.22116,55.6413833333,9.9,1645.6675535070501,4.68133002091722,0.00972276235113576,0.0720204618602648,4.68133002091722,0.108030692790397,30.6086962906126,No (reported postion),cruise,2021-04-21 18:00:00
2021-04-21 19:00:00+00:00,14.9598133333,55.5659,9.8,1599.45395469892,4.5498690177431,0.009449727959927991,0.0699979848883554,4.5498690177431,0.104996977332533,29.749143577551102,No (reported postion),cruise,2021-04-21 19:00:00
2021-04-21 20:00:00+00:00,14.700705,55.4894,9.6,1509.8179587422198,4.29488697235204,0.00892014986565423,0.06607518419003139,4.29488697235204,0.09911277628504711,28.0819532807633,No (reported postion),cruise,2021-04-21 20:00:00
2021-04-21 21:00:00+00:00,14.4809066667,55.3814083333,10.1,1740.9335842105,4.95232748243688,0.0102856032327535,0.07618965357595209,4.95232748243688,0.11428448036392799,32.3806027697796,No (reported postion),cruise,2021-04-21 21:00:00
2021-04-21 22:00:00+00:00,14.2996333333,55.247925,9.9,1645.6675535070501,4.68133002091722,0.00972276235113576,0.0720204618602648,4.68133002091722,0.108030692790397,30.6086962906126,No (reported postion),cruise,2021-04-21 22:00:00
2021-04-21 23:00:00+00:00,14.0363883333,55.2186183333,9.7,1554.1739318724901,4.4210637011689995,0.00918220922550484,0.06801636463336919,4.4210637011689995,0.102024546950054,28.9069549691819,No (reported postion),cruise,2021-04-21 23:00:00
2021-04-22 00:00:00+00:00,13.7497633333,55.2263083333,10.4,1891.07260726658,5.3794187952878705,0.0111726390363671,0.08276028915827491,5.3794187952878705,0.124140433737412,35.173122892266804,No (reported postion),cruise,2021-04-22 00:00:00
2021-04-22 01:00:00+00:00,13.46757,55.2352,9.4,1423.84005642807,4.05031088261814,0.0084121841408223,0.0623124751172022,4.05031088261814,0.0934687126758033,26.4828019248109,No (reported postion),cruise,2021-04-22 01:00:00
2021-04-22 02:00:00+00:00,13.1836616667,55.245,9.9,1645.6675535070501,4.68133002091722,0.00972276235113576,0.0720204618602648,4.68133002091722,0.108030692790397,30.6086962906126,No (reported postion),cruise,2021-04-22 02:00:00
2021-04-22 03:00:00+00:00,12.8977233333,55.2580083333,9.4,1423.84005642807,4.05031088261814,0.0084121841408223,0.0623124751172022,4.05031088261814,0.0934687126758033,26.4828019248109,No (reported postion),cruise,2021-04-22 03:00:00
2021-04-22 04:00:00+00:00,12.6620183333,55.329615,9.7,1554.1739318724901,4.4210637011689995,0.00918220922550484,0.06801636463336919,4.4210637011689995,0.102024546950054,28.9069549691819,No (reported postion),cruise,2021-04-22 04:00:00
2021-04-22 05:00:00+00:00,12.7133633333,55.4928016667,8.4,1005.23960739375,2.85954374094502,0.0059390523850396506,0.0439929806299233,2.85954374094502,0.065989470944885,18.6970167677174,No (reported postion),cruise,2021-04-22 05:00:00
2021-04-22 06:00:00+00:00,12.6962716667,55.6218633333,7.4,720.516881051122,2.04961038373404,0.0042568831046784,0.0315324674420622,2.04961038373404,0.0472987011630933,13.4012986628764,No (reported postion),cruise,2021-04-22 06:00:00
2021-04-22 07:00:00+00:00,12.70238,55.7766433333,10.1,1669.81081967961,4.750008896243981,0.00986540309219903,0.073077059942215,4.750008896243981,0.109615589913323,31.0577504754414,No (reported postion),cruise,2021-04-22 07:00:00
2021-04-22 08:00:00+00:00,12.727825,55.9405183333,10.4,1813.42205912456,5.1585310215797,0.0107138721217425,0.07936201571661079,5.1585310215797,0.119043023574916,33.7288566795596,No (reported postion),cruise,2021-04-22 08:00:00
2021-04-22 09:00:00+00:00,12.6301766667,56.06988,7.9,853.880046262225,2.4289804379450604,0.00504480552496282,0.037368929814539396,2.4289804379450604,0.0560533947218091,15.8817951711792,No (reported postion),cruise,2021-04-22 09:00:00
2021-04-22 10:00:00+00:00,12.4346783333,56.186145,10.6,1913.88599017329,5.44431463287808,0.011307422699054501,0.0837586866596627,5.44431463287808,0.125638029989494,35.5974418303567,No (reported postion),cruise,2021-04-22 10:00:00
2021-04-22 11:00:00+00:00,12.3442483333,56.3617766667,11.4,2355.10598291316,6.6994262095998005,0.013914192896861102,0.10306809553230499,6.6994262095998005,0.154602143298457,43.8039406012295,No (reported postion),cruise,2021-04-22 11:00:00
2021-04-22 12:00:00+00:00,12.2720066667,56.5451316667,11.2,2335.7342122619502,6.64432051628125,0.013799742610738,0.102220315635096,6.64432051628125,0.15333047345264397,43.4436341449158,No (reported postion),cruise,2021-04-22 12:00:00
2021-04-22 13:00:00+00:00,12.1979966667,56.7275783333,11.3,2396.0181347941902,6.81580651035545,0.014155905829199799,0.10485856169777599,6.81580651035545,0.157287842546664,44.564888721554894,No (reported postion),cruise,2021-04-22 13:00:00
2021-04-22 14:00:00+00:00,12.11999,56.909315,10.9,2161.2460033976,6.14796456108725,0.012768849473027399,0.0945840701705731,6.14796456108725,0.14187610525586,40.1982298224936,No (reported postion),cruise,2021-04-22 14:00:00
2021-04-22 15:00:00+00:00,12.0079166667,57.0756316667,10.7,2050.12823357639,5.8318746250531905,0.0121123549904951,0.0897211480777414,5.8318746250531905,0.134581722116612,38.1314879330401,No (reported postion),cruise,2021-04-22 15:00:00
2021-04-22 16:00:00+00:00,11.876585,57.2457766667,11.0,2218.3576728491803,6.31042664049,0.0131062707148639,0.09708348677676931,6.31042664049,0.145625230165154,41.260481880127,No (reported postion),cruise,2021-04-22 16:00:00
2021-04-22 17:00:00+00:00,11.7197166667,57.412335,11.6,2583.36682912065,7.348745903406679,0.0152627799532293,0.11305762928318,7.348745903406679,0.169586443924769,48.0494924453513,No (reported postion),cruise,2021-04-22 17:00:00
2021-04-22 18:00:00+00:00,11.6620566667,57.560305,0.8,220.13756579841802,0.645455371374294,0.00130059393360116,0.0097575549079508,0.634241069016802,0.0147721086216937,4.386313283783831,No (reported postion),anchor,2021-04-22 18:00:00
2021-04-22 19:00:00+00:00,11.6646733333,57.5610116667,0.1,219.36151868320002,0.624041905022215,0.00129600897252656,0.00960030772442959,0.624020002087923,0.0144007267746517,4.08059826813239,No (reported postion),anchor,2021-04-22 19:00:00
2021-04-22 20:00:00+00:00,11.6645916667,57.56068,0.0,219.36,0.624,0.001296,0.0096,0.624,0.0144,4.08,No (reported postion),anchor,2021-04-22 20:00:00
2021-04-22 21:00:00+00:00,11.664245,57.5607383333,0.2,219.3721494656,0.624335240177723,0.0012960717802125198,0.00960246179543673,0.624160016703388,0.014405814197214,4.08478614505912,No (reported postion),anchor,2021-04-22 21:00:00
2021-04-22 22:00:00+00:00,11.6606516667,57.559755,0.0,219.36,0.624,0.001296,0.0096,0.624,0.0144,4.08,No (reported postion),anchor,2021-04-22 22:00:00
2021-04-22 23:00:00+00:00,11.6610083333,57.559625,0.0,219.36,0.624,0.001296,0.0096,0.624,0.0144,4.08,No (reported postion),anchor,2021-04-22 23:00:00
2021-04-23 00:00:00+00:00,11.6611466667,57.5596683333,0.0,219.36,0.624,0.001296,0.0096,0.624,0.0144,4.08,No (reported postion),anchor,2021-04-23 00:00:00
2021-04-23 01:00:00+00:00,11.6614333333,57.55953,0.0,219.36,0.624,0.001296,0.0096,0.624,0.0144,4.08,No (reported postion),anchor,2021-04-23 01:00:00
2021-04-23 02:00:00+00:00,11.6621466667,57.5594916667,0.2,219.3721494656,0.624335240177723,0.0012960717802125198,0.00960246179543673,0.624160016703388,0.014405814197214,4.08478614505912,No (reported postion),anchor,2021-04-23 02:00:00
2021-04-23 03:00:00+00:00,11.6619133333,57.5594783333,0.0,219.36,0.624,0.001296,0.0096,0.624,0.0144,4.08,No (reported postion),anchor,2021-04-23 03:00:00
2021-04-23 04:00:00+00:00,11.6621466667,57.5594916667,0.0,219.36,0.624,0.001296,0.0096,0.624,0.0144,4.08,No (reported postion),anchor,2021-04-23 04:00:00
2021-04-23 05:00:00+00:00,11.66242,57.55953,0.0,219.36,0.624,0.001296,0.0096,0.624,0.0144,4.08,No (reported postion),anchor,2021-04-23 05:00:00
2021-04-23 06:00:00+00:00,11.6623783333,57.559535,0.1,219.36151868320002,0.624041905022215,0.00129600897252656,0.00960030772442959,0.624020002087923,0.0144007267746517,4.08059826813239,No (reported postion),anchor,2021-04-23 06:00:00
2021-04-23 07:00:00+00:00,11.6625,57.5595,0.2,219.3721494656,0.624335240177723,0.0012960717802125198,0.00960246179543673,0.624160016703388,0.014405814197214,4.08478614505912,No (reported postion),anchor,2021-04-23 07:00:00
2021-04-23 08:00:00+00:00,11.663155,57.5596433333,0.0,219.36,0.624,0.001296,0.0096,0.624,0.0144,4.08,No (reported postion),anchor,2021-04-23 08:00:00
2021-04-23 09:00:00+00:00,11.6633083333,57.55969,0.0,219.36,0.624,0.001296,0.0096,0.624,0.0144,4.08,No (reported postion),anchor,2021-04-23 09:00:00
2021-04-23 10:00:00+00:00,11.66297,57.5595866667,0.0,219.36,0.624,0.001296,0.0096,0.624,0.0144,4.08,No (reported postion),anchor,2021-04-23 10:00:00
2021-04-23 11:00:00+00:00,11.6632016667,57.5596533333,0.0,219.36,0.624,0.001296,0.0096,0.624,0.0144,4.08,No (reported postion),anchor,2021-04-23 11:00:00
2021-04-23 12:00:00+00:00,11.6608,57.5605,0.5,219.54983540000399,0.6292381277769269,0.0012971215658205998,0.009638465553698931,0.62650026099043,0.0144908468314682,4.1547835165487905,No (reported postion),anchor,2021-04-23 12:00:00
2021-04-23 13:00:00+00:00,11.7516166667,57.6561716667,13.3,2725.091,7.7519,0.016100100000000003,0.11926,7.7519,0.17889,50.6855,No (reported postion),cruise,2021-04-23 13:00:00
2021-04-23 14:00:00+00:00,11.8733566667,57.6904966667,0.0,219.36,0.624,0.001296,0.0096,0.624,0.0144,4.08,No (reported postion),anchor,2021-04-23 14:00:00
2021-04-23 15:00:00+00:00,11.87338,57.6904766667,0.0,219.36,0.624,0.001296,0.0096,0.624,0.0144,4.08,No (reported postion),anchor,2021-04-23 15:00:00
2021-04-23 16:00:00+00:00,11.8733483333,57.6904633333,0.0,219.36,0.624,0.001296,0.0096,0.624,0.0144,4.08,No (reported postion),anchor,2021-04-23 16:00:00
2021-04-23 17:00:00+00:00,11.8733466667,57.6904616667,0.0,219.36,0.624,0.001296,0.0096,0.624,0.0144,4.08,No (reported postion),anchor,2021-04-23 17:00:00
2021-04-23 18:00:00+00:00,11.8733433333,57.6904683333,0.0,219.36,0.624,0.001296,0.0096,0.624,0.0144,4.08,No (reported postion),anchor,2021-04-23 18:00:00
2021-04-23 19:00:00+00:00,11.8733583333,57.6905083333,0.0,219.36,0.624,0.001296,0.0096,0.624,0.0144,4.08,No (reported postion),anchor,2021-04-23 19:00:00
2021-04-23 20:00:00+00:00,11.873375,57.69046,0.0,219.36,0.624,0.001296,0.0096,0.624,0.0144,4.08,No (reported postion),anchor,2021-04-23 20:00:00
2021-04-23 21:00:00+00:00,11.8733533333,57.6904683333,0.0,219.36,0.624,0.001296,0.0096,0.624,0.0144,4.08,No (reported postion),anchor,2021-04-23 21:00:00
2021-04-23 22:00:00+00:00,11.873335,57.6904933333,0.0,219.36,0.624,0.001296,0.0096,0.624,0.0144,4.08,No (reported postion),anchor,2021-04-23 22:00:00
2021-04-23 23:00:00+00:00,11.873375,57.6904683333,0.0,219.36,0.624,0.001296,0.0096,0.624,0.0144,4.08,No (reported postion),anchor,2021-04-23 23:00:00
2021-04-24 00:00:00+00:00,11.8733466667,57.690525,0.0,219.36,0.624,0.001296,0.0096,0.624,0.0144,4.08,No (reported postion),anchor,2021-04-24 00:00:00
2021-04-24 01:00:00+00:00,11.8733916667,57.690495,0.0,219.36,0.624,0.001296,0.0096,0.624,0.0144,4.08,No (reported postion),anchor,2021-04-24 01:00:00
2021-04-24 02:00:00+00:00,11.87334,57.6904733333,0.0,219.36,0.624,0.001296,0.0096,0.624,0.0144,4.08,No (reported postion),anchor,2021-04-24 02:00:00
2021-04-24 03:00:00+00:00,11.8733383333,57.6904666667,0.0,219.36,0.624,0.001296,0.0096,0.624,0.0144,4.08,No (reported postion),anchor,2021-04-24 03:00:00
2021-04-24 04:00:00+00:00,11.8733333333,57.6904866667,0.0,219.36,0.624,0.001296,0.0096,0.624,0.0144,4.08,No (reported postion),anchor,2021-04-24 04:00:00
2021-04-24 05:00:00+00:00,11.873395,57.6905,0.0,219.36,0.624,0.001296,0.0096,0.624,0.0144,4.08,No (reported postion),anchor,2021-04-24 05:00:00
2021-04-24 06:00:00+00:00,11.8733416667,57.6904633333,0.0,219.36,0.624,0.001296,0.0096,0.624,0.0144,4.08,No (reported postion),anchor,2021-04-24 06:00:00
2021-04-24 07:00:00+00:00,11.8733566667,57.6904883333,0.0,219.36,0.624,0.001296,0.0096,0.624,0.0144,4.08,No (reported postion),anchor,2021-04-24 07:00:00
2021-04-24 08:00:00+00:00,11.8733833333,57.6904616667,0.0,219.36,0.624,0.001296,0.0096,0.624,0.0144,4.08,No (reported postion),anchor,2021-04-24 08:00:00
2021-04-24 09:00:00+00:00,11.87337,57.6904816667,0.0,219.36,0.624,0.001296,0.0096,0.624,0.0144,4.08,No (reported postion),anchor,2021-04-24 09:00:00
2021-04-24 10:00:00+00:00,11.87336,57.6905033333,0.0,219.36,0.624,0.001296,0.0096,0.624,0.0144,4.08,No (reported postion),anchor,2021-04-24 10:00:00
2021-04-24 11:00:00+00:00,11.873385,57.6904966667,0.0,219.36,0.624,0.001296,0.0096,0.624,0.0144,4.08,No (reported postion),anchor,2021-04-24 11:00:00
2021-04-24 12:00:00+00:00,11.87333,57.6904866667,0.0,219.36,0.624,0.001296,0.0096,0.624,0.0144,4.08,No (reported postion),anchor,2021-04-24 12:00:00
2021-04-24 13:00:00+00:00,11.87332,57.6905,0.0,219.36,0.624,0.001296,0.0096,0.624,0.0144,4.08,No (reported postion),anchor,2021-04-24 13:00:00
2021-04-24 14:00:00+00:00,11.873315,57.69051,0.0,219.36,0.624,0.001296,0.0096,0.624,0.0144,4.08,No (reported postion),anchor,2021-04-24 14:00:00
2021-04-24 15:00:00+00:00,11.8783316667,57.6900233333,0.0,219.36,0.624,0.001296,0.0096,0.624,0.0144,4.08,No (reported postion),anchor,2021-04-24 15:00:00
2021-04-24 16:00:00+00:00,11.87839,57.6900316667,0.0,219.36,0.624,0.001296,0.0096,0.624,0.0144,4.08,No (reported postion),anchor,2021-04-24 16:00:00
2021-04-24 17:00:00+00:00,11.8783416667,57.6899916667,0.0,219.36,0.624,0.001296,0.0096,0.624,0.0144,4.08,No (reported postion),anchor,2021-04-24 17:00:00
2021-04-24 18:00:00+00:00,11.878365,57.6900133333,0.0,219.36,0.624,0.001296,0.0096,0.624,0.0144,4.08,No (reported postion),anchor,2021-04-24 18:00:00
2021-04-24 19:00:00+00:00,11.8783116667,57.690005,0.0,219.36,0.624,0.001296,0.0096,0.624,0.0144,4.08,No (reported postion),anchor,2021-04-24 19:00:00
2021-04-24 20:00:00+00:00,11.878415,57.6900366667,0.0,219.36,0.624,0.001296,0.0096,0.624,0.0144,4.08,No (reported postion),anchor,2021-04-24 20:00:00
2021-04-24 21:00:00+00:00,11.8783433333,57.6900083333,0.0,219.36,0.624,0.001296,0.0096,0.624,0.0144,4.08,No (reported postion),anchor,2021-04-24 21:00:00
2021-04-24 22:00:00+00:00,11.878365,57.690035,0.0,219.36,0.624,0.001296,0.0096,0.624,0.0144,4.08,No (reported postion),anchor,2021-04-24 22:00:00
2021-04-24 23:00:00+00:00,11.8782966667,57.6900466667,0.0,219.36,0.624,0.001296,0.0096,0.624,0.0144,4.08,No (reported postion),anchor,2021-04-24 23:00:00
2021-04-25 00:00:00+00:00,11.8783766667,57.689995,0.0,219.36,0.624,0.001296,0.0096,0.624,0.0144,4.08,No (reported postion),anchor,2021-04-25 00:00:00
2021-04-25 01:00:00+00:00,11.8783816667,57.6899866667,0.0,219.36,0.624,0.001296,0.0096,0.624,0.0144,4.08,No (reported postion),anchor,2021-04-25 01:00:00
2021-04-25 02:00:00+00:00,11.8783033333,57.6900383333,0.0,219.36,0.624,0.001296,0.0096,0.624,0.0144,4.08,No (reported postion),anchor,2021-04-25 02:00:00
2021-04-25 03:00:00+00:00,11.8783533333,57.6900016667,0.0,219.36,0.624,0.001296,0.0096,0.624,0.0144,4.08,No (reported postion),anchor,2021-04-25 03:00:00
2021-04-25 04:00:00+00:00,11.8783766667,57.6900383333,0.0,219.36,0.624,0.001296,0.0096,0.624,0.0144,4.08,No (reported postion),anchor,2021-04-25 04:00:00
2021-04-25 05:00:00+00:00,11.87832,57.6900333333,0.0,219.36,0.624,0.001296,0.0096,0.624,0.0144,4.08,No (reported postion),anchor,2021-04-25 05:00:00
2021-04-25 06:00:00+00:00,11.66594,57.614705,12.8,2725.091,7.7519,0.016100100000000003,0.11926,7.7519,0.17889,50.6855,No (reported postion),cruise,2021-04-25 06:00:00
2021-04-25 07:00:00+00:00,11.59817,57.41369,12.2,2725.091,7.7519,0.016100100000000003,0.11926,7.7519,0.17889,50.6855,No (reported postion),cruise,2021-04-25 07:00:00
2021-04-25 08:00:00+00:00,11.5760816667,57.2147116667,11.3,2396.0181347941902,6.81580651035545,0.014155905829199799,0.10485856169777599,6.81580651035545,0.157287842546664,44.564888721554894,No (reported postion),cruise,2021-04-25 08:00:00
2021-04-25 09:00:00+00:00,11.6566466667,57.03648,10.8,2105.17269906851,5.9884562555559295,0.0124375629923085,0.092130096239322,5.9884562555559295,0.13819514435898297,39.1552909017119,No (reported postion),cruise,2021-04-25 09:00:00
2021-04-25 10:00:00+00:00,11.774915,56.85643,12.2,2725.091,7.7519,0.016100100000000003,0.11926,7.7519,0.17889,50.6855,No (reported postion),cruise,2021-04-25 10:00:00
2021-04-25 11:00:00+00:00,11.80407,56.6749533333,12.5,2725.091,7.7519,0.016100100000000003,0.11926,7.7519,0.17889,50.6855,No (reported postion),cruise,2021-04-25 11:00:00
2021-04-25 12:00:00+00:00,11.61074,56.5122633333,11.3,2396.0181347941902,6.81580651035545,0.014155905829199799,0.10485856169777599,6.81580651035545,0.157287842546664,44.564888721554894,No (reported postion),cruise,2021-04-25 12:00:00
2021-04-25 13:00:00+00:00,11.4376916667,56.3558683333,10.7,2050.12823357639,5.8318746250531905,0.0121123549904951,0.0897211480777414,5.8318746250531905,0.134581722116612,38.1314879330401,No (reported postion),cruise,2021-04-25 13:00:00
2021-04-25 14:00:00+00:00,11.2789833333,56.1815166667,12.2,2725.091,7.7519,0.016100100000000003,0.11926,7.7519,0.17889,50.6855,No (reported postion),cruise,2021-04-25 14:00:00
2021-04-25 15:00:00+00:00,11.0653316667,56.0197683333,12.4,2725.091,7.7519,0.016100100000000003,0.11926,7.7519,0.17889,50.6855,No (reported postion),cruise,2021-04-25 15:00:00
2021-04-25 16:00:00+00:00,10.850135,55.8560133333,12.5,2725.091,7.7519,0.016100100000000003,0.11926,7.7519,0.17889,50.6855,No (reported postion),cruise,2021-04-25 16:00:00
2021-04-25 17:00:00+00:00,10.7710933333,55.6545483333,12.7,2725.091,7.7519,0.016100100000000003,0.11926,7.7519,0.17889,50.6855,No (reported postion),cruise,2021-04-25 17:00:00
2021-04-25 18:00:00+00:00,10.912905,55.4694316667,12.4,2725.091,7.7519,0.016100100000000003,0.11926,7.7519,0.17889,50.6855,No (reported postion),cruise,2021-04-25 18:00:00
2021-04-25 19:00:00+00:00,11.0507466667,55.2821133333,12.9,2725.091,7.7519,0.016100100000000003,0.11926,7.7519,0.17889,50.6855,No (reported postion),cruise,2021-04-25 19:00:00
2021-04-25 20:00:00+00:00,11.032245,55.0906016667,12.2,2725.091,7.7519,0.016100100000000003,0.11926,7.7519,0.17889,50.6855,No (reported postion),cruise,2021-04-25 20:00:00
2021-04-25 21:00:00+00:00,10.920085,54.9335816667,9.8,1534.48247840766,4.36504862566732,0.00906587022253981,0.06715459424103569,4.36504862566732,0.100731891361553,28.5407025524402,No (reported postion),cruise,2021-04-25 21:00:00
2021-04-25 22:00:00+00:00,10.8557666667,54.775965,10.1,1669.81081967961,4.750008896243981,0.00986540309219903,0.073077059942215,4.750008896243981,0.109615589913323,31.0577504754414,No (reported postion),cruise,2021-04-25 22:00:00
2021-04-25 23:00:00+00:00,10.9940716667,54.6469233333,10.5,1943.08771396095,5.5273829937620205,0.011479949294736499,0.0850366614424925,5.5273829937620205,0.127554992163739,36.1405811130593,No (reported postion),cruise,2021-04-25 23:00:00
2021-04-26 00:00:00+00:00,11.2581366667,54.5599483333,10.5,1863.17563944091,5.30006199403323,0.011007821064530599,0.081539415292819,5.30006199403323,0.12230912293922801,34.6542514994481,No (reported postion),cruise,2021-04-26 00:00:00
2021-04-26 01:00:00+00:00,11.5249516667,54.4793866667,10.4,1891.07260726658,5.3794187952878705,0.0111726390363671,0.08276028915827491,5.3794187952878705,0.124140433737412,35.173122892266804,No (reported postion),cruise,2021-04-26 01:00:00
2021-04-26 02:00:00+00:00,11.8028433333,54.4113233333,10.8,2105.17269906851,5.9884562555559295,0.0124375629923085,0.092130096239322,5.9884562555559295,0.13819514435898297,39.1552909017119,No (reported postion),cruise,2021-04-26 02:00:00
2021-04-26 03:00:00+00:00,12.1094633333,54.4099483333,10.7,2050.12823357639,5.8318746250531905,0.0121123549904951,0.0897211480777414,5.8318746250531905,0.134581722116612,38.1314879330401,No (reported postion),cruise,2021-04-26 03:00:00
2021-04-26 04:00:00+00:00,12.2895816667,54.5343866667,10.7,2050.12823357639,5.8318746250531905,0.0121123549904951,0.0897211480777414,5.8318746250531905,0.134581722116612,38.1314879330401,No (reported postion),cruise,2021-04-26 04:00:00
2021-04-26 05:00:00+00:00,12.4914716667,54.65871,10.4,1891.07260726658,5.3794187952878705,0.0111726390363671,0.08276028915827491,5.3794187952878705,0.124140433737412,35.173122892266804,No (reported postion),cruise,2021-04-26 05:00:00
2021-04-26 06:00:00+00:00,12.74522,54.75121,10.6,1996.1030806357198,5.67819257073617,0.011793169185375102,0.0873568087805564,5.67819257073617,0.131035213170835,37.1266437317365,No (reported postion),cruise,2021-04-26 06:00:00
2021-04-26 07:00:00+00:00,13.0046666667,54.7914266667,9.0,1262.55369159057,3.59150940715042,0.00745928876869703,0.0552539908792373,3.59150940715042,0.0828809863188559,23.4829461236758,No (reported postion),cruise,2021-04-26 07:00:00
2021-04-26 08:00:00+00:00,13.247065,54.8421016667,8.9,1224.3993303386999,3.48297402503351,0.00723386912891575,0.0535842157697463,3.48297402503351,0.0803763236546194,22.7732917021422,No (reported postion),cruise,2021-04-26 08:00:00
2021-04-26 09:00:00+00:00,13.5190966667,54.8923333333,8.2,980.52483312059,2.78923913141525,0.0057930351190932,0.042911371252542206,2.78923913141525,0.0643670568788134,18.2373327823305,No (reported postion),cruise,2021-04-26 09:00:00
2021-04-26 10:00:00+00:00,13.711415,54.9339383333,8.3,1012.94437048491,2.88146101013213,0.00598457286719749,0.044330169386648105,2.88146101013213,0.0664952540799721,18.8403219893254,No (reported postion),cruise,2021-04-26 10:00:00
2021-04-26 11:00:00+00:00,13.9471116667,54.97834,8.8,1187.09280849878,3.37685043993088,0.007013458606010299,0.0519515452297059,3.37685043993088,0.0779273178445589,22.079406722625002,No (reported postion),cruise,2021-04-26 11:00:00
2021-04-26 12:00:00+00:00,14.1623883333,55.0441133333,8.4,1046.15458954801,2.97593209280615,0.006180782038905089,0.0457835706585562,2.97593209280615,0.0686753559878343,19.4580175298864,No (reported postion),cruise,2021-04-26 12:00:00
2021-04-26 13:00:00+00:00,14.3160383333,55.153105,8.3,1012.94437048491,2.88146101013213,0.00598457286719749,0.044330169386648105,2.88146101013213,0.0664952540799721,18.8403219893254,No (reported postion),cruise,2021-04-26 13:00:00
2021-04-26 14:00:00+00:00,14.4712833333,55.2608716667,8.4,1046.15458954801,2.97593209280615,0.006180782038905089,0.0457835706585562,2.97593209280615,0.0686753559878343,19.4580175298864,No (reported postion),cruise,2021-04-26 14:00:00
2021-04-26 15:00:00+00:00,14.6185366667,55.367755,8.0,918.01969834619,2.6114345904815,0.0054237487648462,0.0401759167766385,2.6114345904815,0.060263875164957806,17.0747646300714,No (reported postion),cruise,2021-04-26 15:00:00
2021-04-26 16:00:00+00:00,14.8161183333,55.4464033333,8.5,1080.16501659542,3.07267947828018,0.0063817189164280695,0.047271991973541296,3.07267947828018,0.0709079879603119,20.090596588755,No (reported postion),cruise,2021-04-26 16:00:00
2021-04-26 17:00:00+00:00,15.0494566667,55.5177333333,11.3,2396.0181347941902,6.81580651035545,0.014155905829199799,0.10485856169777599,6.81580651035545,0.157287842546664,44.564888721554894,No (reported postion),cruise,2021-04-26 17:00:00
2021-04-26 18:00:00+00:00,15.3409383333,55.6119633333,11.4,2457.37852759103,6.99035467367252,0.0145184289376275,0.1075439180565,6.99035467367252,0.16131587708475,45.706165174012604,No (reported postion),cruise,2021-04-26 18:00:00
2021-04-26 19:00:00+00:00,15.6423716667,55.69642,11.3,2396.0181347941902,6.81580651035545,0.014155905829199799,0.10485856169777599,6.81580651035545,0.157287842546664,44.564888721554894,No (reported postion),cruise,2021-04-26 19:00:00
2021-04-26 20:00:00+00:00,15.92828,55.7893683333,10.9,2161.2460033976,6.14796456108725,0.012768849473027399,0.0945840701705731,6.14796456108725,0.14187610525586,40.1982298224936,No (reported postion),cruise,2021-04-26 20:00:00
2021-04-26 21:00:00+00:00,16.2061133333,55.8809216667,10.9,2161.2460033976,6.14796456108725,0.012768849473027399,0.0945840701705731,6.14796456108725,0.14187610525586,40.1982298224936,No (reported postion),cruise,2021-04-26 21:00:00
2021-04-26 22:00:00+00:00,16.48955,55.9721116667,10.9,2161.2460033976,6.14796456108725,0.012768849473027399,0.0945840701705731,6.14796456108725,0.14187610525586,40.1982298224936,No (reported postion),cruise,2021-04-26 22:00:00
2021-04-26 23:00:00+00:00,16.7575883333,56.0711166667,10.9,2161.2460033976,6.14796456108725,0.012768849473027399,0.0945840701705731,6.14796456108725,0.14187610525586,40.1982298224936,No (reported postion),cruise,2021-04-26 23:00:00
2021-04-27 00:00:00+00:00,16.9295866667,56.2219766667,11.0,2218.3576728491803,6.31042664049,0.0131062707148639,0.09708348677676931,6.31042664049,0.145625230165154,41.260481880127,No (reported postion),cruise,2021-04-27 00:00:00
2021-04-27 01:00:00+00:00,17.0541233333,56.39319,11.2,2335.7342122619502,6.64432051628125,0.013799742610738,0.102220315635096,6.64432051628125,0.15333047345264397,43.4436341449158,No (reported postion),cruise,2021-04-27 01:00:00
2021-04-27 02:00:00+00:00,17.1781166667,56.5659983333,11.0,2218.3576728491803,6.31042664049,0.0131062707148639,0.09708348677676931,6.31042664049,0.145625230165154,41.260481880127,No (reported postion),cruise,2021-04-27 02:00:00
2021-04-27 03:00:00+00:00,17.3021983333,56.7337083333,10.6,1996.1030806357198,5.67819257073617,0.011793169185375102,0.0873568087805564,5.67819257073617,0.131035213170835,37.1266437317365,No (reported postion),cruise,2021-04-27 03:00:00
2021-04-27 04:00:00+00:00,17.4203633333,56.901935,10.4,1891.07260726658,5.3794187952878705,0.0111726390363671,0.08276028915827491,5.3794187952878705,0.124140433737412,35.173122892266804,No (reported postion),cruise,2021-04-27 04:00:00
2021-04-27 05:00:00+00:00,17.5311466667,57.0647583333,10.5,1943.08771396095,5.5273829937620205,0.011479949294736499,0.0850366614424925,5.5273829937620205,0.127554992163739,36.1405811130593,No (reported postion),cruise,2021-04-27 05:00:00
2021-04-27 06:00:00+00:00,17.643945,57.2349166667,12.2,2725.091,7.7519,0.016100100000000003,0.11926,7.7519,0.17889,50.6855,No (reported postion),cruise,2021-04-27 06:00:00
2021-04-27 07:00:00+00:00,17.7756866667,57.43179,11.6,2583.36682912065,7.348745903406679,0.0152627799532293,0.11305762928318,7.348745903406679,0.169586443924769,48.0494924453513,No (reported postion),cruise,2021-04-27 07:00:00
2021-04-27 08:00:00+00:00,17.9475966667,57.6025,11.7,2648.01379042449,7.53264316750948,0.0156447204248274,0.115886817961684,7.53264316750948,0.173830226942526,49.2518976337158,No (reported postion),cruise,2021-04-27 08:00:00
2021-04-27 09:00:00+00:00,18.12288,57.7737516667,11.7,2648.01379042449,7.53264316750948,0.0156447204248274,0.115886817961684,7.53264316750948,0.173830226942526,49.2518976337158,No (reported postion),cruise,2021-04-27 09:00:00
2021-04-27 10:00:00+00:00,18.33799,57.9808083333,11.8,2713.77532713504,7.71971099622658,0.0160332459152398,0.11876478455733201,7.71971099622658,0.178147176835998,50.4750334368661,No (reported postion),cruise,2021-04-27 10:00:00
2021-04-27 11:00:00+00:00,18.49932,58.139515,11.9,2725.091,7.7519,0.016100100000000003,0.11926,7.7519,0.17889,50.6855,No (reported postion),cruise,2021-04-27 11:00:00
2021-04-27 12:00:00+00:00,18.84083,58.4486366667,12.2,2725.091,7.7519,0.016100100000000003,0.11926,7.7519,0.17889,50.6855,No (reported postion),cruise,2021-04-27 12:00:00
2021-04-27 13:00:00+00:00,18.860715,58.46745,12.2,2725.091,7.7519,0.016100100000000003,0.11926,7.7519,0.17889,50.6855,No (reported postion),cruise,2021-04-27 13:00:00
2021-04-27 14:00:00+00:00,19.0800766666667,58.6440333333333,12.1,2725.091,7.7519,0.016100100000000003,0.11926,7.7519,0.17889,50.6855,Linear (small gap),cruise,2021-04-27 14:00:00
2021-04-27 15:00:00+00:00,19.2994383333333,58.8206166666667,12.0,2725.091,7.7519,0.016100100000000003,0.11926,7.7519,0.17889,50.6855,Linear (small gap),cruise,2021-04-27 15:00:00
2021-04-27 16:00:00+00:00,19.5188,58.9972,11.9,2725.091,7.7519,0.016100100000000003,0.11926,7.7519,0.17889,50.6855,No (reported postion),cruise,2021-04-27 16:00:00
2021-04-27 17:00:00+00:00,19.7204,59.1384,12.1,2725.091,7.7519,0.016100100000000003,0.11926,7.7519,0.17889,50.6855,No (reported postion),cruise,2021-04-27 17:00:00
2021-04-27 18:00:00+00:00,19.973,59.3194,12.4,2725.091,7.7519,0.016100100000000003,0.11926,7.7519,0.17889,50.6855,No (reported postion),cruise,2021-04-27 18:00:00
2021-04-27 19:00:00+00:00,20.1701,59.4695,12.0,2725.091,7.7519,0.016100100000000003,0.11926,7.7519,0.17889,50.6855,No (reported postion),cruise,2021-04-27 19:00:00
2021-04-27 20:00:00+00:00,20.0423783333,59.63622,11.5,2519.82491693801,7.16799210507531,0.014887368218233301,0.11027680161654299,7.16799210507531,0.165415202424815,46.8676406870309,No (reported postion),cruise,2021-04-27 20:00:00
2021-04-27 21:00:00+00:00,19.7788566667,59.7809983333,11.9,2725.091,7.7519,0.016100100000000003,0.11926,7.7519,0.17889,50.6855,No (reported postion),cruise,2021-04-27 21:00:00
2021-04-27 22:00:00+00:00,19.533515,59.9306733333,11.6,2583.36682912065,7.348745903406679,0.0152627799532293,0.11305762928318,7.348745903406679,0.169586443924769,48.0494924453513,No (reported postion),cruise,2021-04-27 22:00:00
2021-04-27 23:00:00+00:00,19.28118,60.0811566667,11.4,2457.37852759103,6.99035467367252,0.0145184289376275,0.1075439180565,6.99035467367252,0.16131587708475,45.706165174012604,No (reported postion),cruise,2021-04-27 23:00:00
2021-04-28 00:00:00+00:00,19.0597283333,60.2424,11.9,2725.091,7.7519,0.016100100000000003,0.11926,7.7519,0.17889,50.6855,No (reported postion),cruise,2021-04-28 00:00:00
2021-04-28 01:00:00+00:00,19.046,60.449,12.0,2725.091,7.7519,0.016100100000000003,0.11926,7.7519,0.17889,50.6855,No (reported postion),cruise,2021-04-28 01:00:00
2021-04-28 02:00:00+00:00,19.2581,60.6019,12.2,2725.091,7.7519,0.016100100000000003,0.11926,7.7519,0.17889,50.6855,No (reported postion),cruise,2021-04-28 02:00:00
2021-04-28 03:00:00+00:00,19.5438316667,60.7439416667,12.0,2725.091,7.7519,0.016100100000000003,0.11926,7.7519,0.17889,50.6855,No (reported postion),cruise,2021-04-28 03:00:00
2021-04-28 04:00:00+00:00,19.8323,60.8933,12.3,2725.091,7.7519,0.016100100000000003,0.11926,7.7519,0.17889,50.6855,No (reported postion),cruise,2021-04-28 04:00:00
2021-04-28 05:00:00+00:00,20.1267,61.037,12.1,2725.091,7.7519,0.016100100000000003,0.11926,7.7519,0.17889,50.6855,No (reported postion),cruise,2021-04-28 05:00:00
2021-04-28 06:00:00+00:00,20.4042,61.1758,10.5,1943.08771396095,5.5273829937620205,0.011479949294736499,0.0850366614424925,5.5273829937620205,0.127554992163739,36.1405811130593,No (reported postion),cruise,2021-04-28 06:00:00
2021-04-28 07:00:00+00:00,20.6617,61.3016,10.4,1891.07260726658,5.3794187952878705,0.0111726390363671,0.08276028915827491,5.3794187952878705,0.124140433737412,35.173122892266804,No (reported postion),cruise,2021-04-28 07:00:00
2021-04-28 08:00:00+00:00,20.9146,61.4264,10.5,1943.08771396095,5.5273829937620205,0.011479949294736499,0.0850366614424925,5.5273829937620205,0.127554992163739,36.1405811130593,No (reported postion),cruise,2021-04-28 08:00:00
2021-04-28 09:00:00+00:00,21.1665,61.5517,10.4,1891.07260726658,5.3794187952878705,0.0111726390363671,0.08276028915827491,5.3794187952878705,0.124140433737412,35.173122892266804,No (reported postion),cruise,2021-04-28 09:00:00
2021-04-28 10:00:00+00:00,21.3878,61.6424,2.5,243.089425000552,1.27876597211589,0.00143619572757438,0.0144081942123657,0.936532623803772,0.0257558539335247,13.4279395685983,No (reported postion),anchor,2021-04-28 10:00:00
2021-04-28 11:00:00+00:00,21.388680952381,61.6423428571429,2.43809523809524,241.369956663483,1.23132068605365,0.00142603694308841,0.0140597855296247,0.913886059425607,0.0249329923901612,12.750574394150501,Linear (small gap),anchor,2021-04-28 11:00:00
2021-04-28 12:00:00+00:00,21.3895619047619,61.6422857142857,2.37619047619048,239.735625106415,1.18622457897569,0.00141638115489567,0.0137286277567922,0.89236080419149,0.0241508735465491,12.1067478947656,Linear (small gap),anchor,2021-04-28 12:00:00
2021-04-28 13:00:00+00:00,21.3904428571429,61.6422285714286,2.31428571428571,238.18426865329403,1.1434180037593802,0.00140721559160589,0.0134142828824837,0.871928387361437,0.0234084629200775,11.4956085025219,Linear (small gap),anchor,2021-04-28 13:00:00
2021-04-28 14:00:00+00:00,21.3913238095238,61.6421714285714,2.25238095238095,236.713725628065,1.1028413132820698,0.00139852748182883,0.013116312895314801,0.8525603381954621,0.0227047260281355,10.9163046494981,Linear (small gap),anchor,2021-04-28 14:00:00
2021-04-28 15:00:00+00:00,21.3922047619048,61.6421142857143,2.19047619047619,235.321834354674,1.0644348604211,0.00139030405417423,0.0128342797839012,0.834228185953579,0.0220386283881123,10.3679847677725,Linear (small gap),anchor,2021-04-28 15:00:00
2021-04-28 16:00:00+00:00,21.3930857142857,61.6420571428571,2.12857142857143,234.006433157066,1.02813899805384,0.00138253253725181,0.012567745536858499,0.816903459895802,0.021409135517396902,9.8497972894237,Linear (small gap),anchor,2021-04-28 16:00:00
2021-04-28 17:00:00+00:00,21.3939666666667,61.642,2.06666666666667,232.765360359186,0.993894079057628,0.00137520015967134,0.0123162721428022,0.800557689282146,0.0208152129333785,9.360890646530109,Linear (small gap),anchor,2021-04-28 17:00:00
2021-04-28 18:00:00+00:00,21.3948476190476,61.6419428571429,2.0047619047619,231.596454284979,0.96164045630982,0.0013682941500425501,0.012079421590348098,0.785162403372625,0.0202558261534463,8.90041327117025,Linear (small gap),anchor,2021-04-28 18:00:00
2021-04-28 19:00:00+00:00,21.3957285714286,61.6418857142857,1.94285714285714,230.497553258391,0.931318482687768,0.00136180173697518,0.0118567558681116,0.770689131427254,0.0197299406949893,8.4675135954226,Linear (small gap),anchor,2021-04-28 19:00:00
2021-04-28 20:00:00+00:00,21.3966095238095,61.6418285714286,1.88095238095238,229.46649560336698,0.902868511068825,0.00135571014907897,0.0116478369647084,0.757109402706047,0.019236522075396698,8.06134005136562,Linear (small gap),anchor,2021-04-28 20:00:00
2021-04-28 21:00:00+00:00,21.3974904761905,61.6417714285714,1.81904761904762,228.501119643851,0.8762308943303411,0.00135000661496367,0.0114522268687541,0.7443947464690189,0.0187745358120575,7.68104107107782,Linear (small gap),anchor,2021-04-28 21:00:00
2021-04-28 22:00:00+00:00,21.3983714285714,61.6417142857143,1.75714285714286,227.599263703791,0.85134598534967,0.00134467836323903,0.0112694875688643,0.732516691976183,0.0183429474223611,7.32576508663768,Linear (small gap),anchor,2021-04-28 22:00:00
2021-04-28 23:00:00+00:00,21.3992523809524,61.6416571428571,1.6952380952381,226.758766107129,0.828154137004163,0.00133971262251477,0.0110991810536547,0.721446768487554,0.0179407224236963,6.994660530123659,Linear (small gap),anchor,2021-04-28 23:00:00
2021-04-29 00:00:00+00:00,21.4001333333333,61.6416,1.63333333333333,225.977465177813,0.8065957021711709,0.0013350966214006501,0.0109408693117407,0.711156505263147,0.017566826333452402,6.68687583361427,Linear (small gap),anchor,2021-04-29 00:00:00
2021-04-29 01:00:00+00:00,21.4010142857143,61.6415428571429,1.57142857142857,225.253199239787,0.7866110337280481,0.0013308175885064,0.010794114331738101,0.701617431562975,0.0172202246690186,6.40155942918798,Linear (small gap),anchor,2021-04-29 01:00:00
2021-04-29 02:00:00+00:00,21.4018952380952,61.6414857142857,1.50952380952381,224.583806616997,0.768140484552144,0.00132686275244178,0.0106584781022624,0.6928010766470539,0.0168998829477838,6.13785974892327,Linear (small gap),anchor,2021-04-29 02:00:00
2021-04-29 03:00:00+00:00,21.4027761904762,61.6414285714286,1.44761904761905,223.967125633387,0.751124407520812,0.0013232193418165098,0.0105335226119292,0.684678969775398,0.0166047666871373,5.89492522489863,Linear (small gap),anchor,2021-04-29 03:00:00
2021-04-29 04:00:00+00:00,21.4036571428571,61.6413714285714,1.38571428571429,223.40099461290302,0.735503155511404,0.0013198745852403498,0.010418809849354201,0.67722264020802,0.0163338414044682,5.67190428919255,Linear (small gap),anchor,2021-04-29 04:00:00
2021-04-29 05:00:00+00:00,21.4045380952381,61.6413142857143,1.32380952380952,222.883251879491,0.721217081401271,0.00131681571132303,0.0103139018031529,0.6704036172049369,0.0160860726171656,5.46794537388349,Linear (small gap),anchor,2021-04-29 05:00:00
2021-04-29 06:00:00+00:00,21.405419047619,61.6412571428571,1.26190476190476,222.41173575709502,0.708206538067766,0.0013140299486743,0.0102183604619409,0.6641934300261609,0.0158604258426186,5.282196911049961,Linear (small gap),anchor,2021-04-29 06:00:00
2021-04-29 07:00:00+00:00,21.4063,61.6412,1.2,221.98428456966099,0.696411878388241,0.00131150452590391,0.010131747814334,0.658563607931707,0.0156558665982164,5.11380733277042,No (reported postion),anchor,2021-04-29 07:00:00
2021-04-29 08:00:00+00:00,21.1289,61.5397,11.7,2648.01379042449,7.53264316750948,0.0156447204248274,0.115886817961684,7.53264316750948,0.173830226942526,49.2518976337158,No (reported postion),cruise,2021-04-29 08:00:00
2021-04-29 09:00:00+00:00,20.8489,61.407,11.7,2648.01379042449,7.53264316750948,0.0156447204248274,0.115886817961684,7.53264316750948,0.173830226942526,49.2518976337158,No (reported postion),cruise,2021-04-29 09:00:00
2021-04-29 10:00:00+00:00,20.560235,61.268885,11.7,2648.01379042449,7.53264316750948,0.0156447204248274,0.115886817961684,7.53264316750948,0.173830226942526,49.2518976337158,No (reported postion),cruise,2021-04-29 10:00:00
2021-04-29 11:00:00+00:00,20.2746233333,61.1310383333,11.7,2648.01379042449,7.53264316750948,0.0156447204248274,0.115886817961684,7.53264316750948,0.173830226942526,49.2518976337158,No (reported postion),cruise,2021-04-29 11:00:00
2021-04-29 12:00:00+00:00,19.9872,60.9854,11.7,2648.01379042449,7.53264316750948,0.0156447204248274,0.115886817961684,7.53264316750948,0.173830226942526,49.2518976337158,No (reported postion),cruise,2021-04-29 12:00:00
2021-04-29 13:00:00+00:00,19.6857,60.8385,11.8,2713.77532713504,7.71971099622658,0.0160332459152398,0.11876478455733201,7.71971099622658,0.178147176835998,50.4750334368661,No (reported postion),cruise,2021-04-29 13:00:00
2021-04-29 14:00:00+00:00,19.4011,60.6996,11.5,2519.82491693801,7.16799210507531,0.014887368218233301,0.11027680161654299,7.16799210507531,0.165415202424815,46.8676406870309,No (reported postion),cruise,2021-04-29 14:00:00
2021-04-29 15:00:00+00:00,19.1396,60.5832,11.3,2396.0181347941902,6.81580651035545,0.014155905829199799,0.10485856169777599,6.81580651035545,0.157287842546664,44.564888721554894,No (reported postion),cruise,2021-04-29 15:00:00
2021-04-29 16:00:00+00:00,18.9978383333,60.4073983333,12.6,2725.091,7.7519,0.016100100000000003,0.11926,7.7519,0.17889,50.6855,No (reported postion),cruise,2021-04-29 16:00:00
2021-04-29 17:00:00+00:00,19.0056783333,60.2059283333,11.8,2713.77532713504,7.71971099622658,0.0160332459152398,0.11876478455733201,7.71971099622658,0.178147176835998,50.4750334368661,No (reported postion),cruise,2021-04-29 17:00:00
2021-04-29 18:00:00+00:00,19.21273,60.0446216667,11.7,2648.01379042449,7.53264316750948,0.0156447204248274,0.115886817961684,7.53264316750948,0.173830226942526,49.2518976337158,No (reported postion),cruise,2021-04-29 18:00:00
2021-04-29 19:00:00+00:00,19.469265,59.8950383333,12.2,2725.091,7.7519,0.016100100000000003,0.11926,7.7519,0.17889,50.6855,No (reported postion),cruise,2021-04-29 19:00:00
2021-04-29 20:00:00+00:00,19.7277816667,59.742935,11.6,2583.36682912065,7.348745903406679,0.0152627799532293,0.11305762928318,7.348745903406679,0.169586443924769,48.0494924453513,No (reported postion),cruise,2021-04-29 20:00:00
2021-04-29 21:00:00+00:00,19.9530483333,59.6172066667,9.7,1554.1739318724901,4.4210637011689995,0.00918220922550484,0.06801636463336919,4.4210637011689995,0.102024546950054,28.9069549691819,No (reported postion),cruise,2021-04-29 21:00:00
2021-04-29 22:00:00+00:00,19.8829,59.4581,10.2,1790.00506867688,5.091918138468159,0.0105755222875877,0.0783372021302793,5.091918138468159,0.117505803195419,33.2933109053687,No (reported postion),cruise,2021-04-29 22:00:00
2021-04-29 23:00:00+00:00,19.7196,59.3131,9.4,1423.84005642807,4.05031088261814,0.0084121841408223,0.0623124751172022,4.05031088261814,0.0934687126758033,26.4828019248109,No (reported postion),cruise,2021-04-29 23:00:00
2021-04-30 00:00:00+00:00,19.528665,59.144523333325,9.4,2725.091,7.7519,0.016100100000000003,0.11926,7.7519,0.17889,50.6855,Linear (small gap),cruise,2021-04-30 00:00:00
2021-04-30 01:00:00+00:00,19.33773,58.97594666665,9.4,2725.091,7.7519,0.016100100000000003,0.11926,7.7519,0.17889,50.6855,Linear (small gap),cruise,2021-04-30 01:00:00
2021-04-30 02:00:00+00:00,19.146795,58.807369999975,9.4,2725.091,7.7519,0.016100100000000003,0.11926,7.7519,0.17889,50.6855,Linear (small gap),cruise,2021-04-30 02:00:00
2021-04-30 03:00:00+00:00,18.95586,58.6387933333,9.4,1423.84005642807,4.05031088261814,0.0084121841408223,0.0623124751172022,4.05031088261814,0.0934687126758033,26.4828019248109,No (reported postion),cruise,2021-04-30 03:00:00
2021-04-30 04:00:00+00:00,18.9285233333,58.6145133333,9.5,1466.37650902259,4.17131173244937,0.008663493598164089,0.0641740266530673,4.17131173244937,0.0962610399796009,27.2739613275536,No (reported postion),cruise,2021-04-30 04:00:00
2021-04-30 05:00:00+00:00,18.6341,58.3547,8.7,1150.62459978528,3.27311155299969,0.00679800091776859,0.0503555623538414,3.27311155299969,0.07553334353076209,21.4011140003826,No (reported postion),cruise,2021-04-30 05:00:00
2021-04-30 06:00:00+00:00,18.4983,58.226455,10.45,2725.091,7.7519,0.016100100000000003,0.11926,7.7519,0.17889,50.6855,Linear (small gap),cruise,2021-04-30 06:00:00
2021-04-30 07:00:00+00:00,18.3625,58.09821,12.2,2725.091,7.7519,0.016100100000000003,0.11926,7.7519,0.17889,50.6855,No (reported postion),cruise,2021-04-30 07:00:00
2021-04-30 08:00:00+00:00,18.2737,58.0176016667,12.4,2725.091,7.7519,0.016100100000000003,0.11926,7.7519,0.17889,50.6855,No (reported postion),cruise,2021-04-30 08:00:00
2021-04-30 09:00:00+00:00,18.05934,57.82241,12.0,2725.091,7.7519,0.016100100000000003,0.11926,7.7519,0.17889,50.6855,No (reported postion),cruise,2021-04-30 09:00:00
2021-04-30 10:00:00+00:00,17.87100916665,57.65192833335,12.0,2725.091,7.7519,0.016100100000000003,0.11926,7.7519,0.17889,50.6855,Linear (small gap),cruise,2021-04-30 10:00:00
2021-04-30 11:00:00+00:00,17.6826783333,57.4814466667,12.0,2725.091,7.7519,0.016100100000000003,0.11926,7.7519,0.17889,50.6855,No (reported postion),cruise,2021-04-30 11:00:00
2021-04-30 12:00:00+00:00,17.5252533333,57.2734083333,12.0,2725.091,7.7519,0.016100100000000003,0.11926,7.7519,0.17889,50.6855,No (reported postion),cruise,2021-04-30 12:00:00
2021-04-30 13:00:00+00:00,17.4099583333,57.1017983333,12.0,2725.091,7.7519,0.016100100000000003,0.11926,7.7519,0.17889,50.6855,No (reported postion),cruise,2021-04-30 13:00:00
2021-04-30 14:00:00+00:00,17.2926483333,56.9347916667,12.0,2725.091,7.7519,0.016100100000000003,0.11926,7.7519,0.17889,50.6855,No (reported postion),cruise,2021-04-30 14:00:00
2021-04-30 15:00:00+00:00,17.1565633333,56.747685,11.7,2648.01379042449,7.53264316750948,0.0156447204248274,0.115886817961684,7.53264316750948,0.173830226942526,49.2518976337158,No (reported postion),cruise,2021-04-30 15:00:00
2021-04-30 16:00:00+00:00,17.0315266667,56.5731716667,10.8,2105.17269906851,5.9884562555559295,0.0124375629923085,0.092130096239322,5.9884562555559295,0.13819514435898297,39.1552909017119,No (reported postion),cruise,2021-04-30 16:00:00
2021-04-30 17:00:00+00:00,16.8959666667,56.3819283333,10.9,2161.2460033976,6.14796456108725,0.012768849473027399,0.0945840701705731,6.14796456108725,0.14187610525586,40.1982298224936,No (reported postion),cruise,2021-04-30 17:00:00
2021-04-30 18:00:00+00:00,16.7939066667,56.23101,10.8,2105.17269906851,5.9884562555559295,0.0124375629923085,0.092130096239322,5.9884562555559295,0.13819514435898297,39.1552909017119,No (reported postion),cruise,2021-04-30 18:00:00
2021-04-30 19:00:00+00:00,16.62565,56.1041033333,11.0,2218.3576728491803,6.31042664049,0.0131062707148639,0.09708348677676931,6.31042664049,0.145625230165154,41.260481880127,No (reported postion),cruise,2021-04-30 19:00:00
2021-04-30 20:00:00+00:00,16.3489916667,56.01033,10.9,2161.2460033976,6.14796456108725,0.012768849473027399,0.0945840701705731,6.14796456108725,0.14187610525586,40.1982298224936,No (reported postion),cruise,2021-04-30 20:00:00
2021-04-30 21:00:00+00:00,16.0700516667,55.9175516667,10.8,2105.17269906851,5.9884562555559295,0.0124375629923085,0.092130096239322,5.9884562555559295,0.13819514435898297,39.1552909017119,No (reported postion),cruise,2021-04-30 21:00:00
2021-04-30 22:00:00+00:00,15.7963366667,55.82554,10.8,2105.17269906851,5.9884562555559295,0.0124375629923085,0.092130096239322,5.9884562555559295,0.13819514435898297,39.1552909017119,No (reported postion),cruise,2021-04-30 22:00:00
2021-04-30 23:00:00+00:00,15.5205583333,55.7328483333,10.7,2050.12823357639,5.8318746250531905,0.0121123549904951,0.0897211480777414,5.8318746250531905,0.134581722116612,38.1314879330401,No (reported postion),cruise,2021-04-30 23:00:00
2021-05-01 00:00:00+00:00,15.2486816667,55.6377666667,10.8,2105.17269906851,5.9884562555559295,0.0124375629923085,0.092130096239322,5.9884562555559295,0.13819514435898297,39.1552909017119,No (reported postion),cruise,2021-05-01 00:00:00
2021-05-01 01:00:00+00:00,14.9673766667,55.5542733333,10.8,2105.17269906851,5.9884562555559295,0.0124375629923085,0.092130096239322,5.9884562555559295,0.13819514435898297,39.1552909017119,No (reported postion),cruise,2021-05-01 01:00:00
2021-05-01 02:00:00+00:00,14.6809866667,55.4760016667,10.7,2050.12823357639,5.8318746250531905,0.0121123549904951,0.0897211480777414,5.8318746250531905,0.134581722116612,38.1314879330401,No (reported postion),cruise,2021-05-01 02:00:00
2021-05-01 03:00:00+00:00,14.4434333333,55.36229,10.7,2050.12823357639,5.8318746250531905,0.0121123549904951,0.0897211480777414,5.8318746250531905,0.134581722116612,38.1314879330401,No (reported postion),cruise,2021-05-01 03:00:00
2021-05-01 04:00:00+00:00,14.2489816667,55.22071,10.8,2105.17269906851,5.9884562555559295,0.0124375629923085,0.092130096239322,5.9884562555559295,0.13819514435898297,39.1552909017119,No (reported postion),cruise,2021-05-01 04:00:00
2021-05-01 05:00:00+00:00,13.93069,55.2239166667,11.1,2276.51723370879,6.475869592607051,0.013449883000030001,0.09962876296318539,6.475869592607051,0.149443144444778,42.342224259353806,No (reported postion),cruise,2021-05-01 05:00:00
2021-05-01 06:00:00+00:00,13.6089333333,55.2344533333,10.7,2050.12823357639,5.8318746250531905,0.0121123549904951,0.0897211480777414,5.8318746250531905,0.134581722116612,38.1314879330401,No (reported postion),cruise,2021-05-01 06:00:00
2021-05-01 07:00:00+00:00,13.28762,55.2448566667,11.1,2276.51723370879,6.475869592607051,0.013449883000030001,0.09962876296318539,6.475869592607051,0.149443144444778,42.342224259353806,No (reported postion),cruise,2021-05-01 07:00:00
2021-05-01 08:00:00+00:00,12.96756,55.2552683333,10.9,2161.2460033976,6.14796456108725,0.012768849473027399,0.0945840701705731,6.14796456108725,0.14187610525586,40.1982298224936,No (reported postion),cruise,2021-05-01 08:00:00
2021-05-01 09:00:00+00:00,12.6990666667,55.3000133333,9.7,1554.1739318724901,4.4210637011689995,0.00918220922550484,0.06801636463336919,4.4210637011689995,0.102024546950054,28.9069549691819,No (reported postion),cruise,2021-05-01 09:00:00
2021-05-01 10:00:00+00:00,12.7060216667,55.4645566667,10.6,1913.88599017329,5.44431463287808,0.011307422699054501,0.0837586866596627,5.44431463287808,0.125638029989494,35.5974418303567,No (reported postion),cruise,2021-05-01 10:00:00
2021-05-01 11:00:00+00:00,12.8524583333,55.591635,9.2,1287.6903836691201,3.66301422050297,0.00760779876566001,0.0563540649308149,3.66301422050297,0.0845310973962224,23.9504775955963,No (reported postion),cruise,2021-05-01 11:00:00
2021-05-01 12:00:00+00:00,12.89565,55.6990183333,8.4,1005.23960739375,2.85954374094502,0.0059390523850396506,0.0439929806299233,2.85954374094502,0.065989470944885,18.6970167677174,No (reported postion),cruise,2021-05-01 12:00:00
2021-05-01 13:00:00+00:00,12.7705433333,55.821285,8.2,942.463318637086,2.68096786483197,0.00556816402695872,0.0412456594589534,2.68096786483197,0.0618684891884302,17.5294052700552,No (reported postion),cruise,2021-05-01 13:00:00
2021-05-01 14:00:00+00:00,12.7044633333,55.9683083333,11.0,2126.47733924704,6.04906026481653,0.012563432857695902,0.0930624656125619,6.04906026481653,0.139593698418843,39.5515478853388,No (reported postion),cruise,2021-05-01 14:00:00
2021-05-01 15:00:00+00:00,12.512665,56.1386266667,13.4,2725.091,7.7519,0.016100100000000003,0.11926,7.7519,0.17889,50.6855,No (reported postion),cruise,2021-05-01 15:00:00
2021-05-01 16:00:00+00:00,12.37577,56.3445266667,13.7,2725.091,7.7519,0.016100100000000003,0.11926,7.7519,0.17889,50.6855,No (reported postion),cruise,2021-05-01 16:00:00
2021-05-01 17:00:00+00:00,12.2877966667,56.55467,12.3,2725.091,7.7519,0.016100100000000003,0.11926,7.7519,0.17889,50.6855,No (reported postion),cruise,2021-05-01 17:00:00
2021-05-01 18:00:00+00:00,12.1993183333,56.7439716667,11.4,2457.37852759103,6.99035467367252,0.0145184289376275,0.1075439180565,6.99035467367252,0.16131587708475,45.706165174012604,No (reported postion),cruise,2021-05-01 18:00:00
2021-05-01 19:00:00+00:00,12.1052583333,56.932325,11.8,2713.77532713504,7.71971099622658,0.0160332459152398,0.11876478455733201,7.71971099622658,0.178147176835998,50.4750334368661,No (reported postion),cruise,2021-05-01 19:00:00
2021-05-01 20:00:00+00:00,11.980135,57.1185683333,11.8,2713.77532713504,7.71971099622658,0.0160332459152398,0.11876478455733201,7.71971099622658,0.178147176835998,50.4750334368661,No (reported postion),cruise,2021-05-01 20:00:00
2021-05-01 21:00:00+00:00,11.8407383333,57.2680216667,9.8,1599.45395469892,4.5498690177431,0.009449727959927991,0.0699979848883554,4.5498690177431,0.104996977332533,29.749143577551102,No (reported postion),cruise,2021-05-01 21:00:00
2021-05-01 22:00:00+00:00,11.65309,57.3811083333,8.6,1114.98517791267,3.17173026539708,0.00658743978197855,0.0487958502368781,3.17173026539708,0.0731937753553172,20.7382363506732,No (reported postion),cruise,2021-05-01 22:00:00
2021-05-01 23:00:00+00:00,11.47036,57.4918883333,8.9,1224.3993303386999,3.48297402503351,0.00723386912891575,0.0535842157697463,3.48297402503351,0.0803763236546194,22.7732917021422,No (reported postion),cruise,2021-05-01 23:00:00
2021-05-02 00:00:00+00:00,11.3537583333,57.63049,9.9,1645.6675535070501,4.68133002091722,0.00972276235113576,0.0720204618602648,4.68133002091722,0.108030692790397,30.6086962906126,No (reported postion),cruise,2021-05-02 00:00:00
2021-05-02 01:00:00+00:00,11.3004333333,57.7889583333,9.7,1554.1739318724901,4.4210637011689995,0.00918220922550484,0.06801636463336919,4.4210637011689995,0.102024546950054,28.9069549691819,No (reported postion),cruise,2021-05-02 01:00:00
2021-05-02 02:00:00+00:00,11.2597416667,57.9483333333,9.6,1509.8179587422198,4.29488697235204,0.00892014986565423,0.06607518419003139,4.29488697235204,0.09911277628504711,28.0819532807633,No (reported postion),cruise,2021-05-02 02:00:00
2021-05-02 03:00:00+00:00,11.2223333333,58.1025466667,9.5,1407.1910086302998,4.00295035277766,0.0083138199634613,0.0615838515811948,4.00295035277766,0.0923757773717922,26.173136922007803,No (reported postion),cruise,2021-05-02 03:00:00
2021-05-02 04:00:00+00:00,11.186335,58.1849166667,0.0,219.36,0.624,0.001296,0.0096,0.624,0.0144,4.08,No (reported postion),anchor,2021-05-02 04:00:00
2021-05-02 05:00:00+00:00,11.18707333335,58.18475083335,0.05,219.360198464282,0.624005476224494,0.00129600117254609,0.00960004021398796,0.624002613909217,0.0144000949762329,4.0800781827673,Linear (small gap),anchor,2021-05-02 05:00:00
2021-05-02 06:00:00+00:00,11.1878116667,58.184585,0.1,219.361587714255,0.624043809795952,0.00129600938036868,0.009600321711903661,0.6240209112737379,0.0144007598098632,4.08062546213841,No (reported postion),anchor,2021-05-02 06:00:00
2021-05-02 07:00:00+00:00,11.18763583335,58.1845775,0.05,219.360198464282,0.624005476224494,0.00129600117254609,0.00960004021398796,0.624002613909217,0.0144000949762329,4.0800781827673,Linear (small gap),anchor,2021-05-02 07:00:00
2021-05-02 08:00:00+00:00,11.18746,58.18457,0.0,219.36,0.624,0.001296,0.0096,0.624,0.0144,4.08,No (reported postion),anchor,2021-05-02 08:00:00
2021-05-02 09:00:00+00:00,11.1874516667,58.1844233333,0.0,219.36,0.624,0.001296,0.0096,0.624,0.0144,4.08,No (reported postion),anchor,2021-05-02 09:00:00
2021-05-02 10:00:00+00:00,11.187345,58.184505,0.0,219.36,0.624,0.001296,0.0096,0.624,0.0144,4.08,No (reported postion),anchor,2021-05-02 10:00:00
2021-05-02 11:00:00+00:00,11.1877416667,58.1844783333,0.0,219.36,0.624,0.001296,0.0096,0.624,0.0144,4.08,No (reported postion),anchor,2021-05-02 11:00:00
2021-05-02 12:00:00+00:00,11.1877083333,58.18439,0.0,219.36,0.624,0.001296,0.0096,0.624,0.0144,4.08,No (reported postion),anchor,2021-05-02 12:00:00
2021-05-02 13:00:00+00:00,11.18810916665,58.18415416665,0.0,219.36,0.624,0.001296,0.0096,0.624,0.0144,4.08,Linear (small gap),anchor,2021-05-02 13:00:00
2021-05-02 14:00:00+00:00,11.18851,58.1839183333,0.0,219.36,0.624,0.001296,0.0096,0.624,0.0144,4.08,No (reported postion),anchor,2021-05-02 14:00:00
2021-05-02 15:00:00+00:00,11.1879533333,58.18429,0.0,219.36,0.624,0.001296,0.0096,0.624,0.0144,4.08,No (reported postion),anchor,2021-05-02 15:00:00
2021-05-02 16:00:00+00:00,11.1868,58.1844,0.1,219.361587714255,0.624043809795952,0.00129600938036868,0.009600321711903661,0.6240209112737379,0.0144007598098632,4.08062546213841,No (reported postion),anchor,2021-05-02 16:00:00
2021-05-02 17:00:00+00:00,11.18676166665,58.1844475,0.05,219.360198464282,0.624005476224494,0.00129600117254609,0.00960004021398796,0.624002613909217,0.0144000949762329,4.0800781827673,Linear (small gap),anchor,2021-05-02 17:00:00
2021-05-02 18:00:00+00:00,11.1867233333,58.184495,0.0,219.36,0.624,0.001296,0.0096,0.624,0.0144,4.08,No (reported postion),anchor,2021-05-02 18:00:00
2021-05-02 19:00:00+00:00,11.1873066667,58.184615,0.0,219.36,0.624,0.001296,0.0096,0.624,0.0144,4.08,No (reported postion),anchor,2021-05-02 19:00:00
2021-05-02 20:00:00+00:00,11.18699,58.1847066667,0.0,219.36,0.624,0.001296,0.0096,0.624,0.0144,4.08,No (reported postion),anchor,2021-05-02 20:00:00
2021-05-02 21:00:00+00:00,11.18618,58.1845866667,0.0,219.36,0.624,0.001296,0.0096,0.624,0.0144,4.08,No (reported postion),anchor,2021-05-02 21:00:00
2021-05-02 22:00:00+00:00,11.1859327777667,58.1845766667,0.0,219.36,0.624,0.001296,0.0096,0.624,0.0144,4.08,Linear (small gap),anchor,2021-05-02 22:00:00
2021-05-02 23:00:00+00:00,11.1856855555333,58.1845666667,0.0,219.36,0.624,0.001296,0.0096,0.624,0.0144,4.08,Linear (small gap),anchor,2021-05-02 23:00:00
2021-05-03 00:00:00+00:00,11.1854383333,58.1845566667,0.0,219.36,0.624,0.001296,0.0096,0.624,0.0144,4.08,No (reported postion),anchor,2021-05-03 00:00:00
2021-05-03 01:00:00+00:00,11.18579416665,58.1846125,0.0,219.36,0.624,0.001296,0.0096,0.624,0.0144,4.08,Linear (small gap),anchor,2021-05-03 01:00:00
2021-05-03 02:00:00+00:00,11.18615,58.1846683333,0.0,219.36,0.624,0.001296,0.0096,0.624,0.0144,4.08,No (reported postion),anchor,2021-05-03 02:00:00
2021-05-03 03:00:00+00:00,11.1875175,58.1843408333,0.0,219.36,0.624,0.001296,0.0096,0.624,0.0144,4.08,Linear (small gap),anchor,2021-05-03 03:00:00
2021-05-03 04:00:00+00:00,11.188885,58.1840133333,0.0,219.36,0.624,0.001296,0.0096,0.624,0.0144,4.08,No (reported postion),anchor,2021-05-03 04:00:00
2021-05-03 05:00:00+00:00,11.188785,58.1841149999667,0.0,219.36,0.624,0.001296,0.0096,0.624,0.0144,4.08,Linear (small gap),anchor,2021-05-03 05:00:00
2021-05-03 06:00:00+00:00,11.188685,58.1842166666333,0.0,219.36,0.624,0.001296,0.0096,0.624,0.0144,4.08,Linear (small gap),anchor,2021-05-03 06:00:00
2021-05-03 07:00:00+00:00,11.188585,58.1843183333,0.0,219.36,0.624,0.001296,0.0096,0.624,0.0144,4.08,No (reported postion),anchor,2021-05-03 07:00:00
2021-05-03 08:00:00+00:00,11.188615,58.1842983333,0.0,219.36,0.624,0.001296,0.0096,0.624,0.0144,4.08,No (reported postion),anchor,2021-05-03 08:00:00
2021-05-03 09:00:00+00:00,11.1880716667,58.1845633333,0.0,219.36,0.624,0.001296,0.0096,0.624,0.0144,4.08,No (reported postion),anchor,2021-05-03 09:00:00
2021-05-03 10:00:00+00:00,11.1877925,58.18461,0.0,219.36,0.624,0.001296,0.0096,0.624,0.0144,4.08,Linear (small gap),anchor,2021-05-03 10:00:00
2021-05-03 11:00:00+00:00,11.1875133333,58.1846566667,0.0,219.36,0.624,0.001296,0.0096,0.624,0.0144,4.08,No (reported postion),anchor,2021-05-03 11:00:00
2021-05-03 12:00:00+00:00,11.226565,58.24369,12.8,2725.091,7.7519,0.016100100000000003,0.11926,7.7519,0.17889,50.6855,No (reported postion),cruise,2021-05-03 12:00:00
2021-05-03 13:00:00+00:00,11.4387166667,58.3564516667,1.7,226.821290561774,0.829879374144345,0.00134008202301267,0.0111118501225826,0.722270257967868,0.017970643864025998,7.0192913344335,No (reported postion),anchor,2021-05-03 13:00:00
2021-05-03 14:00:00+00:00,11.438740083365,58.3564064167,1.785,227.997376486573,0.8623311104938469,0.00134703045189004,0.0113501554981547,0.737760107380053,0.018533466603093098,7.48259713102358,Linear (small gap),anchor,2021-05-03 14:00:00
2021-05-03 15:00:00+00:00,11.43876350003,58.3563611667,1.87,229.290977737721,0.8980254469861231,0.0013546731726298599,0.0116122725131574,0.7547977133552319,0.0191525269830186,7.99219676613098,Linear (small gap),anchor,2021-05-03 15:00:00
2021-05-03 16:00:00+00:00,11.438786916695,58.3563159167,1.955,230.707690283137,0.93711679315178,0.00136304324674939,0.0118993350551828,0.773456778586881,0.019830502986700603,8.55029470825654,Linear (small gap),anchor,2021-05-03 16:00:00
2021-05-03 17:00:00+00:00,11.43881033336,58.3562706667,2.04,232.253110090745,0.9797595585214279,0.00137217373576589,0.0122124770118227,0.793811005768475,0.020570072597037,9.15909542590108,Linear (small gap),anchor,2021-05-03 17:00:00
2021-05-03 18:00:00+00:00,11.438833750025,58.3562254167,2.125,233.932833128464,1.0261081526256701,0.00138209770119662,0.0125528322706691,0.815934097593492,0.0213739137969258,9.820803387565428,Linear (small gap),anchor,2021-05-03 18:00:00
2021-05-03 19:00:00+00:00,11.43885716669,58.3561801667,2.21,235.75245536421698,1.07631698499513,0.0013928482045588299,0.0129215347193139,0.839899756755405,0.022244704569265198,10.5376230617504,Linear (small gap),anchor,2021-05-03 19:00:00
2021-05-03 20:00:00+00:00,11.438880583355,58.3561349167,2.295,237.71757276592402,1.13054046516039,0.0014044583073697901,0.0133197182453491,0.865781685947692,0.023185122896953,11.3117589169568,Linear (small gap),anchor,2021-05-03 20:00:00
2021-05-03 21:00:00+00:00,11.43890400002,58.3560896667,2.38,239.833781301507,1.18893300265208,0.00141696107114676,0.0137485167363666,0.893653587863829,0.0241978467628874,12.1454154216855,Linear (small gap),anchor,2021-05-03 21:00:00
2021-05-03 22:00:00+00:00,11.438927416685,58.3560444167,2.465,242.10667693888698,1.2516490070008002,0.00143038955740699,0.014209064079958299,0.923589165197291,0.025285554149966298,13.0407970444373,Linear (small gap),anchor,2021-05-03 22:00:00
2021-05-03 23:00:00+00:00,11.43895083335,58.3559991667,2.55,244.541855645986,1.31884288773716,0.00144477682766775,0.0147024941637162,0.955662120641553,0.0264509230410878,14.000108253713101,Linear (small gap),anchor,2021-05-03 23:00:00
2021-05-04 00:00:00+00:00,11.438974250015,58.3559539167,2.635,247.144913390725,1.3906690543917701,0.0014601559434463001,0.0152299408752322,0.989946156890093,0.027696631419149898,15.0255535180135,Linear (small gap),anchor,2021-05-04 00:00:00
2021-05-04 01:00:00+00:00,11.43899766668,58.3559086667,2.72,249.921446141025,1.46728191649524,0.0014765599662598802,0.0157925381020982,1.02651497663639,0.029025357267050602,16.1193373058396,Linear (small gap),anchor,2021-05-04 01:00:00
2021-05-04 02:00:00+00:00,11.439021083345,58.3558634167,2.805,252.877049864807,1.5488358835781602,0.00149402195762578,0.0163914197319063,1.06544228257391,0.030439778567687897,17.2836640856921,Linear (small gap),anchor,2021-05-04 02:00:00
2021-05-04 03:00:00+00:00,11.43904450001,58.3558181667,2.89,256.017320529994,1.63548536517117,0.00151257497906123,0.0170277196522482,1.10680177739613,0.0319425733039599,18.5207383260718,Linear (small gap),anchor,2021-05-04 03:00:00
2021-05-04 04:00:00+00:00,11.439067916675,58.3557729167,2.975,259.347854104506,1.72738477080485,0.00153225209208351,0.017702571750716,1.15066716379654,0.033536419458764496,19.8327644954795,Linear (small gap),anchor,2021-05-04 04:00:00
2021-05-04 05:00:00+00:00,11.43909133334,58.3557276667,3.06,206.753165787944,1.7042112066700899,0.00122151760968807,0.0144306956845232,0.9379952194940111,0.0275177712659571,16.530896870706602,Linear (small gap),cruise,2021-05-04 05:00:00
2021-05-04 06:00:00+00:00,11.439114750005,58.3556824167,3.145,215.460893275393,1.5232429516548,0.00127296370206468,0.0134377301835435,0.873452461930327,0.024575460367087,13.469403382575699,Linear (small gap),cruise,2021-05-04 06:00:00
2021-05-04 07:00:00+00:00,11.43913816667,58.3556371667,3.23,224.6522623696,1.62521284510694,0.00132726719561908,0.0141738442072809,0.9212998734732569,0.0260476884145618,14.4284634159614,Linear (small gap),cruise,2021-05-04 07:00:00
2021-05-04 08:00:00+00:00,11.439161583335,58.3555919167,3.315,234.34034446534298,1.7326933182478998,0.00138450531741012,0.014949738747114999,0.971733018562475,0.02759947749423,15.439352244704299,Linear (small gap),cruise,2021-05-04 08:00:00
2021-05-04 09:00:00+00:00,11.439185,58.3555466667,3.4,164.800324494189,1.4009852686159199,0.000973656184101336,0.0122278226487104,0.794808472166175,0.0238666808573198,14.9222985028076,No (reported postion),cruise,2021-05-04 09:00:00
2021-05-04 10:00:00+00:00,11.3394366667,58.3091183333,10.4,1813.42205912456,5.1585310215797,0.0107138721217425,0.07936201571661079,5.1585310215797,0.119043023574916,33.7288566795596,No (reported postion),cruise,2021-05-04 10:00:00
2021-05-04 11:00:00+00:00,11.2263733333,58.151015,11.5,2414.83731185375,6.86934027441986,0.0142670913391797,0.10568215806799801,6.86934027441986,0.158523237101997,44.9149171788991,No (reported postion),cruise,2021-05-04 11:00:00
2021-05-04 12:00:00+00:00,11.27314,57.9768633333,10.7,2050.12823357639,5.8318746250531905,0.0121123549904951,0.0897211480777414,5.8318746250531905,0.134581722116612,38.1314879330401,No (reported postion),cruise,2021-05-04 12:00:00
2021-05-04 13:00:00+00:00,11.3563233333,57.798365,11.4,2457.37852759103,6.99035467367252,0.0145184289376275,0.1075439180565,6.99035467367252,0.16131587708475,45.706165174012604,No (reported postion),cruise,2021-05-04 13:00:00
2021-05-04 14:00:00+00:00,11.51403,57.6261933333,11.2,2238.7505508592503,6.36843701557337,0.0132267538015755,0.09797595408574411,6.36843701557337,0.146963931128616,41.639780486441204,No (reported postion),cruise,2021-05-04 14:00:00
2021-05-04 15:00:00+00:00,11.69617,57.5911833333,0.2,219.3721494656,0.624335240177723,0.0012960717802125198,0.00960246179543673,0.624160016703388,0.014405814197214,4.08478614505912,No (reported postion),anchor,2021-05-04 15:00:00
2021-05-04 16:00:00+00:00,11.6939016667,57.5930266667,0.0,219.36,0.624,0.001296,0.0096,0.624,0.0144,4.08,No (reported postion),anchor,2021-05-04 16:00:00
2021-05-04 17:00:00+00:00,11.6938733333,57.5929583333,0.0,219.36,0.624,0.001296,0.0096,0.624,0.0144,4.08,No (reported postion),anchor,2021-05-04 17:00:00
2021-05-04 18:00:00+00:00,11.6933066667,57.5925016667,0.0,219.36,0.624,0.001296,0.0096,0.624,0.0144,4.08,No (reported postion),anchor,2021-05-04 18:00:00
2021-05-04 19:00:00+00:00,11.69585,57.5924633333,0.3,219.401004446401,0.625131435599816,0.0012962422582172498,0.00960830855959897,0.624540056373933,0.014419622915597102,4.09615323957454,No (reported postion),anchor,2021-05-04 19:00:00
2021-05-04 20:00:00+00:00,11.6956966667,57.5913066667,3.5,170.223542201515,1.50110712375095,0.0010056970764640901,0.0129208552835197,0.839855593428779,0.0254082037898837,16.100453981983502,No (reported postion),cruise,2021-05-04 20:00:00
2021-05-04 21:00:00+00:00,11.7927766667,57.669995,6.6,541.725345277361,1.75215523012443,0.00320056549726231,0.0242811293494828,1.57827340771638,0.0372815491899783,11.5376081250152,No (reported postion),cruise,2021-05-04 21:00:00
2021-05-04 22:00:00+00:00,11.8789783333,57.6898283333,0.0,219.36,0.624,0.001296,0.0096,0.624,0.0144,4.08,No (reported postion),anchor,2021-05-04 22:00:00
2021-05-04 23:00:00+00:00,11.8789883333,57.68977,0.0,219.36,0.624,0.001296,0.0096,0.624,0.0144,4.08,No (reported postion),anchor,2021-05-04 23:00:00
2021-05-05 00:00:00+00:00,11.8789983333,57.6897966667,0.0,219.36,0.624,0.001296,0.0096,0.624,0.0144,4.08,No (reported postion),anchor,2021-05-05 00:00:00
2021-05-05 01:00:00+00:00,11.8790333333,57.689795,0.0,219.36,0.624,0.001296,0.0096,0.624,0.0144,4.08,No (reported postion),anchor,2021-05-05 01:00:00
2021-05-05 02:00:00+00:00,11.8790716667,57.6897883333,0.0,219.36,0.624,0.001296,0.0096,0.624,0.0144,4.08,No (reported postion),anchor,2021-05-05 02:00:00
2021-05-05 03:00:00+00:00,11.87896,57.6898016667,0.0,219.36,0.624,0.001296,0.0096,0.624,0.0144,4.08,No (reported postion),anchor,2021-05-05 03:00:00
2021-05-05 04:00:00+00:00,11.87896,57.6897783333,0.0,219.36,0.624,0.001296,0.0096,0.624,0.0144,4.08,No (reported postion),anchor,2021-05-05 04:00:00
2021-05-05 05:00:00+00:00,11.87894,57.6898066667,0.0,219.36,0.624,0.001296,0.0096,0.624,0.0144,4.08,No (reported postion),anchor,2021-05-05 05:00:00
2021-05-05 06:00:00+00:00,11.87899,57.6897983333,0.0,219.36,0.624,0.001296,0.0096,0.624,0.0144,4.08,No (reported postion),anchor,2021-05-05 06:00:00
2021-05-05 07:00:00+00:00,11.8789033333,57.689815,0.0,219.36,0.624,0.001296,0.0096,0.624,0.0144,4.08,No (reported postion),anchor,2021-05-05 07:00:00
2021-05-05 08:00:00+00:00,11.87892,57.68976,0.0,219.36,0.624,0.001296,0.0096,0.624,0.0144,4.08,No (reported postion),anchor,2021-05-05 08:00:00
2021-05-05 09:00:00+00:00,11.8789916667,57.689785,0.0,219.36,0.624,0.001296,0.0096,0.624,0.0144,4.08,No (reported postion),anchor,2021-05-05 09:00:00
2021-05-05 10:00:00+00:00,11.8790066667,57.6898016667,0.0,219.36,0.624,0.001296,0.0096,0.624,0.0144,4.08,No (reported postion),anchor,2021-05-05 10:00:00
2021-05-05 11:00:00+00:00,11.8790683333,57.6898583333,0.0,219.36,0.624,0.001296,0.0096,0.624,0.0144,4.08,No (reported postion),anchor,2021-05-05 11:00:00
2021-05-05 12:00:00+00:00,11.8789183333,57.68981,0.0,219.36,0.624,0.001296,0.0096,0.624,0.0144,4.08,No (reported postion),anchor,2021-05-05 12:00:00
2021-05-05 13:00:00+00:00,11.8790216667,57.689805,0.0,219.36,0.624,0.001296,0.0096,0.624,0.0144,4.08,No (reported postion),anchor,2021-05-05 13:00:00
2021-05-05 14:00:00+00:00,11.8789616667,57.6898133333,0.0,219.36,0.624,0.001296,0.0096,0.624,0.0144,4.08,No (reported postion),anchor,2021-05-05 14:00:00
2021-05-05 15:00:00+00:00,11.878965,57.6898283333,0.0,219.36,0.624,0.001296,0.0096,0.624,0.0144,4.08,No (reported postion),anchor,2021-05-05 15:00:00
2021-05-05 16:00:00+00:00,11.8789766667,57.68977,0.0,219.36,0.624,0.001296,0.0096,0.624,0.0144,4.08,No (reported postion),anchor,2021-05-05 16:00:00
2021-05-05 17:00:00+00:00,11.8790266667,57.68981,0.0,219.36,0.624,0.001296,0.0096,0.624,0.0144,4.08,No (reported postion),anchor,2021-05-05 17:00:00
2021-05-05 18:00:00+00:00,11.8789866667,57.68981,0.0,219.36,0.624,0.001296,0.0096,0.624,0.0144,4.08,No (reported postion),anchor,2021-05-05 18:00:00
2021-05-05 19:00:00+00:00,11.8789566667,57.68981,0.0,219.36,0.624,0.001296,0.0096,0.624,0.0144,4.08,No (reported postion),anchor,2021-05-05 19:00:00
2021-05-05 20:00:00+00:00,11.743245,57.6764583333,11.9,2664.33266268836,7.579064467166011,0.015741133893344802,0.11660099180255401,7.579064467166011,0.17490148770383102,49.5554215160854,No (reported postion),cruise,2021-05-05 20:00:00
2021-05-05 21:00:00+00:00,11.691005,57.6788933333,0.0,219.36,0.624,0.001296,0.0096,0.624,0.0144,4.08,No (reported postion),anchor,2021-05-05 21:00:00
2021-05-05 22:00:00+00:00,11.6910233333,57.6789233333,0.0,219.36,0.624,0.001296,0.0096,0.624,0.0144,4.08,No (reported postion),anchor,2021-05-05 22:00:00
2021-05-05 23:00:00+00:00,11.69107,57.6789333333,0.0,219.36,0.624,0.001296,0.0096,0.624,0.0144,4.08,No (reported postion),anchor,2021-05-05 23:00:00
2021-05-06 00:00:00+00:00,11.6909083333,57.6789533333,0.0,219.36,0.624,0.001296,0.0096,0.624,0.0144,4.08,No (reported postion),anchor,2021-05-06 00:00:00
2021-05-06 01:00:00+00:00,11.6914033333,57.6788883333,0.0,219.36,0.624,0.001296,0.0096,0.624,0.0144,4.08,No (reported postion),anchor,2021-05-06 01:00:00
2021-05-06 02:00:00+00:00,11.6913416667,57.6788366667,0.0,219.36,0.624,0.001296,0.0096,0.624,0.0144,4.08,No (reported postion),anchor,2021-05-06 02:00:00
2021-05-06 03:00:00+00:00,11.69178,57.67888583335,0.05,219.3601898354,0.6240052381277771,0.00129600112156582,0.0096000384655537,0.62400250026099,0.0144000908468315,4.08007478351655,Linear (small gap),anchor,2021-05-06 03:00:00
2021-05-06 04:00:00+00:00,11.6922183333,57.678935,0.1,219.36151868320002,0.624041905022215,0.00129600897252656,0.00960030772442959,0.624020002087923,0.0144007267746517,4.08059826813239,No (reported postion),anchor,2021-05-06 04:00:00
2021-05-06 05:00:00+00:00,11.8707233333,57.6867733333,2.5,243.089425000552,1.27876597211589,0.00143619572757438,0.0144081942123657,0.936532623803772,0.0257558539335247,13.4279395685983,No (reported postion),anchor,2021-05-06 05:00:00
2021-05-06 06:00:00+00:00,11.8783416667,57.68999,0.0,219.36,0.624,0.001296,0.0096,0.624,0.0144,4.08,No (reported postion),anchor,2021-05-06 06:00:00
2021-05-06 07:00:00+00:00,11.87832,57.6899816667,0.0,219.36,0.624,0.001296,0.0096,0.624,0.0144,4.08,No (reported postion),anchor,2021-05-06 07:00:00
2021-05-06 08:00:00+00:00,11.8782766667,57.6899983333,0.0,219.36,0.624,0.001296,0.0096,0.624,0.0144,4.08,No (reported postion),anchor,2021-05-06 08:00:00
2021-05-06 09:00:00+00:00,11.8783533333,57.6900066667,0.0,219.36,0.624,0.001296,0.0096,0.624,0.0144,4.08,No (reported postion),anchor,2021-05-06 09:00:00
2021-05-06 10:00:00+00:00,11.8783366667,57.690005,0.0,219.36,0.624,0.001296,0.0096,0.624,0.0144,4.08,No (reported postion),anchor,2021-05-06 10:00:00
2021-05-06 11:00:00+00:00,11.8783033333,57.6899383333,0.0,219.36,0.624,0.001296,0.0096,0.624,0.0144,4.08,No (reported postion),anchor,2021-05-06 11:00:00
2021-05-06 12:00:00+00:00,11.8783716667,57.68999,0.0,219.36,0.624,0.001296,0.0096,0.624,0.0144,4.08,No (reported postion),anchor,2021-05-06 12:00:00
2021-05-06 13:00:00+00:00,11.878365,57.689995,0.0,219.36,0.624,0.001296,0.0096,0.624,0.0144,4.08,No (reported postion),anchor,2021-05-06 13:00:00
2021-05-06 14:00:00+00:00,11.8783116667,57.68997,0.0,219.36,0.624,0.001296,0.0096,0.624,0.0144,4.08,No (reported postion),anchor,2021-05-06 14:00:00
2021-05-06 15:00:00+00:00,11.8782583333,57.6899933333,0.0,219.36,0.624,0.001296,0.0096,0.624,0.0144,4.08,No (reported postion),anchor,2021-05-06 15:00:00
2021-05-06 16:00:00+00:00,11.8783283333,57.6900033333,0.0,219.36,0.624,0.001296,0.0096,0.624,0.0144,4.08,No (reported postion),anchor,2021-05-06 16:00:00
2021-05-06 17:00:00+00:00,11.8782983333,57.6899783333,0.0,219.36,0.624,0.001296,0.0096,0.624,0.0144,4.08,No (reported postion),anchor,2021-05-06 17:00:00
2021-05-06 18:00:00+00:00,11.87831,57.6900016667,0.0,219.36,0.624,0.001296,0.0096,0.624,0.0144,4.08,No (reported postion),anchor,2021-05-06 18:00:00
2021-05-06 19:00:00+00:00,11.87833,57.689995,0.0,219.36,0.624,0.001296,0.0096,0.624,0.0144,4.08,No (reported postion),anchor,2021-05-06 19:00:00
2021-05-06 20:00:00+00:00,11.8782816667,57.689975,0.0,219.36,0.624,0.001296,0.0096,0.624,0.0144,4.08,No (reported postion),anchor,2021-05-06 20:00:00
2021-05-06 21:00:00+00:00,11.87824,57.6900166667,0.0,219.36,0.624,0.001296,0.0096,0.624,0.0144,4.08,No (reported postion),anchor,2021-05-06 21:00:00
2021-05-06 22:00:00+00:00,11.8783616667,57.6899816667,0.0,219.36,0.624,0.001296,0.0096,0.624,0.0144,4.08,No (reported postion),anchor,2021-05-06 22:00:00
2021-05-06 23:00:00+00:00,11.878345,57.6900216667,0.0,219.36,0.624,0.001296,0.0096,0.624,0.0144,4.08,No (reported postion),anchor,2021-05-06 23:00:00
2021-05-07 00:00:00+00:00,11.8783316667,57.6900016667,0.0,219.36,0.624,0.001296,0.0096,0.624,0.0144,4.08,No (reported postion),anchor,2021-05-07 00:00:00
2021-05-07 01:00:00+00:00,11.878325,57.69,0.0,219.36,0.624,0.001296,0.0096,0.624,0.0144,4.08,No (reported postion),anchor,2021-05-07 01:00:00
2021-05-07 02:00:00+00:00,11.8782916667,57.6900316667,0.0,219.36,0.624,0.001296,0.0096,0.624,0.0144,4.08,No (reported postion),anchor,2021-05-07 02:00:00
2021-05-07 03:00:00+00:00,11.8783233333,57.6899983333,0.0,219.36,0.624,0.001296,0.0096,0.624,0.0144,4.08,No (reported postion),anchor,2021-05-07 03:00:00
2021-05-07 04:00:00+00:00,11.8782683333,57.689995,0.0,219.36,0.624,0.001296,0.0096,0.624,0.0144,4.08,No (reported postion),anchor,2021-05-07 04:00:00
2021-05-07 05:00:00+00:00,11.8782783333,57.6900266667,0.0,219.36,0.624,0.001296,0.0096,0.624,0.0144,4.08,No (reported postion),anchor,2021-05-07 05:00:00
2021-05-07 06:00:00+00:00,11.8783283333,57.6899533333,0.0,219.36,0.624,0.001296,0.0096,0.624,0.0144,4.08,No (reported postion),anchor,2021-05-07 06:00:00
2021-05-07 07:00:00+00:00,11.878345,57.6899816667,0.0,219.36,0.624,0.001296,0.0096,0.624,0.0144,4.08,No (reported postion),anchor,2021-05-07 07:00:00
2021-05-07 08:00:00+00:00,11.8783133333,57.689955,0.0,219.36,0.624,0.001296,0.0096,0.624,0.0144,4.08,No (reported postion),anchor,2021-05-07 08:00:00
2021-05-07 09:00:00+00:00,11.8783016667,57.689995,0.0,219.36,0.624,0.001296,0.0096,0.624,0.0144,4.08,No (reported postion),anchor,2021-05-07 09:00:00
2021-05-07 10:00:00+00:00,11.878335,57.6899616667,0.0,219.36,0.624,0.001296,0.0096,0.624,0.0144,4.08,No (reported postion),anchor,2021-05-07 10:00:00
2021-05-07 11:00:00+00:00,11.8783083333,57.6899966667,0.0,219.36,0.624,0.001296,0.0096,0.624,0.0144,4.08,No (reported postion),anchor,2021-05-07 11:00:00
2021-05-07 12:00:00+00:00,11.8782683333,57.6900016667,0.0,219.36,0.624,0.001296,0.0096,0.624,0.0144,4.08,No (reported postion),anchor,2021-05-07 12:00:00
2021-05-07 13:00:00+00:00,11.8783066667,57.6899983333,0.0,219.36,0.624,0.001296,0.0096,0.624,0.0144,4.08,No (reported postion),anchor,2021-05-07 13:00:00
2021-05-07 14:00:00+00:00,11.878335,57.6900133333,0.0,219.36,0.624,0.001296,0.0096,0.624,0.0144,4.08,No (reported postion),anchor,2021-05-07 14:00:00
2021-05-07 15:00:00+00:00,11.8783233333,57.69,0.0,219.36,0.624,0.001296,0.0096,0.624,0.0144,4.08,No (reported postion),anchor,2021-05-07 15:00:00
2021-05-07 16:00:00+00:00,11.8782833333,57.6899966667,0.0,219.36,0.624,0.001296,0.0096,0.624,0.0144,4.08,No (reported postion),anchor,2021-05-07 16:00:00
2021-05-07 17:00:00+00:00,11.8783133333,57.6900083333,0.0,219.36,0.624,0.001296,0.0096,0.624,0.0144,4.08,No (reported postion),anchor,2021-05-07 17:00:00
2021-05-07 18:00:00+00:00,11.8783183333,57.6900016667,0.0,219.36,0.624,0.001296,0.0096,0.624,0.0144,4.08,No (reported postion),anchor,2021-05-07 18:00:00
2021-05-07 19:00:00+00:00,11.878355,57.690015,0.0,219.36,0.624,0.001296,0.0096,0.624,0.0144,4.08,No (reported postion),anchor,2021-05-07 19:00:00
2021-05-07 20:00:00+00:00,11.6886366667,57.653795,13.0,2725.091,7.7519,0.016100100000000003,0.11926,7.7519,0.17889,50.6855,No (reported postion),cruise,2021-05-07 20:00:00
2021-05-07 21:00:00+00:00,11.5872166667,57.4561216667,14.8,2725.091,7.7519,0.016100100000000003,0.11926,7.7519,0.17889,50.6855,No (reported postion),cruise,2021-05-07 21:00:00
2021-05-07 22:00:00+00:00,11.5702233333,57.2102733333,14.6,2725.091,7.7519,0.016100100000000003,0.11926,7.7519,0.17889,50.6855,No (reported postion),cruise,2021-05-07 22:00:00
2021-05-07 23:00:00+00:00,11.6962783333,56.979355,14.8,2725.091,7.7519,0.016100100000000003,0.11926,7.7519,0.17889,50.6855,No (reported postion),cruise,2021-05-07 23:00:00
2021-05-08 00:00:00+00:00,11.8576516667,56.76268,14.0,2725.091,7.7519,0.016100100000000003,0.11926,7.7519,0.17889,50.6855,No (reported postion),cruise,2021-05-08 00:00:00
2021-05-08 01:00:00+00:00,11.6433816667,56.5573133333,14.4,2725.091,7.7519,0.016100100000000003,0.11926,7.7519,0.17889,50.6855,No (reported postion),cruise,2021-05-08 01:00:00
2021-05-08 02:00:00+00:00,11.413815,56.3509066667,14.3,2725.091,7.7519,0.016100100000000003,0.11926,7.7519,0.17889,50.6855,No (reported postion),cruise,2021-05-08 02:00:00
2021-05-08 03:00:00+00:00,11.2053816667,56.1427816667,14.6,2725.091,7.7519,0.016100100000000003,0.11926,7.7519,0.17889,50.6855,No (reported postion),cruise,2021-05-08 03:00:00
2021-05-08 04:00:00+00:00,10.9765166667,55.9388016667,14.7,2725.091,7.7519,0.016100100000000003,0.11926,7.7519,0.17889,50.6855,No (reported postion),cruise,2021-05-08 04:00:00
2021-05-08 05:00:00+00:00,10.783795,55.72891,15.3,2725.091,7.7519,0.016100100000000003,0.11926,7.7519,0.17889,50.6855,No (reported postion),cruise,2021-05-08 05:00:00
2021-05-08 06:00:00+00:00,10.8855716667,55.4903583333,15.4,2725.091,7.7519,0.016100100000000003,0.11926,7.7519,0.17889,50.6855,No (reported postion),cruise,2021-05-08 06:00:00
2021-05-08 07:00:00+00:00,11.0741366667,55.257165,15.6,2725.091,7.7519,0.016100100000000003,0.11926,7.7519,0.17889,50.6855,No (reported postion),cruise,2021-05-08 07:00:00
2021-05-08 08:00:00+00:00,11.023715,55.0311983333,10.5,1863.17563944091,5.30006199403323,0.011007821064530599,0.081539415292819,5.30006199403323,0.12230912293922801,34.6542514994481,No (reported postion),cruise,2021-05-08 08:00:00
2021-05-08 09:00:00+00:00,10.8819116667,54.887515,10.5,1863.17563944091,5.30006199403323,0.011007821064530599,0.081539415292819,5.30006199403323,0.12230912293922801,34.6542514994481,No (reported postion),cruise,2021-05-08 09:00:00
2021-05-08 10:00:00+00:00,10.8555533333,54.7106,10.4,1813.42205912456,5.1585310215797,0.0107138721217425,0.07936201571661079,5.1585310215797,0.119043023574916,33.7288566795596,No (reported postion),cruise,2021-05-08 10:00:00
2021-05-08 11:00:00+00:00,11.1022683333,54.6082583333,10.6,1913.88599017329,5.44431463287808,0.011307422699054501,0.0837586866596627,5.44431463287808,0.125638029989494,35.5974418303567,No (reported postion),cruise,2021-05-08 11:00:00
2021-05-08 12:00:00+00:00,11.371295,54.52318,10.2,1716.74876134311,4.88353039331737,0.0101427169707361,0.0751312368202672,4.88353039331737,0.112696855230401,31.930775648613597,No (reported postion),cruise,2021-05-08 12:00:00
2021-05-08 13:00:00+00:00,11.6322816667,54.4513066667,10.4,1891.07260726658,5.3794187952878705,0.0111726390363671,0.08276028915827491,5.3794187952878705,0.124140433737412,35.173122892266804,No (reported postion),cruise,2021-05-08 13:00:00
2021-05-08 14:00:00+00:00,11.917815,54.4090366667,10.2,1790.00506867688,5.091918138468159,0.0105755222875877,0.0783372021302793,5.091918138468159,0.117505803195419,33.2933109053687,No (reported postion),cruise,2021-05-08 14:00:00
2021-05-08 15:00:00+00:00,12.1990266667,54.4364216667,10.2,1790.00506867688,5.091918138468159,0.0105755222875877,0.0783372021302793,5.091918138468159,0.117505803195419,33.2933109053687,No (reported postion),cruise,2021-05-08 15:00:00
2021-05-08 16:00:00+00:00,12.325185,54.5876816667,10.1,1740.9335842105,4.95232748243688,0.0102856032327535,0.07618965357595209,4.95232748243688,0.11428448036392799,32.3806027697796,No (reported postion),cruise,2021-05-08 16:00:00
2021-05-08 17:00:00+00:00,12.5644716667,54.680175,10.0,1692.8242545824,4.81547380953419,0.0100013686813402,0.0740842124543722,4.81547380953419,0.111126318681558,31.4857902931082,No (reported postion),cruise,2021-05-08 17:00:00
2021-05-08 18:00:00+00:00,12.8126416667,54.7627566667,9.9,1645.6675535070501,4.68133002091722,0.00972276235113576,0.0720204618602648,4.68133002091722,0.108030692790397,30.6086962906126,No (reported postion),cruise,2021-05-08 18:00:00
2021-05-08 19:00:00+00:00,13.0780983333,54.81455,9.3,1382.1990746731399,3.93185732401549,0.00816616521141679,0.0604901126771614,3.93185732401549,0.0907351690157421,25.7082978877936,No (reported postion),cruise,2021-05-08 19:00:00
2021-05-08 20:00:00+00:00,13.33406,54.866695,9.4,1423.84005642807,4.05031088261814,0.0084121841408223,0.0623124751172022,4.05031088261814,0.0934687126758033,26.4828019248109,No (reported postion),cruise,2021-05-08 20:00:00
2021-05-08 21:00:00+00:00,13.59296,54.9185766667,9.6,1509.8179587422198,4.29488697235204,0.00892014986565423,0.06607518419003139,4.29488697235204,0.09911277628504711,28.0819532807633,No (reported postion),cruise,2021-05-08 21:00:00
2021-05-08 22:00:00+00:00,13.8551883333,54.97254,9.5,1466.37650902259,4.17131173244937,0.008663493598164089,0.0641740266530673,4.17131173244937,0.0962610399796009,27.2739613275536,No (reported postion),cruise,2021-05-08 22:00:00
2021-05-08 23:00:00+00:00,14.1155333333,55.0186983333,9.4,1423.84005642807,4.05031088261814,0.0084121841408223,0.0623124751172022,4.05031088261814,0.0934687126758033,26.4828019248109,No (reported postion),cruise,2021-05-08 23:00:00
2021-05-09 00:00:00+00:00,14.2980883333,55.138125,9.6,1509.8179587422198,4.29488697235204,0.00892014986565423,0.06607518419003139,4.29488697235204,0.09911277628504711,28.0819532807633,No (reported postion),cruise,2021-05-09 00:00:00
2021-05-09 01:00:00+00:00,14.472215,55.2652716667,9.9,1645.6675535070501,4.68133002091722,0.00972276235113576,0.0720204618602648,4.68133002091722,0.108030692790397,30.6086962906126,No (reported postion),cruise,2021-05-09 01:00:00
2021-05-09 02:00:00+00:00,14.6535783333,55.3924433333,9.7,1554.1739318724901,4.4210637011689995,0.00918220922550484,0.06801636463336919,4.4210637011689995,0.102024546950054,28.9069549691819,No (reported postion),cruise,2021-05-09 02:00:00
2021-05-09 03:00:00+00:00,14.9069166667,55.4765916667,10.1,1740.9335842105,4.95232748243688,0.0102856032327535,0.07618965357595209,4.95232748243688,0.11428448036392799,32.3806027697796,No (reported postion),cruise,2021-05-09 03:00:00
2021-05-09 04:00:00+00:00,15.16609,55.5555233333,9.8,1599.45395469892,4.5498690177431,0.009449727959927991,0.0699979848883554,4.5498690177431,0.104996977332533,29.749143577551102,No (reported postion),cruise,2021-05-09 04:00:00
2021-05-09 05:00:00+00:00,15.4209916667,55.6325016667,9.8,1599.45395469892,4.5498690177431,0.009449727959927991,0.0699979848883554,4.5498690177431,0.104996977332533,29.749143577551102,No (reported postion),cruise,2021-05-09 05:00:00
2021-05-09 06:00:00+00:00,15.671625,55.7081016667,9.6,1509.8179587422198,4.29488697235204,0.00892014986565423,0.06607518419003139,4.29488697235204,0.09911277628504711,28.0819532807633,No (reported postion),cruise,2021-05-09 06:00:00
2021-05-09 07:00:00+00:00,15.92337,55.7810733333,9.4,1423.84005642807,4.05031088261814,0.0084121841408223,0.0623124751172022,4.05031088261814,0.0934687126758033,26.4828019248109,No (reported postion),cruise,2021-05-09 07:00:00
2021-05-09 08:00:00+00:00,16.1694916667,55.8575466667,9.5,1466.37650902259,4.17131173244937,0.008663493598164089,0.0641740266530673,4.17131173244937,0.0962610399796009,27.2739613275536,No (reported postion),cruise,2021-05-09 08:00:00
2021-05-09 09:00:00+00:00,16.4136416667,55.9347183333,9.5,1466.37650902259,4.17131173244937,0.008663493598164089,0.0641740266530673,4.17131173244937,0.0962610399796009,27.2739613275536,No (reported postion),cruise,2021-05-09 09:00:00
2021-05-09 10:00:00+00:00,16.6615366667,56.0126833333,9.6,1509.8179587422198,4.29488697235204,0.00892014986565423,0.06607518419003139,4.29488697235204,0.09911277628504711,28.0819532807633,No (reported postion),cruise,2021-05-09 10:00:00
2021-05-09 11:00:00+00:00,16.9070583333,56.1123466667,9.7,1554.1739318724901,4.4210637011689995,0.00918220922550484,0.06801636463336919,4.4210637011689995,0.102024546950054,28.9069549691819,No (reported postion),cruise,2021-05-09 11:00:00
2021-05-09 12:00:00+00:00,17.145445,56.215065,9.7,1554.1739318724901,4.4210637011689995,0.00918220922550484,0.06801636463336919,4.4210637011689995,0.102024546950054,28.9069549691819,No (reported postion),cruise,2021-05-09 12:00:00
2021-05-09 13:00:00+00:00,17.37688916665,56.3175325,9.35,2725.091,7.7519,0.016100100000000003,0.11926,7.7519,0.17889,50.6855,Linear (small gap),cruise,2021-05-09 13:00:00
2021-05-09 14:00:00+00:00,17.6083333333,56.42,9.0,1262.55369159057,3.59150940715042,0.00745928876869703,0.0552539908792373,3.59150940715042,0.0828809863188559,23.4829461236758,No (reported postion),cruise,2021-05-09 14:00:00
2021-05-09 15:00:00+00:00,18.0165416667,56.591495,9.7,1554.1739318724901,4.4210637011689995,0.00918220922550484,0.06801636463336919,4.4210637011689995,0.102024546950054,28.9069549691819,No (reported postion),cruise,2021-05-09 15:00:00
2021-05-09 16:00:00+00:00,18.1743316667,56.6604875,9.7,2725.091,7.7519,0.016100100000000003,0.11926,7.7519,0.17889,50.6855,Linear (small gap),cruise,2021-05-09 16:00:00
2021-05-09 17:00:00+00:00,18.3321216667,56.72948,9.7,1554.1739318724901,4.4210637011689995,0.00918220922550484,0.06801636463336919,4.4210637011689995,0.102024546950054,28.9069549691819,No (reported postion),cruise,2021-05-09 17:00:00
2021-05-09 18:00:00+00:00,18.51375,56.8082616667,9.8,1599.45395469892,4.5498690177431,0.009449727959927991,0.0699979848883554,4.5498690177431,0.104996977332533,29.749143577551102,No (reported postion),cruise,2021-05-09 18:00:00
2021-05-09 19:00:00+00:00,18.70463,56.92765,9.8,1599.45395469892,4.5498690177431,0.009449727959927991,0.0699979848883554,4.5498690177431,0.104996977332533,29.749143577551102,No (reported postion),cruise,2021-05-09 19:00:00
2021-05-09 20:00:00+00:00,18.9129383333,57.0754083333,9.7,1554.1739318724901,4.4210637011689995,0.00918220922550484,0.06801636463336919,4.4210637011689995,0.102024546950054,28.9069549691819,No (reported postion),cruise,2021-05-09 20:00:00
2021-05-09 21:00:00+00:00,19.07102,57.1869883333,9.8,1599.45395469892,4.5498690177431,0.009449727959927991,0.0699979848883554,4.5498690177431,0.104996977332533,29.749143577551102,No (reported postion),cruise,2021-05-09 21:00:00
2021-05-09 22:00:00+00:00,19.27148,57.3257783333,9.6,1509.8179587422198,4.29488697235204,0.00892014986565423,0.06607518419003139,4.29488697235204,0.09911277628504711,28.0819532807633,No (reported postion),cruise,2021-05-09 22:00:00
2021-05-09 23:00:00+00:00,19.45477,57.4569383333,9.3,1382.1990746731399,3.93185732401549,0.00816616521141679,0.0604901126771614,3.93185732401549,0.0907351690157421,25.7082978877936,No (reported postion),cruise,2021-05-09 23:00:00
2021-05-10 00:00:00+00:00,19.6204483333,57.5755383333,9.4,1423.84005642807,4.05031088261814,0.0084121841408223,0.0623124751172022,4.05031088261814,0.0934687126758033,26.4828019248109,No (reported postion),cruise,2021-05-10 00:00:00
2021-05-10 01:00:00+00:00,19.7887516667,57.6960916667,9.5,1466.37650902259,4.17131173244937,0.008663493598164089,0.0641740266530673,4.17131173244937,0.0962610399796009,27.2739613275536,No (reported postion),cruise,2021-05-10 01:00:00
2021-05-10 02:00:00+00:00,19.96598,57.8240516667,9.5,1466.37650902259,4.17131173244937,0.008663493598164089,0.0641740266530673,4.17131173244937,0.0962610399796009,27.2739613275536,No (reported postion),cruise,2021-05-10 02:00:00
2021-05-10 03:00:00+00:00,20.155864,57.95800133336,9.56,2725.091,7.7519,0.016100100000000003,0.11926,7.7519,0.17889,50.6855,Linear (small gap),cruise,2021-05-10 03:00:00
2021-05-10 04:00:00+00:00,20.345748,58.09195100002,9.62,2725.091,7.7519,0.016100100000000003,0.11926,7.7519,0.17889,50.6855,Linear (small gap),cruise,2021-05-10 04:00:00
2021-05-10 05:00:00+00:00,20.535632,58.22590066668,9.68,2725.091,7.7519,0.016100100000000003,0.11926,7.7519,0.17889,50.6855,Linear (small gap),cruise,2021-05-10 05:00:00
2021-05-10 06:00:00+00:00,20.725516,58.35985033334,9.74,2725.091,7.7519,0.016100100000000003,0.11926,7.7519,0.17889,50.6855,Linear (small gap),cruise,2021-05-10 06:00:00
2021-05-10 07:00:00+00:00,20.9154,58.4938,9.8,1599.45395469892,4.5498690177431,0.009449727959927991,0.0699979848883554,4.5498690177431,0.104996977332533,29.749143577551102,No (reported postion),cruise,2021-05-10 07:00:00
2021-05-10 08:00:00+00:00,21.1202,58.6389,10.1,1740.9335842105,4.95232748243688,0.0102856032327535,0.07618965357595209,4.95232748243688,0.11428448036392799,32.3806027697796,No (reported postion),cruise,2021-05-10 08:00:00
2021-05-10 09:00:00+00:00,21.2873,58.7554,9.9,1645.6675535070501,4.68133002091722,0.00972276235113576,0.0720204618602648,4.68133002091722,0.108030692790397,30.6086962906126,No (reported postion),cruise,2021-05-10 09:00:00
2021-05-10 10:00:00+00:00,21.4598,58.8747,9.9,1645.6675535070501,4.68133002091722,0.00972276235113576,0.0720204618602648,4.68133002091722,0.108030692790397,30.6086962906126,No (reported postion),cruise,2021-05-10 10:00:00
2021-05-10 11:00:00+00:00,21.6832,59.024,10.2,1790.00506867688,5.091918138468159,0.0105755222875877,0.0783372021302793,5.091918138468159,0.117505803195419,33.2933109053687,No (reported postion),cruise,2021-05-10 11:00:00
2021-05-10 12:00:00+00:00,21.8867,59.1366,9.8,1599.45395469892,4.5498690177431,0.009449727959927991,0.0699979848883554,4.5498690177431,0.104996977332533,29.749143577551102,No (reported postion),cruise,2021-05-10 12:00:00
2021-05-10 13:00:00+00:00,22.1341,59.233,9.9,1645.6675535070501,4.68133002091722,0.00972276235113576,0.0720204618602648,4.68133002091722,0.108030692790397,30.6086962906126,No (reported postion),cruise,2021-05-10 13:00:00
2021-05-10 14:00:00+00:00,22.3908,59.332,9.7,1554.1739318724901,4.4210637011689995,0.00918220922550484,0.06801636463336919,4.4210637011689995,0.102024546950054,28.9069549691819,No (reported postion),cruise,2021-05-10 14:00:00
2021-05-10 15:00:00+00:00,22.6371,59.4246,9.6,1509.8179587422198,4.29488697235204,0.00892014986565423,0.06607518419003139,4.29488697235204,0.09911277628504711,28.0819532807633,No (reported postion),cruise,2021-05-10 15:00:00
2021-05-10 16:00:00+00:00,22.94443,59.4795233333,10.0,1692.8242545824,4.81547380953419,0.0100013686813402,0.0740842124543722,4.81547380953419,0.111126318681558,31.4857902931082,No (reported postion),cruise,2021-05-10 16:00:00
2021-05-10 17:00:00+00:00,23.2517,59.5301,9.8,1599.45395469892,4.5498690177431,0.009449727959927991,0.0699979848883554,4.5498690177431,0.104996977332533,29.749143577551102,No (reported postion),cruise,2021-05-10 17:00:00
2021-05-10 18:00:00+00:00,23.5593,59.5803,10.0,1692.8242545824,4.81547380953419,0.0100013686813402,0.0740842124543722,4.81547380953419,0.111126318681558,31.4857902931082,No (reported postion),cruise,2021-05-10 18:00:00
2021-05-10 19:00:00+00:00,23.8838066667,59.631175,9.7,1554.1739318724901,4.4210637011689995,0.00918220922550484,0.06801636463336919,4.4210637011689995,0.102024546950054,28.9069549691819,No (reported postion),cruise,2021-05-10 19:00:00
2021-05-10 20:00:00+00:00,24.1717966667,59.679825,9.8,1599.45395469892,4.5498690177431,0.009449727959927991,0.0699979848883554,4.5498690177431,0.104996977332533,29.749143577551102,No (reported postion),cruise,2021-05-10 20:00:00
2021-05-10 21:00:00+00:00,24.4815383333,59.7304366667,9.9,1645.6675535070501,4.68133002091722,0.00972276235113576,0.0720204618602648,4.68133002091722,0.108030692790397,30.6086962906126,No (reported postion),cruise,2021-05-10 21:00:00
2021-05-10 22:00:00+00:00,24.7965083333,59.7662683333,9.8,1599.45395469892,4.5498690177431,0.009449727959927991,0.0699979848883554,4.5498690177431,0.104996977332533,29.749143577551102,No (reported postion),cruise,2021-05-10 22:00:00
2021-05-10 23:00:00+00:00,25.1089983333,59.80106,9.7,1554.1739318724901,4.4210637011689995,0.00918220922550484,0.06801636463336919,4.4210637011689995,0.102024546950054,28.9069549691819,No (reported postion),cruise,2021-05-10 23:00:00
2021-05-11 00:00:00+00:00,25.42659,59.8307383333,9.9,1645.6675535070501,4.68133002091722,0.00972276235113576,0.0720204618602648,4.68133002091722,0.108030692790397,30.6086962906126,No (reported postion),cruise,2021-05-11 00:00:00
2021-05-11 01:00:00+00:00,25.7461766667,59.863995,9.9,1645.6675535070501,4.68133002091722,0.00972276235113576,0.0720204618602648,4.68133002091722,0.108030692790397,30.6086962906126,No (reported postion),cruise,2021-05-11 01:00:00
2021-05-11 02:00:00+00:00,26.0277883333,59.935615,10.0,1692.8242545824,4.81547380953419,0.0100013686813402,0.0740842124543722,4.81547380953419,0.111126318681558,31.4857902931082,No (reported postion),cruise,2021-05-11 02:00:00
2021-05-11 03:00:00+00:00,26.2137833333,60.073265,9.8,1599.45395469892,4.5498690177431,0.009449727959927991,0.0699979848883554,4.5498690177431,0.104996977332533,29.749143577551102,No (reported postion),cruise,2021-05-11 03:00:00
2021-05-11 04:00:00+00:00,26.328035,60.1572533333,4.8,440.64849484277704,2.15256044032321,0.00260339373320678,0.0227423771344432,1.47825451373881,0.0380326086937793,16.425859443535902,No (reported postion),maneuver,2021-05-11 04:00:00
2021-05-11 05:00:00+00:00,26.3430416667,60.18881,0.9,220.517443691591,0.655937341249359,0.0013028382887687,0.00983452797777087,0.639244318555106,0.0149539013902645,4.5359618988994495,No (reported postion),anchor,2021-05-11 05:00:00
2021-05-11 06:00:00+00:00,26.4895733333,60.2713533333,13.6,2725.091,7.7519,0.016100100000000003,0.11926,7.7519,0.17889,50.6855,No (reported postion),cruise,2021-05-11 06:00:00
2021-05-11 07:00:00+00:00,26.8401133333,60.3698816667,12.6,2725.091,7.7519,0.016100100000000003,0.11926,7.7519,0.17889,50.6855,No (reported postion),cruise,2021-05-11 07:00:00
2021-05-11 08:00:00+00:00,27.2379466667,60.379835,13.0,2725.091,7.7519,0.016100100000000003,0.11926,7.7519,0.17889,50.6855,No (reported postion),cruise,2021-05-11 08:00:00
2021-05-11 09:00:00+00:00,27.1738483333,60.51574,4.7,262.78424587726903,1.76119574185529,0.0015525546255331,0.0156406474137256,1.01664208189217,0.0280152381787503,14.712123066328301,No (reported postion),cruise,2021-05-11 09:00:00
2021-05-11 10:00:00+00:00,27.1730470175105,60.5158307017526,4.45263157894737,418.268489770459,1.75994945337116,0.00247117050849068,0.020223662071699098,1.31453803466044,0.0323912381169827,12.2063151137113,Linear (small gap),cruise,2021-05-11 10:00:00
2021-05-11 11:00:00+00:00,27.1722457017211,60.5159214035053,4.20526315789474,368.921327202035,1.7773825141453201,0.00217962272088729,0.018685331255425902,1.21454653160269,0.0307988817202719,12.6517700066821,Linear (small gap),cruise,2021-05-11 11:00:00
2021-05-11 12:00:00+00:00,27.1714443859316,60.5160121052579,3.95789473684211,325.051216409431,1.66292430482347,0.00192043388250649,0.0168243039317277,1.0935797555623001,0.0282684682901066,12.2638421345514,Linear (small gap),cruise,2021-05-11 12:00:00
2021-05-11 13:00:00+00:00,27.1706430701421,60.5161028070105,3.71052631578947,286.335977876423,1.74246293100696,0.00169170052574692,0.0161001167580225,1.04650758927146,0.0281950437898554,13.819948048277,Linear (small gap),cruise,2021-05-11 13:00:00
2021-05-11 14:00:00+00:00,27.1698417543526,60.5161935087632,3.46315789473684,252.45343208678702,1.6653927028092002,0.00149151918300727,0.0149172643911973,0.9696221854278261,0.026631768148164897,13.8762765895163,Linear (small gap),cruise,2021-05-11 14:00:00
2021-05-11 15:00:00+00:00,27.1690404385632,60.5162842105158,3.21578947368421,223.081399524297,1.60778554833301,0.00131798638668622,0.014048037686191,0.913122449602412,0.0257960753723819,14.2645540181971,Linear (small gap),cruise,2021-05-11 15:00:00
2021-05-11 16:00:00+00:00,27.1682391227737,60.5163749122684,2.96842105263158,259.083151607512,1.72008083538451,0.00153068820424569,0.0176489361900559,1.14718085235364,0.033409744543901,19.72848792976,Linear (small gap),anchor,2021-05-11 16:00:00
2021-05-11 17:00:00+00:00,27.1674378069842,60.5164656140211,2.72105263157895,249.956941429165,1.46826133790323,0.0014767696758397099,0.0157997303639841,1.0269824736589601,0.0290423437430164,16.133320274601,Linear (small gap),anchor,2021-05-11 17:00:00
2021-05-11 18:00:00+00:00,27.1666364911947,60.5165563157737,2.47368421052632,242.34793495805098,1.25830603899566,0.00143181493301255,0.0142579491840602,0.92676669696391,0.0254010095740168,13.135837922314801,Linear (small gap),anchor,2021-05-11 18:00:00
2021-05-11 19:00:00+00:00,27.1658351754053,60.5166470175263,2.22631578947368,236.118204584419,1.08640910242784,0.00139500908616615,0.0129956449551799,0.84471692208669,0.022419735979458198,10.6817058453675,Linear (small gap),anchor,2021-05-11 19:00:00
2021-05-11 20:00:00+00:00,27.1650338596158,60.516737719279,1.97894736842105,231.12982269852202,0.94876469196578,0.00136553724570243,0.011984869982238801,0.7790165488455221,0.0200325169018966,8.716589016225171,Linear (small gap),anchor,2021-05-11 20:00:00
2021-05-11 21:00:00+00:00,27.1642325438263,60.5168284210316,1.73157894736842,227.244861690611,0.8415669713755131,0.00134258452202331,0.011197676570132601,0.7278489770586211,0.0181733462838878,7.18615240735397,Linear (small gap),anchor,2021-05-11 21:00:00
2021-05-11 22:00:00+00:00,27.1634312280368,60.5169191227842,1.48421052631579,224.325393950939,0.761010104423063,0.00132533602553071,0.010606117023757,0.689397606544205,0.0167762180679876,6.03606099121999,Linear (small gap),anchor,2021-05-11 22:00:00
2021-05-11 23:00:00+00:00,27.1626299122474,60.5170098245368,1.23684210526316,222.233491869756,0.7032882548744579,0.00131297686662657,0.0101822436480075,0.6618458371204891,0.015775126196752098,5.21197974028935,Linear (small gap),anchor,2021-05-11 23:00:00
2021-05-12 00:00:00+00:00,27.1618285964579,60.5171005262895,0.989473684210526,220.831227837315,0.6645955864957229,0.0013046921557128,0.00989810874777985,0.6433770686056901,0.0151040646127371,4.65957362702815,Linear (small gap),anchor,2021-05-12 00:00:00
2021-05-12 01:00:00+00:00,27.1610272806684,60.5171912280421,0.742105263157895,219.98067424386699,0.641126263052883,0.00129966700319134,0.009725764627969619,0.6321747008180251,0.0146970272584985,4.3245076239025,Linear (small gap),anchor,2021-05-12 01:00:00
2021-05-12 02:00:00+00:00,27.1602259648789,60.5172819297947,0.494736842105263,219.543903479664,0.629074448311965,0.0012970865194641,0.009637263593472481,0.626422133575711,0.0144880080765921,4.15244670337852,Linear (small gap),anchor,2021-05-12 02:00:00
2021-05-12 03:00:00+00:00,27.1594246490895,60.5173726315474,0.247368421052632,219.38298793495798,0.624634306038996,0.00129613581493301,0.00960465794918406,0.624302766696964,0.014411001009574001,4.089055837922309,Linear (small gap),anchor,2021-05-12 03:00:00
2021-05-12 04:00:00+00:00,27.1586233333,60.5174633333,0.0,219.36,0.624,0.001296,0.0096,0.624,0.0144,4.08,No (reported postion),anchor,2021-05-12 04:00:00
2021-05-12 05:00:00+00:00,27.1436716667,60.4575866667,11.5,2414.83731185375,6.86934027441986,0.0142670913391797,0.10568215806799801,6.86934027441986,0.158523237101997,44.9149171788991,No (reported postion),cruise,2021-05-12 05:00:00
2021-05-12 06:00:00+00:00,26.9766416667,60.355655,12.3,2725.091,7.7519,0.016100100000000003,0.11926,7.7519,0.17889,50.6855,No (reported postion),cruise,2021-05-12 06:00:00
2021-05-12 07:00:00+00:00,26.6091466667,60.3281566667,11.9,2664.33266268836,7.579064467166011,0.015741133893344802,0.11660099180255401,7.579064467166011,0.17490148770383102,49.5554215160854,No (reported postion),cruise,2021-05-12 07:00:00
2021-05-12 08:00:00+00:00,26.3650833333,60.1798683333,12.1,2725.091,7.7519,0.016100100000000003,0.11926,7.7519,0.17889,50.6855,No (reported postion),cruise,2021-05-12 08:00:00
2021-05-12 09:00:00+00:00,26.093465,60.0306383333,12.4,2725.091,7.7519,0.016100100000000003,0.11926,7.7519,0.17889,50.6855,No (reported postion),cruise,2021-05-12 09:00:00
2021-05-12 10:00:00+00:00,25.7554316667,59.9162066667,12.4,2725.091,7.7519,0.016100100000000003,0.11926,7.7519,0.17889,50.6855,No (reported postion),cruise,2021-05-12 10:00:00
2021-05-12 11:00:00+00:00,25.3553583333,59.884455,12.6,2725.091,7.7519,0.016100100000000003,0.11926,7.7519,0.17889,50.6855,No (reported postion),cruise,2021-05-12 11:00:00
2021-05-12 12:00:00+00:00,24.946295,59.8486916667,12.7,2725.091,7.7519,0.016100100000000003,0.11926,7.7519,0.17889,50.6855,No (reported postion),cruise,2021-05-12 12:00:00
2021-05-12 13:00:00+00:00,24.5389566667,59.7987366667,12.5,2725.091,7.7519,0.016100100000000003,0.11926,7.7519,0.17889,50.6855,No (reported postion),cruise,2021-05-12 13:00:00
2021-05-12 14:00:00+00:00,24.132315,59.7483916667,12.7,2725.091,7.7519,0.016100100000000003,0.11926,7.7519,0.17889,50.6855,No (reported postion),cruise,2021-05-12 14:00:00
2021-05-12 15:00:00+00:00,23.6908,59.6842,12.8,2725.091,7.7519,0.016100100000000003,0.11926,7.7519,0.17889,50.6855,No (reported postion),cruise,2021-05-12 15:00:00
2021-05-12 16:00:00+00:00,23.2867,59.6305,12.8,2725.091,7.7519,0.016100100000000003,0.11926,7.7519,0.17889,50.6855,No (reported postion),cruise,2021-05-12 16:00:00
2021-05-12 17:00:00+00:00,22.9121433333,59.5759616667,12.8,2725.091,7.7519,0.016100100000000003,0.11926,7.7519,0.17889,50.6855,No (reported postion),cruise,2021-05-12 17:00:00
2021-05-12 18:00:00+00:00,22.5043,59.5088,12.7,2725.091,7.7519,0.016100100000000003,0.11926,7.7519,0.17889,50.6855,No (reported postion),cruise,2021-05-12 18:00:00
2021-05-12 19:00:00+00:00,22.1826,59.3799,12.4,2725.091,7.7519,0.016100100000000003,0.11926,7.7519,0.17889,50.6855,No (reported postion),cruise,2021-05-12 19:00:00
2021-05-12 20:00:00+00:00,21.8723,59.2578,11.8,2713.77532713504,7.71971099622658,0.0160332459152398,0.11876478455733201,7.71971099622658,0.178147176835998,50.4750334368661,No (reported postion),cruise,2021-05-12 20:00:00
2021-05-12 21:00:00+00:00,21.573,59.1206,11.6,2583.36682912065,7.348745903406679,0.0152627799532293,0.11305762928318,7.348745903406679,0.169586443924769,48.0494924453513,No (reported postion),cruise,2021-05-12 21:00:00
2021-05-12 22:00:00+00:00,21.3483,58.9698,11.6,2583.36682912065,7.348745903406679,0.0152627799532293,0.11305762928318,7.348745903406679,0.169586443924769,48.0494924453513,No (reported postion),cruise,2021-05-12 22:00:00
2021-05-12 23:00:00+00:00,21.0501,58.7711,11.4,2457.37852759103,6.99035467367252,0.0145184289376275,0.1075439180565,6.99035467367252,0.16131587708475,45.706165174012604,No (reported postion),cruise,2021-05-12 23:00:00
2021-05-13 00:00:00+00:00,20.8165625,58.60101,11.475,2725.091,7.7519,0.016100100000000003,0.11926,7.7519,0.17889,50.6855,Linear (small gap),cruise,2021-05-13 00:00:00
2021-05-13 01:00:00+00:00,20.583025,58.43092,11.55,2725.091,7.7519,0.016100100000000003,0.11926,7.7519,0.17889,50.6855,Linear (small gap),cruise,2021-05-13 01:00:00
2021-05-13 02:00:00+00:00,20.3494875,58.26083,11.625,2725.091,7.7519,0.016100100000000003,0.11926,7.7519,0.17889,50.6855,Linear (small gap),cruise,2021-05-13 02:00:00
2021-05-13 03:00:00+00:00,20.11595,58.09074,11.7,2648.01379042449,7.53264316750948,0.0156447204248274,0.115886817961684,7.53264316750948,0.173830226942526,49.2518976337158,No (reported postion),cruise,2021-05-13 03:00:00
2021-05-13 04:00:00+00:00,20.05514,58.0446583333,11.5,2519.82491693801,7.16799210507531,0.014887368218233301,0.11027680161654299,7.16799210507531,0.165415202424815,46.8676406870309,No (reported postion),cruise,2021-05-13 04:00:00
2021-05-13 05:00:00+00:00,19.84504,57.8813516667,11.7,2648.01379042449,7.53264316750948,0.0156447204248274,0.115886817961684,7.53264316750948,0.173830226942526,49.2518976337158,No (reported postion),cruise,2021-05-13 05:00:00
2021-05-13 06:00:00+00:00,19.60055,57.70641,11.9,2725.091,7.7519,0.016100100000000003,0.11926,7.7519,0.17889,50.6855,No (reported postion),cruise,2021-05-13 06:00:00
2021-05-13 07:00:00+00:00,19.3971633333,57.5575466667,11.8,2713.77532713504,7.71971099622658,0.0160332459152398,0.11876478455733201,7.71971099622658,0.178147176835998,50.4750334368661,No (reported postion),cruise,2021-05-13 07:00:00
2021-05-13 08:00:00+00:00,19.1888883333,57.4003233333,11.5,2519.82491693801,7.16799210507531,0.014887368218233301,0.11027680161654299,7.16799210507531,0.165415202424815,46.8676406870309,No (reported postion),cruise,2021-05-13 08:00:00
2021-05-13 09:00:00+00:00,18.9476516667,57.21521,11.5,2519.82491693801,7.16799210507531,0.014887368218233301,0.11027680161654299,7.16799210507531,0.165415202424815,46.8676406870309,No (reported postion),cruise,2021-05-13 09:00:00
2021-05-13 10:00:00+00:00,18.76301,57.0796516667,11.7,2648.01379042449,7.53264316750948,0.0156447204248274,0.115886817961684,7.53264316750948,0.173830226942526,49.2518976337158,No (reported postion),cruise,2021-05-13 10:00:00
2021-05-13 11:00:00+00:00,18.5561783333,56.9266283333,11.8,2713.77532713504,7.71971099622658,0.0160332459152398,0.11876478455733201,7.71971099622658,0.178147176835998,50.4750334368661,No (reported postion),cruise,2021-05-13 11:00:00
2021-05-13 12:00:00+00:00,18.30689,56.8049016667,11.7,2648.01379042449,7.53264316750948,0.0156447204248274,0.115886817961684,7.53264316750948,0.173830226942526,49.2518976337158,No (reported postion),cruise,2021-05-13 12:00:00
2021-05-13 13:00:00+00:00,17.9983166667,56.6726783333,10.3,1840.04823426707,5.23427287647087,0.0108711821280549,0.0805272750226287,5.23427287647087,0.120790912533943,34.2240918846172,No (reported postion),cruise,2021-05-13 13:00:00
2021-05-13 14:00:00+00:00,17.7742566667,56.5765983333,10.4,1891.07260726658,5.3794187952878705,0.0111726390363671,0.08276028915827491,5.3794187952878705,0.124140433737412,35.173122892266804,No (reported postion),cruise,2021-05-13 14:00:00
2021-05-13 15:00:00+00:00,17.4913233333,56.4545283333,10.4,1891.07260726658,5.3794187952878705,0.0111726390363671,0.08276028915827491,5.3794187952878705,0.124140433737412,35.173122892266804,No (reported postion),cruise,2021-05-13 15:00:00
2021-05-13 16:00:00+00:00,17.27014,56.3647566667,10.4,1891.07260726658,5.3794187952878705,0.0111726390363671,0.08276028915827491,5.3794187952878705,0.124140433737412,35.173122892266804,No (reported postion),cruise,2021-05-13 16:00:00
2021-05-13 17:00:00+00:00,17.0205433333,56.2609933333,10.4,1891.07260726658,5.3794187952878705,0.0111726390363671,0.08276028915827491,5.3794187952878705,0.124140433737412,35.173122892266804,No (reported postion),cruise,2021-05-13 17:00:00
2021-05-13 18:00:00+00:00,16.771145,56.157455,10.5,1943.08771396095,5.5273829937620205,0.011479949294736499,0.0850366614424925,5.5273829937620205,0.127554992163739,36.1405811130593,No (reported postion),cruise,2021-05-13 18:00:00
2021-05-13 19:00:00+00:00,16.519565,56.0547233333,10.4,1891.07260726658,5.3794187952878705,0.0111726390363671,0.08276028915827491,5.3794187952878705,0.124140433737412,35.173122892266804,No (reported postion),cruise,2021-05-13 19:00:00
2021-05-13 20:00:00+00:00,16.2507016667,55.9674183333,10.4,1891.07260726658,5.3794187952878705,0.0111726390363671,0.08276028915827491,5.3794187952878705,0.124140433737412,35.173122892266804,No (reported postion),cruise,2021-05-13 20:00:00
2021-05-13 21:00:00+00:00,15.9743316667,55.8848066667,10.6,1996.1030806357198,5.67819257073617,0.011793169185375102,0.0873568087805564,5.67819257073617,0.131035213170835,37.1266437317365,No (reported postion),cruise,2021-05-13 21:00:00
2021-05-13 22:00:00+00:00,15.7085683333,55.7932333333,10.5,1943.08771396095,5.5273829937620205,0.011479949294736499,0.0850366614424925,5.5273829937620205,0.127554992163739,36.1405811130593,No (reported postion),cruise,2021-05-13 22:00:00
2021-05-13 23:00:00+00:00,15.4468166667,55.7037816667,10.3,1840.04823426707,5.23427287647087,0.0108711821280549,0.0805272750226287,5.23427287647087,0.120790912533943,34.2240918846172,No (reported postion),cruise,2021-05-13 23:00:00
2021-05-14 00:00:00+00:00,15.1796816667,55.613175,10.3,1840.04823426707,5.23427287647087,0.0108711821280549,0.0805272750226287,5.23427287647087,0.120790912533943,34.2240918846172,No (reported postion),cruise,2021-05-14 00:00:00
2021-05-14 01:00:00+00:00,14.9164466667,55.5383033333,10.3,1840.04823426707,5.23427287647087,0.0108711821280549,0.0805272750226287,5.23427287647087,0.120790912533943,34.2240918846172,No (reported postion),cruise,2021-05-14 01:00:00
2021-05-14 02:00:00+00:00,14.641715,55.4634,10.3,1840.04823426707,5.23427287647087,0.0108711821280549,0.0805272750226287,5.23427287647087,0.120790912533943,34.2240918846172,No (reported postion),cruise,2021-05-14 02:00:00
2021-05-14 03:00:00+00:00,14.435245,55.3416533333,10.4,1891.07260726658,5.3794187952878705,0.0111726390363671,0.08276028915827491,5.3794187952878705,0.124140433737412,35.173122892266804,No (reported postion),cruise,2021-05-14 03:00:00
2021-05-14 04:00:00+00:00,14.22933,55.2173583333,10.1,1740.9335842105,4.95232748243688,0.0102856032327535,0.07618965357595209,4.95232748243688,0.11428448036392799,32.3806027697796,No (reported postion),cruise,2021-05-14 04:00:00
2021-05-14 05:00:00+00:00,13.927235,55.22327,10.3,1840.04823426707,5.23427287647087,0.0108711821280549,0.0805272750226287,5.23427287647087,0.120790912533943,34.2240918846172,No (reported postion),cruise,2021-05-14 05:00:00
2021-05-14 06:00:00+00:00,13.6310566667,55.2342466667,10.1,1740.9335842105,4.95232748243688,0.0102856032327535,0.07618965357595209,4.95232748243688,0.11428448036392799,32.3806027697796,No (reported postion),cruise,2021-05-14 06:00:00
2021-05-14 07:00:00+00:00,13.3334633333,55.2447316667,10.2,1790.00506867688,5.091918138468159,0.0105755222875877,0.0783372021302793,5.091918138468159,0.117505803195419,33.2933109053687,No (reported postion),cruise,2021-05-14 07:00:00
2021-05-14 08:00:00+00:00,13.0396166667,55.2520216667,9.9,1645.6675535070501,4.68133002091722,0.00972276235113576,0.0720204618602648,4.68133002091722,0.108030692790397,30.6086962906126,No (reported postion),cruise,2021-05-14 08:00:00
2021-05-14 09:00:00+00:00,12.7523133333,55.2894016667,10.1,1740.9335842105,4.95232748243688,0.0102856032327535,0.07618965357595209,4.95232748243688,0.11428448036392799,32.3806027697796,No (reported postion),cruise,2021-05-14 09:00:00
2021-05-14 10:00:00+00:00,12.69354,55.425145,10.4,1813.42205912456,5.1585310215797,0.0107138721217425,0.07936201571661079,5.1585310215797,0.119043023574916,33.7288566795596,No (reported postion),cruise,2021-05-14 10:00:00
2021-05-14 11:00:00+00:00,12.7017766667,55.58793,9.3,1326.6734627308301,3.77390700558004,0.00783811455005084,0.0580601077781544,3.77390700558004,0.0870901616672316,24.6755458057156,No (reported postion),cruise,2021-05-14 11:00:00
2021-05-14 12:00:00+00:00,12.697025,55.7615783333,11.1,2182.10822354754,6.207310045102401,0.012892105478289602,0.09549707761696,6.207310045102401,0.14324561642544,40.586257987208,No (reported postion),cruise,2021-05-14 12:00:00
2021-05-14 13:00:00+00:00,12.74609,55.9306883333,10.7,1965.5622234209,5.5913148587465304,0.0116127308604736,0.08602022859610049,5.5913148587465304,0.129030342894151,36.5585971533427,No (reported postion),cruise,2021-05-14 13:00:00
2021-05-14 14:00:00+00:00,12.6031366667,56.085785,11.1,2182.10822354754,6.207310045102401,0.012892105478289602,0.09549707761696,6.207310045102401,0.14324561642544,40.586257987208,No (reported postion),cruise,2021-05-14 14:00:00
2021-05-14 15:00:00+00:00,12.4238683333,56.2284133333,10.4,1813.42205912456,5.1585310215797,0.0107138721217425,0.07936201571661079,5.1585310215797,0.119043023574916,33.7288566795596,No (reported postion),cruise,2021-05-14 15:00:00
2021-05-14 16:00:00+00:00,12.33368,56.3981533333,10.5,1943.08771396095,5.5273829937620205,0.011479949294736499,0.0850366614424925,5.5273829937620205,0.127554992163739,36.1405811130593,No (reported postion),cruise,2021-05-14 16:00:00
2021-05-14 17:00:00+00:00,12.2726583333,56.5672916667,10.3,1840.04823426707,5.23427287647087,0.0108711821280549,0.0805272750226287,5.23427287647087,0.120790912533943,34.2240918846172,No (reported postion),cruise,2021-05-14 17:00:00
2021-05-14 18:00:00+00:00,12.1945366667,56.73486,10.3,1840.04823426707,5.23427287647087,0.0108711821280549,0.0805272750226287,5.23427287647087,0.120790912533943,34.2240918846172,No (reported postion),cruise,2021-05-14 18:00:00
2021-05-14 19:00:00+00:00,12.1185916667,56.8979116667,9.9,1645.6675535070501,4.68133002091722,0.00972276235113576,0.0720204618602648,4.68133002091722,0.108030692790397,30.6086962906126,No (reported postion),cruise,2021-05-14 19:00:00
2021-05-14 20:00:00+00:00,12.0198283333,57.0568866667,9.2,1341.4440374722599,3.8159239577985598,0.007925380527735471,0.058706522427670105,3.8159239577985598,0.08805978364150521,24.9502720317598,No (reported postion),cruise,2021-05-14 20:00:00
2021-05-14 21:00:00+00:00,11.9517366667,57.1565966667,4.0,366.673712293274,2.1588040137175097,0.00216634359560577,0.0214278470095464,1.39281005562052,0.0380117967824649,19.5016731622313,No (reported postion),maneuver,2021-05-14 21:00:00
2021-05-14 22:00:00+00:00,11.9048666667,57.2206816667,4.3,391.294397239083,2.15445600438108,0.00231180497274732,0.0217098007416859,1.41113704820958,0.037619601483371706,18.101744490909603,No (reported postion),maneuver,2021-05-14 22:00:00
2021-05-14 23:00:00+00:00,11.8345533333,57.2812666667,4.3,391.294397239083,2.15445600438108,0.00231180497274732,0.0217098007416859,1.41113704820958,0.037619601483371706,18.101744490909603,No (reported postion),maneuver,2021-05-14 23:00:00
2021-05-15 00:00:00+00:00,11.761055,57.3426566667,4.5,409.740461448821,2.0956975834138003,0.00242078609608713,0.0217307981758475,1.41250188143008,0.0367751515113083,16.635820704748703,No (reported postion),maneuver,2021-05-15 00:00:00
2021-05-15 01:00:00+00:00,11.6865383333,57.40791,4.9,451.852994337365,2.24180415621009,0.002669590994991,0.0234533847610144,1.52447000946594,0.0393491986781543,17.1594231741225,No (reported postion),maneuver,2021-05-15 01:00:00
2021-05-15 02:00:00+00:00,11.62022,57.4810216667,5.1,306.564845167888,1.7030124329534402,0.00181121462134201,0.0165021462134201,1.07263950387231,0.0281916171151182,13.0085672704263,No (reported postion),cruise,2021-05-15 02:00:00
2021-05-15 03:00:00+00:00,11.6366366667,57.5680716667,9.5,1407.1910086302998,4.00295035277766,0.0083138199634613,0.0615838515811948,4.00295035277766,0.0923757773717922,26.173136922007803,No (reported postion),cruise,2021-05-15 03:00:00
2021-05-15 04:00:00+00:00,11.817195,57.6797883333,10.1,1669.81081967961,4.750008896243981,0.00986540309219903,0.073077059942215,4.750008896243981,0.109615589913323,31.0577504754414,No (reported postion),cruise,2021-05-15 04:00:00
2021-05-15 05:00:00+00:00,11.8783633333,57.6900183333,0.0,219.36,0.624,0.001296,0.0096,0.624,0.0144,4.08,No (reported postion),anchor,2021-05-15 05:00:00
2021-05-15 06:00:00+00:00,11.8783233333,57.6900233333,0.0,219.36,0.624,0.001296,0.0096,0.624,0.0144,4.08,No (reported postion),anchor,2021-05-15 06:00:00
2021-05-15 07:00:00+00:00,11.8783733333,57.6899916667,0.0,219.36,0.624,0.001296,0.0096,0.624,0.0144,4.08,No (reported postion),anchor,2021-05-15 07:00:00
2021-05-15 08:00:00+00:00,11.8783883333,57.6900116667,0.0,219.36,0.624,0.001296,0.0096,0.624,0.0144,4.08,No (reported postion),anchor,2021-05-15 08:00:00
2021-05-15 09:00:00+00:00,11.87829,57.6900266667,0.0,219.36,0.624,0.001296,0.0096,0.624,0.0144,4.08,No (reported postion),anchor,2021-05-15 09:00:00
2021-05-15 10:00:00+00:00,11.878335,57.6899866667,0.0,219.36,0.624,0.001296,0.0096,0.624,0.0144,4.08,No (reported postion),anchor,2021-05-15 10:00:00
2021-05-15 11:00:00+00:00,11.8784116667,57.69002,0.0,219.36,0.624,0.001296,0.0096,0.624,0.0144,4.08,No (reported postion),anchor,2021-05-15 11:00:00
2021-05-15 12:00:00+00:00,11.8783783333,57.6900216667,0.0,219.36,0.624,0.001296,0.0096,0.624,0.0144,4.08,No (reported postion),anchor,2021-05-15 12:00:00
2021-05-15 13:00:00+00:00,11.8783566667,57.6899983333,0.0,219.36,0.624,0.001296,0.0096,0.624,0.0144,4.08,No (reported postion),anchor,2021-05-15 13:00:00
2021-05-15 14:00:00+00:00,11.8783116667,57.6900133333,0.0,219.36,0.624,0.001296,0.0096,0.624,0.0144,4.08,No (reported postion),anchor,2021-05-15 14:00:00
2021-05-15 15:00:00+00:00,11.8782883333,57.6900116667,0.0,219.36,0.624,0.001296,0.0096,0.624,0.0144,4.08,No (reported postion),anchor,2021-05-15 15:00:00
2021-05-15 16:00:00+00:00,11.87833,57.689985,0.0,219.36,0.624,0.001296,0.0096,0.624,0.0144,4.08,No (reported postion),anchor,2021-05-15 16:00:00
2021-05-15 17:00:00+00:00,11.878345,57.6899716667,0.0,219.36,0.624,0.001296,0.0096,0.624,0.0144,4.08,No (reported postion),anchor,2021-05-15 17:00:00
2021-05-15 18:00:00+00:00,11.8783083333,57.6899983333,0.0,219.36,0.624,0.001296,0.0096,0.624,0.0144,4.08,No (reported postion),anchor,2021-05-15 18:00:00
2021-05-15 19:00:00+00:00,11.8783166667,57.6900266667,0.0,219.36,0.624,0.001296,0.0096,0.624,0.0144,4.08,No (reported postion),anchor,2021-05-15 19:00:00
2021-05-15 20:00:00+00:00,11.87836,57.6900966667,0.0,219.36,0.624,0.001296,0.0096,0.624,0.0144,4.08,No (reported postion),anchor,2021-05-15 20:00:00
2021-05-15 21:00:00+00:00,11.87836,57.6899833333,0.0,219.36,0.624,0.001296,0.0096,0.624,0.0144,4.08,No (reported postion),anchor,2021-05-15 21:00:00
2021-05-15 22:00:00+00:00,11.8783333333,57.6900533333,0.0,219.36,0.624,0.001296,0.0096,0.624,0.0144,4.08,No (reported postion),anchor,2021-05-15 22:00:00
2021-05-15 23:00:00+00:00,11.8783116667,57.6900033333,0.0,219.36,0.624,0.001296,0.0096,0.624,0.0144,4.08,No (reported postion),anchor,2021-05-15 23:00:00
2021-05-16 00:00:00+00:00,11.8782783333,57.69002,0.0,219.36,0.624,0.001296,0.0096,0.624,0.0144,4.08,No (reported postion),anchor,2021-05-16 00:00:00
2021-05-16 01:00:00+00:00,11.8783316667,57.68999,0.0,219.36,0.624,0.001296,0.0096,0.624,0.0144,4.08,No (reported postion),anchor,2021-05-16 01:00:00
2021-05-16 02:00:00+00:00,11.8783333333,57.6900283333,0.0,219.36,0.624,0.001296,0.0096,0.624,0.0144,4.08,No (reported postion),anchor,2021-05-16 02:00:00
2021-05-16 03:00:00+00:00,11.8782766667,57.689985,0.0,219.36,0.624,0.001296,0.0096,0.624,0.0144,4.08,No (reported postion),anchor,2021-05-16 03:00:00
2021-05-16 04:00:00+00:00,11.878335,57.6900116667,0.0,219.36,0.624,0.001296,0.0096,0.624,0.0144,4.08,No (reported postion),anchor,2021-05-16 04:00:00
2021-05-16 05:00:00+00:00,11.8783316667,57.6899933333,0.0,219.36,0.624,0.001296,0.0096,0.624,0.0144,4.08,No (reported postion),anchor,2021-05-16 05:00:00
2021-05-16 06:00:00+00:00,11.8783683333,57.690015,0.0,219.36,0.624,0.001296,0.0096,0.624,0.0144,4.08,No (reported postion),anchor,2021-05-16 06:00:00
2021-05-16 07:00:00+00:00,11.8783,57.6900133333,0.0,219.36,0.624,0.001296,0.0096,0.624,0.0144,4.08,No (reported postion),anchor,2021-05-16 07:00:00
2021-05-16 08:00:00+00:00,11.878335,57.690005,0.0,219.36,0.624,0.001296,0.0096,0.624,0.0144,4.08,No (reported postion),anchor,2021-05-16 08:00:00
2021-05-16 09:00:00+00:00,11.878335,57.6899783333,0.0,219.36,0.624,0.001296,0.0096,0.624,0.0144,4.08,No (reported postion),anchor,2021-05-16 09:00:00
2021-05-16 10:00:00+00:00,11.8783266667,57.6899916667,0.0,219.36,0.624,0.001296,0.0096,0.624,0.0144,4.08,No (reported postion),anchor,2021-05-16 10:00:00
2021-05-16 11:00:00+00:00,11.8783116667,57.6899966667,0.0,219.36,0.624,0.001296,0.0096,0.624,0.0144,4.08,No (reported postion),anchor,2021-05-16 11:00:00
2021-05-16 12:00:00+00:00,11.87828,57.6900383333,0.0,219.36,0.624,0.001296,0.0096,0.624,0.0144,4.08,No (reported postion),anchor,2021-05-16 12:00:00
2021-05-16 13:00:00+00:00,11.8783233333,57.690035,0.0,219.36,0.624,0.001296,0.0096,0.624,0.0144,4.08,No (reported postion),anchor,2021-05-16 13:00:00
2021-05-16 14:00:00+00:00,11.8782766667,57.690015,0.0,219.36,0.624,0.001296,0.0096,0.624,0.0144,4.08,No (reported postion),anchor,2021-05-16 14:00:00
2021-05-16 15:00:00+00:00,11.878345,57.6900216667,0.0,219.36,0.624,0.001296,0.0096,0.624,0.0144,4.08,No (reported postion),anchor,2021-05-16 15:00:00
2021-05-16 16:00:00+00:00,11.878355,57.6900283333,0.0,219.36,0.624,0.001296,0.0096,0.624,0.0144,4.08,No (reported postion),anchor,2021-05-16 16:00:00
2021-05-16 17:00:00+00:00,11.8783316667,57.690005,0.0,219.36,0.624,0.001296,0.0096,0.624,0.0144,4.08,No (reported postion),anchor,2021-05-16 17:00:00
2021-05-16 18:00:00+00:00,11.8782983333,57.6899916667,0.0,219.36,0.624,0.001296,0.0096,0.624,0.0144,4.08,No (reported postion),anchor,2021-05-16 18:00:00
2021-05-16 19:00:00+00:00,11.8782933333,57.6899816667,0.0,219.36,0.624,0.001296,0.0096,0.624,0.0144,4.08,No (reported postion),anchor,2021-05-16 19:00:00
2021-05-16 20:00:00+00:00,11.8783333333,57.6900316667,0.0,219.36,0.624,0.001296,0.0096,0.624,0.0144,4.08,No (reported postion),anchor,2021-05-16 20:00:00
2021-05-16 21:00:00+00:00,11.8783166667,57.69001,0.0,219.36,0.624,0.001296,0.0096,0.624,0.0144,4.08,No (reported postion),anchor,2021-05-16 21:00:00
2021-05-16 22:00:00+00:00,11.878345,57.6900016667,0.0,219.36,0.624,0.001296,0.0096,0.624,0.0144,4.08,No (reported postion),anchor,2021-05-16 22:00:00
2021-05-16 23:00:00+00:00,11.87837,57.6900366667,0.0,219.36,0.624,0.001296,0.0096,0.624,0.0144,4.08,No (reported postion),anchor,2021-05-16 23:00:00
2021-05-17 00:00:00+00:00,11.8782783333,57.689995,0.0,219.36,0.624,0.001296,0.0096,0.624,0.0144,4.08,No (reported postion),anchor,2021-05-17 00:00:00
2021-05-17 01:00:00+00:00,11.8783066667,57.6900366667,0.0,219.36,0.624,0.001296,0.0096,0.624,0.0144,4.08,No (reported postion),anchor,2021-05-17 01:00:00
2021-05-17 02:00:00+00:00,11.8782966667,57.6899983333,0.0,219.36,0.624,0.001296,0.0096,0.624,0.0144,4.08,No (reported postion),anchor,2021-05-17 02:00:00
2021-05-17 03:00:00+00:00,11.878305,57.6900116667,0.0,219.36,0.624,0.001296,0.0096,0.624,0.0144,4.08,No (reported postion),anchor,2021-05-17 03:00:00
2021-05-17 04:00:00+00:00,11.878335,57.6900283333,0.0,219.36,0.624,0.001296,0.0096,0.624,0.0144,4.08,No (reported postion),anchor,2021-05-17 04:00:00
2021-05-17 05:00:00+00:00,11.8782583333,57.68998,0.0,219.36,0.624,0.001296,0.0096,0.624,0.0144,4.08,No (reported postion),anchor,2021-05-17 05:00:00
2021-05-17 06:00:00+00:00,11.8783716667,57.6900133333,0.0,219.36,0.624,0.001296,0.0096,0.624,0.0144,4.08,No (reported postion),anchor,2021-05-17 06:00:00
2021-05-17 07:00:00+00:00,11.8782633333,57.6899633333,0.0,219.36,0.624,0.001296,0.0096,0.624,0.0144,4.08,No (reported postion),anchor,2021-05-17 07:00:00
2021-05-17 08:00:00+00:00,11.87837,57.690035,0.0,219.36,0.624,0.001296,0.0096,0.624,0.0144,4.08,No (reported postion),anchor,2021-05-17 08:00:00
2021-05-17 09:00:00+00:00,11.87829,57.6900183333,0.0,219.36,0.624,0.001296,0.0096,0.624,0.0144,4.08,No (reported postion),anchor,2021-05-17 09:00:00
2021-05-17 10:00:00+00:00,11.87838,57.68999,0.0,219.36,0.624,0.001296,0.0096,0.624,0.0144,4.08,No (reported postion),anchor,2021-05-17 10:00:00
2021-05-17 11:00:00+00:00,11.8783766667,57.689995,0.0,219.36,0.624,0.001296,0.0096,0.624,0.0144,4.08,No (reported postion),anchor,2021-05-17 11:00:00
2021-05-17 12:00:00+00:00,11.878305,57.6899966667,0.0,219.36,0.624,0.001296,0.0096,0.624,0.0144,4.08,No (reported postion),anchor,2021-05-17 12:00:00
2021-05-17 13:00:00+00:00,11.878335,57.68998,0.0,219.36,0.624,0.001296,0.0096,0.624,0.0144,4.08,No (reported postion),anchor,2021-05-17 13:00:00
2021-05-17 14:00:00+00:00,11.87834,57.6900066667,0.0,219.36,0.624,0.001296,0.0096,0.624,0.0144,4.08,No (reported postion),anchor,2021-05-17 14:00:00
2021-05-17 15:00:00+00:00,11.878335,57.6900033333,0.0,219.36,0.624,0.001296,0.0096,0.624,0.0144,4.08,No (reported postion),anchor,2021-05-17 15:00:00
2021-05-17 16:00:00+00:00,11.87833,57.6900566667,0.0,219.36,0.624,0.001296,0.0096,0.624,0.0144,4.08,No (reported postion),anchor,2021-05-17 16:00:00
2021-05-17 17:00:00+00:00,11.8783366667,57.690035,0.0,219.36,0.624,0.001296,0.0096,0.624,0.0144,4.08,No (reported postion),anchor,2021-05-17 17:00:00
2021-05-17 18:00:00+00:00,11.878345,57.6900083333,0.0,219.36,0.624,0.001296,0.0096,0.624,0.0144,4.08,No (reported postion),anchor,2021-05-17 18:00:00
2021-05-17 19:00:00+00:00,11.8783316667,57.689985,0.0,219.36,0.624,0.001296,0.0096,0.624,0.0144,4.08,No (reported postion),anchor,2021-05-17 19:00:00
2021-05-17 20:00:00+00:00,11.878365,57.690025,0.0,219.36,0.624,0.001296,0.0096,0.624,0.0144,4.08,No (reported postion),anchor,2021-05-17 20:00:00
2021-05-17 21:00:00+00:00,11.6912383333,57.6403783333,12.0,2729.39456966107,7.764142101880511,0.0161255259039057,0.119448340028931,7.764142101880511,0.179172510043396,50.7655445122956,No (reported postion),cruise,2021-05-17 21:00:00
2021-05-17 22:00:00+00:00,11.6047816667,57.4588966667,13.3,2725.091,7.7519,0.016100100000000003,0.11926,7.7519,0.17889,50.6855,No (reported postion),cruise,2021-05-17 22:00:00
2021-05-17 23:00:00+00:00,11.5886583333,57.23574,13.4,2725.091,7.7519,0.016100100000000003,0.11926,7.7519,0.17889,50.6855,No (reported postion),cruise,2021-05-17 23:00:00
2021-05-18 00:00:00+00:00,11.6870016667,57.03155,12.7,2725.091,7.7519,0.016100100000000003,0.11926,7.7519,0.17889,50.6855,No (reported postion),cruise,2021-05-18 00:00:00
2021-05-18 01:00:00+00:00,11.8183,56.8326816667,12.5,2725.091,7.7519,0.016100100000000003,0.11926,7.7519,0.17889,50.6855,No (reported postion),cruise,2021-05-18 01:00:00
2021-05-18 02:00:00+00:00,11.750885,56.6464933333,12.3,2725.091,7.7519,0.016100100000000003,0.11926,7.7519,0.17889,50.6855,No (reported postion),cruise,2021-05-18 02:00:00
2021-05-18 03:00:00+00:00,11.5567733333,56.4698933333,12.4,2725.091,7.7519,0.016100100000000003,0.11926,7.7519,0.17889,50.6855,No (reported postion),cruise,2021-05-18 03:00:00
2021-05-18 04:00:00+00:00,11.37354,56.2909516667,11.9,2725.091,7.7519,0.016100100000000003,0.11926,7.7519,0.17889,50.6855,No (reported postion),cruise,2021-05-18 04:00:00
2021-05-18 05:00:00+00:00,11.162105,56.1203216667,12.9,2725.091,7.7519,0.016100100000000003,0.11926,7.7519,0.17889,50.6855,No (reported postion),cruise,2021-05-18 05:00:00
2021-05-18 06:00:00+00:00,10.9750833333,55.939225,12.2,2725.091,7.7519,0.016100100000000003,0.11926,7.7519,0.17889,50.6855,No (reported postion),cruise,2021-05-18 06:00:00
2021-05-18 07:00:00+00:00,10.8044866667,55.7678683333,12.4,2725.091,7.7519,0.016100100000000003,0.11926,7.7519,0.17889,50.6855,No (reported postion),cruise,2021-05-18 07:00:00
2021-05-18 08:00:00+00:00,10.8217316667,55.5698833333,12.0,2729.39456966107,7.764142101880511,0.0161255259039057,0.119448340028931,7.764142101880511,0.179172510043396,50.7655445122956,No (reported postion),cruise,2021-05-18 08:00:00
2021-05-18 09:00:00+00:00,11.0002916667,55.38977,12.6,2725.091,7.7519,0.016100100000000003,0.11926,7.7519,0.17889,50.6855,No (reported postion),cruise,2021-05-18 09:00:00
2021-05-18 10:00:00+00:00,11.0873616667,55.197435,12.5,2725.091,7.7519,0.016100100000000003,0.11926,7.7519,0.17889,50.6855,No (reported postion),cruise,2021-05-18 10:00:00
2021-05-18 11:00:00+00:00,11.0186416667,55.002995,12.5,2725.091,7.7519,0.016100100000000003,0.11926,7.7519,0.17889,50.6855,No (reported postion),cruise,2021-05-18 11:00:00
2021-05-18 12:00:00+00:00,10.8609633333,54.8378933333,11.6,2475.61653220237,7.04223521195421,0.014626180824828,0.10834208018391099,7.04223521195421,0.16251312027586598,46.0453840781622,No (reported postion),cruise,2021-05-18 12:00:00
2021-05-18 13:00:00+00:00,10.950315,54.6640233333,12.9,2725.091,7.7519,0.016100100000000003,0.11926,7.7519,0.17889,50.6855,No (reported postion),cruise,2021-05-18 13:00:00
2021-05-18 14:00:00+00:00,11.2699416667,54.5545483333,12.9,2725.091,7.7519,0.016100100000000003,0.11926,7.7519,0.17889,50.6855,No (reported postion),cruise,2021-05-18 14:00:00
2021-05-18 15:00:00+00:00,11.613855,54.4601083333,13.4,2725.091,7.7519,0.016100100000000003,0.11926,7.7519,0.17889,50.6855,No (reported postion),cruise,2021-05-18 15:00:00
2021-05-18 16:00:00+00:00,11.9750816667,54.41029,13.1,2725.091,7.7519,0.016100100000000003,0.11926,7.7519,0.17889,50.6855,No (reported postion),cruise,2021-05-18 16:00:00
2021-05-18 17:00:00+00:00,12.2678083333,54.4976266667,13.1,2725.091,7.7519,0.016100100000000003,0.11926,7.7519,0.17889,50.6855,No (reported postion),cruise,2021-05-18 17:00:00
2021-05-18 18:00:00+00:00,12.5021716667,54.6558333333,13.1,2725.091,7.7519,0.016100100000000003,0.11926,7.7519,0.17889,50.6855,No (reported postion),cruise,2021-05-18 18:00:00
2021-05-18 19:00:00+00:00,12.8162966667,54.7718683333,13.1,2725.091,7.7519,0.016100100000000003,0.11926,7.7519,0.17889,50.6855,No (reported postion),cruise,2021-05-18 19:00:00
2021-05-18 20:00:00+00:00,13.1838866667,54.8338266667,13.5,2725.091,7.7519,0.016100100000000003,0.11926,7.7519,0.17889,50.6855,No (reported postion),cruise,2021-05-18 20:00:00
2021-05-18 21:00:00+00:00,13.552995,54.90316,13.2,2725.091,7.7519,0.016100100000000003,0.11926,7.7519,0.17889,50.6855,No (reported postion),cruise,2021-05-18 21:00:00
2021-05-18 22:00:00+00:00,13.9123316667,54.977695,13.0,2725.091,7.7519,0.016100100000000003,0.11926,7.7519,0.17889,50.6855,No (reported postion),cruise,2021-05-18 22:00:00
2021-05-18 23:00:00+00:00,14.2267866667,55.0848266667,13.0,2725.091,7.7519,0.016100100000000003,0.11926,7.7519,0.17889,50.6855,No (reported postion),cruise,2021-05-18 23:00:00
2021-05-19 00:00:00+00:00,14.4674016667,55.2536216667,12.9,2725.091,7.7519,0.016100100000000003,0.11926,7.7519,0.17889,50.6855,No (reported postion),cruise,2021-05-19 00:00:00
2021-05-19 01:00:00+00:00,14.715195,55.4163666667,13.3,2725.091,7.7519,0.016100100000000003,0.11926,7.7519,0.17889,50.6855,No (reported postion),cruise,2021-05-19 01:00:00
2021-05-19 02:00:00+00:00,15.0575966667,55.52259,13.5,2725.091,7.7519,0.016100100000000003,0.11926,7.7519,0.17889,50.6855,No (reported postion),cruise,2021-05-19 02:00:00
2021-05-19 03:00:00+00:00,15.404125,55.6322233333,13.5,2725.091,7.7519,0.016100100000000003,0.11926,7.7519,0.17889,50.6855,No (reported postion),cruise,2021-05-19 03:00:00
2021-05-19 04:00:00+00:00,15.7473633333,55.7382433333,13.2,2725.091,7.7519,0.016100100000000003,0.11926,7.7519,0.17889,50.6855,No (reported postion),cruise,2021-05-19 04:00:00
2021-05-19 05:00:00+00:00,16.0854666667,55.842205,12.9,2725.091,7.7519,0.016100100000000003,0.11926,7.7519,0.17889,50.6855,No (reported postion),cruise,2021-05-19 05:00:00
2021-05-19 06:00:00+00:00,16.4268566667,55.94487,13.0,2725.091,7.7519,0.016100100000000003,0.11926,7.7519,0.17889,50.6855,No (reported postion),cruise,2021-05-19 06:00:00
2021-05-19 07:00:00+00:00,16.8101883333,56.067275,13.2,2725.091,7.7519,0.016100100000000003,0.11926,7.7519,0.17889,50.6855,No (reported postion),cruise,2021-05-19 07:00:00
2021-05-19 08:00:00+00:00,16.9569166667,56.2397416667,13.1,2725.091,7.7519,0.016100100000000003,0.11926,7.7519,0.17889,50.6855,No (reported postion),cruise,2021-05-19 08:00:00
2021-05-19 09:00:00+00:00,17.1118066667,56.45489083335,13.0,2725.091,7.7519,0.016100100000000003,0.11926,7.7519,0.17889,50.6855,Linear (small gap),cruise,2021-05-19 09:00:00
2021-05-19 10:00:00+00:00,17.2666966667,56.67004,12.9,2725.091,7.7519,0.016100100000000003,0.11926,7.7519,0.17889,50.6855,No (reported postion),cruise,2021-05-19 10:00:00
2021-05-19 11:00:00+00:00,17.3931933333,56.8450666667,13.2,2725.091,7.7519,0.016100100000000003,0.11926,7.7519,0.17889,50.6855,No (reported postion),cruise,2021-05-19 11:00:00
2021-05-19 12:00:00+00:00,17.5397466667,57.0509366667,13.0,2725.091,7.7519,0.016100100000000003,0.11926,7.7519,0.17889,50.6855,No (reported postion),cruise,2021-05-19 12:00:00
2021-05-19 13:00:00+00:00,17.66981,57.2589316667,13.1,2725.091,7.7519,0.016100100000000003,0.11926,7.7519,0.17889,50.6855,No (reported postion),cruise,2021-05-19 13:00:00
2021-05-19 14:00:00+00:00,17.8094733333,57.4653166667,13.2,2725.091,7.7519,0.016100100000000003,0.11926,7.7519,0.17889,50.6855,No (reported postion),cruise,2021-05-19 14:00:00
2021-05-19 15:00:00+00:00,18.0123583333,57.671595,13.2,2725.091,7.7519,0.016100100000000003,0.11926,7.7519,0.17889,50.6855,No (reported postion),cruise,2021-05-19 15:00:00
2021-05-19 16:00:00+00:00,18.32705,57.9689483333,13.1,2725.091,7.7519,0.016100100000000003,0.11926,7.7519,0.17889,50.6855,No (reported postion),cruise,2021-05-19 16:00:00
2021-05-19 17:00:00+00:00,18.42471,58.0593916667,13.5,2725.091,7.7519,0.016100100000000003,0.11926,7.7519,0.17889,50.6855,No (reported postion),cruise,2021-05-19 17:00:00
2021-05-19 18:00:00+00:00,18.66531333335,58.2863625,13.25,2725.091,7.7519,0.016100100000000003,0.11926,7.7519,0.17889,50.6855,Linear (small gap),cruise,2021-05-19 18:00:00
2021-05-19 19:00:00+00:00,18.9059166667,58.5133333333,13.0,2725.091,7.7519,0.016100100000000003,0.11926,7.7519,0.17889,50.6855,No (reported postion),cruise,2021-05-19 19:00:00
2021-05-19 20:00:00+00:00,19.10128,58.68686,13.2,2725.091,7.7519,0.016100100000000003,0.11926,7.7519,0.17889,50.6855,No (reported postion),cruise,2021-05-19 20:00:00
2021-05-19 21:00:00+00:00,19.4234,58.9283,13.3,2725.091,7.7519,0.016100100000000003,0.11926,7.7519,0.17889,50.6855,No (reported postion),cruise,2021-05-19 21:00:00
2021-05-19 22:00:00+00:00,19.5071,58.9883,13.4,2725.091,7.7519,0.016100100000000003,0.11926,7.7519,0.17889,50.6855,No (reported postion),cruise,2021-05-19 22:00:00
2021-05-19 23:00:00+00:00,19.7703,59.1747,13.4,2725.091,7.7519,0.016100100000000003,0.11926,7.7519,0.17889,50.6855,No (reported postion),cruise,2021-05-19 23:00:00
2021-05-20 00:00:00+00:00,20.0109033333,59.3522783333,13.2,2725.091,7.7519,0.016100100000000003,0.11926,7.7519,0.17889,50.6855,No (reported postion),cruise,2021-05-20 00:00:00
2021-05-20 01:00:00+00:00,20.17095,59.5456816667,13.0,2725.091,7.7519,0.016100100000000003,0.11926,7.7519,0.17889,50.6855,No (reported postion),cruise,2021-05-20 01:00:00
2021-05-20 02:00:00+00:00,19.9069233333,59.7028683333,13.1,2725.091,7.7519,0.016100100000000003,0.11926,7.7519,0.17889,50.6855,No (reported postion),cruise,2021-05-20 02:00:00
2021-05-20 03:00:00+00:00,19.63535,59.8737533333,13.1,2725.091,7.7519,0.016100100000000003,0.11926,7.7519,0.17889,50.6855,No (reported postion),cruise,2021-05-20 03:00:00
2021-05-20 04:00:00+00:00,19.3521016667,60.0392316667,12.9,2725.091,7.7519,0.016100100000000003,0.11926,7.7519,0.17889,50.6855,No (reported postion),cruise,2021-05-20 04:00:00
2021-05-20 05:00:00+00:00,19.0811266667,60.204605,12.8,2725.091,7.7519,0.016100100000000003,0.11926,7.7519,0.17889,50.6855,No (reported postion),cruise,2021-05-20 05:00:00
2021-05-20 06:00:00+00:00,19.0322,60.4202,13.1,2725.091,7.7519,0.016100100000000003,0.11926,7.7519,0.17889,50.6855,No (reported postion),cruise,2021-05-20 06:00:00
2021-05-20 07:00:00+00:00,19.1052,60.6363,13.1,2725.091,7.7519,0.016100100000000003,0.11926,7.7519,0.17889,50.6855,No (reported postion),cruise,2021-05-20 07:00:00
2021-05-20 08:00:00+00:00,19.1771,60.797,8.4,1046.15458954801,2.97593209280615,0.006180782038905089,0.0457835706585562,2.97593209280615,0.0686753559878343,19.4580175298864,No (reported postion),cruise,2021-05-20 08:00:00
2021-05-20 09:00:00+00:00,19.2391,60.9381,8.3,1012.94437048491,2.88146101013213,0.00598457286719749,0.044330169386648105,2.88146101013213,0.0664952540799721,18.8403219893254,No (reported postion),cruise,2021-05-20 09:00:00
2021-05-20 10:00:00+00:00,19.3077,61.0922,8.1,948.886451169527,2.69923935781266,0.0056061125123801295,0.041526759350964,2.69923935781266,0.0622901390264459,17.648872724159702,No (reported postion),cruise,2021-05-20 10:00:00
2021-05-20 11:00:00+00:00,19.3573,61.1934,7.9,887.915048365053,2.52579773057893,0.00524588759427931,0.0388584266242912,2.52579773057893,0.0582876399364368,16.5148313153238,No (reported postion),cruise,2021-05-20 11:00:00
2021-05-20 12:00:00+00:00,19.4255,61.3357,7.8,858.562974940589,2.44230167926207,0.00507247271846737,0.0375738719886472,2.44230167926207,0.0563608079829708,15.9688955951751,No (reported postion),cruise,2021-05-20 12:00:00
2021-05-20 13:00:00+00:00,19.4852,61.4615,8.1,948.886451169527,2.69923935781266,0.0056061125123801295,0.041526759350964,2.69923935781266,0.0622901390264459,17.648872724159702,No (reported postion),cruise,2021-05-20 13:00:00
2021-05-20 14:00:00+00:00,19.5539,61.608,12.9,2725.091,7.7519,0.016100100000000003,0.11926,7.7519,0.17889,50.6855,No (reported postion),cruise,2021-05-20 14:00:00
2021-05-20 15:00:00+00:00,19.6386,61.8021,12.7,2725.091,7.7519,0.016100100000000003,0.11926,7.7519,0.17889,50.6855,No (reported postion),cruise,2021-05-20 15:00:00
2021-05-20 16:00:00+00:00,19.7448,62.0141,12.7,2725.091,7.7519,0.016100100000000003,0.11926,7.7519,0.17889,50.6855,No (reported postion),cruise,2021-05-20 16:00:00
2021-05-20 17:00:00+00:00,19.8446,62.2334,12.7,2725.091,7.7519,0.016100100000000003,0.11926,7.7519,0.17889,50.6855,No (reported postion),cruise,2021-05-20 17:00:00
2021-05-20 18:00:00+00:00,19.9338,62.4162,12.6,2725.091,7.7519,0.016100100000000003,0.11926,7.7519,0.17889,50.6855,No (reported postion),cruise,2021-05-20 18:00:00
2021-05-20 19:00:00+00:00,20.07,62.6698,12.6,2725.091,7.7519,0.016100100000000003,0.11926,7.7519,0.17889,50.6855,No (reported postion),cruise,2021-05-20 19:00:00
2021-05-20 20:00:00+00:00,20.1534,62.8385,12.5,2725.091,7.7519,0.016100100000000003,0.11926,7.7519,0.17889,50.6855,No (reported postion),cruise,2021-05-20 20:00:00
2021-05-20 21:00:00+00:00,20.2549,63.0325,12.2,2725.091,7.7519,0.016100100000000003,0.11926,7.7519,0.17889,50.6855,No (reported postion),cruise,2021-05-20 21:00:00
2021-05-20 22:00:00+00:00,20.3476,63.228,12.8,2725.091,7.7519,0.016100100000000003,0.11926,7.7519,0.17889,50.6855,No (reported postion),cruise,2021-05-20 22:00:00
2021-05-20 23:00:00+00:00,20.566165,63.409675,12.6,2725.091,7.7519,0.016100100000000003,0.11926,7.7519,0.17889,50.6855,No (reported postion),cruise,2021-05-20 23:00:00
2021-05-21 00:00:00+00:00,20.8757183333,63.5557533333,12.6,2725.091,7.7519,0.016100100000000003,0.11926,7.7519,0.17889,50.6855,No (reported postion),cruise,2021-05-21 00:00:00
2021-05-21 01:00:00+00:00,21.2591183333,63.667015,12.9,2725.091,7.7519,0.016100100000000003,0.11926,7.7519,0.17889,50.6855,No (reported postion),cruise,2021-05-21 01:00:00
2021-05-21 02:00:00+00:00,21.606,63.8299,12.8,2725.091,7.7519,0.016100100000000003,0.11926,7.7519,0.17889,50.6855,No (reported postion),cruise,2021-05-21 02:00:00
2021-05-21 03:00:00+00:00,21.9608,63.9955,12.7,2725.091,7.7519,0.016100100000000003,0.11926,7.7519,0.17889,50.6855,No (reported postion),cruise,2021-05-21 03:00:00
2021-05-21 04:00:00+00:00,22.2657,64.1369,12.3,2725.091,7.7519,0.016100100000000003,0.11926,7.7519,0.17889,50.6855,No (reported postion),cruise,2021-05-21 04:00:00
2021-05-21 05:00:00+00:00,22.5995,64.2911,12.6,2725.091,7.7519,0.016100100000000003,0.11926,7.7519,0.17889,50.6855,No (reported postion),cruise,2021-05-21 05:00:00
2021-05-21 06:00:00+00:00,22.9222,64.4386,12.5,2725.091,7.7519,0.016100100000000003,0.11926,7.7519,0.17889,50.6855,No (reported postion),cruise,2021-05-21 06:00:00
2021-05-21 07:00:00+00:00,23.27397,64.5971883333,12.2,2725.091,7.7519,0.016100100000000003,0.11926,7.7519,0.17889,50.6855,No (reported postion),cruise,2021-05-21 07:00:00
2021-05-21 08:00:00+00:00,23.5826,64.7355,12.3,2725.091,7.7519,0.016100100000000003,0.11926,7.7519,0.17889,50.6855,No (reported postion),cruise,2021-05-21 08:00:00
2021-05-21 09:00:00+00:00,23.9076,64.8798,12.0,2725.091,7.7519,0.016100100000000003,0.11926,7.7519,0.17889,50.6855,No (reported postion),cruise,2021-05-21 09:00:00
2021-05-21 10:00:00+00:00,24.221,65.0193,11.5,2519.82491693801,7.16799210507531,0.014887368218233301,0.11027680161654299,7.16799210507531,0.165415202424815,46.8676406870309,No (reported postion),cruise,2021-05-21 10:00:00
2021-05-21 11:00:00+00:00,24.3624533333,65.1514833333,10.3,1840.04823426707,5.23427287647087,0.0108711821280549,0.0805272750226287,5.23427287647087,0.120790912533943,34.2240918846172,No (reported postion),cruise,2021-05-21 11:00:00
2021-05-21 12:00:00+00:00,24.7519,65.1273,11.6,2475.61653220237,7.04223521195421,0.014626180824828,0.10834208018391099,7.04223521195421,0.16251312027586598,46.0453840781622,No (reported postion),cruise,2021-05-21 12:00:00
2021-05-21 13:00:00+00:00,25.1713,65.0856,11.6,2475.61653220237,7.04223521195421,0.014626180824828,0.10834208018391099,7.04223521195421,0.16251312027586598,46.0453840781622,No (reported postion),cruise,2021-05-21 13:00:00
2021-05-21 14:00:00+00:00,25.3936,65.0053,0.4,219.457195724802,0.626681921421787,0.00129657424170014,0.00961969436349385,0.6252801336271,0.0144465135777117,4.1182891604729805,No (reported postion),anchor,2021-05-21 14:00:00
2021-05-21 15:00:00+00:00,25.39333125,65.00531875,0.73125,219.953833680678,0.640385651451538,0.00129950842655981,0.0097203260368289,0.6318211923938789,0.0146841825513443,4.3139340865044,Linear (small gap),anchor,2021-05-21 15:00:00
2021-05-21 16:00:00+00:00,25.3930625,65.0053375,1.0625,221.181604141058,0.674263519078209,0.00130676221264958,0.00996910403383364,0.647991762199187,0.0152717392246157,4.7976004234456795,Linear (small gap),anchor,2021-05-21 16:00:00
2021-05-21 17:00:00+00:00,25.39279375,65.00535625,1.39375,223.471703881486,0.7374542362046771,0.00132029234240703,0.0104331373729225,0.678153929239964,0.0163676797349693,5.69975940871753,Linear (small gap),anchor,2021-05-21 17:00:00
2021-05-21 18:00:00+00:00,25.392525,65.005375,1.725,227.155329677506,0.83909651473382,0.00134205555826973,0.011179535072510101,0.726669779713153,0.0181305002198483,7.15088227974066,Linear (small gap),anchor,2021-05-21 18:00:00
2021-05-21 19:00:00+00:00,25.39225625,65.00539375,2.05625,232.563678304664,0.988329066568516,0.00137400860267526,0.0122754061510107,0.7979013998156941,0.0207186968166958,9.28144027393576,Linear (small gap),anchor,2021-05-21 19:00:00
2021-05-21 20:00:00+00:00,25.3919875,65.0054125,2.3875,240.027946538503,1.19429060361164,0.00141810821806118,0.0137878596268389,0.8962108757445271,0.0242907656629553,12.2219046287236,Linear (small gap),anchor,2021-05-21 20:00:00
2021-05-21 21:00:00+00:00,25.39171875,65.00543125,2.71875,249.879331154568,1.46611983776608,0.00147631114686506,0.0157840045184091,1.0259602936965901,0.0290052028960699,16.1027465815248,Linear (small gap),anchor,2021-05-21 21:00:00
2021-05-21 22:00:00+00:00,25.39145,65.00545,3.05,205.759917156401,1.69047959867427,0.0012156494011428501,0.0143346309372274,0.93175101091978,0.027316296105904497,16.3884624088506,Linear (small gap),cruise,2021-05-21 22:00:00
2021-05-21 23:00:00+00:00,25.39118125,65.00546875,3.38125,242.244191712354,1.5707170776301,0.00143120200792857,0.0142023941680423,0.9231556209227479,0.0252645788463808,13.050266386355101,Linear (small gap),cruise,2021-05-21 23:00:00
2021-05-22 00:00:00+00:00,25.3909125,65.0054875,3.7125,286.625322118601,1.74476755473021,0.0016934099993878,0.0161184777712023,1.04770105512815,0.028229043321157297,13.8388915487714,Linear (small gap),cruise,2021-05-22 00:00:00
2021-05-22 01:00:00+00:00,25.39064375,65.00550625,4.04375,339.676937506503,1.75362297788496,0.0020068440509136897,0.017637199590077,1.146417973355,0.029689435503914,12.949362803915301,Linear (small gap),cruise,2021-05-22 01:00:00
2021-05-22 02:00:00+00:00,25.390375,65.005525,4.375,402.172667007418,1.68485909422279,0.0023760748378994097,0.0194206319644839,1.2623410776914499,0.0310810310999474,11.6794146573982,Linear (small gap),cruise,2021-05-22 02:00:00
2021-05-22 03:00:00+00:00,25.39010625,65.00554375,4.70625,474.886139752707,1.78215024981775,0.00280567303573809,0.022077384285904698,1.4350299785838099,0.034815266567764507,12.065181326499099,Linear (small gap),cruise,2021-05-22 03:00:00
2021-05-22 04:00:00+00:00,25.3898375,65.0055625,5.0375,558.590984873729,1.8082879168335702,0.0033002093198229,0.0250413748105007,1.62768936268254,0.038455131989025296,11.907766473268001,Linear (small gap),cruise,2021-05-22 04:00:00
2021-05-22 05:00:00+00:00,25.38956875,65.00558125,5.36875,654.060831501844,1.86056691674485,0.003864254365547,0.0286241064114592,1.86056691674485,0.0429361596171889,12.1652452248702,Linear (small gap),cruise,2021-05-22 05:00:00
2021-05-22 06:00:00+00:00,25.3893,65.0056,5.7,386.35949786414506,1.73109536439796,0.0022826491121076403,0.0190009589715996,1.23506233315397,0.0309015982859993,12.2079904473012,No (reported postion),cruise,2021-05-22 06:00:00
2021-05-22 07:00:00+00:00,25.2577,65.0468,11.9,2664.33266268836,7.579064467166011,0.015741133893344802,0.11660099180255401,7.579064467166011,0.17490148770383102,49.5554215160854,No (reported postion),cruise,2021-05-22 07:00:00
2021-05-22 08:00:00+00:00,24.8664,65.1399,11.7,2537.4527560581996,7.21813694283516,0.0149915151889653,0.111048260659002,7.21813694283516,0.166572390988504,47.195510780076,No (reported postion),cruise,2021-05-22 08:00:00
2021-05-22 09:00:00+00:00,24.4787333333,65.1803866667,12.0,2725.091,7.7519,0.016100100000000003,0.11926,7.7519,0.17889,50.6855,No (reported postion),cruise,2021-05-22 09:00:00
2021-05-22 10:00:00+00:00,24.2224,65.0365,12.3,2725.091,7.7519,0.016100100000000003,0.11926,7.7519,0.17889,50.6855,No (reported postion),cruise,2021-05-22 10:00:00
2021-05-22 11:00:00+00:00,23.9316,64.8961,12.0,2725.091,7.7519,0.016100100000000003,0.11926,7.7519,0.17889,50.6855,No (reported postion),cruise,2021-05-22 11:00:00
2021-05-22 12:00:00+00:00,23.5819,64.738,11.6,2583.36682912065,7.348745903406679,0.0152627799532293,0.11305762928318,7.348745903406679,0.169586443924769,48.0494924453513,No (reported postion),cruise,2021-05-22 12:00:00
2021-05-22 13:00:00+00:00,23.1876,64.5584,11.7,2648.01379042449,7.53264316750948,0.0156447204248274,0.115886817961684,7.53264316750948,0.173830226942526,49.2518976337158,No (reported postion),cruise,2021-05-22 13:00:00
2021-05-22 14:00:00+00:00,22.9682,64.46,11.7,2648.01379042449,7.53264316750948,0.0156447204248274,0.115886817961684,7.53264316750948,0.173830226942526,49.2518976337158,No (reported postion),cruise,2021-05-22 14:00:00
2021-05-22 15:00:00+00:00,22.6606,64.3253,11.9,2725.091,7.7519,0.016100100000000003,0.11926,7.7519,0.17889,50.6855,No (reported postion),cruise,2021-05-22 15:00:00
2021-05-22 16:00:00+00:00,22.3571,64.1863,11.7,2648.01379042449,7.53264316750948,0.0156447204248274,0.115886817961684,7.53264316750948,0.173830226942526,49.2518976337158,No (reported postion),cruise,2021-05-22 16:00:00
2021-05-22 17:00:00+00:00,22.0271,64.0329,11.8,2713.77532713504,7.71971099622658,0.0160332459152398,0.11876478455733201,7.71971099622658,0.178147176835998,50.4750334368661,No (reported postion),cruise,2021-05-22 17:00:00
2021-05-22 18:00:00+00:00,21.7507,63.9057,11.6,2583.36682912065,7.348745903406679,0.0152627799532293,0.11305762928318,7.348745903406679,0.169586443924769,48.0494924453513,No (reported postion),cruise,2021-05-22 18:00:00
2021-05-22 19:00:00+00:00,21.436,63.7604,11.9,2725.091,7.7519,0.016100100000000003,0.11926,7.7519,0.17889,50.6855,No (reported postion),cruise,2021-05-22 19:00:00
2021-05-22 20:00:00+00:00,21.1318416667,63.619475,12.1,2725.091,7.7519,0.016100100000000003,0.11926,7.7519,0.17889,50.6855,No (reported postion),cruise,2021-05-22 20:00:00
2021-05-22 21:00:00+00:00,20.7249,63.5359,12.5,2725.091,7.7519,0.016100100000000003,0.11926,7.7519,0.17889,50.6855,No (reported postion),cruise,2021-05-22 21:00:00
2021-05-22 22:00:00+00:00,20.4631483333,63.369955,12.4,2725.091,7.7519,0.016100100000000003,0.11926,7.7519,0.17889,50.6855,No (reported postion),cruise,2021-05-22 22:00:00
2021-05-22 23:00:00+00:00,20.2983133333,63.1892016667,12.3,2725.091,7.7519,0.016100100000000003,0.11926,7.7519,0.17889,50.6855,No (reported postion),cruise,2021-05-22 23:00:00
2021-05-23 00:00:00+00:00,20.1929,62.9905,12.3,2725.091,7.7519,0.016100100000000003,0.11926,7.7519,0.17889,50.6855,No (reported postion),cruise,2021-05-23 00:00:00
2021-05-23 01:00:00+00:00,20.0908,62.7905,12.4,2725.091,7.7519,0.016100100000000003,0.11926,7.7519,0.17889,50.6855,No (reported postion),cruise,2021-05-23 01:00:00
2021-05-23 02:00:00+00:00,19.9886,62.5902,12.3,2725.091,7.7519,0.016100100000000003,0.11926,7.7519,0.17889,50.6855,No (reported postion),cruise,2021-05-23 02:00:00
2021-05-23 03:00:00+00:00,19.891,62.3839,12.3,2725.091,7.7519,0.016100100000000003,0.11926,7.7519,0.17889,50.6855,No (reported postion),cruise,2021-05-23 03:00:00
2021-05-23 04:00:00+00:00,19.7955,62.1925,12.3,2725.091,7.7519,0.016100100000000003,0.11926,7.7519,0.17889,50.6855,No (reported postion),cruise,2021-05-23 04:00:00
2021-05-23 05:00:00+00:00,19.6976,61.9877,11.9,2725.091,7.7519,0.016100100000000003,0.11926,7.7519,0.17889,50.6855,No (reported postion),cruise,2021-05-23 05:00:00
2021-05-23 06:00:00+00:00,19.6048,61.7976,12.1,2725.091,7.7519,0.016100100000000003,0.11926,7.7519,0.17889,50.6855,No (reported postion),cruise,2021-05-23 06:00:00
2021-05-23 07:00:00+00:00,19.5206,61.6326,9.5,1466.37650902259,4.17131173244937,0.008663493598164089,0.0641740266530673,4.17131173244937,0.0962610399796009,27.2739613275536,No (reported postion),cruise,2021-05-23 07:00:00
2021-05-23 08:00:00+00:00,19.4328,61.4613,9.4,1423.84005642807,4.05031088261814,0.0084121841408223,0.0623124751172022,4.05031088261814,0.0934687126758033,26.4828019248109,No (reported postion),cruise,2021-05-23 08:00:00
2021-05-23 09:00:00+00:00,19.3641,61.3247,9.3,1382.1990746731399,3.93185732401549,0.00816616521141679,0.0604901126771614,3.93185732401549,0.0907351690157421,25.7082978877936,No (reported postion),cruise,2021-05-23 09:00:00
2021-05-23 10:00:00+00:00,19.2858,61.1651,9.0,1262.55369159057,3.59150940715042,0.00745928876869703,0.0552539908792373,3.59150940715042,0.0828809863188559,23.4829461236758,No (reported postion),cruise,2021-05-23 10:00:00
2021-05-23 11:00:00+00:00,19.214,61.0207,9.2,1341.4440374722599,3.8159239577985598,0.007925380527735471,0.058706522427670105,3.8159239577985598,0.08805978364150521,24.9502720317598,No (reported postion),cruise,2021-05-23 11:00:00
2021-05-23 12:00:00+00:00,19.1425,60.8707,8.9,1224.3993303386999,3.48297402503351,0.00723386912891575,0.0535842157697463,3.48297402503351,0.0803763236546194,22.7732917021422,No (reported postion),cruise,2021-05-23 12:00:00
2021-05-23 13:00:00+00:00,19.0686,60.7211,9.2,1341.4440374722599,3.8159239577985598,0.007925380527735471,0.058706522427670105,3.8159239577985598,0.08805978364150521,24.9502720317598,No (reported postion),cruise,2021-05-23 13:00:00
2021-05-23 14:00:00+00:00,19.0039,60.5799,9.0,1262.55369159057,3.59150940715042,0.00745928876869703,0.0552539908792373,3.59150940715042,0.0828809863188559,23.4829461236758,No (reported postion),cruise,2021-05-23 14:00:00
2021-05-23 15:00:00+00:00,18.98127,60.4360566667,8.6,1114.98517791267,3.17173026539708,0.00658743978197855,0.0487958502368781,3.17173026539708,0.0731937753553172,20.7382363506732,No (reported postion),cruise,2021-05-23 15:00:00
2021-05-23 16:00:00+00:00,19.0089666667,60.2826133333,11.9,2725.091,7.7519,0.016100100000000003,0.11926,7.7519,0.17889,50.6855,No (reported postion),cruise,2021-05-23 16:00:00
2021-05-23 17:00:00+00:00,19.142475,60.10546,11.7,2648.01379042449,7.53264316750948,0.0156447204248274,0.115886817961684,7.53264316750948,0.173830226942526,49.2518976337158,No (reported postion),cruise,2021-05-23 17:00:00
2021-05-23 18:00:00+00:00,19.3901366667,59.9515716667,11.6,2583.36682912065,7.348745903406679,0.0152627799532293,0.11305762928318,7.348745903406679,0.169586443924769,48.0494924453513,No (reported postion),cruise,2021-05-23 18:00:00
2021-05-23 19:00:00+00:00,19.6413983333,59.8042366667,11.8,2713.77532713504,7.71971099622658,0.0160332459152398,0.11876478455733201,7.71971099622658,0.178147176835998,50.4750334368661,No (reported postion),cruise,2021-05-23 19:00:00
2021-05-23 20:00:00+00:00,19.8895466667,59.6505116667,12.0,2725.091,7.7519,0.016100100000000003,0.11926,7.7519,0.17889,50.6855,No (reported postion),cruise,2021-05-23 20:00:00
2021-05-23 21:00:00+00:00,19.881215,59.45932,12.0,2725.091,7.7519,0.016100100000000003,0.11926,7.7519,0.17889,50.6855,No (reported postion),cruise,2021-05-23 21:00:00
2021-05-23 22:00:00+00:00,19.6925,59.2973,12.1,2725.091,7.7519,0.016100100000000003,0.11926,7.7519,0.17889,50.6855,No (reported postion),cruise,2021-05-23 22:00:00
2021-05-23 23:00:00+00:00,19.471805,59.101743333325,12.025,2725.091,7.7519,0.016100100000000003,0.11926,7.7519,0.17889,50.6855,Linear (small gap),cruise,2021-05-23 23:00:00
2021-05-24 00:00:00+00:00,19.25111,58.90618666665,11.95,2725.091,7.7519,0.016100100000000003,0.11926,7.7519,0.17889,50.6855,Linear (small gap),cruise,2021-05-24 00:00:00
2021-05-24 01:00:00+00:00,19.030415,58.710629999975,11.875,2725.091,7.7519,0.016100100000000003,0.11926,7.7519,0.17889,50.6855,Linear (small gap),cruise,2021-05-24 01:00:00
2021-05-24 02:00:00+00:00,18.80972,58.5150733333,11.8,2713.77532713504,7.71971099622658,0.0160332459152398,0.11876478455733201,7.71971099622658,0.178147176835998,50.4750334368661,No (reported postion),cruise,2021-05-24 02:00:00
2021-05-24 03:00:00+00:00,18.65545,58.3737461111,11.7666666666667,2725.091,7.7519,0.016100100000000003,0.11926,7.7519,0.17889,50.6855,Linear (small gap),cruise,2021-05-24 03:00:00
2021-05-24 04:00:00+00:00,18.50118,58.2324188889,11.7333333333333,2725.091,7.7519,0.016100100000000003,0.11926,7.7519,0.17889,50.6855,Linear (small gap),cruise,2021-05-24 04:00:00
2021-05-24 05:00:00+00:00,18.34691,58.0910916667,11.7,2648.01379042449,7.53264316750948,0.0156447204248274,0.115886817961684,7.53264316750948,0.173830226942526,49.2518976337158,No (reported postion),cruise,2021-05-24 05:00:00
2021-05-24 06:00:00+00:00,18.15849,57.9179116667,11.5,2519.82491693801,7.16799210507531,0.014887368218233301,0.11027680161654299,7.16799210507531,0.165415202424815,46.8676406870309,No (reported postion),cruise,2021-05-24 06:00:00
2021-05-24 07:00:00+00:00,17.92026,57.6985366667,11.85,2725.091,7.7519,0.016100100000000003,0.11926,7.7519,0.17889,50.6855,Linear (small gap),cruise,2021-05-24 07:00:00
2021-05-24 08:00:00+00:00,17.68203,57.4791616667,12.2,2725.091,7.7519,0.016100100000000003,0.11926,7.7519,0.17889,50.6855,No (reported postion),cruise,2021-05-24 08:00:00
2021-05-24 09:00:00+00:00,17.624455,57.4066983333,12.0,2725.091,7.7519,0.016100100000000003,0.11926,7.7519,0.17889,50.6855,No (reported postion),cruise,2021-05-24 09:00:00
2021-05-24 10:00:00+00:00,17.4942366667,57.2251566667,11.5,2519.82491693801,7.16799210507531,0.014887368218233301,0.11027680161654299,7.16799210507531,0.165415202424815,46.8676406870309,No (reported postion),cruise,2021-05-24 10:00:00
2021-05-24 11:00:00+00:00,17.3640183333,57.0463616667,11.6,2583.36682912065,7.348745903406679,0.0152627799532293,0.11305762928318,7.348745903406679,0.169586443924769,48.0494924453513,No (reported postion),cruise,2021-05-24 11:00:00
2021-05-24 12:00:00+00:00,17.2366516667,56.866835,11.5,2519.82491693801,7.16799210507531,0.014887368218233301,0.11027680161654299,7.16799210507531,0.165415202424815,46.8676406870309,No (reported postion),cruise,2021-05-24 12:00:00
2021-05-24 13:00:00+00:00,17.1105966667,56.6881466667,11.5,2519.82491693801,7.16799210507531,0.014887368218233301,0.11027680161654299,7.16799210507531,0.165415202424815,46.8676406870309,No (reported postion),cruise,2021-05-24 13:00:00
2021-05-24 14:00:00+00:00,16.982115,56.50809,11.6,2583.36682912065,7.348745903406679,0.0152627799532293,0.11305762928318,7.348745903406679,0.169586443924769,48.0494924453513,No (reported postion),cruise,2021-05-24 14:00:00
2021-05-24 15:00:00+00:00,16.8633466667,56.324295,11.7,2648.01379042449,7.53264316750948,0.0156447204248274,0.115886817961684,7.53264316750948,0.173830226942526,49.2518976337158,No (reported postion),cruise,2021-05-24 15:00:00
2021-05-24 16:00:00+00:00,16.727985,56.1429566667,11.9,2725.091,7.7519,0.016100100000000003,0.11926,7.7519,0.17889,50.6855,No (reported postion),cruise,2021-05-24 16:00:00
2021-05-24 17:00:00+00:00,16.4280083333,56.0275166667,12.3,2725.091,7.7519,0.016100100000000003,0.11926,7.7519,0.17889,50.6855,No (reported postion),cruise,2021-05-24 17:00:00
2021-05-24 18:00:00+00:00,16.1143866667,55.9224716667,12.2,2725.091,7.7519,0.016100100000000003,0.11926,7.7519,0.17889,50.6855,No (reported postion),cruise,2021-05-24 18:00:00
2021-05-24 19:00:00+00:00,15.800325,55.81709,12.2,2725.091,7.7519,0.016100100000000003,0.11926,7.7519,0.17889,50.6855,No (reported postion),cruise,2021-05-24 19:00:00
2021-05-24 20:00:00+00:00,15.49401,55.7172983333,11.6,2583.36682912065,7.348745903406679,0.0152627799532293,0.11305762928318,7.348745903406679,0.169586443924769,48.0494924453513,No (reported postion),cruise,2021-05-24 20:00:00
2021-05-24 21:00:00+00:00,15.1948633333,55.6259766667,11.7,2648.01379042449,7.53264316750948,0.0156447204248274,0.115886817961684,7.53264316750948,0.173830226942526,49.2518976337158,No (reported postion),cruise,2021-05-24 21:00:00
2021-05-24 22:00:00+00:00,14.8844833333,55.53936,11.5,2519.82491693801,7.16799210507531,0.014887368218233301,0.11027680161654299,7.16799210507531,0.165415202424815,46.8676406870309,No (reported postion),cruise,2021-05-24 22:00:00
2021-05-24 23:00:00+00:00,14.59095,55.446635,11.4,2457.37852759103,6.99035467367252,0.0145184289376275,0.1075439180565,6.99035467367252,0.16131587708475,45.706165174012604,No (reported postion),cruise,2021-05-24 23:00:00
2021-05-25 00:00:00+00:00,14.3928033333,55.2890016667,11.8,2713.77532713504,7.71971099622658,0.0160332459152398,0.11876478455733201,7.71971099622658,0.178147176835998,50.4750334368661,No (reported postion),cruise,2021-05-25 00:00:00
2021-05-25 01:00:00+00:00,14.1866216667,55.1369083333,11.4,2457.37852759103,6.99035467367252,0.0145184289376275,0.1075439180565,6.99035467367252,0.16131587708475,45.706165174012604,No (reported postion),cruise,2021-05-25 01:00:00
2021-05-25 02:00:00+00:00,13.9042033333,55.039625,12.0,2725.091,7.7519,0.016100100000000003,0.11926,7.7519,0.17889,50.6855,No (reported postion),cruise,2021-05-25 02:00:00
2021-05-25 03:00:00+00:00,13.5744283333,54.9757816667,11.8,2713.77532713504,7.71971099622658,0.0160332459152398,0.11876478455733201,7.71971099622658,0.178147176835998,50.4750334368661,No (reported postion),cruise,2021-05-25 03:00:00
2021-05-25 04:00:00+00:00,13.2531483333,54.9114133333,11.7,2648.01379042449,7.53264316750948,0.0156447204248274,0.115886817961684,7.53264316750948,0.173830226942526,49.2518976337158,No (reported postion),cruise,2021-05-25 04:00:00
2021-05-25 05:00:00+00:00,12.9371383333,54.8439583333,11.6,2583.36682912065,7.348745903406679,0.0152627799532293,0.11305762928318,7.348745903406679,0.169586443924769,48.0494924453513,No (reported postion),cruise,2021-05-25 05:00:00
2021-05-25 06:00:00+00:00,12.6331766667,54.7631116667,11.6,2583.36682912065,7.348745903406679,0.0152627799532293,0.11305762928318,7.348745903406679,0.169586443924769,48.0494924453513,No (reported postion),cruise,2021-05-25 06:00:00
2021-05-25 07:00:00+00:00,12.3548483333,54.65441,11.8,2713.77532713504,7.71971099622658,0.0160332459152398,0.11876478455733201,7.71971099622658,0.178147176835998,50.4750334368661,No (reported postion),cruise,2021-05-25 07:00:00
2021-05-25 08:00:00+00:00,12.1860433333,54.498255,11.7,2648.01379042449,7.53264316750948,0.0156447204248274,0.115886817961684,7.53264316750948,0.173830226942526,49.2518976337158,No (reported postion),cruise,2021-05-25 08:00:00
2021-05-25 09:00:00+00:00,11.9111233333,54.4479133333,11.4,2457.37852759103,6.99035467367252,0.0145184289376275,0.1075439180565,6.99035467367252,0.16131587708475,45.706165174012604,No (reported postion),cruise,2021-05-25 09:00:00
2021-05-25 10:00:00+00:00,11.591835,54.492065,11.7,2648.01379042449,7.53264316750948,0.0156447204248274,0.115886817961684,7.53264316750948,0.173830226942526,49.2518976337158,No (reported postion),cruise,2021-05-25 10:00:00
2021-05-25 11:00:00+00:00,11.2777733333,54.5753066667,12.1,2725.091,7.7519,0.016100100000000003,0.11926,7.7519,0.17889,50.6855,No (reported postion),cruise,2021-05-25 11:00:00
2021-05-25 12:00:00+00:00,10.9777516667,54.6717566667,11.2,2335.7342122619502,6.64432051628125,0.013799742610738,0.102220315635096,6.64432051628125,0.15333047345264397,43.4436341449158,No (reported postion),cruise,2021-05-25 12:00:00
2021-05-25 13:00:00+00:00,10.87252,54.8345566667,11.8,2600.3550955204696,7.39707138769499,0.0153631482667511,0.113801098272231,7.39707138769499,0.17070164740834598,48.365466765698,No (reported postion),cruise,2021-05-25 13:00:00
2021-05-25 14:00:00+00:00,11.0308,54.99784,11.2,2238.7505508592503,6.36843701557337,0.0132267538015755,0.09797595408574411,6.36843701557337,0.146963931128616,41.639780486441204,No (reported postion),cruise,2021-05-25 14:00:00
2021-05-25 15:00:00+00:00,11.085955,55.1905316667,10.6,1913.88599017329,5.44431463287808,0.011307422699054501,0.0837586866596627,5.44431463287808,0.125638029989494,35.5974418303567,No (reported postion),cruise,2021-05-25 15:00:00
2021-05-25 16:00:00+00:00,11.040805,55.3476316667,11.0,2126.47733924704,6.04906026481653,0.012563432857695902,0.0930624656125619,6.04906026481653,0.139593698418843,39.5515478853388,No (reported postion),cruise,2021-05-25 16:00:00
2021-05-25 17:00:00+00:00,10.90407,55.49153,9.5,1407.1910086302998,4.00295035277766,0.0083138199634613,0.0615838515811948,4.00295035277766,0.0923757773717922,26.173136922007803,No (reported postion),cruise,2021-05-25 17:00:00
2021-05-25 18:00:00+00:00,10.78406,55.6471216667,10.5,1863.17563944091,5.30006199403323,0.011007821064530599,0.081539415292819,5.30006199403323,0.12230912293922801,34.6542514994481,No (reported postion),cruise,2021-05-25 18:00:00
2021-05-25 19:00:00+00:00,10.5350733333,55.650825,9.2,1287.6903836691201,3.66301422050297,0.00760779876566001,0.0563540649308149,3.66301422050297,0.0845310973962224,23.9504775955963,No (reported postion),cruise,2021-05-25 19:00:00
2021-05-25 20:00:00+00:00,10.252925,55.6612333333,9.6,1448.74369966647,4.12115275616282,0.00855931726279971,0.0634023500948126,4.12115275616282,0.095103525142219,26.945998790295402,No (reported postion),cruise,2021-05-25 20:00:00
2021-05-25 21:00:00+00:00,9.93886,55.600365,12.1,2725.091,7.7519,0.016100100000000003,0.11926,7.7519,0.17889,50.6855,No (reported postion),cruise,2021-05-25 21:00:00
2021-05-25 22:00:00+00:00,9.76261,55.5567633333,0.0,219.36,0.624,0.001296,0.0096,0.624,0.0144,4.08,No (reported postion),anchor,2021-05-25 22:00:00
2021-05-25 23:00:00+00:00,9.7625983333,55.556725,0.0,219.36,0.624,0.001296,0.0096,0.624,0.0144,4.08,No (reported postion),anchor,2021-05-25 23:00:00
2021-05-26 00:00:00+00:00,9.7625966667,55.5567,0.0,219.36,0.624,0.001296,0.0096,0.624,0.0144,4.08,No (reported postion),anchor,2021-05-26 00:00:00
2021-05-26 01:00:00+00:00,9.762645,55.5567316667,0.0,219.36,0.624,0.001296,0.0096,0.624,0.0144,4.08,No (reported postion),anchor,2021-05-26 01:00:00
2021-05-26 02:00:00+00:00,9.7625916667,55.556715,0.0,219.36,0.624,0.001296,0.0096,0.624,0.0144,4.08,No (reported postion),anchor,2021-05-26 02:00:00
2021-05-26 03:00:00+00:00,9.7626466667,55.5567016667,0.0,219.36,0.624,0.001296,0.0096,0.624,0.0144,4.08,No (reported postion),anchor,2021-05-26 03:00:00
2021-05-26 04:00:00+00:00,9.762555,55.5567366667,0.0,219.36,0.624,0.001296,0.0096,0.624,0.0144,4.08,No (reported postion),anchor,2021-05-26 04:00:00
2021-05-26 05:00:00+00:00,9.7626383333,55.5567366667,0.0,219.36,0.624,0.001296,0.0096,0.624,0.0144,4.08,No (reported postion),anchor,2021-05-26 05:00:00
2021-05-26 06:00:00+00:00,9.7626233333,55.5567416667,0.0,219.36,0.624,0.001296,0.0096,0.624,0.0144,4.08,No (reported postion),anchor,2021-05-26 06:00:00
2021-05-26 07:00:00+00:00,9.7626283333,55.556725,0.0,219.36,0.624,0.001296,0.0096,0.624,0.0144,4.08,No (reported postion),anchor,2021-05-26 07:00:00
2021-05-26 08:00:00+00:00,9.7626283333,55.5567433333,0.0,219.36,0.624,0.001296,0.0096,0.624,0.0144,4.08,No (reported postion),anchor,2021-05-26 08:00:00
2021-05-26 09:00:00+00:00,9.7626583333,55.5567216667,0.0,219.36,0.624,0.001296,0.0096,0.624,0.0144,4.08,No (reported postion),anchor,2021-05-26 09:00:00
2021-05-26 10:00:00+00:00,9.762635,55.5567183333,0.0,219.36,0.624,0.001296,0.0096,0.624,0.0144,4.08,No (reported postion),anchor,2021-05-26 10:00:00
2021-05-26 11:00:00+00:00,9.7626716667,55.5567433333,0.0,219.36,0.624,0.001296,0.0096,0.624,0.0144,4.08,No (reported postion),anchor,2021-05-26 11:00:00
2021-05-26 12:00:00+00:00,9.7626233333,55.5567433333,0.0,219.36,0.624,0.001296,0.0096,0.624,0.0144,4.08,No (reported postion),anchor,2021-05-26 12:00:00
2021-05-26 13:00:00+00:00,9.7626416667,55.5566983333,0.0,219.36,0.624,0.001296,0.0096,0.624,0.0144,4.08,No (reported postion),anchor,2021-05-26 13:00:00
2021-05-26 14:00:00+00:00,9.7626733333,55.5567166667,0.0,219.36,0.624,0.001296,0.0096,0.624,0.0144,4.08,No (reported postion),anchor,2021-05-26 14:00:00
2021-05-26 15:00:00+00:00,9.7625983333,55.5567233333,0.0,219.36,0.624,0.001296,0.0096,0.624,0.0144,4.08,No (reported postion),anchor,2021-05-26 15:00:00
2021-05-26 16:00:00+00:00,9.7625716667,55.5567233333,0.0,219.36,0.624,0.001296,0.0096,0.624,0.0144,4.08,No (reported postion),anchor,2021-05-26 16:00:00
2021-05-26 17:00:00+00:00,9.7626583333,55.556735,0.0,219.36,0.624,0.001296,0.0096,0.624,0.0144,4.08,No (reported postion),anchor,2021-05-26 17:00:00
2021-05-26 18:00:00+00:00,9.7626366667,55.5567633333,0.0,219.36,0.624,0.001296,0.0096,0.624,0.0144,4.08,No (reported postion),anchor,2021-05-26 18:00:00
2021-05-26 19:00:00+00:00,9.7626,55.556735,0.0,219.36,0.624,0.001296,0.0096,0.624,0.0144,4.08,No (reported postion),anchor,2021-05-26 19:00:00
2021-05-26 20:00:00+00:00,9.7626066667,55.5567366667,0.0,219.36,0.624,0.001296,0.0096,0.624,0.0144,4.08,No (reported postion),anchor,2021-05-26 20:00:00
2021-05-26 21:00:00+00:00,9.762645,55.5567333333,0.0,219.36,0.624,0.001296,0.0096,0.624,0.0144,4.08,No (reported postion),anchor,2021-05-26 21:00:00
2021-05-26 22:00:00+00:00,9.7625816667,55.556715,0.0,219.36,0.624,0.001296,0.0096,0.624,0.0144,4.08,No (reported postion),anchor,2021-05-26 22:00:00
2021-05-26 23:00:00+00:00,9.7626666667,55.55674,0.0,219.36,0.624,0.001296,0.0096,0.624,0.0144,4.08,No (reported postion),anchor,2021-05-26 23:00:00
2021-05-27 00:00:00+00:00,9.7626216667,55.5567266667,0.0,219.36,0.624,0.001296,0.0096,0.624,0.0144,4.08,No (reported postion),anchor,2021-05-27 00:00:00
2021-05-27 01:00:00+00:00,9.762615,55.556755,0.0,219.36,0.624,0.001296,0.0096,0.624,0.0144,4.08,No (reported postion),anchor,2021-05-27 01:00:00
2021-05-27 02:00:00+00:00,9.8337133333,55.5732283333,11.5,2414.83731185375,6.86934027441986,0.0142670913391797,0.10568215806799801,6.86934027441986,0.158523237101997,44.9149171788991,No (reported postion),cruise,2021-05-27 02:00:00
2021-05-27 03:00:00+00:00,10.1703583333,55.66228,12.6,2725.091,7.7519,0.016100100000000003,0.11926,7.7519,0.17889,50.6855,No (reported postion),cruise,2021-05-27 03:00:00
2021-05-27 04:00:00+00:00,10.5359433333,55.6430566667,12.5,2725.091,7.7519,0.016100100000000003,0.11926,7.7519,0.17889,50.6855,No (reported postion),cruise,2021-05-27 04:00:00
2021-05-27 05:00:00+00:00,10.791335,55.605785,11.0,2126.47733924704,6.04906026481653,0.012563432857695902,0.0930624656125619,6.04906026481653,0.139593698418843,39.5515478853388,No (reported postion),cruise,2021-05-27 05:00:00
2021-05-27 06:00:00+00:00,10.94237,55.4404366667,12.4,2725.091,7.7519,0.016100100000000003,0.11926,7.7519,0.17889,50.6855,No (reported postion),cruise,2021-05-27 06:00:00
2021-05-27 07:00:00+00:00,11.065025,55.266855,11.9,2664.33266268836,7.579064467166011,0.015741133893344802,0.11660099180255401,7.579064467166011,0.17490148770383102,49.5554215160854,No (reported postion),cruise,2021-05-27 07:00:00
2021-05-27 08:00:00+00:00,11.0260483333,55.0850483333,12.7,2725.091,7.7519,0.016100100000000003,0.11926,7.7519,0.17889,50.6855,No (reported postion),cruise,2021-05-27 08:00:00
2021-05-27 09:00:00+00:00,10.8779633333,54.89945,12.4,2725.091,7.7519,0.016100100000000003,0.11926,7.7519,0.17889,50.6855,No (reported postion),cruise,2021-05-27 09:00:00
2021-05-27 10:00:00+00:00,10.8844883333,54.691755,13.5,2725.091,7.7519,0.016100100000000003,0.11926,7.7519,0.17889,50.6855,No (reported postion),cruise,2021-05-27 10:00:00
2021-05-27 11:00:00+00:00,11.2150683333,54.5674666667,13.2,2725.091,7.7519,0.016100100000000003,0.11926,7.7519,0.17889,50.6855,No (reported postion),cruise,2021-05-27 11:00:00
2021-05-27 12:00:00+00:00,11.553565,54.4714883333,14.1,2725.091,7.7519,0.016100100000000003,0.11926,7.7519,0.17889,50.6855,No (reported postion),cruise,2021-05-27 12:00:00
2021-05-27 13:00:00+00:00,11.9384816667,54.4121566667,14.3,2725.091,7.7519,0.016100100000000003,0.11926,7.7519,0.17889,50.6855,No (reported postion),cruise,2021-05-27 13:00:00
2021-05-27 14:00:00+00:00,12.263285,54.4936483333,13.4,2725.091,7.7519,0.016100100000000003,0.11926,7.7519,0.17889,50.6855,No (reported postion),cruise,2021-05-27 14:00:00
2021-05-27 15:00:00+00:00,12.5143683333,54.65727,14.0,2725.091,7.7519,0.016100100000000003,0.11926,7.7519,0.17889,50.6855,No (reported postion),cruise,2021-05-27 15:00:00
2021-05-27 16:00:00+00:00,12.85857,54.7759666667,14.2,2725.091,7.7519,0.016100100000000003,0.11926,7.7519,0.17889,50.6855,No (reported postion),cruise,2021-05-27 16:00:00
2021-05-27 17:00:00+00:00,13.2533466667,54.8536383333,14.5,2725.091,7.7519,0.016100100000000003,0.11926,7.7519,0.17889,50.6855,No (reported postion),cruise,2021-05-27 17:00:00
2021-05-27 18:00:00+00:00,13.6536233333,54.93075,14.7,2725.091,7.7519,0.016100100000000003,0.11926,7.7519,0.17889,50.6855,No (reported postion),cruise,2021-05-27 18:00:00
2021-05-27 19:00:00+00:00,14.0589616667,54.9899616667,14.3,2725.091,7.7519,0.016100100000000003,0.11926,7.7519,0.17889,50.6855,No (reported postion),cruise,2021-05-27 19:00:00
2021-05-27 20:00:00+00:00,14.3293883333,55.1698066667,14.3,2725.091,7.7519,0.016100100000000003,0.11926,7.7519,0.17889,50.6855,No (reported postion),cruise,2021-05-27 20:00:00
2021-05-27 21:00:00+00:00,14.585585,55.3575816667,14.3,2725.091,7.7519,0.016100100000000003,0.11926,7.7519,0.17889,50.6855,No (reported postion),cruise,2021-05-27 21:00:00
2021-05-27 22:00:00+00:00,14.9253816667,55.4941433333,14.4,2725.091,7.7519,0.016100100000000003,0.11926,7.7519,0.17889,50.6855,No (reported postion),cruise,2021-05-27 22:00:00
2021-05-27 23:00:00+00:00,15.2981033333,55.61364,14.6,2725.091,7.7519,0.016100100000000003,0.11926,7.7519,0.17889,50.6855,No (reported postion),cruise,2021-05-27 23:00:00
2021-05-28 00:00:00+00:00,15.6698516667,55.7291266667,14.3,2725.091,7.7519,0.016100100000000003,0.11926,7.7519,0.17889,50.6855,No (reported postion),cruise,2021-05-28 00:00:00
2021-05-28 01:00:00+00:00,16.03462,55.8455166667,14.3,2725.091,7.7519,0.016100100000000003,0.11926,7.7519,0.17889,50.6855,No (reported postion),cruise,2021-05-28 01:00:00
2021-05-28 02:00:00+00:00,16.4116866667,55.958005,14.2,2725.091,7.7519,0.016100100000000003,0.11926,7.7519,0.17889,50.6855,No (reported postion),cruise,2021-05-28 02:00:00
2021-05-28 03:00:00+00:00,16.7889083333,56.0753733333,14.8,2725.091,7.7519,0.016100100000000003,0.11926,7.7519,0.17889,50.6855,No (reported postion),cruise,2021-05-28 03:00:00
2021-05-28 04:00:00+00:00,16.9876966667,56.291415,14.7,2725.091,7.7519,0.016100100000000003,0.11926,7.7519,0.17889,50.6855,No (reported postion),cruise,2021-05-28 04:00:00
2021-05-28 05:00:00+00:00,17.271135,56.7029616667,9.8,1599.45395469892,4.5498690177431,0.009449727959927991,0.0699979848883554,4.5498690177431,0.104996977332533,29.749143577551102,No (reported postion),cruise,2021-05-28 05:00:00
2021-05-28 06:00:00+00:00,17.2845233333,56.7217883333,9.4,1423.84005642807,4.05031088261814,0.0084121841408223,0.0623124751172022,4.05031088261814,0.0934687126758033,26.4828019248109,No (reported postion),cruise,2021-05-28 06:00:00
2021-05-28 07:00:00+00:00,17.3817233333,56.8565183333,8.7,1150.62459978528,3.27311155299969,0.00679800091776859,0.0503555623538414,3.27311155299969,0.07553334353076209,21.4011140003826,No (reported postion),cruise,2021-05-28 07:00:00
2021-05-28 08:00:00+00:00,17.4972466667,57.0328383333,8.4,1046.15458954801,2.97593209280615,0.006180782038905089,0.0457835706585562,2.97593209280615,0.0686753559878343,19.4580175298864,No (reported postion),cruise,2021-05-28 08:00:00
2021-05-28 09:00:00+00:00,17.5642683333,57.1278933333,8.5,1080.16501659542,3.07267947828018,0.0063817189164280695,0.047271991973541296,3.07267947828018,0.0709079879603119,20.090596588755,No (reported postion),cruise,2021-05-28 09:00:00
2021-05-28 10:00:00+00:00,17.655325,57.2590633333,8.6,1114.98517791267,3.17173026539708,0.00658743978197855,0.0487958502368781,3.17173026539708,0.0731937753553172,20.7382363506732,No (reported postion),cruise,2021-05-28 10:00:00
2021-05-28 11:00:00+00:00,17.7486116667,57.392405,8.2,980.52483312059,2.78923913141525,0.0057930351190932,0.042911371252542206,2.78923913141525,0.0643670568788134,18.2373327823305,No (reported postion),cruise,2021-05-28 11:00:00
2021-05-28 12:00:00+00:00,17.87440083335,57.51747833335,8.25,2187.59031361907,6.22290461204549,0.0129244941942483,0.095736994031469,6.22290461204549,0.143605491047204,40.6882224633743,Linear (small gap),cruise,2021-05-28 12:00:00
2021-05-28 13:00:00+00:00,18.00019,57.6425516667,8.3,1012.94437048491,2.88146101013213,0.00598457286719749,0.044330169386648105,2.88146101013213,0.0664952540799721,18.8403219893254,No (reported postion),cruise,2021-05-28 13:00:00
2021-05-28 14:00:00+00:00,18.12935,57.75436,8.3,1012.94437048491,2.88146101013213,0.00598457286719749,0.044330169386648105,2.88146101013213,0.0664952540799721,18.8403219893254,No (reported postion),cruise,2021-05-28 14:00:00
2021-05-28 15:00:00+00:00,18.2772,57.8965983333,12.5,2725.091,7.7519,0.016100100000000003,0.11926,7.7519,0.17889,50.6855,No (reported postion),cruise,2021-05-28 15:00:00
2021-05-28 16:00:00+00:00,18.44638,58.0632583333,12.8,2725.091,7.7519,0.016100100000000003,0.11926,7.7519,0.17889,50.6855,No (reported postion),cruise,2021-05-28 16:00:00
2021-05-28 17:00:00+00:00,18.7665,58.3775,12.9,2725.091,7.7519,0.016100100000000003,0.11926,7.7519,0.17889,50.6855,No (reported postion),cruise,2021-05-28 17:00:00
2021-05-28 18:00:00+00:00,18.8594933333,58.4693416667,13.2,2725.091,7.7519,0.016100100000000003,0.11926,7.7519,0.17889,50.6855,No (reported postion),cruise,2021-05-28 18:00:00
2021-05-28 19:00:00+00:00,19.0484366667,58.6391,13.2,2725.091,7.7519,0.016100100000000003,0.11926,7.7519,0.17889,50.6855,No (reported postion),cruise,2021-05-28 19:00:00
2021-05-28 20:00:00+00:00,19.2964,58.8267,13.2,2725.091,7.7519,0.016100100000000003,0.11926,7.7519,0.17889,50.6855,No (reported postion),cruise,2021-05-28 20:00:00
2021-05-28 21:00:00+00:00,19.5298,58.9976,12.8,2725.091,7.7519,0.016100100000000003,0.11926,7.7519,0.17889,50.6855,No (reported postion),cruise,2021-05-28 21:00:00
2021-05-28 22:00:00+00:00,19.7599516667,59.1713266667,12.7,2725.091,7.7519,0.016100100000000003,0.11926,7.7519,0.17889,50.6855,No (reported postion),cruise,2021-05-28 22:00:00
2021-05-28 23:00:00+00:00,20.0217,59.3582,12.7,2725.091,7.7519,0.016100100000000003,0.11926,7.7519,0.17889,50.6855,No (reported postion),cruise,2021-05-28 23:00:00
2021-05-29 00:00:00+00:00,20.173665,59.5388633333,12.6,2725.091,7.7519,0.016100100000000003,0.11926,7.7519,0.17889,50.6855,No (reported postion),cruise,2021-05-29 00:00:00
2021-05-29 01:00:00+00:00,19.947415,59.6774616667,12.3,2725.091,7.7519,0.016100100000000003,0.11926,7.7519,0.17889,50.6855,No (reported postion),cruise,2021-05-29 01:00:00
2021-05-29 02:00:00+00:00,19.6751533333,59.8360883333,12.6,2725.091,7.7519,0.016100100000000003,0.11926,7.7519,0.17889,50.6855,No (reported postion),cruise,2021-05-29 02:00:00
2021-05-29 03:00:00+00:00,19.40466,60.0006183333,12.8,2725.091,7.7519,0.016100100000000003,0.11926,7.7519,0.17889,50.6855,No (reported postion),cruise,2021-05-29 03:00:00
2021-05-29 04:00:00+00:00,19.135065,60.1672666667,12.8,2725.091,7.7519,0.016100100000000003,0.11926,7.7519,0.17889,50.6855,No (reported postion),cruise,2021-05-29 04:00:00
2021-05-29 05:00:00+00:00,19.0196866667,60.36211,12.6,2725.091,7.7519,0.016100100000000003,0.11926,7.7519,0.17889,50.6855,No (reported postion),cruise,2021-05-29 05:00:00
2021-05-29 06:00:00+00:00,19.2438,60.5967,12.9,2725.091,7.7519,0.016100100000000003,0.11926,7.7519,0.17889,50.6855,No (reported postion),cruise,2021-05-29 06:00:00
2021-05-29 07:00:00+00:00,19.4226,60.6864,8.8,1187.09280849878,3.37685043993088,0.007013458606010299,0.0519515452297059,3.37685043993088,0.0779273178445589,22.079406722625002,No (reported postion),cruise,2021-05-29 07:00:00
2021-05-29 08:00:00+00:00,19.625,60.7864,8.6,1114.98517791267,3.17173026539708,0.00658743978197855,0.0487958502368781,3.17173026539708,0.0731937753553172,20.7382363506732,No (reported postion),cruise,2021-05-29 08:00:00
2021-05-29 09:00:00+00:00,19.8322,60.8872,8.3,1012.94437048491,2.88146101013213,0.00598457286719749,0.044330169386648105,2.88146101013213,0.0664952540799721,18.8403219893254,No (reported postion),cruise,2021-05-29 09:00:00
2021-05-29 10:00:00+00:00,20.0448,60.9988,8.2,980.52483312059,2.78923913141525,0.0057930351190932,0.042911371252542206,2.78923913141525,0.0643670568788134,18.2373327823305,No (reported postion),cruise,2021-05-29 10:00:00
2021-05-29 11:00:00+00:00,20.223,61.0904,7.9,887.915048365053,2.52579773057893,0.00524588759427931,0.0388584266242912,2.52579773057893,0.0582876399364368,16.5148313153238,No (reported postion),cruise,2021-05-29 11:00:00
2021-05-29 12:00:00+00:00,20.4262,61.189,7.7,829.953951787268,2.36091933768807,0.004903447855198299,0.0363218359644319,2.36091933768807,0.0544827539466478,15.4367802848835,No (reported postion),cruise,2021-05-29 12:00:00
2021-05-29 13:00:00+00:00,20.5962,61.2727,7.3,722.7578361748821,2.05598509196356,0.00427012288330893,0.0316305398763625,2.05598509196356,0.0474458098145437,13.4429794474541,No (reported postion),cruise,2021-05-29 13:00:00
2021-05-29 14:00:00+00:00,20.78573,61.3661633333,7.7,829.953951787268,2.36091933768807,0.004903447855198299,0.0363218359644319,2.36091933768807,0.0544827539466478,15.4367802848835,No (reported postion),cruise,2021-05-29 14:00:00
2021-05-29 15:00:00+00:00,20.9599,61.4524,7.6,802.0784526195649,2.28162360701408,0.004738756722260011,0.0351019016463705,2.28162360701408,0.0526528524695557,14.9183081997074,No (reported postion),cruise,2021-05-29 15:00:00
2021-05-29 16:00:00+00:00,21.163,61.551,7.3,722.7578361748821,2.05598509196356,0.00427012288330893,0.0316305398763625,2.05598509196356,0.0474458098145437,13.4429794474541,No (reported postion),cruise,2021-05-29 16:00:00
2021-05-29 17:00:00+00:00,21.3277,61.6279,7.1,648.663422807849,1.8452132377466202,0.0038323659553199,0.0283878959653326,1.8452132377466202,0.042581843947998896,12.0648557852663,No (reported postion),cruise,2021-05-29 17:00:00
2021-05-29 18:00:00+00:00,21.3305538461538,61.6284,6.976,1309.40620970676,3.72478790507392,0.007736097956692,0.0573044293088296,3.72478790507392,0.0859566439632444,24.354382456252598,Linear (small gap),cruise,2021-05-29 18:00:00
2021-05-29 19:00:00+00:00,21.3334076923077,61.6289,6.852,1246.32104594262,3.5453333910840503,0.00736338473532841,0.054543590632062294,3.5453333910840503,0.08181538594809351,23.1810260186265,Linear (small gap),cruise,2021-05-29 19:00:00
2021-05-29 20:00:00+00:00,21.3362615384615,61.6294,6.728,1185.47834823879,3.37225788339263,0.007003920219353929,0.0518808905137328,3.37225788339263,0.0778213357705992,22.049378468336503,Linear (small gap),cruise,2021-05-29 20:00:00
2021-05-29 21:00:00+00:00,21.3391153846154,61.6299,6.604,1126.83753489774,3.20544594172223,0.00665746464819233,0.0493145529495728,3.20544594172223,0.0739718294243592,20.9586850035684,Linear (small gap),cruise,2021-05-29 21:00:00
2021-05-29 22:00:00+00:00,21.3419692307692,61.6304,6.48,1070.35802422192,3.04478212579541,0.00632377826126738,0.046842801935314,3.04478212579541,0.07026420290297089,19.908190822508402,Linear (small gap),cruise,2021-05-29 22:00:00
2021-05-29 23:00:00+00:00,21.3448230769231,61.6309,6.356,1015.99923451382,2.8901509953347198,0.00600262129800289,0.0444638614666881,2.8901509953347198,0.0666957922000321,18.8971411233424,Linear (small gap),cruise,2021-05-29 23:00:00
2021-05-30 00:00:00+00:00,21.3476769230769,61.6314,6.232,963.720584075902,2.74143711006274,0.00569375399782261,0.0421759555394268,2.74143711006274,0.0632639333091402,17.9247811042564,Linear (small gap),cruise,2021-05-30 00:00:00
2021-05-30 01:00:00+00:00,21.3505307692308,61.6319,6.108,913.481491210633,2.5985250297020204,0.00539693660015035,0.039977308149261905,2.5985250297020204,0.059965962223892805,16.9903559634363,Linear (small gap),cruise,2021-05-30 01:00:00
2021-05-30 02:00:00+00:00,21.3533846153846,61.6324,5.984,865.241374220486,2.46129931397512,0.005111929344409871,0.037866143291924996,2.46129931397512,0.0567992149378874,16.0931108990681,Linear (small gap),cruise,2021-05-30 02:00:00
2021-05-30 03:00:00+00:00,21.3562384615385,61.6329,5.86,818.9596514079279,2.32964452260461,0.00483849247002496,0.0358406849631479,2.32964452260461,0.0537610274447218,15.232291109337801,Linear (small gap),cruise,2021-05-30 03:00:00
2021-05-30 04:00:00+00:00,21.3590923076923,61.6334,5.736,774.595741075433,2.20344521531305,0.00457638621641941,0.0338991571586623,2.20344521531305,0.0508487357379934,14.4071417924315,Linear (small gap),cruise,2021-05-30 04:00:00
2021-05-30 05:00:00+00:00,21.3619461538462,61.6339,5.612,732.1090615254669,2.08258595182299,0.00432537082301699,0.032039783874199895,2.08258595182299,0.048059675811299794,13.616908146535,Linear (small gap),cruise,2021-05-30 05:00:00
2021-05-30 06:00:00+00:00,21.3648,61.6344,5.488,691.4590310605021,1.9669512918570098,0.004085206529241481,0.0302607891054924,1.9669512918570098,0.045391183658238604,12.8608353698343,Linear (small gap),cruise,2021-05-30 06:00:00
2021-05-30 07:00:00+00:00,21.3676538461538,61.6349,5.364,652.605067983006,1.8564257951376502,0.00385565357451667,0.0285603968482716,1.8564257951376502,0.0428405952724074,12.138168660515399,Linear (small gap),cruise,2021-05-30 07:00:00
2021-05-30 08:00:00+00:00,21.3705076923077,61.6354,5.24,615.50659059545,1.75089402138749,0.00363647219826633,0.0269368310982691,1.75089402138749,0.0404052466474037,11.4481532167644,Linear (small gap),cruise,2021-05-30 08:00:00
2021-05-30 09:00:00+00:00,21.3733615384615,61.6359,5.116,580.123017200302,1.79887698866529,0.0034274226399142603,0.025804082168241097,1.6772653409356701,0.0393297727278981,11.7618880028115,Linear (small gap),cruise,2021-05-30 09:00:00
2021-05-30 10:00:00+00:00,21.3762153846154,61.6364,4.992,546.413766100034,1.76775936157145,0.0032282651388842298,0.0244924673559315,1.59201037813555,0.0376077894135253,11.6405071640773,Linear (small gap),cruise,2021-05-30 10:00:00
2021-05-30 11:00:00+00:00,21.3790692307692,61.6369,4.868,514.338255597114,1.74249222762045,0.00303875993460002,0.0234047994913335,1.52131196693668,0.0359131192152002,11.545447740580101,Linear (small gap),cruise,2021-05-30 11:00:00
2021-05-30 12:00:00+00:00,21.3819230769231,61.6374,4.744,483.855903994012,1.7211618626996201,0.0028586672664854098,0.0221698318701818,1.44103907156181,0.0344978962866534,11.535530963174601,Linear (small gap),cruise,2021-05-30 12:00:00
2021-05-30 13:00:00+00:00,21.3847769230769,61.6379,4.62,454.926129593199,1.70209182832458,0.0026877473739641902,0.0211339789917136,1.3737086344613798,0.033308438667320306,11.5194475695121,Linear (small gap),cruise,2021-05-30 13:00:00
2021-05-30 14:00:00+00:00,21.3876307692308,61.6384,4.496,427.508350697143,1.6930024966686101,0.00252576049646015,0.0202613640820056,1.31698866533037,0.0320851665643064,11.5493491673548,Linear (small gap),cruise,2021-05-30 14:00:00
2021-05-30 15:00:00+00:00,21.3904846153846,61.6389,4.372,401.56198560831496,1.68201013854907,0.00237246687339704,0.0193901647086862,1.2603607060646,0.0310313213668037,11.6594238614888,Linear (small gap),cruise,2021-05-30 15:00:00
2021-05-30 16:00:00+00:00,21.3933384615385,61.6394,4.248,377.046452629183,1.6836742347223401,0.00222762674419867,0.0185240984497218,1.20406639923192,0.0301068307495364,11.8684820586481,Linear (small gap),cruise,2021-05-30 16:00:00
2021-05-30 17:00:00+00:00,21.3961923076923,61.6399,4.124,353.921170062219,1.69332255258062,0.00209100034828882,0.0178844475919434,1.1624890934763201,0.029440005340428597,12.0435579458488,Linear (small gap),cruise,2021-05-30 17:00:00
2021-05-30 19:00:00+00:00,21.4019,61.6409,4.0,202.305724802262,1.6427255783384902,0.00119524170014465,0.0140005493134792,0.910035705376146,0.0266156317049665,15.8931221551778,No (reported postion),cruise,2021-05-30 19:00:00
2021-05-30 20:00:00+00:00,21.2855,61.6131,9.9,1578.68679031109,4.49079393305125,0.009327033553260288,0.0690891374315577,4.49079393305125,0.103633706147337,29.362883408412,No (reported postion),cruise,2021-05-30 20:00:00
2021-05-30 21:00:00+00:00,21.04878,61.502815,9.8,1599.45395469892,4.5498690177431,0.009449727959927991,0.0699979848883554,4.5498690177431,0.104996977332533,29.749143577551102,No (reported postion),cruise,2021-05-30 21:00:00
2021-05-30 22:00:00+00:00,20.805835,61.3906533333,9.5,1466.37650902259,4.17131173244937,0.008663493598164089,0.0641740266530673,4.17131173244937,0.0962610399796009,27.2739613275536,No (reported postion),cruise,2021-05-30 22:00:00
2021-05-30 23:00:00+00:00,20.5651166667,61.2807866667,9.4,1423.84005642807,4.05031088261814,0.0084121841408223,0.0623124751172022,4.05031088261814,0.0934687126758033,26.4828019248109,No (reported postion),cruise,2021-05-30 23:00:00
2021-05-31 00:00:00+00:00,20.3188,61.1598,9.3,1382.1990746731399,3.93185732401549,0.00816616521141679,0.0604901126771614,3.93185732401549,0.0907351690157421,25.7082978877936,No (reported postion),cruise,2021-05-31 00:00:00
2021-05-31 01:00:00+00:00,20.0957,61.0487,9.2,1341.4440374722599,3.8159239577985598,0.007925380527735471,0.058706522427670105,3.8159239577985598,0.08805978364150521,24.9502720317598,No (reported postion),cruise,2021-05-31 01:00:00
2021-05-31 02:00:00+00:00,19.876,60.9433,9.3,1382.1990746731399,3.93185732401549,0.00816616521141679,0.0604901126771614,3.93185732401549,0.0907351690157421,25.7082978877936,No (reported postion),cruise,2021-05-31 02:00:00
2021-05-31 03:00:00+00:00,19.6607466667,60.839645,9.5,1466.37650902259,4.17131173244937,0.008663493598164089,0.0641740266530673,4.17131173244937,0.0962610399796009,27.2739613275536,No (reported postion),cruise,2021-05-31 03:00:00
2021-05-31 04:00:00+00:00,19.42599,60.7276833333,9.6,1509.8179587422198,4.29488697235204,0.00892014986565423,0.06607518419003139,4.29488697235204,0.09911277628504711,28.0819532807633,No (reported postion),cruise,2021-05-31 04:00:00
2021-05-31 05:00:00+00:00,19.20213,60.6103983333,9.6,1509.8179587422198,4.29488697235204,0.00892014986565423,0.06607518419003139,4.29488697235204,0.09911277628504711,28.0819532807633,No (reported postion),cruise,2021-05-31 05:00:00
2021-05-31 06:00:00+00:00,18.9980433333,60.47898,10.0,1692.8242545824,4.81547380953419,0.0100013686813402,0.0740842124543722,4.81547380953419,0.111126318681558,31.4857902931082,No (reported postion),cruise,2021-05-31 06:00:00
2021-05-31 07:00:00+00:00,19.0024216667,60.3134716667,10.3,1840.04823426707,5.23427287647087,0.0108711821280549,0.0805272750226287,5.23427287647087,0.120790912533943,34.2240918846172,No (reported postion),cruise,2021-05-31 07:00:00
2021-05-31 08:00:00+00:00,19.0617716667,60.1535616667,9.9,1645.6675535070501,4.68133002091722,0.00972276235113576,0.0720204618602648,4.68133002091722,0.108030692790397,30.6086962906126,No (reported postion),cruise,2021-05-31 08:00:00
2021-05-31 09:00:00+00:00,19.2767283333,60.0241383333,10.2,1790.00506867688,5.091918138468159,0.0105755222875877,0.0783372021302793,5.091918138468159,0.117505803195419,33.2933109053687,No (reported postion),cruise,2021-05-31 09:00:00
2021-05-31 10:00:00+00:00,19.4868816667,59.8924416667,10.1,1740.9335842105,4.95232748243688,0.0102856032327535,0.07618965357595209,4.95232748243688,0.11428448036392799,32.3806027697796,No (reported postion),cruise,2021-05-31 10:00:00
2021-05-31 11:00:00+00:00,19.7064733333,59.7616383333,10.2,1790.00506867688,5.091918138468159,0.0105755222875877,0.0783372021302793,5.091918138468159,0.117505803195419,33.2933109053687,No (reported postion),cruise,2021-05-31 11:00:00
2021-05-31 12:00:00+00:00,19.91735,59.63254,9.9,1645.6675535070501,4.68133002091722,0.00972276235113576,0.0720204618602648,4.68133002091722,0.108030692790397,30.6086962906126,No (reported postion),cruise,2021-05-31 12:00:00
2021-05-31 13:00:00+00:00,19.9100733333,59.4808633333,10.0,1692.8242545824,4.81547380953419,0.0100013686813402,0.0740842124543722,4.81547380953419,0.111126318681558,31.4857902931082,No (reported postion),cruise,2021-05-31 13:00:00
2021-05-31 14:00:00+00:00,19.739,59.3303,10.3,1840.04823426707,5.23427287647087,0.0108711821280549,0.0805272750226287,5.23427287647087,0.120790912533943,34.2240918846172,No (reported postion),cruise,2021-05-31 14:00:00
2021-05-31 15:00:00+00:00,19.56973333334,59.18262066666,10.2,2725.091,7.7519,0.016100100000000003,0.11926,7.7519,0.17889,50.6855,Linear (small gap),cruise,2021-05-31 15:00:00
2021-05-31 16:00:00+00:00,19.40046666668,59.03494133332,10.1,2725.091,7.7519,0.016100100000000003,0.11926,7.7519,0.17889,50.6855,Linear (small gap),cruise,2021-05-31 16:00:00
2021-05-31 17:00:00+00:00,19.23120000002,58.88726199998,10.0,2725.091,7.7519,0.016100100000000003,0.11926,7.7519,0.17889,50.6855,Linear (small gap),cruise,2021-05-31 17:00:00
2021-05-31 18:00:00+00:00,19.06193333336,58.73958266664,9.9,2725.091,7.7519,0.016100100000000003,0.11926,7.7519,0.17889,50.6855,Linear (small gap),cruise,2021-05-31 18:00:00
2021-05-31 19:00:00+00:00,18.8926666667,58.5919033333,9.8,1599.45395469892,4.5498690177431,0.009449727959927991,0.0699979848883554,4.5498690177431,0.104996977332533,29.749143577551102,No (reported postion),cruise,2021-05-31 19:00:00
2021-05-31 20:00:00+00:00,18.7620016667,58.4739183333,9.6,1509.8179587422198,4.29488697235204,0.00892014986565423,0.06607518419003139,4.29488697235204,0.09911277628504711,28.0819532807633,No (reported postion),cruise,2021-05-31 20:00:00
2021-05-31 21:00:00+00:00,18.55411083335,58.286255,9.7,2725.091,7.7519,0.016100100000000003,0.11926,7.7519,0.17889,50.6855,Linear (small gap),cruise,2021-05-31 21:00:00
2021-05-31 22:00:00+00:00,18.34622,58.0985916667,9.8,1599.45395469892,4.5498690177431,0.009449727959927991,0.0699979848883554,4.5498690177431,0.104996977332533,29.749143577551102,No (reported postion),cruise,2021-05-31 22:00:00
2021-05-31 23:00:00+00:00,18.2934116667,58.05044,9.7,1554.1739318724901,4.4210637011689995,0.00918220922550484,0.06801636463336919,4.4210637011689995,0.102024546950054,28.9069549691819,No (reported postion),cruise,2021-05-31 23:00:00
2021-06-01 00:00:00+00:00,18.13267,57.9040583333,9.6,1509.8179587422198,4.29488697235204,0.00892014986565423,0.06607518419003139,4.29488697235204,0.09911277628504711,28.0819532807633,No (reported postion),cruise,2021-06-01 00:00:00
2021-06-01 01:00:00+00:00,17.9583783333,57.7413883333,9.6,1509.8179587422198,4.29488697235204,0.00892014986565423,0.06607518419003139,4.29488697235204,0.09911277628504711,28.0819532807633,No (reported postion),cruise,2021-06-01 01:00:00
2021-06-01 02:00:00+00:00,17.8415,57.630505,9.6,1509.8179587422198,4.29488697235204,0.00892014986565423,0.06607518419003139,4.29488697235204,0.09911277628504711,28.0819532807633,No (reported postion),cruise,2021-06-01 02:00:00
2021-06-01 03:00:00+00:00,17.6915316667,57.4899533333,9.8,1599.45395469892,4.5498690177431,0.009449727959927991,0.0699979848883554,4.5498690177431,0.104996977332533,29.749143577551102,No (reported postion),cruise,2021-06-01 03:00:00
2021-06-01 04:00:00+00:00,17.5774366667,57.3394783333,9.6,1509.8179587422198,4.29488697235204,0.00892014986565423,0.06607518419003139,4.29488697235204,0.09911277628504711,28.0819532807633,No (reported postion),cruise,2021-06-01 04:00:00
2021-06-01 05:00:00+00:00,17.455695,57.16508,9.6,1509.8179587422198,4.29488697235204,0.00892014986565423,0.06607518419003139,4.29488697235204,0.09911277628504711,28.0819532807633,No (reported postion),cruise,2021-06-01 05:00:00
2021-06-01 06:00:00+00:00,17.36433,57.035725,9.8,1599.45395469892,4.5498690177431,0.009449727959927991,0.0699979848883554,4.5498690177431,0.104996977332533,29.749143577551102,No (reported postion),cruise,2021-06-01 06:00:00
2021-06-01 07:00:00+00:00,17.25005,56.8801333333,10.1,1740.9335842105,4.95232748243688,0.0102856032327535,0.07618965357595209,4.95232748243688,0.11428448036392799,32.3806027697796,No (reported postion),cruise,2021-06-01 07:00:00
2021-06-01 08:00:00+00:00,17.1421083333,56.7203833333,10.2,1790.00506867688,5.091918138468159,0.0105755222875877,0.0783372021302793,5.091918138468159,0.117505803195419,33.2933109053687,No (reported postion),cruise,2021-06-01 08:00:00
2021-06-01 09:00:00+00:00,17.02473166665,56.5542575,10.25,2725.091,7.7519,0.016100100000000003,0.11926,7.7519,0.17889,50.6855,Linear (small gap),cruise,2021-06-01 09:00:00
2021-06-01 10:00:00+00:00,16.907355,56.3881316667,10.3,1840.04823426707,5.23427287647087,0.0108711821280549,0.0805272750226287,5.23427287647087,0.120790912533943,34.2240918846172,No (reported postion),cruise,2021-06-01 10:00:00
2021-06-01 11:00:00+00:00,16.7995183333,56.2339066667,10.1,1740.9335842105,4.95232748243688,0.0102856032327535,0.07618965357595209,4.95232748243688,0.11428448036392799,32.3806027697796,No (reported postion),cruise,2021-06-01 11:00:00
2021-06-01 12:00:00+00:00,16.626085,56.111345,10.1,1740.9335842105,4.95232748243688,0.0102856032327535,0.07618965357595209,4.95232748243688,0.11428448036392799,32.3806027697796,No (reported postion),cruise,2021-06-01 12:00:00
2021-06-01 13:00:00+00:00,16.3821483333,56.0213016667,10.3,1840.04823426707,5.23427287647087,0.0108711821280549,0.0805272750226287,5.23427287647087,0.120790912533943,34.2240918846172,No (reported postion),cruise,2021-06-01 13:00:00
2021-06-01 14:00:00+00:00,16.128315,55.9337716667,9.9,1645.6675535070501,4.68133002091722,0.00972276235113576,0.0720204618602648,4.68133002091722,0.108030692790397,30.6086962906126,No (reported postion),cruise,2021-06-01 14:00:00
2021-06-01 15:00:00+00:00,15.873735,55.8480166667,10.1,1740.9335842105,4.95232748243688,0.0102856032327535,0.07618965357595209,4.95232748243688,0.11428448036392799,32.3806027697796,No (reported postion),cruise,2021-06-01 15:00:00
2021-06-01 16:00:00+00:00,15.616525,55.76216,10.1,1740.9335842105,4.95232748243688,0.0102856032327535,0.07618965357595209,4.95232748243688,0.11428448036392799,32.3806027697796,No (reported postion),cruise,2021-06-01 16:00:00
2021-06-01 17:00:00+00:00,15.3585833333,55.6769533333,11.1,2276.51723370879,6.475869592607051,0.013449883000030001,0.09962876296318539,6.475869592607051,0.149443144444778,42.342224259353806,No (reported postion),cruise,2021-06-01 17:00:00
2021-06-01 18:00:00+00:00,15.0956033333,55.59336,10.0,1692.8242545824,4.81547380953419,0.0100013686813402,0.0740842124543722,4.81547380953419,0.111126318681558,31.4857902931082,No (reported postion),cruise,2021-06-01 18:00:00
2021-06-01 19:00:00+00:00,14.8344883333,55.5171966667,10.0,1692.8242545824,4.81547380953419,0.0100013686813402,0.0740842124543722,4.81547380953419,0.111126318681558,31.4857902931082,No (reported postion),cruise,2021-06-01 19:00:00
2021-06-01 20:00:00+00:00,14.5818433333,55.4373733333,9.7,1554.1739318724901,4.4210637011689995,0.00918220922550484,0.06801636463336919,4.4210637011689995,0.102024546950054,28.9069549691819,No (reported postion),cruise,2021-06-01 20:00:00
2021-06-01 21:00:00+00:00,14.4010283333,55.3112266667,9.9,1645.6675535070501,4.68133002091722,0.00972276235113576,0.0720204618602648,4.68133002091722,0.108030692790397,30.6086962906126,No (reported postion),cruise,2021-06-01 21:00:00
2021-06-01 22:00:00+00:00,14.20894,55.1901833333,10.0,1692.8242545824,4.81547380953419,0.0100013686813402,0.0740842124543722,4.81547380953419,0.111126318681558,31.4857902931082,No (reported postion),cruise,2021-06-01 22:00:00
2021-06-01 23:00:00+00:00,14.0307333333,55.0663833333,9.9,1645.6675535070501,4.68133002091722,0.00972276235113576,0.0720204618602648,4.68133002091722,0.108030692790397,30.6086962906126,No (reported postion),cruise,2021-06-01 23:00:00
2021-06-02 00:00:00+00:00,13.7697383333,54.9982083333,10.0,1692.8242545824,4.81547380953419,0.0100013686813402,0.0740842124543722,4.81547380953419,0.111126318681558,31.4857902931082,No (reported postion),cruise,2021-06-02 00:00:00
2021-06-02 01:00:00+00:00,13.489765,54.9537966667,10.0,1692.8242545824,4.81547380953419,0.0100013686813402,0.0740842124543722,4.81547380953419,0.111126318681558,31.4857902931082,No (reported postion),cruise,2021-06-02 01:00:00
2021-06-02 02:00:00+00:00,13.2168333333,54.8966116667,9.9,1645.6675535070501,4.68133002091722,0.00972276235113576,0.0720204618602648,4.68133002091722,0.108030692790397,30.6086962906126,No (reported postion),cruise,2021-06-02 02:00:00
2021-06-02 03:00:00+00:00,12.9464116667,54.8431666667,9.7,1554.1739318724901,4.4210637011689995,0.00918220922550484,0.06801636463336919,4.4210637011689995,0.102024546950054,28.9069549691819,No (reported postion),cruise,2021-06-02 03:00:00
2021-06-02 04:00:00+00:00,12.68521,54.7831316667,9.8,1599.45395469892,4.5498690177431,0.009449727959927991,0.0699979848883554,4.5498690177431,0.104996977332533,29.749143577551102,No (reported postion),cruise,2021-06-02 04:00:00
2021-06-02 05:00:00+00:00,12.4504716667,54.6912733333,9.8,1599.45395469892,4.5498690177431,0.009449727959927991,0.0699979848883554,4.5498690177431,0.104996977332533,29.749143577551102,No (reported postion),cruise,2021-06-02 05:00:00
2021-06-02 06:00:00+00:00,12.235605,54.5894533333,9.9,1645.6675535070501,4.68133002091722,0.00972276235113576,0.0720204618602648,4.68133002091722,0.108030692790397,30.6086962906126,No (reported postion),cruise,2021-06-02 06:00:00
2021-06-02 07:00:00+00:00,12.1272,54.441795,10.0,1692.8242545824,4.81547380953419,0.0100013686813402,0.0740842124543722,4.81547380953419,0.111126318681558,31.4857902931082,No (reported postion),cruise,2021-06-02 07:00:00
2021-06-02 08:00:00+00:00,11.84016,54.43464,10.1,1740.9335842105,4.95232748243688,0.0102856032327535,0.07618965357595209,4.95232748243688,0.11428448036392799,32.3806027697796,No (reported postion),cruise,2021-06-02 08:00:00
2021-06-02 09:00:00+00:00,11.5755016667,54.4910666667,9.8,1599.45395469892,4.5498690177431,0.009449727959927991,0.0699979848883554,4.5498690177431,0.104996977332533,29.749143577551102,No (reported postion),cruise,2021-06-02 09:00:00
2021-06-02 10:00:00+00:00,11.3156433333,54.5652133333,7.7,798.438997361735,2.2712706708320702,0.0047172544701896794,0.0349426257051088,2.2712706708320702,0.0524139385576631,14.8506159246712,No (reported postion),cruise,2021-06-02 10:00:00
2021-06-02 11:00:00+00:00,11.04959,54.64587,10.8,2018.21345128292,5.7410885922708905,0.0119237993839472,0.08832443988109069,5.7410885922708905,0.13248665982163602,37.5378869494635,No (reported postion),cruise,2021-06-02 11:00:00
2021-06-02 12:00:00+00:00,10.87561,54.7719633333,10.7,1965.5622234209,5.5913148587465304,0.0116127308604736,0.08602022859610049,5.5913148587465304,0.129030342894151,36.5585971533427,No (reported postion),cruise,2021-06-02 12:00:00
2021-06-02 13:00:00+00:00,10.9432033333,54.9401166667,10.6,1913.88599017329,5.44431463287808,0.011307422699054501,0.0837586866596627,5.44431463287808,0.125638029989494,35.5974418303567,No (reported postion),cruise,2021-06-02 13:00:00
2021-06-02 14:00:00+00:00,11.0454566667,55.088445,10.8,2018.21345128292,5.7410885922708905,0.0119237993839472,0.08832443988109069,5.7410885922708905,0.13248665982163602,37.5378869494635,No (reported postion),cruise,2021-06-02 14:00:00
2021-06-02 15:00:00+00:00,11.0851366667,55.259555,10.8,2018.21345128292,5.7410885922708905,0.0119237993839472,0.08832443988109069,5.7410885922708905,0.13248665982163602,37.5378869494635,No (reported postion),cruise,2021-06-02 15:00:00
2021-06-02 16:00:00+00:00,10.97963,55.4274133333,10.5,1863.17563944091,5.30006199403323,0.011007821064530599,0.081539415292819,5.30006199403323,0.12230912293922801,34.6542514994481,No (reported postion),cruise,2021-06-02 16:00:00
2021-06-02 17:00:00+00:00,10.8419316667,55.5650083333,10.6,1913.88599017329,5.44431463287808,0.011307422699054501,0.0837586866596627,5.44431463287808,0.125638029989494,35.5974418303567,No (reported postion),cruise,2021-06-02 17:00:00
2021-06-02 18:00:00+00:00,10.6444733333,55.671565,9.7,1491.17115222586,4.2418435402486,0.00880998273743941,0.0652591313884401,4.2418435402486,0.0978886970826601,27.735130840087,No (reported postion),cruise,2021-06-02 18:00:00
2021-06-02 19:00:00+00:00,10.521875,55.5793433333,0.6,219.688035571208,0.63305148479853,0.00129793806573799,0.00966646847679174,0.6283204509914629,0.014556983324777001,4.209225916596299,No (reported postion),anchor,2021-06-02 19:00:00
2021-06-02 20:00:00+00:00,10.5204683333,55.57912,0.0,219.36,0.624,0.001296,0.0096,0.624,0.0144,4.08,No (reported postion),anchor,2021-06-02 20:00:00
2021-06-02 21:00:00+00:00,10.5202066667,55.578935,0.0,219.36,0.624,0.001296,0.0096,0.624,0.0144,4.08,No (reported postion),anchor,2021-06-02 21:00:00
2021-06-02 22:00:00+00:00,10.5204783333,55.5792183333,0.0,219.36,0.624,0.001296,0.0096,0.624,0.0144,4.08,No (reported postion),anchor,2021-06-02 22:00:00
2021-06-02 23:00:00+00:00,10.52034,55.57911,0.0,219.36,0.624,0.001296,0.0096,0.624,0.0144,4.08,No (reported postion),anchor,2021-06-02 23:00:00
2021-06-03 00:00:00+00:00,10.520495,55.5792016667,0.0,219.36,0.624,0.001296,0.0096,0.624,0.0144,4.08,No (reported postion),anchor,2021-06-03 00:00:00
2021-06-03 01:00:00+00:00,10.5211483333,55.5795733333,0.0,219.36,0.624,0.001296,0.0096,0.624,0.0144,4.08,No (reported postion),anchor,2021-06-03 01:00:00
2021-06-03 02:00:00+00:00,10.52195,55.5796933333,0.0,219.36,0.624,0.001296,0.0096,0.624,0.0144,4.08,No (reported postion),anchor,2021-06-03 02:00:00
2021-06-03 03:00:00+00:00,10.52149,55.5795116667,0.0,219.36,0.624,0.001296,0.0096,0.624,0.0144,4.08,No (reported postion),anchor,2021-06-03 03:00:00
2021-06-03 04:00:00+00:00,10.51995,55.5784166667,0.0,219.36,0.624,0.001296,0.0096,0.624,0.0144,4.08,No (reported postion),anchor,2021-06-03 04:00:00
2021-06-03 05:00:00+00:00,10.520065,55.5785283333,0.0,219.36,0.624,0.001296,0.0096,0.624,0.0144,4.08,No (reported postion),anchor,2021-06-03 05:00:00
2021-06-03 06:00:00+00:00,10.5201816667,55.5788116667,0.0,219.36,0.624,0.001296,0.0096,0.624,0.0144,4.08,No (reported postion),anchor,2021-06-03 06:00:00
2021-06-03 07:00:00+00:00,10.522165,55.57846,0.4,219.457195724802,0.626681921421787,0.00129657424170014,0.00961969436349385,0.6252801336271,0.0144465135777117,4.1182891604729805,No (reported postion),anchor,2021-06-03 07:00:00
2021-06-03 08:00:00+00:00,10.5378383333,55.476,3.3,159.68691815967,1.3065830602038,0.000943445687157788,0.0115743807888944,0.752334751278135,0.022413220282146897,13.8114473411205,No (reported postion),cruise,2021-06-03 08:00:00
2021-06-03 09:00:00+00:00,10.5380666667,55.4711783333,0.0,219.36,0.624,0.001296,0.0096,0.624,0.0144,4.08,No (reported postion),anchor,2021-06-03 09:00:00
2021-06-03 10:00:00+00:00,10.5380816667,55.4711466667,0.0,219.36,0.624,0.001296,0.0096,0.624,0.0144,4.08,No (reported postion),anchor,2021-06-03 10:00:00
2021-06-03 11:00:00+00:00,10.53809,55.4711383333,0.0,219.36,0.624,0.001296,0.0096,0.624,0.0144,4.08,No (reported postion),anchor,2021-06-03 11:00:00
2021-06-03 12:00:00+00:00,10.538105,55.47114,0.0,219.36,0.624,0.001296,0.0096,0.624,0.0144,4.08,No (reported postion),anchor,2021-06-03 12:00:00
2021-06-03 13:00:00+00:00,10.5381083333,55.4711516667,0.0,219.36,0.624,0.001296,0.0096,0.624,0.0144,4.08,No (reported postion),anchor,2021-06-03 13:00:00
2021-06-03 14:00:00+00:00,10.5380566667,55.471165,0.0,219.36,0.624,0.001296,0.0096,0.624,0.0144,4.08,No (reported postion),anchor,2021-06-03 14:00:00
2021-06-03 15:00:00+00:00,10.5380883333,55.4711166667,0.0,219.36,0.624,0.001296,0.0096,0.624,0.0144,4.08,No (reported postion),anchor,2021-06-03 15:00:00
2021-06-03 16:00:00+00:00,10.53813,55.4711466667,0.0,219.36,0.624,0.001296,0.0096,0.624,0.0144,4.08,No (reported postion),anchor,2021-06-03 16:00:00
2021-06-03 17:00:00+00:00,10.5380533333,55.4711483333,0.0,219.36,0.624,0.001296,0.0096,0.624,0.0144,4.08,No (reported postion),anchor,2021-06-03 17:00:00
2021-06-03 18:00:00+00:00,10.53811,55.47123,0.0,219.36,0.624,0.001296,0.0096,0.624,0.0144,4.08,No (reported postion),anchor,2021-06-03 18:00:00
2021-06-03 19:00:00+00:00,10.538075,55.4711783333,0.0,219.36,0.624,0.001296,0.0096,0.624,0.0144,4.08,No (reported postion),anchor,2021-06-03 19:00:00
2021-06-03 20:00:00+00:00,10.5380833333,55.4711666667,0.0,219.36,0.624,0.001296,0.0096,0.624,0.0144,4.08,No (reported postion),anchor,2021-06-03 20:00:00
2021-06-03 21:00:00+00:00,10.5380666667,55.4711766667,0.0,219.36,0.624,0.001296,0.0096,0.624,0.0144,4.08,No (reported postion),anchor,2021-06-03 21:00:00
2021-06-03 22:00:00+00:00,10.5381216667,55.47118,0.0,219.36,0.624,0.001296,0.0096,0.624,0.0144,4.08,No (reported postion),anchor,2021-06-03 22:00:00
2021-06-03 23:00:00+00:00,10.5380916667,55.4711466667,0.0,219.36,0.624,0.001296,0.0096,0.624,0.0144,4.08,No (reported postion),anchor,2021-06-03 23:00:00
2021-06-04 00:00:00+00:00,10.5380416667,55.4711683333,0.0,219.36,0.624,0.001296,0.0096,0.624,0.0144,4.08,No (reported postion),anchor,2021-06-04 00:00:00
2021-06-04 01:00:00+00:00,10.538115,55.47115,0.0,219.36,0.624,0.001296,0.0096,0.624,0.0144,4.08,No (reported postion),anchor,2021-06-04 01:00:00
2021-06-04 02:00:00+00:00,10.5381083333,55.4711683333,0.0,219.36,0.624,0.001296,0.0096,0.624,0.0144,4.08,No (reported postion),anchor,2021-06-04 02:00:00
2021-06-04 03:00:00+00:00,10.5380566667,55.47117,0.0,219.36,0.624,0.001296,0.0096,0.624,0.0144,4.08,No (reported postion),anchor,2021-06-04 03:00:00
2021-06-04 04:00:00+00:00,10.5380866667,55.47115,0.0,219.36,0.624,0.001296,0.0096,0.624,0.0144,4.08,No (reported postion),anchor,2021-06-04 04:00:00
2021-06-04 05:00:00+00:00,10.5380383333,55.4711883333,0.0,219.36,0.624,0.001296,0.0096,0.624,0.0144,4.08,No (reported postion),anchor,2021-06-04 05:00:00
2021-06-04 06:00:00+00:00,10.5380933333,55.4711733333,0.0,219.36,0.624,0.001296,0.0096,0.624,0.0144,4.08,No (reported postion),anchor,2021-06-04 06:00:00
2021-06-04 07:00:00+00:00,10.53808,55.47115,0.0,219.36,0.624,0.001296,0.0096,0.624,0.0144,4.08,No (reported postion),anchor,2021-06-04 07:00:00
2021-06-04 08:00:00+00:00,10.5380366667,55.471165,0.0,219.36,0.624,0.001296,0.0096,0.624,0.0144,4.08,No (reported postion),anchor,2021-06-04 08:00:00
2021-06-04 09:00:00+00:00,10.5380933333,55.47116,0.0,219.36,0.624,0.001296,0.0096,0.624,0.0144,4.08,No (reported postion),anchor,2021-06-04 09:00:00
2021-06-04 10:00:00+00:00,10.5380916667,55.4711583333,0.0,219.36,0.624,0.001296,0.0096,0.624,0.0144,4.08,No (reported postion),anchor,2021-06-04 10:00:00
2021-06-04 11:00:00+00:00,10.538085,55.4711016667,0.0,219.36,0.624,0.001296,0.0096,0.624,0.0144,4.08,No (reported postion),anchor,2021-06-04 11:00:00
2021-06-04 12:00:00+00:00,10.53812,55.47121,0.0,219.36,0.624,0.001296,0.0096,0.624,0.0144,4.08,No (reported postion),anchor,2021-06-04 12:00:00
2021-06-04 13:00:00+00:00,10.5380783333,55.4711866667,0.0,219.36,0.624,0.001296,0.0096,0.624,0.0144,4.08,No (reported postion),anchor,2021-06-04 13:00:00
2021-06-04 14:00:00+00:00,10.5381316667,55.471165,0.0,219.36,0.624,0.001296,0.0096,0.624,0.0144,4.08,No (reported postion),anchor,2021-06-04 14:00:00
2021-06-04 15:00:00+00:00,10.538085,55.47111,0.0,219.36,0.624,0.001296,0.0096,0.624,0.0144,4.08,No (reported postion),anchor,2021-06-04 15:00:00
2021-06-04 16:00:00+00:00,10.5381333333,55.47117,0.0,219.36,0.624,0.001296,0.0096,0.624,0.0144,4.08,No (reported postion),anchor,2021-06-04 16:00:00
2021-06-04 17:00:00+00:00,10.538135,55.4711466667,0.0,219.36,0.624,0.001296,0.0096,0.624,0.0144,4.08,No (reported postion),anchor,2021-06-04 17:00:00
2021-06-04 18:00:00+00:00,10.5380966667,55.471165,0.0,219.36,0.624,0.001296,0.0096,0.624,0.0144,4.08,No (reported postion),anchor,2021-06-04 18:00:00
2021-06-04 19:00:00+00:00,10.538095,55.47116,0.0,219.36,0.624,0.001296,0.0096,0.624,0.0144,4.08,No (reported postion),anchor,2021-06-04 19:00:00
2021-06-04 20:00:00+00:00,10.5380716667,55.4711733333,0.0,219.36,0.624,0.001296,0.0096,0.624,0.0144,4.08,No (reported postion),anchor,2021-06-04 20:00:00
2021-06-04 21:00:00+00:00,10.538085,55.471145,0.0,219.36,0.624,0.001296,0.0096,0.624,0.0144,4.08,No (reported postion),anchor,2021-06-04 21:00:00
2021-06-04 22:00:00+00:00,10.538155,55.4711733333,0.0,219.36,0.624,0.001296,0.0096,0.624,0.0144,4.08,No (reported postion),anchor,2021-06-04 22:00:00
2021-06-04 23:00:00+00:00,10.5381716667,55.4711583333,0.0,219.36,0.624,0.001296,0.0096,0.624,0.0144,4.08,No (reported postion),anchor,2021-06-04 23:00:00
2021-06-05 00:00:00+00:00,10.538105,55.4711783333,0.0,219.36,0.624,0.001296,0.0096,0.624,0.0144,4.08,No (reported postion),anchor,2021-06-05 00:00:00
2021-06-05 01:00:00+00:00,10.5380933333,55.471165,0.0,219.36,0.624,0.001296,0.0096,0.624,0.0144,4.08,No (reported postion),anchor,2021-06-05 01:00:00
2021-06-05 02:00:00+00:00,10.538105,55.4711816667,0.0,219.36,0.624,0.001296,0.0096,0.624,0.0144,4.08,No (reported postion),anchor,2021-06-05 02:00:00
2021-06-05 03:00:00+00:00,10.5380866667,55.4711583333,0.0,219.36,0.624,0.001296,0.0096,0.624,0.0144,4.08,No (reported postion),anchor,2021-06-05 03:00:00
2021-06-05 04:00:00+00:00,10.53813,55.4711133333,0.0,219.36,0.624,0.001296,0.0096,0.624,0.0144,4.08,No (reported postion),anchor,2021-06-05 04:00:00
2021-06-05 05:00:00+00:00,10.5380966667,55.47116,0.0,219.36,0.624,0.001296,0.0096,0.624,0.0144,4.08,No (reported postion),anchor,2021-06-05 05:00:00
2021-06-05 06:00:00+00:00,10.538135,55.47117,0.0,219.36,0.624,0.001296,0.0096,0.624,0.0144,4.08,No (reported postion),anchor,2021-06-05 06:00:00
2021-06-05 07:00:00+00:00,10.53808,55.4711833333,0.0,219.36,0.624,0.001296,0.0096,0.624,0.0144,4.08,No (reported postion),anchor,2021-06-05 07:00:00
2021-06-05 08:00:00+00:00,10.5380416667,55.4711966667,0.0,219.36,0.624,0.001296,0.0096,0.624,0.0144,4.08,No (reported postion),anchor,2021-06-05 08:00:00
2021-06-05 09:00:00+00:00,10.5380433333,55.4711233333,0.0,219.36,0.624,0.001296,0.0096,0.624,0.0144,4.08,No (reported postion),anchor,2021-06-05 09:00:00
2021-06-05 10:00:00+00:00,10.538115,55.47118,0.0,219.36,0.624,0.001296,0.0096,0.624,0.0144,4.08,No (reported postion),anchor,2021-06-05 10:00:00
2021-06-05 11:00:00+00:00,10.5380866667,55.4711666667,0.0,219.36,0.624,0.001296,0.0096,0.624,0.0144,4.08,No (reported postion),anchor,2021-06-05 11:00:00
2021-06-05 12:00:00+00:00,10.5381,55.4711766667,0.0,219.36,0.624,0.001296,0.0096,0.624,0.0144,4.08,No (reported postion),anchor,2021-06-05 12:00:00
2021-06-05 13:00:00+00:00,10.5381183333,55.47116,0.0,219.36,0.624,0.001296,0.0096,0.624,0.0144,4.08,No (reported postion),anchor,2021-06-05 13:00:00
2021-06-05 14:00:00+00:00,10.53812,55.471115,0.0,219.36,0.624,0.001296,0.0096,0.624,0.0144,4.08,No (reported postion),anchor,2021-06-05 14:00:00
2021-06-05 15:00:00+00:00,10.5381566667,55.4711166667,0.0,219.36,0.624,0.001296,0.0096,0.624,0.0144,4.08,No (reported postion),anchor,2021-06-05 15:00:00
2021-06-05 16:00:00+00:00,10.5380666667,55.4711333333,0.0,219.36,0.624,0.001296,0.0096,0.624,0.0144,4.08,No (reported postion),anchor,2021-06-05 16:00:00
2021-06-05 17:00:00+00:00,10.538105,55.4711583333,0.0,219.36,0.624,0.001296,0.0096,0.624,0.0144,4.08,No (reported postion),anchor,2021-06-05 17:00:00
2021-06-05 18:00:00+00:00,10.5380833333,55.4711333333,0.0,219.36,0.624,0.001296,0.0096,0.624,0.0144,4.08,No (reported postion),anchor,2021-06-05 18:00:00
2021-06-05 19:00:00+00:00,10.53807,55.4711583333,0.0,219.36,0.624,0.001296,0.0096,0.624,0.0144,4.08,No (reported postion),anchor,2021-06-05 19:00:00
2021-06-05 20:00:00+00:00,10.5380983333,55.4711883333,0.0,219.36,0.624,0.001296,0.0096,0.624,0.0144,4.08,No (reported postion),anchor,2021-06-05 20:00:00
2021-06-05 21:00:00+00:00,10.5380933333,55.47116,0.0,219.36,0.624,0.001296,0.0096,0.624,0.0144,4.08,No (reported postion),anchor,2021-06-05 21:00:00
2021-06-05 22:00:00+00:00,10.5380516667,55.4711616667,0.0,219.36,0.624,0.001296,0.0096,0.624,0.0144,4.08,No (reported postion),anchor,2021-06-05 22:00:00
2021-06-05 23:00:00+00:00,10.5380816667,55.4711983333,0.0,219.36,0.624,0.001296,0.0096,0.624,0.0144,4.08,No (reported postion),anchor,2021-06-05 23:00:00
2021-06-06 00:00:00+00:00,10.5380616667,55.4711583333,0.0,219.36,0.624,0.001296,0.0096,0.624,0.0144,4.08,No (reported postion),anchor,2021-06-06 00:00:00
2021-06-06 01:00:00+00:00,10.5380833333,55.4711516667,0.0,219.36,0.624,0.001296,0.0096,0.624,0.0144,4.08,No (reported postion),anchor,2021-06-06 01:00:00
2021-06-06 02:00:00+00:00,10.5380716667,55.4711683333,0.0,219.36,0.624,0.001296,0.0096,0.624,0.0144,4.08,No (reported postion),anchor,2021-06-06 02:00:00
2021-06-06 03:00:00+00:00,10.53808,55.47114,0.0,219.36,0.624,0.001296,0.0096,0.624,0.0144,4.08,No (reported postion),anchor,2021-06-06 03:00:00
2021-06-06 04:00:00+00:00,10.5380516667,55.4711883333,0.0,219.36,0.624,0.001296,0.0096,0.624,0.0144,4.08,No (reported postion),anchor,2021-06-06 04:00:00
2021-06-06 05:00:00+00:00,10.5380633333,55.4711516667,0.0,219.36,0.624,0.001296,0.0096,0.624,0.0144,4.08,No (reported postion),anchor,2021-06-06 05:00:00
2021-06-06 06:00:00+00:00,10.5380716667,55.4712066667,0.0,219.36,0.624,0.001296,0.0096,0.624,0.0144,4.08,No (reported postion),anchor,2021-06-06 06:00:00
2021-06-06 07:00:00+00:00,10.5381283333,55.4711566667,0.0,219.36,0.624,0.001296,0.0096,0.624,0.0144,4.08,No (reported postion),anchor,2021-06-06 07:00:00
2021-06-06 08:00:00+00:00,10.5381116667,55.47116,0.0,219.36,0.624,0.001296,0.0096,0.624,0.0144,4.08,No (reported postion),anchor,2021-06-06 08:00:00
2021-06-06 09:00:00+00:00,10.5380333333,55.47116,0.0,219.36,0.624,0.001296,0.0096,0.624,0.0144,4.08,No (reported postion),anchor,2021-06-06 09:00:00
2021-06-06 10:00:00+00:00,10.5380983333,55.4711716667,0.0,219.36,0.624,0.001296,0.0096,0.624,0.0144,4.08,No (reported postion),anchor,2021-06-06 10:00:00
2021-06-06 11:00:00+00:00,10.5380933333,55.4710983333,0.0,219.36,0.624,0.001296,0.0096,0.624,0.0144,4.08,No (reported postion),anchor,2021-06-06 11:00:00
2021-06-06 12:00:00+00:00,10.5380433333,55.47119,0.0,219.36,0.624,0.001296,0.0096,0.624,0.0144,4.08,No (reported postion),anchor,2021-06-06 12:00:00
2021-06-06 13:00:00+00:00,10.5381,55.471145,0.0,219.36,0.624,0.001296,0.0096,0.624,0.0144,4.08,No (reported postion),anchor,2021-06-06 13:00:00
2021-06-06 14:00:00+00:00,10.538135,55.4711433333,0.0,219.36,0.624,0.001296,0.0096,0.624,0.0144,4.08,No (reported postion),anchor,2021-06-06 14:00:00
2021-06-06 15:00:00+00:00,10.5380966667,55.4711666667,0.0,219.36,0.624,0.001296,0.0096,0.624,0.0144,4.08,No (reported postion),anchor,2021-06-06 15:00:00
2021-06-06 16:00:00+00:00,10.5381083333,55.4711783333,0.0,219.36,0.624,0.001296,0.0096,0.624,0.0144,4.08,No (reported postion),anchor,2021-06-06 16:00:00
2021-06-06 17:00:00+00:00,10.5380933333,55.4711216667,0.0,219.36,0.624,0.001296,0.0096,0.624,0.0144,4.08,No (reported postion),anchor,2021-06-06 17:00:00
2021-06-06 18:00:00+00:00,10.538095,55.4711816667,0.0,219.36,0.624,0.001296,0.0096,0.624,0.0144,4.08,No (reported postion),anchor,2021-06-06 18:00:00
2021-06-06 19:00:00+00:00,10.5380866667,55.4711783333,0.0,219.36,0.624,0.001296,0.0096,0.624,0.0144,4.08,No (reported postion),anchor,2021-06-06 19:00:00
2021-06-06 20:00:00+00:00,10.5381033333,55.4711916667,0.0,219.36,0.624,0.001296,0.0096,0.624,0.0144,4.08,No (reported postion),anchor,2021-06-06 20:00:00
2021-06-06 21:00:00+00:00,10.5381216667,55.4711883333,0.0,219.36,0.624,0.001296,0.0096,0.624,0.0144,4.08,No (reported postion),anchor,2021-06-06 21:00:00
2021-06-06 22:00:00+00:00,10.5381083333,55.47119,0.0,219.36,0.624,0.001296,0.0096,0.624,0.0144,4.08,No (reported postion),anchor,2021-06-06 22:00:00
2021-06-06 23:00:00+00:00,10.53812,55.4711833333,0.0,219.36,0.624,0.001296,0.0096,0.624,0.0144,4.08,No (reported postion),anchor,2021-06-06 23:00:00
2021-06-07 00:00:00+00:00,10.5381733333,55.4712,0.0,219.36,0.624,0.001296,0.0096,0.624,0.0144,4.08,No (reported postion),anchor,2021-06-07 00:00:00
2021-06-07 01:00:00+00:00,10.53805,55.4711883333,0.0,219.36,0.624,0.001296,0.0096,0.624,0.0144,4.08,No (reported postion),anchor,2021-06-07 01:00:00
2021-06-07 02:00:00+00:00,10.5380716667,55.4711966667,0.0,219.36,0.624,0.001296,0.0096,0.624,0.0144,4.08,No (reported postion),anchor,2021-06-07 02:00:00
2021-06-07 03:00:00+00:00,10.5380516667,55.471175,0.0,219.36,0.624,0.001296,0.0096,0.624,0.0144,4.08,No (reported postion),anchor,2021-06-07 03:00:00
2021-06-07 04:00:00+00:00,10.5380433333,55.4711616667,0.0,219.36,0.624,0.001296,0.0096,0.624,0.0144,4.08,No (reported postion),anchor,2021-06-07 04:00:00
2021-06-07 05:00:00+00:00,10.5380816667,55.4711683333,0.0,219.36,0.624,0.001296,0.0096,0.624,0.0144,4.08,No (reported postion),anchor,2021-06-07 05:00:00
2021-06-07 06:00:00+00:00,10.538095,55.4711883333,0.0,219.36,0.624,0.001296,0.0096,0.624,0.0144,4.08,No (reported postion),anchor,2021-06-07 06:00:00
2021-06-07 07:00:00+00:00,10.5380783333,55.4711666667,0.0,219.36,0.624,0.001296,0.0096,0.624,0.0144,4.08,No (reported postion),anchor,2021-06-07 07:00:00
2021-06-07 08:00:00+00:00,10.5380916667,55.4711766667,0.0,219.36,0.624,0.001296,0.0096,0.624,0.0144,4.08,No (reported postion),anchor,2021-06-07 08:00:00
2021-06-07 09:00:00+00:00,10.53805,55.4711716667,0.0,219.36,0.624,0.001296,0.0096,0.624,0.0144,4.08,No (reported postion),anchor,2021-06-07 09:00:00
2021-06-07 10:00:00+00:00,10.538075,55.4711416667,0.0,219.36,0.624,0.001296,0.0096,0.624,0.0144,4.08,No (reported postion),anchor,2021-06-07 10:00:00
2021-06-07 11:00:00+00:00,10.5381516667,55.4711683333,0.0,219.36,0.624,0.001296,0.0096,0.624,0.0144,4.08,No (reported postion),anchor,2021-06-07 11:00:00
2021-06-07 12:00:00+00:00,10.53811,55.4711516667,0.0,219.36,0.624,0.001296,0.0096,0.624,0.0144,4.08,No (reported postion),anchor,2021-06-07 12:00:00
2021-06-07 13:00:00+00:00,10.5381633333,55.47115,0.0,219.36,0.624,0.001296,0.0096,0.624,0.0144,4.08,No (reported postion),anchor,2021-06-07 13:00:00
2021-06-07 14:00:00+00:00,10.5381016667,55.471175,0.0,219.36,0.624,0.001296,0.0096,0.624,0.0144,4.08,No (reported postion),anchor,2021-06-07 14:00:00
2021-06-07 15:00:00+00:00,10.5381633333,55.4711633333,0.0,219.36,0.624,0.001296,0.0096,0.624,0.0144,4.08,No (reported postion),anchor,2021-06-07 15:00:00
2021-06-07 16:00:00+00:00,10.5381466667,55.471135,0.0,219.36,0.624,0.001296,0.0096,0.624,0.0144,4.08,No (reported postion),anchor,2021-06-07 16:00:00
2021-06-07 17:00:00+00:00,10.53807,55.4711916667,0.0,219.36,0.624,0.001296,0.0096,0.624,0.0144,4.08,No (reported postion),anchor,2021-06-07 17:00:00
2021-06-07 18:00:00+00:00,10.538085,55.471175,0.0,219.36,0.624,0.001296,0.0096,0.624,0.0144,4.08,No (reported postion),anchor,2021-06-07 18:00:00
2021-06-07 19:00:00+00:00,10.5380983333,55.4711333333,0.0,219.36,0.624,0.001296,0.0096,0.624,0.0144,4.08,No (reported postion),anchor,2021-06-07 19:00:00
2021-06-07 20:00:00+00:00,10.5380866667,55.4711766667,0.0,219.36,0.624,0.001296,0.0096,0.624,0.0144,4.08,No (reported postion),anchor,2021-06-07 20:00:00
2021-06-07 21:00:00+00:00,10.5380733333,55.4711983333,0.0,219.36,0.624,0.001296,0.0096,0.624,0.0144,4.08,No (reported postion),anchor,2021-06-07 21:00:00
2021-06-07 22:00:00+00:00,10.5381183333,55.4711583333,0.0,219.36,0.624,0.001296,0.0096,0.624,0.0144,4.08,No (reported postion),anchor,2021-06-07 22:00:00
2021-06-07 23:00:00+00:00,10.5381,55.4711483333,0.0,219.36,0.624,0.001296,0.0096,0.624,0.0144,4.08,No (reported postion),anchor,2021-06-07 23:00:00
2021-06-08 00:00:00+00:00,10.5381133333,55.4711666667,0.0,219.36,0.624,0.001296,0.0096,0.624,0.0144,4.08,No (reported postion),anchor,2021-06-08 00:00:00
2021-06-08 01:00:00+00:00,10.5380916667,55.4711933333,0.0,219.36,0.624,0.001296,0.0096,0.624,0.0144,4.08,No (reported postion),anchor,2021-06-08 01:00:00
2021-06-08 02:00:00+00:00,10.5380866667,55.4711866667,0.0,219.36,0.624,0.001296,0.0096,0.624,0.0144,4.08,No (reported postion),anchor,2021-06-08 02:00:00
2021-06-08 03:00:00+00:00,10.5380916667,55.4711566667,0.0,219.36,0.624,0.001296,0.0096,0.624,0.0144,4.08,No (reported postion),anchor,2021-06-08 03:00:00
2021-06-08 04:00:00+00:00,10.5381066667,55.4711583333,0.0,219.36,0.624,0.001296,0.0096,0.624,0.0144,4.08,No (reported postion),anchor,2021-06-08 04:00:00
2021-06-08 05:00:00+00:00,10.5380866667,55.4711816667,0.0,219.36,0.624,0.001296,0.0096,0.624,0.0144,4.08,No (reported postion),anchor,2021-06-08 05:00:00
2021-06-08 06:00:00+00:00,10.5381033333,55.4711316667,0.0,219.36,0.624,0.001296,0.0096,0.624,0.0144,4.08,No (reported postion),anchor,2021-06-08 06:00:00
2021-06-08 07:00:00+00:00,10.5380983333,55.4711433333,0.0,219.36,0.624,0.001296,0.0096,0.624,0.0144,4.08,No (reported postion),anchor,2021-06-08 07:00:00
2021-06-08 08:00:00+00:00,10.538145,55.47115,0.0,219.36,0.624,0.001296,0.0096,0.624,0.0144,4.08,No (reported postion),anchor,2021-06-08 08:00:00
2021-06-08 09:00:00+00:00,10.5381016667,55.4711366667,0.0,219.36,0.624,0.001296,0.0096,0.624,0.0144,4.08,No (reported postion),anchor,2021-06-08 09:00:00
2021-06-08 10:00:00+00:00,10.5381166667,55.4711583333,0.0,219.36,0.624,0.001296,0.0096,0.624,0.0144,4.08,No (reported postion),anchor,2021-06-08 10:00:00
2021-06-08 11:00:00+00:00,10.538095,55.4711633333,0.0,219.36,0.624,0.001296,0.0096,0.624,0.0144,4.08,No (reported postion),anchor,2021-06-08 11:00:00
2021-06-08 12:00:00+00:00,10.538095,55.471185,0.0,219.36,0.624,0.001296,0.0096,0.624,0.0144,4.08,No (reported postion),anchor,2021-06-08 12:00:00
2021-06-08 13:00:00+00:00,10.5381466667,55.4711666667,0.0,219.36,0.624,0.001296,0.0096,0.624,0.0144,4.08,No (reported postion),anchor,2021-06-08 13:00:00
2021-06-08 14:00:00+00:00,10.5380866667,55.4711433333,0.0,219.36,0.624,0.001296,0.0096,0.624,0.0144,4.08,No (reported postion),anchor,2021-06-08 14:00:00
2021-06-08 15:00:00+00:00,10.5381316667,55.471175,0.0,219.36,0.624,0.001296,0.0096,0.624,0.0144,4.08,No (reported postion),anchor,2021-06-08 15:00:00
2021-06-08 16:00:00+00:00,10.538055,55.4711516667,0.0,219.36,0.624,0.001296,0.0096,0.624,0.0144,4.08,No (reported postion),anchor,2021-06-08 16:00:00
2021-06-08 17:00:00+00:00,10.5380483333,55.4711683333,0.0,219.36,0.624,0.001296,0.0096,0.624,0.0144,4.08,No (reported postion),anchor,2021-06-08 17:00:00
2021-06-08 18:00:00+00:00,10.5380866667,55.4711516667,0.0,219.36,0.624,0.001296,0.0096,0.624,0.0144,4.08,No (reported postion),anchor,2021-06-08 18:00:00
2021-06-08 19:00:00+00:00,10.5380916667,55.47117,0.0,219.36,0.624,0.001296,0.0096,0.624,0.0144,4.08,No (reported postion),anchor,2021-06-08 19:00:00
2021-06-08 20:00:00+00:00,10.5381066667,55.4711866667,0.0,219.36,0.624,0.001296,0.0096,0.624,0.0144,4.08,No (reported postion),anchor,2021-06-08 20:00:00
2021-06-08 21:00:00+00:00,10.538095,55.4711833333,0.0,219.36,0.624,0.001296,0.0096,0.624,0.0144,4.08,No (reported postion),anchor,2021-06-08 21:00:00
2021-06-08 22:00:00+00:00,10.5381166667,55.4711633333,0.0,219.36,0.624,0.001296,0.0096,0.624,0.0144,4.08,No (reported postion),anchor,2021-06-08 22:00:00
2021-06-08 23:00:00+00:00,10.53818,55.4711366667,0.0,219.36,0.624,0.001296,0.0096,0.624,0.0144,4.08,No (reported postion),anchor,2021-06-08 23:00:00
2021-06-09 00:00:00+00:00,10.5380933333,55.471165,0.0,219.36,0.624,0.001296,0.0096,0.624,0.0144,4.08,No (reported postion),anchor,2021-06-09 00:00:00
2021-06-09 01:00:00+00:00,10.5381133333,55.47112,0.0,219.36,0.624,0.001296,0.0096,0.624,0.0144,4.08,No (reported postion),anchor,2021-06-09 01:00:00
2021-06-09 02:00:00+00:00,10.5380816667,55.4711516667,0.0,219.36,0.624,0.001296,0.0096,0.624,0.0144,4.08,No (reported postion),anchor,2021-06-09 02:00:00
2021-06-09 03:00:00+00:00,10.5380466667,55.47117,0.0,219.36,0.624,0.001296,0.0096,0.624,0.0144,4.08,No (reported postion),anchor,2021-06-09 03:00:00
2021-06-09 04:00:00+00:00,10.5380816667,55.4711366667,0.0,219.36,0.624,0.001296,0.0096,0.624,0.0144,4.08,No (reported postion),anchor,2021-06-09 04:00:00
2021-06-09 05:00:00+00:00,10.5381216667,55.4711216667,0.0,219.36,0.624,0.001296,0.0096,0.624,0.0144,4.08,No (reported postion),anchor,2021-06-09 05:00:00
2021-06-09 06:00:00+00:00,10.5380783333,55.471165,0.0,219.36,0.624,0.001296,0.0096,0.624,0.0144,4.08,No (reported postion),anchor,2021-06-09 06:00:00
2021-06-09 07:00:00+00:00,10.5380866667,55.4711883333,0.0,219.36,0.624,0.001296,0.0096,0.624,0.0144,4.08,No (reported postion),anchor,2021-06-09 07:00:00
2021-06-09 08:00:00+00:00,10.538105,55.4711816667,0.0,219.36,0.624,0.001296,0.0096,0.624,0.0144,4.08,No (reported postion),anchor,2021-06-09 08:00:00
2021-06-09 09:00:00+00:00,10.5381516667,55.4711333333,0.0,219.36,0.624,0.001296,0.0096,0.624,0.0144,4.08,No (reported postion),anchor,2021-06-09 09:00:00
2021-06-09 10:00:00+00:00,10.53814,55.47114,0.0,219.36,0.624,0.001296,0.0096,0.624,0.0144,4.08,No (reported postion),anchor,2021-06-09 10:00:00
2021-06-09 11:00:00+00:00,10.5381233333,55.471155,0.0,219.36,0.624,0.001296,0.0096,0.624,0.0144,4.08,No (reported postion),anchor,2021-06-09 11:00:00
2021-06-09 12:00:00+00:00,10.53809,55.4712133333,0.0,219.36,0.624,0.001296,0.0096,0.624,0.0144,4.08,No (reported postion),anchor,2021-06-09 12:00:00
2021-06-09 13:00:00+00:00,10.5380866667,55.4711683333,0.0,219.36,0.624,0.001296,0.0096,0.624,0.0144,4.08,No (reported postion),anchor,2021-06-09 13:00:00
2021-06-09 14:00:00+00:00,10.5381316667,55.4711766667,0.0,219.36,0.624,0.001296,0.0096,0.624,0.0144,4.08,No (reported postion),anchor,2021-06-09 14:00:00
2021-06-09 15:00:00+00:00,10.538105,55.471165,0.0,219.36,0.624,0.001296,0.0096,0.624,0.0144,4.08,No (reported postion),anchor,2021-06-09 15:00:00
2021-06-09 16:00:00+00:00,10.5381216667,55.4711866667,0.0,219.36,0.624,0.001296,0.0096,0.624,0.0144,4.08,No (reported postion),anchor,2021-06-09 16:00:00
2021-06-09 17:00:00+00:00,10.5381783333,55.4711566667,0.0,219.36,0.624,0.001296,0.0096,0.624,0.0144,4.08,No (reported postion),anchor,2021-06-09 17:00:00
2021-06-09 18:00:00+00:00,10.5380416667,55.4711783333,0.0,219.36,0.624,0.001296,0.0096,0.624,0.0144,4.08,No (reported postion),anchor,2021-06-09 18:00:00
2021-06-09 19:00:00+00:00,10.5380716667,55.471155,0.0,219.36,0.624,0.001296,0.0096,0.624,0.0144,4.08,No (reported postion),anchor,2021-06-09 19:00:00
2021-06-09 20:00:00+00:00,10.53809,55.4711916667,0.0,219.36,0.624,0.001296,0.0096,0.624,0.0144,4.08,No (reported postion),anchor,2021-06-09 20:00:00
2021-06-09 21:00:00+00:00,10.5381116667,55.4711983333,0.0,219.36,0.624,0.001296,0.0096,0.624,0.0144,4.08,No (reported postion),anchor,2021-06-09 21:00:00
2021-06-09 22:00:00+00:00,10.5380866667,55.4711833333,0.0,219.36,0.624,0.001296,0.0096,0.624,0.0144,4.08,No (reported postion),anchor,2021-06-09 22:00:00
2021-06-09 23:00:00+00:00,10.5381666667,55.4711466667,0.0,219.36,0.624,0.001296,0.0096,0.624,0.0144,4.08,No (reported postion),anchor,2021-06-09 23:00:00
2021-06-10 00:00:00+00:00,10.5380816667,55.4711733333,0.0,219.36,0.624,0.001296,0.0096,0.624,0.0144,4.08,No (reported postion),anchor,2021-06-10 00:00:00
2021-06-10 01:00:00+00:00,10.5381033333,55.4711483333,0.0,219.36,0.624,0.001296,0.0096,0.624,0.0144,4.08,No (reported postion),anchor,2021-06-10 01:00:00
2021-06-10 02:00:00+00:00,10.5381016667,55.471165,0.0,219.36,0.624,0.001296,0.0096,0.624,0.0144,4.08,No (reported postion),anchor,2021-06-10 02:00:00
2021-06-10 03:00:00+00:00,10.5381166667,55.4711683333,0.0,219.36,0.624,0.001296,0.0096,0.624,0.0144,4.08,No (reported postion),anchor,2021-06-10 03:00:00
2021-06-10 04:00:00+00:00,10.5381016667,55.47114,0.0,219.36,0.624,0.001296,0.0096,0.624,0.0144,4.08,No (reported postion),anchor,2021-06-10 04:00:00
2021-06-10 05:00:00+00:00,10.5381533333,55.4711266667,0.0,219.36,0.624,0.001296,0.0096,0.624,0.0144,4.08,No (reported postion),anchor,2021-06-10 05:00:00
2021-06-10 06:00:00+00:00,10.5380916667,55.47113,0.0,219.36,0.624,0.001296,0.0096,0.624,0.0144,4.08,No (reported postion),anchor,2021-06-10 06:00:00
2021-06-10 07:00:00+00:00,10.5381083333,55.4711416667,0.0,219.36,0.624,0.001296,0.0096,0.624,0.0144,4.08,No (reported postion),anchor,2021-06-10 07:00:00
2021-06-10 08:00:00+00:00,10.5381066667,55.4711566667,0.0,219.36,0.624,0.001296,0.0096,0.624,0.0144,4.08,No (reported postion),anchor,2021-06-10 08:00:00
2021-06-10 09:00:00+00:00,10.538095,55.471175,0.0,219.36,0.624,0.001296,0.0096,0.624,0.0144,4.08,No (reported postion),anchor,2021-06-10 09:00:00
2021-06-10 10:00:00+00:00,10.538075,55.4711366667,0.0,219.36,0.624,0.001296,0.0096,0.624,0.0144,4.08,No (reported postion),anchor,2021-06-10 10:00:00
2021-06-10 11:00:00+00:00,10.538085,55.4711316667,0.0,219.36,0.624,0.001296,0.0096,0.624,0.0144,4.08,No (reported postion),anchor,2021-06-10 11:00:00
2021-06-10 12:00:00+00:00,10.5380833333,55.4711266667,0.0,219.36,0.624,0.001296,0.0096,0.624,0.0144,4.08,No (reported postion),anchor,2021-06-10 12:00:00
2021-06-10 13:00:00+00:00,10.53806,55.47112,0.0,219.36,0.624,0.001296,0.0096,0.624,0.0144,4.08,No (reported postion),anchor,2021-06-10 13:00:00
2021-06-10 14:00:00+00:00,10.5381116667,55.4711133333,0.0,219.36,0.624,0.001296,0.0096,0.624,0.0144,4.08,No (reported postion),anchor,2021-06-10 14:00:00
2021-06-10 15:00:00+00:00,10.5380366667,55.471115,0.0,219.36,0.624,0.001296,0.0096,0.624,0.0144,4.08,No (reported postion),anchor,2021-06-10 15:00:00
2021-06-10 16:00:00+00:00,10.5381016667,55.4711733333,0.0,219.36,0.624,0.001296,0.0096,0.624,0.0144,4.08,No (reported postion),anchor,2021-06-10 16:00:00
2021-06-10 17:00:00+00:00,10.538085,55.4711575,0.0,219.36,0.624,0.001296,0.0096,0.624,0.0144,4.08,Linear (small gap),anchor,2021-06-10 17:00:00
2021-06-10 18:00:00+00:00,10.5380683333,55.4711416667,0.0,219.36,0.624,0.001296,0.0096,0.624,0.0144,4.08,No (reported postion),anchor,2021-06-10 18:00:00
2021-06-10 19:00:00+00:00,10.53806866664,55.47114133336,0.0,219.36,0.624,0.001296,0.0096,0.624,0.0144,4.08,Linear (small gap),anchor,2021-06-10 19:00:00
2021-06-10 20:00:00+00:00,10.53806899998,55.47114100002,0.0,219.36,0.624,0.001296,0.0096,0.624,0.0144,4.08,Linear (small gap),anchor,2021-06-10 20:00:00
2021-06-10 21:00:00+00:00,10.53806933332,55.47114066668,0.0,219.36,0.624,0.001296,0.0096,0.624,0.0144,4.08,Linear (small gap),anchor,2021-06-10 21:00:00
2021-06-10 22:00:00+00:00,10.53806966666,55.47114033334,0.0,219.36,0.624,0.001296,0.0096,0.624,0.0144,4.08,Linear (small gap),anchor,2021-06-10 22:00:00
2021-06-10 23:00:00+00:00,10.53807,55.47114,0.0,219.36,0.624,0.001296,0.0096,0.624,0.0144,4.08,No (reported postion),anchor,2021-06-10 23:00:00
2021-06-11 00:00:00+00:00,10.538075,55.47115,0.0,219.36,0.624,0.001296,0.0096,0.624,0.0144,4.08,No (reported postion),anchor,2021-06-11 00:00:00
2021-06-11 01:00:00+00:00,10.5380766667,55.4711366667,0.0,219.36,0.624,0.001296,0.0096,0.624,0.0144,4.08,No (reported postion),anchor,2021-06-11 01:00:00
2021-06-11 02:00:00+00:00,10.538065,55.471135,0.0,219.36,0.624,0.001296,0.0096,0.624,0.0144,4.08,No (reported postion),anchor,2021-06-11 02:00:00
2021-06-11 03:00:00+00:00,10.53803,55.4711183333,0.0,219.36,0.624,0.001296,0.0096,0.624,0.0144,4.08,No (reported postion),anchor,2021-06-11 03:00:00
2021-06-11 04:00:00+00:00,10.5380866667,55.4711616667,0.0,219.36,0.624,0.001296,0.0096,0.624,0.0144,4.08,No (reported postion),anchor,2021-06-11 04:00:00
2021-06-11 05:00:00+00:00,10.538085,55.4710933333,0.0,219.36,0.624,0.001296,0.0096,0.624,0.0144,4.08,No (reported postion),anchor,2021-06-11 05:00:00
2021-06-11 06:00:00+00:00,10.5597066667,55.524465,6.2,467.054729698023,1.7507389267756601,0.00275940431112618,0.0217072344890094,1.4109702417856098,0.034224055086612304,11.851059950933902,No (reported postion),cruise,2021-06-11 06:00:00
2021-06-11 07:00:00+00:00,10.6179716667,55.6645466667,10.9,2071.84878585857,5.89366175408346,0.012240682104634899,0.0906717192935917,5.89366175408346,0.13600757894038798,38.5354806997765,No (reported postion),cruise,2021-06-11 07:00:00
2021-06-11 08:00:00+00:00,10.815045,55.781325,11.5,2414.83731185375,6.86934027441986,0.0142670913391797,0.10568215806799801,6.86934027441986,0.158523237101997,44.9149171788991,No (reported postion),cruise,2021-06-11 08:00:00
2021-06-11 09:00:00+00:00,10.9877866667,55.9397983333,11.5,2414.83731185375,6.86934027441986,0.0142670913391797,0.10568215806799801,6.86934027441986,0.158523237101997,44.9149171788991,No (reported postion),cruise,2021-06-11 09:00:00
2021-06-11 10:00:00+00:00,11.16277,56.106195,11.1,2276.51723370879,6.475869592607051,0.013449883000030001,0.09962876296318539,6.475869592607051,0.149443144444778,42.342224259353806,No (reported postion),cruise,2021-06-11 10:00:00
2021-06-11 11:00:00+00:00,11.3851066667,56.2571716667,11.8,2713.77532713504,7.71971099622658,0.0160332459152398,0.11876478455733201,7.71971099622658,0.178147176835998,50.4750334368661,No (reported postion),cruise,2021-06-11 11:00:00
2021-06-11 12:00:00+00:00,11.5750416667,56.4204833333,11.4,2457.37852759103,6.99035467367252,0.0145184289376275,0.1075439180565,6.99035467367252,0.16131587708475,45.706165174012604,No (reported postion),cruise,2021-06-11 12:00:00
2021-06-11 13:00:00+00:00,11.7692666667,56.5808033333,11.7,2648.01379042449,7.53264316750948,0.0156447204248274,0.115886817961684,7.53264316750948,0.173830226942526,49.2518976337158,No (reported postion),cruise,2021-06-11 13:00:00
2021-06-11 14:00:00+00:00,11.9667483333,56.74139,11.6,2583.36682912065,7.348745903406679,0.0152627799532293,0.11305762928318,7.348745903406679,0.169586443924769,48.0494924453513,No (reported postion),cruise,2021-06-11 14:00:00
2021-06-11 15:00:00+00:00,12.10397,56.8503933333,11.6,2583.36682912065,7.348745903406679,0.0152627799532293,0.11305762928318,7.348745903406679,0.169586443924769,48.0494924453513,No (reported postion),cruise,2021-06-11 15:00:00
2021-06-11 16:00:00+00:00,12.0191266667,57.0377416667,11.8,2713.77532713504,7.71971099622658,0.0160332459152398,0.11876478455733201,7.71971099622658,0.178147176835998,50.4750334368661,No (reported postion),cruise,2021-06-11 16:00:00
2021-06-11 17:00:00+00:00,11.8993866667,57.2217083333,11.8,2713.77532713504,7.71971099622658,0.0160332459152398,0.11876478455733201,7.71971099622658,0.178147176835998,50.4750334368661,No (reported postion),cruise,2021-06-11 17:00:00
2021-06-11 18:00:00+00:00,11.7178716667,57.3886283333,11.6,2583.36682912065,7.348745903406679,0.0152627799532293,0.11305762928318,7.348745903406679,0.169586443924769,48.0494924453513,No (reported postion),cruise,2021-06-11 18:00:00
2021-06-11 19:00:00+00:00,11.6375983333,57.5711766667,12.7,2725.091,7.7519,0.016100100000000003,0.11926,7.7519,0.17889,50.6855,No (reported postion),cruise,2021-06-11 19:00:00
2021-06-11 20:00:00+00:00,11.6923783333,57.68143,0.1,219.36151868320002,0.624041905022215,0.00129600897252656,0.00960030772442959,0.624020002087923,0.0144007267746517,4.08059826813239,No (reported postion),anchor,2021-06-11 20:00:00
2021-06-11 21:00:00+00:00,11.6936458333,57.68215083335,0.05,219.3601898354,0.6240052381277771,0.00129600112156582,0.0096000384655537,0.62400250026099,0.0144000908468315,4.08007478351655,Linear (small gap),anchor,2021-06-11 21:00:00
2021-06-11 22:00:00+00:00,11.6949133333,57.6828716667,0.0,219.36,0.624,0.001296,0.0096,0.624,0.0144,4.08,No (reported postion),anchor,2021-06-11 22:00:00
2021-06-11 23:00:00+00:00,11.6952,57.6827,0.1,219.36151868320002,0.624041905022215,0.00129600897252656,0.00960030772442959,0.624020002087923,0.0144007267746517,4.08059826813239,No (reported postion),anchor,2021-06-11 23:00:00
2021-06-12 00:00:00+00:00,11.6950466667,57.6828316667,0.0,219.36,0.624,0.001296,0.0096,0.624,0.0144,4.08,No (reported postion),anchor,2021-06-12 00:00:00
2021-06-12 01:00:00+00:00,11.6952133333,57.682705,0.0,219.36,0.624,0.001296,0.0096,0.624,0.0144,4.08,No (reported postion),anchor,2021-06-12 01:00:00
2021-06-12 02:00:00+00:00,11.6951583333,57.68278,0.0,219.36,0.624,0.001296,0.0096,0.624,0.0144,4.08,No (reported postion),anchor,2021-06-12 02:00:00
2021-06-12 03:00:00+00:00,11.6955733333,57.68241,0.0,219.36,0.624,0.001296,0.0096,0.624,0.0144,4.08,No (reported postion),anchor,2021-06-12 03:00:00
2021-06-12 04:00:00+00:00,11.69598,57.6822366667,0.0,219.36,0.624,0.001296,0.0096,0.624,0.0144,4.08,No (reported postion),anchor,2021-06-12 04:00:00
2021-06-12 05:00:00+00:00,11.69596083335,57.68194833335,0.05,219.3601898354,0.6240052381277771,0.00129600112156582,0.0096000384655537,0.62400250026099,0.0144000908468315,4.08007478351655,Linear (small gap),anchor,2021-06-12 05:00:00
2021-06-12 06:00:00+00:00,11.6959416667,57.68166,0.1,219.36151868320002,0.624041905022215,0.00129600897252656,0.00960030772442959,0.624020002087923,0.0144007267746517,4.08059826813239,No (reported postion),anchor,2021-06-12 06:00:00
2021-06-12 07:00:00+00:00,11.69601,57.6814833333,0.1,219.36151868320002,0.624041905022215,0.00129600897252656,0.00960030772442959,0.624020002087923,0.0144007267746517,4.08059826813239,No (reported postion),anchor,2021-06-12 07:00:00
2021-06-12 08:00:00+00:00,11.696,57.6812,0.1,219.36151868320002,0.624041905022215,0.00129600897252656,0.00960030772442959,0.624020002087923,0.0144007267746517,4.08059826813239,No (reported postion),anchor,2021-06-12 08:00:00
2021-06-12 09:00:00+00:00,11.6957283333,57.68102,0.1,219.36151868320002,0.624041905022215,0.00129600897252656,0.00960030772442959,0.624020002087923,0.0144007267746517,4.08059826813239,No (reported postion),anchor,2021-06-12 09:00:00
2021-06-12 10:00:00+00:00,11.6955016667,57.6808083333,0.0,219.36,0.624,0.001296,0.0096,0.624,0.0144,4.08,No (reported postion),anchor,2021-06-12 10:00:00
2021-06-12 11:00:00+00:00,11.69545833335,57.68077416665,0.0,219.36,0.624,0.001296,0.0096,0.624,0.0144,4.08,Linear (small gap),anchor,2021-06-12 11:00:00
2021-06-12 12:00:00+00:00,11.695415,57.68074,0.0,219.36,0.624,0.001296,0.0096,0.624,0.0144,4.08,No (reported postion),anchor,2021-06-12 12:00:00
2021-06-12 13:00:00+00:00,11.69552166665,57.68075833335,0.05,219.3601898354,0.6240052381277771,0.00129600112156582,0.0096000384655537,0.62400250026099,0.0144000908468315,4.08007478351655,Linear (small gap),anchor,2021-06-12 13:00:00
2021-06-12 14:00:00+00:00,11.6956283333,57.6807766667,0.1,219.36151868320002,0.624041905022215,0.00129600897252656,0.00960030772442959,0.624020002087923,0.0144007267746517,4.08059826813239,No (reported postion),anchor,2021-06-12 14:00:00
2021-06-12 15:00:00+00:00,11.6955366667,57.6806983333,0.1,219.36151868320002,0.624041905022215,0.00129600897252656,0.00960030772442959,0.624020002087923,0.0144007267746517,4.08059826813239,No (reported postion),anchor,2021-06-12 15:00:00
2021-06-12 16:00:00+00:00,11.6952316667,57.6805583333,0.0,219.36,0.624,0.001296,0.0096,0.624,0.0144,4.08,No (reported postion),anchor,2021-06-12 16:00:00
2021-06-12 17:00:00+00:00,11.69496,57.6804466667,0.0,219.36,0.624,0.001296,0.0096,0.624,0.0144,4.08,No (reported postion),anchor,2021-06-12 17:00:00
2021-06-12 18:00:00+00:00,11.6949366667,57.6804316667,0.0,219.36,0.624,0.001296,0.0096,0.624,0.0144,4.08,No (reported postion),anchor,2021-06-12 18:00:00
2021-06-12 19:00:00+00:00,11.6946316667,57.680305,0.0,219.36,0.624,0.001296,0.0096,0.624,0.0144,4.08,No (reported postion),anchor,2021-06-12 19:00:00
2021-06-12 20:00:00+00:00,11.6946366667,57.68031,0.0,219.36,0.624,0.001296,0.0096,0.624,0.0144,4.08,No (reported postion),anchor,2021-06-12 20:00:00
2021-06-12 21:00:00+00:00,11.694375,57.680145,0.0,219.36,0.624,0.001296,0.0096,0.624,0.0144,4.08,No (reported postion),anchor,2021-06-12 21:00:00
2021-06-12 22:00:00+00:00,11.6943616667,57.6802283333,0.0,219.36,0.624,0.001296,0.0096,0.624,0.0144,4.08,No (reported postion),anchor,2021-06-12 22:00:00
2021-06-12 23:00:00+00:00,11.6944133333,57.6801766667,0.0,219.36,0.624,0.001296,0.0096,0.624,0.0144,4.08,No (reported postion),anchor,2021-06-12 23:00:00
2021-06-13 00:00:00+00:00,11.694245,57.6801466667,0.0,219.36,0.624,0.001296,0.0096,0.624,0.0144,4.08,No (reported postion),anchor,2021-06-13 00:00:00
2021-06-13 01:00:00+00:00,11.693875,57.6800933333,0.0,219.36,0.624,0.001296,0.0096,0.624,0.0144,4.08,No (reported postion),anchor,2021-06-13 01:00:00
2021-06-13 02:00:00+00:00,11.6935183333,57.6800366667,0.0,219.36,0.624,0.001296,0.0096,0.624,0.0144,4.08,No (reported postion),anchor,2021-06-13 02:00:00
2021-06-13 03:00:00+00:00,11.6936216667,57.6800816667,0.0,219.36,0.624,0.001296,0.0096,0.624,0.0144,4.08,No (reported postion),anchor,2021-06-13 03:00:00
2021-06-13 04:00:00+00:00,11.6931516667,57.6799666667,0.0,219.36,0.624,0.001296,0.0096,0.624,0.0144,4.08,No (reported postion),anchor,2021-06-13 04:00:00
2021-06-13 05:00:00+00:00,11.6932683333,57.6800133333,0.0,219.36,0.624,0.001296,0.0096,0.624,0.0144,4.08,No (reported postion),anchor,2021-06-13 05:00:00
2021-06-13 06:00:00+00:00,11.6930433333,57.6799966667,0.0,219.36,0.624,0.001296,0.0096,0.624,0.0144,4.08,No (reported postion),anchor,2021-06-13 06:00:00
2021-06-13 07:00:00+00:00,11.6927033333,57.6800866667,0.1,219.36151868320002,0.624041905022215,0.00129600897252656,0.00960030772442959,0.624020002087923,0.0144007267746517,4.08059826813239,No (reported postion),anchor,2021-06-13 07:00:00
2021-06-13 08:00:00+00:00,11.692855,57.6800333333,0.0,219.36,0.624,0.001296,0.0096,0.624,0.0144,4.08,No (reported postion),anchor,2021-06-13 08:00:00
2021-06-13 09:00:00+00:00,11.69351916665,57.6801133333,0.0,219.36,0.624,0.001296,0.0096,0.624,0.0144,4.08,Linear (small gap),anchor,2021-06-13 09:00:00
2021-06-13 10:00:00+00:00,11.6941833333,57.6801933333,0.0,219.36,0.624,0.001296,0.0096,0.624,0.0144,4.08,No (reported postion),anchor,2021-06-13 10:00:00
2021-06-13 11:00:00+00:00,11.6934116667,57.68166,0.1,219.36151868320002,0.624041905022215,0.00129600897252656,0.00960030772442959,0.624020002087923,0.0144007267746517,4.08059826813239,No (reported postion),anchor,2021-06-13 11:00:00
2021-06-13 12:00:00+00:00,11.8603116667,57.6847083333,2.5,243.089425000552,1.27876597211589,0.00143619572757438,0.0144081942123657,0.936532623803772,0.0257558539335247,13.4279395685983,No (reported postion),anchor,2021-06-13 12:00:00
2021-06-13 13:00:00+00:00,11.8783783333,57.6900233333,0.0,219.36,0.624,0.001296,0.0096,0.624,0.0144,4.08,No (reported postion),anchor,2021-06-13 13:00:00
2021-06-13 14:00:00+00:00,11.8784533333,57.6900183333,0.0,219.36,0.624,0.001296,0.0096,0.624,0.0144,4.08,No (reported postion),anchor,2021-06-13 14:00:00
2021-06-13 15:00:00+00:00,11.8782883333,57.690035,0.0,219.36,0.624,0.001296,0.0096,0.624,0.0144,4.08,No (reported postion),anchor,2021-06-13 15:00:00
2021-06-13 16:00:00+00:00,11.8783416667,57.6900483333,0.0,219.36,0.624,0.001296,0.0096,0.624,0.0144,4.08,No (reported postion),anchor,2021-06-13 16:00:00
2021-06-13 17:00:00+00:00,11.87839,57.6900333333,0.0,219.36,0.624,0.001296,0.0096,0.624,0.0144,4.08,No (reported postion),anchor,2021-06-13 17:00:00
2021-06-13 18:00:00+00:00,11.8783916667,57.6900116667,0.0,219.36,0.624,0.001296,0.0096,0.624,0.0144,4.08,No (reported postion),anchor,2021-06-13 18:00:00
2021-06-13 19:00:00+00:00,11.87838,57.6900133333,0.0,219.36,0.624,0.001296,0.0096,0.624,0.0144,4.08,No (reported postion),anchor,2021-06-13 19:00:00
2021-06-13 20:00:00+00:00,11.8783133333,57.6900233333,0.0,219.36,0.624,0.001296,0.0096,0.624,0.0144,4.08,No (reported postion),anchor,2021-06-13 20:00:00
2021-06-13 21:00:00+00:00,11.8783666667,57.6899933333,0.0,219.36,0.624,0.001296,0.0096,0.624,0.0144,4.08,No (reported postion),anchor,2021-06-13 21:00:00
2021-06-13 22:00:00+00:00,11.8783383333,57.6899983333,0.0,219.36,0.624,0.001296,0.0096,0.624,0.0144,4.08,No (reported postion),anchor,2021-06-13 22:00:00
2021-06-13 23:00:00+00:00,11.87836,57.6900766667,0.0,219.36,0.624,0.001296,0.0096,0.624,0.0144,4.08,No (reported postion),anchor,2021-06-13 23:00:00
2021-06-14 00:00:00+00:00,11.8782883333,57.689995,0.0,219.36,0.624,0.001296,0.0096,0.624,0.0144,4.08,No (reported postion),anchor,2021-06-14 00:00:00
2021-06-14 01:00:00+00:00,11.87828,57.689985,0.0,219.36,0.624,0.001296,0.0096,0.624,0.0144,4.08,No (reported postion),anchor,2021-06-14 01:00:00
2021-06-14 02:00:00+00:00,11.8783433333,57.6899983333,0.0,219.36,0.624,0.001296,0.0096,0.624,0.0144,4.08,No (reported postion),anchor,2021-06-14 02:00:00
2021-06-14 03:00:00+00:00,11.8783183333,57.6900333333,0.0,219.36,0.624,0.001296,0.0096,0.624,0.0144,4.08,No (reported postion),anchor,2021-06-14 03:00:00
2021-06-14 04:00:00+00:00,11.8783033333,57.6900266667,0.0,219.36,0.624,0.001296,0.0096,0.624,0.0144,4.08,No (reported postion),anchor,2021-06-14 04:00:00
2021-06-14 05:00:00+00:00,11.878305,57.6900566667,0.0,219.36,0.624,0.001296,0.0096,0.624,0.0144,4.08,No (reported postion),anchor,2021-06-14 05:00:00
2021-06-14 06:00:00+00:00,11.878315,57.6899666667,0.0,219.36,0.624,0.001296,0.0096,0.624,0.0144,4.08,No (reported postion),anchor,2021-06-14 06:00:00
2021-06-14 07:00:00+00:00,11.8783416667,57.690005,0.0,219.36,0.624,0.001296,0.0096,0.624,0.0144,4.08,No (reported postion),anchor,2021-06-14 07:00:00
2021-06-14 08:00:00+00:00,11.8783233333,57.6899383333,0.0,219.36,0.624,0.001296,0.0096,0.624,0.0144,4.08,No (reported postion),anchor,2021-06-14 08:00:00
2021-06-14 09:00:00+00:00,11.8782966667,57.6900433333,0.0,219.36,0.624,0.001296,0.0096,0.624,0.0144,4.08,No (reported postion),anchor,2021-06-14 09:00:00
2021-06-14 10:00:00+00:00,11.8783266667,57.6899783333,0.0,219.36,0.624,0.001296,0.0096,0.624,0.0144,4.08,No (reported postion),anchor,2021-06-14 10:00:00
2021-06-14 11:00:00+00:00,11.8783566667,57.6899883333,0.0,219.36,0.624,0.001296,0.0096,0.624,0.0144,4.08,No (reported postion),anchor,2021-06-14 11:00:00
2021-06-14 12:00:00+00:00,11.878295,57.6899933333,0.0,219.36,0.624,0.001296,0.0096,0.624,0.0144,4.08,No (reported postion),anchor,2021-06-14 12:00:00
2021-06-14 13:00:00+00:00,11.8783733333,57.6899833333,0.0,219.36,0.624,0.001296,0.0096,0.624,0.0144,4.08,No (reported postion),anchor,2021-06-14 13:00:00
2021-06-14 14:00:00+00:00,11.8783266667,57.69002,0.0,219.36,0.624,0.001296,0.0096,0.624,0.0144,4.08,No (reported postion),anchor,2021-06-14 14:00:00
2021-06-14 15:00:00+00:00,11.8782733333,57.6899833333,0.0,219.36,0.624,0.001296,0.0096,0.624,0.0144,4.08,No (reported postion),anchor,2021-06-14 15:00:00
2021-06-14 16:00:00+00:00,11.8783033333,57.6900366667,0.0,219.36,0.624,0.001296,0.0096,0.624,0.0144,4.08,No (reported postion),anchor,2021-06-14 16:00:00
2021-06-14 17:00:00+00:00,11.8783016667,57.69,0.0,219.36,0.624,0.001296,0.0096,0.624,0.0144,4.08,No (reported postion),anchor,2021-06-14 17:00:00
2021-06-14 18:00:00+00:00,11.878355,57.6900233333,0.0,219.36,0.624,0.001296,0.0096,0.624,0.0144,4.08,No (reported postion),anchor,2021-06-14 18:00:00
2021-06-14 19:00:00+00:00,11.8783566667,57.6899983333,0.0,219.36,0.624,0.001296,0.0096,0.624,0.0144,4.08,No (reported postion),anchor,2021-06-14 19:00:00
2021-06-14 20:00:00+00:00,11.8783216667,57.6899916667,0.0,219.36,0.624,0.001296,0.0096,0.624,0.0144,4.08,No (reported postion),anchor,2021-06-14 20:00:00
2021-06-14 21:00:00+00:00,11.8783416667,57.6900216667,0.0,219.36,0.624,0.001296,0.0096,0.624,0.0144,4.08,No (reported postion),anchor,2021-06-14 21:00:00
2021-06-14 22:00:00+00:00,11.8782783333,57.69001,0.0,219.36,0.624,0.001296,0.0096,0.624,0.0144,4.08,No (reported postion),anchor,2021-06-14 22:00:00
2021-06-14 23:00:00+00:00,11.878345,57.6900716667,0.0,219.36,0.624,0.001296,0.0096,0.624,0.0144,4.08,No (reported postion),anchor,2021-06-14 23:00:00
2021-06-15 00:00:00+00:00,11.8783133333,57.6900316667,0.0,219.36,0.624,0.001296,0.0096,0.624,0.0144,4.08,No (reported postion),anchor,2021-06-15 00:00:00
2021-06-15 01:00:00+00:00,11.878375,57.6900233333,0.0,219.36,0.624,0.001296,0.0096,0.624,0.0144,4.08,No (reported postion),anchor,2021-06-15 01:00:00
2021-06-15 02:00:00+00:00,11.8783266667,57.6899633333,0.0,219.36,0.624,0.001296,0.0096,0.624,0.0144,4.08,No (reported postion),anchor,2021-06-15 02:00:00
2021-06-15 03:00:00+00:00,11.8782883333,57.69,0.0,219.36,0.624,0.001296,0.0096,0.624,0.0144,4.08,No (reported postion),anchor,2021-06-15 03:00:00
2021-06-15 04:00:00+00:00,11.8782566667,57.69003,0.0,219.36,0.624,0.001296,0.0096,0.624,0.0144,4.08,No (reported postion),anchor,2021-06-15 04:00:00
2021-06-15 05:00:00+00:00,11.878305,57.689985,0.0,219.36,0.624,0.001296,0.0096,0.624,0.0144,4.08,No (reported postion),anchor,2021-06-15 05:00:00
2021-06-15 06:00:00+00:00,11.8783766667,57.6899866667,0.0,219.36,0.624,0.001296,0.0096,0.624,0.0144,4.08,No (reported postion),anchor,2021-06-15 06:00:00
2021-06-15 07:00:00+00:00,11.878305,57.6899983333,0.0,219.36,0.624,0.001296,0.0096,0.624,0.0144,4.08,No (reported postion),anchor,2021-06-15 07:00:00
2021-06-15 08:00:00+00:00,11.878285,57.6900516667,0.0,219.36,0.624,0.001296,0.0096,0.624,0.0144,4.08,No (reported postion),anchor,2021-06-15 08:00:00
2021-06-15 09:00:00+00:00,11.87829,57.6900033333,0.0,219.36,0.624,0.001296,0.0096,0.624,0.0144,4.08,No (reported postion),anchor,2021-06-15 09:00:00
2021-06-15 10:00:00+00:00,11.8783366667,57.690015,0.0,219.36,0.624,0.001296,0.0096,0.624,0.0144,4.08,No (reported postion),anchor,2021-06-15 10:00:00
2021-06-15 11:00:00+00:00,11.87827,57.6899433333,0.0,219.36,0.624,0.001296,0.0096,0.624,0.0144,4.08,No (reported postion),anchor,2021-06-15 11:00:00
2021-06-15 12:00:00+00:00,11.8782633333,57.689995,0.0,219.36,0.624,0.001296,0.0096,0.624,0.0144,4.08,No (reported postion),anchor,2021-06-15 12:00:00
2021-06-15 13:00:00+00:00,11.8782966667,57.6899983333,0.0,219.36,0.624,0.001296,0.0096,0.624,0.0144,4.08,No (reported postion),anchor,2021-06-15 13:00:00
2021-06-15 14:00:00+00:00,11.8783383333,57.6900083333,0.0,219.36,0.624,0.001296,0.0096,0.624,0.0144,4.08,No (reported postion),anchor,2021-06-15 14:00:00
2021-06-15 15:00:00+00:00,11.87829,57.689995,0.0,219.36,0.624,0.001296,0.0096,0.624,0.0144,4.08,No (reported postion),anchor,2021-06-15 15:00:00
2021-06-15 16:00:00+00:00,11.8784066667,57.68997,0.0,219.36,0.624,0.001296,0.0096,0.624,0.0144,4.08,No (reported postion),anchor,2021-06-15 16:00:00
2021-06-15 17:00:00+00:00,11.8783683333,57.6899716667,0.0,219.36,0.624,0.001296,0.0096,0.624,0.0144,4.08,No (reported postion),anchor,2021-06-15 17:00:00
2021-06-15 18:00:00+00:00,11.8783433333,57.6900116667,0.0,219.36,0.624,0.001296,0.0096,0.624,0.0144,4.08,No (reported postion),anchor,2021-06-15 18:00:00
2021-06-15 19:00:00+00:00,11.8783033333,57.6899833333,0.0,219.36,0.624,0.001296,0.0096,0.624,0.0144,4.08,No (reported postion),anchor,2021-06-15 19:00:00
2021-06-15 20:00:00+00:00,11.8782733333,57.6900333333,0.0,219.36,0.624,0.001296,0.0096,0.624,0.0144,4.08,No (reported postion),anchor,2021-06-15 20:00:00
2021-06-15 21:00:00+00:00,11.8782866667,57.6899933333,0.0,219.36,0.624,0.001296,0.0096,0.624,0.0144,4.08,No (reported postion),anchor,2021-06-15 21:00:00
2021-06-15 22:00:00+00:00,11.878285,57.6899983333,0.0,219.36,0.624,0.001296,0.0096,0.624,0.0144,4.08,No (reported postion),anchor,2021-06-15 22:00:00
2021-06-15 23:00:00+00:00,11.878295,57.6899883333,0.0,219.36,0.624,0.001296,0.0096,0.624,0.0144,4.08,No (reported postion),anchor,2021-06-15 23:00:00
2021-06-16 00:00:00+00:00,11.8783316667,57.690015,0.0,219.36,0.624,0.001296,0.0096,0.624,0.0144,4.08,No (reported postion),anchor,2021-06-16 00:00:00
2021-06-16 01:00:00+00:00,11.8245233333,57.68156,8.9,1175.7345768457199,3.3445403717711804,0.00694635307983246,0.0514544672580182,3.3445403717711804,0.0771817008870273,21.868148584657703,No (reported postion),cruise,2021-06-16 01:00:00
2021-06-16 02:00:00+00:00,11.63486,57.6007066667,11.1,2182.10822354754,6.207310045102401,0.012892105478289602,0.09549707761696,6.207310045102401,0.14324561642544,40.586257987208,No (reported postion),cruise,2021-06-16 02:00:00
2021-06-16 03:00:00+00:00,11.5863533333,57.3847483333,14.0,2725.091,7.7519,0.016100100000000003,0.11926,7.7519,0.17889,50.6855,No (reported postion),cruise,2021-06-16 03:00:00
2021-06-16 04:00:00+00:00,11.5959183333,57.14857,14.4,2725.091,7.7519,0.016100100000000003,0.11926,7.7519,0.17889,50.6855,No (reported postion),cruise,2021-06-16 04:00:00
2021-06-16 05:00:00+00:00,11.7474383333,56.927525,14.1,2725.091,7.7519,0.016100100000000003,0.11926,7.7519,0.17889,50.6855,No (reported postion),cruise,2021-06-16 05:00:00
2021-06-16 06:00:00+00:00,11.8475116667,56.7134233333,13.9,2725.091,7.7519,0.016100100000000003,0.11926,7.7519,0.17889,50.6855,No (reported postion),cruise,2021-06-16 06:00:00
2021-06-16 07:00:00+00:00,11.613615,56.519445,13.4,2725.091,7.7519,0.016100100000000003,0.11926,7.7519,0.17889,50.6855,No (reported postion),cruise,2021-06-16 07:00:00
2021-06-16 08:00:00+00:00,11.403215,56.3217816667,13.9,2725.091,7.7519,0.016100100000000003,0.11926,7.7519,0.17889,50.6855,No (reported postion),cruise,2021-06-16 08:00:00
2021-06-16 09:00:00+00:00,11.1767483333,56.1297733333,14.4,2725.091,7.7519,0.016100100000000003,0.11926,7.7519,0.17889,50.6855,No (reported postion),cruise,2021-06-16 09:00:00
2021-06-16 10:00:00+00:00,10.9740216667,55.9362683333,13.6,2725.091,7.7519,0.016100100000000003,0.11926,7.7519,0.17889,50.6855,No (reported postion),cruise,2021-06-16 10:00:00
2021-06-16 11:00:00+00:00,10.7872433333,55.7448333333,13.8,2725.091,7.7519,0.016100100000000003,0.11926,7.7519,0.17889,50.6855,No (reported postion),cruise,2021-06-16 11:00:00
2021-06-16 12:00:00+00:00,10.857195,55.5220516667,14.0,2725.091,7.7519,0.016100100000000003,0.11926,7.7519,0.17889,50.6855,No (reported postion),cruise,2021-06-16 12:00:00
2021-06-16 13:00:00+00:00,11.0285366667,55.31637,14.0,2725.091,7.7519,0.016100100000000003,0.11926,7.7519,0.17889,50.6855,No (reported postion),cruise,2021-06-16 13:00:00
2021-06-16 14:00:00+00:00,11.0383116667,55.1052766667,13.9,2725.091,7.7519,0.016100100000000003,0.11926,7.7519,0.17889,50.6855,No (reported postion),cruise,2021-06-16 14:00:00
2021-06-16 15:00:00+00:00,10.8877816667,54.9009516667,13.7,2725.091,7.7519,0.016100100000000003,0.11926,7.7519,0.17889,50.6855,No (reported postion),cruise,2021-06-16 15:00:00
2021-06-16 16:00:00+00:00,10.888065,54.6893883333,13.1,2725.091,7.7519,0.016100100000000003,0.11926,7.7519,0.17889,50.6855,No (reported postion),cruise,2021-06-16 16:00:00
2021-06-16 17:00:00+00:00,11.2023933333,54.5691766667,13.1,2725.091,7.7519,0.016100100000000003,0.11926,7.7519,0.17889,50.6855,No (reported postion),cruise,2021-06-16 17:00:00
2021-06-16 18:00:00+00:00,11.552665,54.4667633333,14.2,2725.091,7.7519,0.016100100000000003,0.11926,7.7519,0.17889,50.6855,No (reported postion),cruise,2021-06-16 18:00:00
2021-06-16 19:00:00+00:00,11.9401333333,54.4075333333,14.0,2725.091,7.7519,0.016100100000000003,0.11926,7.7519,0.17889,50.6855,No (reported postion),cruise,2021-06-16 19:00:00
2021-06-16 20:00:00+00:00,12.25791,54.4797033333,14.0,2725.091,7.7519,0.016100100000000003,0.11926,7.7519,0.17889,50.6855,No (reported postion),cruise,2021-06-16 20:00:00
2021-06-16 21:00:00+00:00,12.4672133333,54.65598,13.8,2725.091,7.7519,0.016100100000000003,0.11926,7.7519,0.17889,50.6855,No (reported postion),cruise,2021-06-16 21:00:00
2021-06-16 22:00:00+00:00,12.7980633333,54.77647,13.4,2725.091,7.7519,0.016100100000000003,0.11926,7.7519,0.17889,50.6855,No (reported postion),cruise,2021-06-16 22:00:00
2021-06-16 23:00:00+00:00,13.165135,54.8440233333,13.6,2725.091,7.7519,0.016100100000000003,0.11926,7.7519,0.17889,50.6855,No (reported postion),cruise,2021-06-16 23:00:00
2021-06-17 00:00:00+00:00,13.5335516667,54.913665,13.7,2725.091,7.7519,0.016100100000000003,0.11926,7.7519,0.17889,50.6855,No (reported postion),cruise,2021-06-17 00:00:00
2021-06-17 01:00:00+00:00,13.910995,54.9832916667,13.6,2725.091,7.7519,0.016100100000000003,0.11926,7.7519,0.17889,50.6855,No (reported postion),cruise,2021-06-17 01:00:00
2021-06-17 02:00:00+00:00,14.2339766667,55.101895,13.9,2725.091,7.7519,0.016100100000000003,0.11926,7.7519,0.17889,50.6855,No (reported postion),cruise,2021-06-17 02:00:00
2021-06-17 03:00:00+00:00,14.48082,55.289735,14.1,2725.091,7.7519,0.016100100000000003,0.11926,7.7519,0.17889,50.6855,No (reported postion),cruise,2021-06-17 03:00:00
2021-06-17 04:00:00+00:00,14.7875033333,55.442725,14.1,2725.091,7.7519,0.016100100000000003,0.11926,7.7519,0.17889,50.6855,No (reported postion),cruise,2021-06-17 04:00:00
2021-06-17 05:00:00+00:00,15.1513816667,55.55274,14.0,2725.091,7.7519,0.016100100000000003,0.11926,7.7519,0.17889,50.6855,No (reported postion),cruise,2021-06-17 05:00:00
2021-06-17 06:00:00+00:00,15.5180316667,55.6639383333,14.0,2725.091,7.7519,0.016100100000000003,0.11926,7.7519,0.17889,50.6855,No (reported postion),cruise,2021-06-17 06:00:00
2021-06-17 07:00:00+00:00,15.8828566667,55.77292,13.7,2725.091,7.7519,0.016100100000000003,0.11926,7.7519,0.17889,50.6855,No (reported postion),cruise,2021-06-17 07:00:00
2021-06-17 08:00:00+00:00,16.2334033333,55.8904283333,13.8,2725.091,7.7519,0.016100100000000003,0.11926,7.7519,0.17889,50.6855,No (reported postion),cruise,2021-06-17 08:00:00
2021-06-17 09:00:00+00:00,16.5962433333,55.9996733333,13.9,2725.091,7.7519,0.016100100000000003,0.11926,7.7519,0.17889,50.6855,No (reported postion),cruise,2021-06-17 09:00:00
2021-06-17 10:00:00+00:00,16.9446116667,56.1291483333,14.0,2725.091,7.7519,0.016100100000000003,0.11926,7.7519,0.17889,50.6855,No (reported postion),cruise,2021-06-17 10:00:00
2021-06-17 11:00:00+00:00,17.271695,56.271555,13.9,2725.091,7.7519,0.016100100000000003,0.11926,7.7519,0.17889,50.6855,No (reported postion),cruise,2021-06-17 11:00:00
2021-06-17 12:00:00+00:00,17.6009116667,56.414225,14.0,2725.091,7.7519,0.016100100000000003,0.11926,7.7519,0.17889,50.6855,No (reported postion),cruise,2021-06-17 12:00:00
2021-06-17 13:00:00+00:00,17.9324033333,56.55864,14.0,2725.091,7.7519,0.016100100000000003,0.11926,7.7519,0.17889,50.6855,No (reported postion),cruise,2021-06-17 13:00:00
2021-06-17 14:00:00+00:00,18.2650283333,56.7013483333,13.9,2725.091,7.7519,0.016100100000000003,0.11926,7.7519,0.17889,50.6855,No (reported postion),cruise,2021-06-17 14:00:00
2021-06-17 15:00:00+00:00,18.5931516667,56.8485866667,14.1,2725.091,7.7519,0.016100100000000003,0.11926,7.7519,0.17889,50.6855,No (reported postion),cruise,2021-06-17 15:00:00
2021-06-17 16:00:00+00:00,18.8526433333,57.0374783333,14.1,2725.091,7.7519,0.016100100000000003,0.11926,7.7519,0.17889,50.6855,No (reported postion),cruise,2021-06-17 16:00:00
2021-06-17 17:00:00+00:00,19.12462,57.230325,14.2,2725.091,7.7519,0.016100100000000003,0.11926,7.7519,0.17889,50.6855,No (reported postion),cruise,2021-06-17 17:00:00
2021-06-17 18:00:00+00:00,19.3823183333,57.4070716667,14.1,2725.091,7.7519,0.016100100000000003,0.11926,7.7519,0.17889,50.6855,No (reported postion),cruise,2021-06-17 18:00:00
2021-06-17 19:00:00+00:00,19.66659,57.5837533333,14.1,2725.091,7.7519,0.016100100000000003,0.11926,7.7519,0.17889,50.6855,No (reported postion),cruise,2021-06-17 19:00:00
2021-06-17 20:00:00+00:00,19.9313816667,57.7916216667,14.1,2725.091,7.7519,0.016100100000000003,0.11926,7.7519,0.17889,50.6855,No (reported postion),cruise,2021-06-17 20:00:00
2021-06-17 21:00:00+00:00,20.1648216667,57.97028,14.0,2725.091,7.7519,0.016100100000000003,0.11926,7.7519,0.17889,50.6855,No (reported postion),cruise,2021-06-17 21:00:00
2021-06-17 22:00:00+00:00,20.428365,58.1596,14.1,2725.091,7.7519,0.016100100000000003,0.11926,7.7519,0.17889,50.6855,No (reported postion),cruise,2021-06-17 22:00:00
2021-06-17 23:00:00+00:00,20.7007,58.3466,14.2,2725.091,7.7519,0.016100100000000003,0.11926,7.7519,0.17889,50.6855,No (reported postion),cruise,2021-06-17 23:00:00
2021-06-18 00:00:00+00:00,20.9792,58.537,14.5,2725.091,7.7519,0.016100100000000003,0.11926,7.7519,0.17889,50.6855,No (reported postion),cruise,2021-06-18 00:00:00
2021-06-18 01:00:00+00:00,21.2531,58.7301,14.2,2725.091,7.7519,0.016100100000000003,0.11926,7.7519,0.17889,50.6855,No (reported postion),cruise,2021-06-18 01:00:00
2021-06-18 02:00:00+00:00,21.5469,58.9288,13.9,2725.091,7.7519,0.016100100000000003,0.11926,7.7519,0.17889,50.6855,No (reported postion),cruise,2021-06-18 02:00:00
2021-06-18 03:00:00+00:00,21.7930383333,59.1023783333,13.6,2725.091,7.7519,0.016100100000000003,0.11926,7.7519,0.17889,50.6855,No (reported postion),cruise,2021-06-18 03:00:00
2021-06-18 04:00:00+00:00,22.1681,59.2481,14.1,2725.091,7.7519,0.016100100000000003,0.11926,7.7519,0.17889,50.6855,No (reported postion),cruise,2021-06-18 04:00:00
2021-06-18 05:00:00+00:00,22.531015,59.3922116667,14.0,2725.091,7.7519,0.016100100000000003,0.11926,7.7519,0.17889,50.6855,No (reported postion),cruise,2021-06-18 05:00:00
2021-06-18 06:00:00+00:00,22.9329083333,59.47608,13.9,2725.091,7.7519,0.016100100000000003,0.11926,7.7519,0.17889,50.6855,No (reported postion),cruise,2021-06-18 06:00:00
2021-06-18 07:00:00+00:00,23.37013,59.5475283333,13.6,2725.091,7.7519,0.016100100000000003,0.11926,7.7519,0.17889,50.6855,No (reported postion),cruise,2021-06-18 07:00:00
2021-06-18 08:00:00+00:00,23.787,59.616,13.3,2725.091,7.7519,0.016100100000000003,0.11926,7.7519,0.17889,50.6855,No (reported postion),cruise,2021-06-18 08:00:00
2021-06-18 09:00:00+00:00,24.20202,59.68572,13.2,2725.091,7.7519,0.016100100000000003,0.11926,7.7519,0.17889,50.6855,No (reported postion),cruise,2021-06-18 09:00:00
2021-06-18 10:00:00+00:00,24.6220083333,59.7458066667,13.6,2725.091,7.7519,0.016100100000000003,0.11926,7.7519,0.17889,50.6855,No (reported postion),cruise,2021-06-18 10:00:00
2021-06-18 11:00:00+00:00,25.0604383333,59.7924316667,13.4,2725.091,7.7519,0.016100100000000003,0.11926,7.7519,0.17889,50.6855,No (reported postion),cruise,2021-06-18 11:00:00
2021-06-18 12:00:00+00:00,25.4896716667,59.84531,13.3,2725.091,7.7519,0.016100100000000003,0.11926,7.7519,0.17889,50.6855,No (reported postion),cruise,2021-06-18 12:00:00
2021-06-18 13:00:00+00:00,25.9265233333,59.90009,13.7,2725.091,7.7519,0.016100100000000003,0.11926,7.7519,0.17889,50.6855,No (reported postion),cruise,2021-06-18 13:00:00
2021-06-18 14:00:00+00:00,26.2095983333,60.0689183333,13.6,2725.091,7.7519,0.016100100000000003,0.11926,7.7519,0.17889,50.6855,No (reported postion),cruise,2021-06-18 14:00:00
2021-06-18 15:00:00+00:00,26.419075,60.2341216667,9.0,1212.2300528257601,3.44835682423084,0.00716197186571021,0.053051643449705206,3.44835682423084,0.0795774651745579,22.5469484661247,No (reported postion),cruise,2021-06-18 15:00:00
2021-06-18 16:00:00+00:00,26.7404916667,60.37358,13.4,2725.091,7.7519,0.016100100000000003,0.11926,7.7519,0.17889,50.6855,No (reported postion),cruise,2021-06-18 16:00:00
2021-06-18 17:00:00+00:00,27.158465,60.3488566667,13.4,2725.091,7.7519,0.016100100000000003,0.11926,7.7519,0.17889,50.6855,No (reported postion),cruise,2021-06-18 17:00:00
2021-06-18 18:00:00+00:00,27.2024283333,60.502815,5.7,386.35949786414506,1.73109536439796,0.0022826491121076403,0.0190009589715996,1.23506233315397,0.0309015982859993,12.2079904473012,No (reported postion),cruise,2021-06-18 18:00:00
2021-06-18 19:00:00+00:00,27.2003323015571,60.5035076984143,5.44285714285714,677.108263979085,1.9261285408595399,0.0040004208156313595,0.029632746782454502,1.9261285408595399,0.0444491201736818,12.5939173825432,Linear (small gap),cruise,2021-06-18 19:00:00
2021-06-18 20:00:00+00:00,27.1982362698143,60.5042003968286,5.18571428571429,599.8074352614,1.77659737227967,0.00354372007703672,0.0264662761319043,1.72030794857378,0.0400241608730828,11.6162135879825,Linear (small gap),cruise,2021-06-18 20:00:00
2021-06-18 21:00:00+00:00,27.1961402380714,60.5048930952429,4.92857142857143,529.804922643467,1.7970486111625101,0.0031301384926419196,0.0241155216094372,1.56750890461342,0.0370096619117031,11.907916020813,Linear (small gap),cruise,2021-06-18 21:00:00
2021-06-18 22:00:00+00:00,27.1940442063286,60.5055857936571,4.67142857142857,466.73882615339596,1.74947185632204,0.0027575379225693,0.0216923033805544,1.40999971973603,0.0342002067883854,11.8424227194457,Linear (small gap),cruise,2021-06-18 22:00:00
2021-06-18 23:00:00+00:00,27.1919481745857,60.5062784920714,4.41428571428571,410.247245819299,1.72252868290317,0.00242378022694116,0.019823477471947498,1.28852603567659,0.031738305348967,11.943737850014701,Linear (small gap),cruise,2021-06-18 23:00:00
2021-06-19 00:00:00+00:00,27.1898521428429,60.5069711904857,4.15714285714286,359.968281669289,1.7272101955252699,0.00212672726587983,0.0182073130694325,1.1834753495131098,0.029987818076823998,12.2887504580567,Linear (small gap),cruise,2021-06-19 00:00:00
2021-06-19 01:00:00+00:00,27.1877561111,60.5076638889,3.9,315.54003373147697,1.76556380182659,0.0018642408995076301,0.017032408995076298,1.10710658467996,0.029140198313414297,13.5010242796866,Linear (small gap),cruise,2021-06-19 01:00:00
2021-06-19 02:00:00+00:00,27.1856600793571,60.5083565873143,3.64285714285714,276.60060203397296,1.6649207689357999,0.0016341829879468902,0.0154823357964666,1.00635182677033,0.0270510838713881,13.1825685182855,Linear (small gap),cruise,2021-06-19 02:00:00
2021-06-19 03:00:00+00:00,27.1835640476143,60.5090492857286,3.38571428571429,242.78808660489,1.57576089941252,0.0014344153913199201,0.014240478711939801,0.925631116276086,0.0253374155365848,13.0942718866867,Linear (small gap),cruise,2021-06-19 03:00:00
2021-06-19 04:00:00+00:00,27.1814680158714,60.5097419841429,3.12857142857143,213.74058747233897,1.50415772097321,0.00126279996974905,0.0132999551454871,0.8644970844566611,0.0242999102909742,13.2899005768457,Linear (small gap),cruise,2021-06-19 04:00:00
2021-06-19 05:00:00+00:00,27.1793719841286,60.5104346825571,2.87142857142857,255.315161262071,1.61611068602781,0.00150842655450239,0.016885444054415197,1.0975538635369901,0.031606550914693304,18.2441305952091,Linear (small gap),anchor,2021-06-19 05:00:00
2021-06-19 06:00:00+00:00,27.1772759523857,60.5111273809714,2.61428571428571,246.4947820657,1.37272998216296,0.00145631490498335,0.015098207482021399,0.9813834863313929,0.027385507303651,14.769441608945101,Linear (small gap),anchor,2021-06-19 06:00:00
2021-06-19 07:00:00+00:00,27.1751799206429,60.5118200793857,2.35714285714286,239.249547434282,1.1728122388321598,0.00141350936120911,0.013630135869616,0.885958831525041,0.023918258257937603,11.9152630735094,Linear (small gap),anchor,2021-06-19 07:00:00
2021-06-19 08:00:00+00:00,27.1730838889,60.5125127778,2.1,233.42452511552702,1.0120824107369801,0.00137909456851624,0.012449835942446,0.809239336258991,0.0211306600498158,9.62056117406648,Linear (small gap),anchor,2021-06-19 08:00:00
2021-06-19 09:00:00+00:00,27.1709878571571,60.5132054762143,1.84285714285714,228.864782857145,0.886265452578985,0.0013521551722413402,0.011525914425758399,0.749184437674299,0.0189485689515483,7.8243020957807,Linear (small gap),anchor,2021-06-19 09:00:00
2021-06-19 10:00:00+00:00,27.1688918254143,60.5138981746286,1.58571428571429,225.415388406844,0.791086319059747,0.00133177581772096,0.0108269780448004,0.703753572912024,0.0172978412353978,6.465452023816519,Linear (small gap),anchor,2021-06-19 10:00:00
2021-06-19 11:00:00+00:00,27.1667957936714,60.5145908730429,1.32857142857143,222.921409512335,0.7222699648808351,0.00131704115029169,0.0103216335248188,0.6709061791132229,0.0161043331736272,5.482977143338361,Linear (small gap),anchor,2021-06-19 11:00:00
2021-06-19 12:00:00+00:00,27.1646997619286,60.5152835714571,1.07142857142857,221.22791392132598,0.675541344743817,0.00130703581529011,0.00997848759106086,0.648601693418956,0.015293901038499,4.81584363951065,Linear (small gap),anchor,2021-06-19 12:00:00
2021-06-19 13:00:00+00:00,27.1626037301857,60.5159762698714,0.814285714285714,220.179969381528,0.6466254133502619,0.00130084445805279,0.00976614696877353,0.63479955297028,0.014792401102276101,4.40301769749783,Linear (small gap),anchor,2021-06-19 13:00:00
2021-06-19 14:00:00+00:00,27.1605076984429,60.5166689682857,0.557142857142857,219.62264364065,0.631247125401739,0.00129755172391631,0.00965321838320389,0.6274591949082531,0.0145256896372213,4.18346550246431,Linear (small gap),anchor,2021-06-19 14:00:00
2021-06-19 15:00:00+00:00,27.1584116667,60.5173616667,0.3,219.401004446401,0.625131435599816,0.0012962422582172498,0.00960830855959897,0.624540056373933,0.014419622915597102,4.09615323957454,No (reported postion),anchor,2021-06-19 15:00:00
2021-06-19 16:00:00+00:00,27.1371,60.4711,13.3,2725.091,7.7519,0.016100100000000003,0.11926,7.7519,0.17889,50.6855,No (reported postion),cruise,2021-06-19 16:00:00
2021-06-19 17:00:00+00:00,26.972695,60.3562283333,13.6,2725.091,7.7519,0.016100100000000003,0.11926,7.7519,0.17889,50.6855,No (reported postion),cruise,2021-06-19 17:00:00
2021-06-19 18:00:00+00:00,26.57449,60.3110216667,13.5,2725.091,7.7519,0.016100100000000003,0.11926,7.7519,0.17889,50.6855,No (reported postion),cruise,2021-06-19 18:00:00
2021-06-19 19:00:00+00:00,26.3398283333,60.1567533333,11.4,2457.37852759103,6.99035467367252,0.0145184289376275,0.1075439180565,6.99035467367252,0.16131587708475,45.706165174012604,No (reported postion),cruise,2021-06-19 19:00:00
2021-06-19 20:00:00+00:00,26.0635816667,60.0202333333,11.4,2457.37852759103,6.99035467367252,0.0145184289376275,0.1075439180565,6.99035467367252,0.16131587708475,45.706165174012604,No (reported postion),cruise,2021-06-19 20:00:00
2021-06-19 21:00:00+00:00,25.7595,59.9149316667,11.6,2583.36682912065,7.348745903406679,0.0152627799532293,0.11305762928318,7.348745903406679,0.169586443924769,48.0494924453513,No (reported postion),cruise,2021-06-19 21:00:00
2021-06-19 22:00:00+00:00,25.3765516667,59.8861216667,11.9,2725.091,7.7519,0.016100100000000003,0.11926,7.7519,0.17889,50.6855,No (reported postion),cruise,2021-06-19 22:00:00
2021-06-19 23:00:00+00:00,24.9946866667,59.8511616667,11.8,2713.77532713504,7.71971099622658,0.0160332459152398,0.11876478455733201,7.71971099622658,0.178147176835998,50.4750334368661,No (reported postion),cruise,2021-06-19 23:00:00
2021-06-20 00:00:00+00:00,24.6087216667,59.8098516667,12.0,2725.091,7.7519,0.016100100000000003,0.11926,7.7519,0.17889,50.6855,No (reported postion),cruise,2021-06-20 00:00:00
2021-06-20 01:00:00+00:00,24.2255616667,59.7650583333,11.7,2648.01379042449,7.53264316750948,0.0156447204248274,0.115886817961684,7.53264316750948,0.173830226942526,49.2518976337158,No (reported postion),cruise,2021-06-20 01:00:00
2021-06-20 02:00:00+00:00,23.8536833333,59.7117783333,11.8,2713.77532713504,7.71971099622658,0.0160332459152398,0.11876478455733201,7.71971099622658,0.178147176835998,50.4750334368661,No (reported postion),cruise,2021-06-20 02:00:00
2021-06-20 03:00:00+00:00,23.4767933333,59.6536466667,11.8,2713.77532713504,7.71971099622658,0.0160332459152398,0.11876478455733201,7.71971099622658,0.178147176835998,50.4750334368661,No (reported postion),cruise,2021-06-20 03:00:00
2021-06-20 04:00:00+00:00,23.10865,59.5925883333,11.7,2648.01379042449,7.53264316750948,0.0156447204248274,0.115886817961684,7.53264316750948,0.173830226942526,49.2518976337158,No (reported postion),cruise,2021-06-20 04:00:00
2021-06-20 05:00:00+00:00,22.7404616667,59.5361366667,11.7,2648.01379042449,7.53264316750948,0.0156447204248274,0.115886817961684,7.53264316750948,0.173830226942526,49.2518976337158,No (reported postion),cruise,2021-06-20 05:00:00
2021-06-20 06:00:00+00:00,22.4119,59.4455,11.4,2457.37852759103,6.99035467367252,0.0145184289376275,0.1075439180565,6.99035467367252,0.16131587708475,45.706165174012604,No (reported postion),cruise,2021-06-20 06:00:00
2021-06-20 07:00:00+00:00,22.1215,59.4004,11.7,2648.01379042449,7.53264316750948,0.0156447204248274,0.115886817961684,7.53264316750948,0.173830226942526,49.2518976337158,No (reported postion),cruise,2021-06-20 07:00:00
2021-06-20 08:00:00+00:00,21.8259,59.271,11.4,2457.37852759103,6.99035467367252,0.0145184289376275,0.1075439180565,6.99035467367252,0.16131587708475,45.706165174012604,No (reported postion),cruise,2021-06-20 08:00:00
2021-06-20 09:00:00+00:00,21.5421,59.1479,11.4,2457.37852759103,6.99035467367252,0.0145184289376275,0.1075439180565,6.99035467367252,0.16131587708475,45.706165174012604,No (reported postion),cruise,2021-06-20 09:00:00
2021-06-20 10:00:00+00:00,21.3034,58.975,11.7,2648.01379042449,7.53264316750948,0.0156447204248274,0.115886817961684,7.53264316750948,0.173830226942526,49.2518976337158,No (reported postion),cruise,2021-06-20 10:00:00
2021-06-20 11:00:00+00:00,21.1115,58.8282,11.8,2713.77532713504,7.71971099622658,0.0160332459152398,0.11876478455733201,7.71971099622658,0.178147176835998,50.4750334368661,No (reported postion),cruise,2021-06-20 11:00:00
2021-06-20 12:00:00+00:00,20.8929,58.6591,11.7,2648.01379042449,7.53264316750948,0.0156447204248274,0.115886817961684,7.53264316750948,0.173830226942526,49.2518976337158,No (reported postion),cruise,2021-06-20 12:00:00
2021-06-20 13:00:00+00:00,20.6775,58.4927,11.5,2519.82491693801,7.16799210507531,0.014887368218233301,0.11027680161654299,7.16799210507531,0.165415202424815,46.8676406870309,No (reported postion),cruise,2021-06-20 13:00:00
2021-06-20 14:00:00+00:00,20.4457,58.3153,11.7,2648.01379042449,7.53264316750948,0.0156447204248274,0.115886817961684,7.53264316750948,0.173830226942526,49.2518976337158,No (reported postion),cruise,2021-06-20 14:00:00
2021-06-20 15:00:00+00:00,20.2596,58.1866,11.6,2583.36682912065,7.348745903406679,0.0152627799532293,0.11305762928318,7.348745903406679,0.169586443924769,48.0494924453513,No (reported postion),cruise,2021-06-20 15:00:00
2021-06-20 16:00:00+00:00,20.0523,58.0414,11.7,2648.01379042449,7.53264316750948,0.0156447204248274,0.115886817961684,7.53264316750948,0.173830226942526,49.2518976337158,No (reported postion),cruise,2021-06-20 16:00:00
2021-06-20 17:00:00+00:00,19.816805,57.8733933333,11.7,2648.01379042449,7.53264316750948,0.0156447204248274,0.115886817961684,7.53264316750948,0.173830226942526,49.2518976337158,No (reported postion),cruise,2021-06-20 17:00:00
2021-06-20 18:00:00+00:00,19.6291416667,57.73183,11.6,2583.36682912065,7.348745903406679,0.0152627799532293,0.11305762928318,7.348745903406679,0.169586443924769,48.0494924453513,No (reported postion),cruise,2021-06-20 18:00:00
2021-06-20 19:00:00+00:00,19.4069733333,57.566475,11.5,2519.82491693801,7.16799210507531,0.014887368218233301,0.11027680161654299,7.16799210507531,0.165415202424815,46.8676406870309,No (reported postion),cruise,2021-06-20 19:00:00
2021-06-20 20:00:00+00:00,19.2009466667,57.41071,11.4,2457.37852759103,6.99035467367252,0.0145184289376275,0.1075439180565,6.99035467367252,0.16131587708475,45.706165174012604,No (reported postion),cruise,2021-06-20 20:00:00
2021-06-20 21:00:00+00:00,18.9651866667,57.2339433333,11.9,2725.091,7.7519,0.016100100000000003,0.11926,7.7519,0.17889,50.6855,No (reported postion),cruise,2021-06-20 21:00:00
2021-06-20 22:00:00+00:00,18.7759,57.0895316667,11.7,2648.01379042449,7.53264316750948,0.0156447204248274,0.115886817961684,7.53264316750948,0.173830226942526,49.2518976337158,No (reported postion),cruise,2021-06-20 22:00:00
2021-06-20 23:00:00+00:00,18.5629283333,56.9284216667,11.7,2648.01379042449,7.53264316750948,0.0156447204248274,0.115886817961684,7.53264316750948,0.173830226942526,49.2518976337158,No (reported postion),cruise,2021-06-20 23:00:00
2021-06-21 00:00:00+00:00,18.2722,56.80222,11.6,2583.36682912065,7.348745903406679,0.0152627799532293,0.11305762928318,7.348745903406679,0.169586443924769,48.0494924453513,No (reported postion),cruise,2021-06-21 00:00:00
2021-06-21 01:00:00+00:00,17.885025,56.6375783333,11.8,2713.77532713504,7.71971099622658,0.0160332459152398,0.11876478455733201,7.71971099622658,0.178147176835998,50.4750334368661,No (reported postion),cruise,2021-06-21 01:00:00
2021-06-21 02:00:00+00:00,17.7404183333,56.5748233333,11.7,2648.01379042449,7.53264316750948,0.0156447204248274,0.115886817961684,7.53264316750948,0.173830226942526,49.2518976337158,No (reported postion),cruise,2021-06-21 02:00:00
2021-06-21 03:00:00+00:00,17.46197,56.4544133333,11.8,2713.77532713504,7.71971099622658,0.0160332459152398,0.11876478455733201,7.71971099622658,0.178147176835998,50.4750334368661,No (reported postion),cruise,2021-06-21 03:00:00
2021-06-21 04:00:00+00:00,17.1847066667,56.333655,11.6,2583.36682912065,7.348745903406679,0.0152627799532293,0.11305762928318,7.348745903406679,0.169586443924769,48.0494924453513,No (reported postion),cruise,2021-06-21 04:00:00
2021-06-21 05:00:00+00:00,16.905815,56.215875,11.8,2713.77532713504,7.71971099622658,0.0160332459152398,0.11876478455733201,7.71971099622658,0.178147176835998,50.4750334368661,No (reported postion),cruise,2021-06-21 05:00:00
2021-06-21 06:00:00+00:00,16.61052,56.1115366667,11.6,2583.36682912065,7.348745903406679,0.0152627799532293,0.11305762928318,7.348745903406679,0.169586443924769,48.0494924453513,No (reported postion),cruise,2021-06-21 06:00:00
2021-06-21 07:00:00+00:00,16.3099383333,56.0134133333,11.7,2648.01379042449,7.53264316750948,0.0156447204248274,0.115886817961684,7.53264316750948,0.173830226942526,49.2518976337158,No (reported postion),cruise,2021-06-21 07:00:00
2021-06-21 08:00:00+00:00,16.0084783333,55.9204133333,11.7,2648.01379042449,7.53264316750948,0.0156447204248274,0.115886817961684,7.53264316750948,0.173830226942526,49.2518976337158,No (reported postion),cruise,2021-06-21 08:00:00
2021-06-21 09:00:00+00:00,15.705445,55.8261133333,11.6,2583.36682912065,7.348745903406679,0.0152627799532293,0.11305762928318,7.348745903406679,0.169586443924769,48.0494924453513,No (reported postion),cruise,2021-06-21 09:00:00
2021-06-21 10:00:00+00:00,15.40804,55.727775,12.0,2725.091,7.7519,0.016100100000000003,0.11926,7.7519,0.17889,50.6855,No (reported postion),cruise,2021-06-21 10:00:00
2021-06-21 11:00:00+00:00,15.11249,55.6239416667,11.8,2713.77532713504,7.71971099622658,0.0160332459152398,0.11876478455733201,7.71971099622658,0.178147176835998,50.4750334368661,No (reported postion),cruise,2021-06-21 11:00:00
2021-06-21 12:00:00+00:00,14.8120133333,55.5236483333,12.0,2725.091,7.7519,0.016100100000000003,0.11926,7.7519,0.17889,50.6855,No (reported postion),cruise,2021-06-21 12:00:00
2021-06-21 13:00:00+00:00,14.5229283333,55.4141083333,11.7,2648.01379042449,7.53264316750948,0.0156447204248274,0.115886817961684,7.53264316750948,0.173830226942526,49.2518976337158,No (reported postion),cruise,2021-06-21 13:00:00
2021-06-21 14:00:00+00:00,14.30614,55.26454,11.5,2519.82491693801,7.16799210507531,0.014887368218233301,0.11027680161654299,7.16799210507531,0.165415202424815,46.8676406870309,No (reported postion),cruise,2021-06-21 14:00:00
2021-06-21 15:00:00+00:00,14.005835,55.2234966667,11.6,2583.36682912065,7.348745903406679,0.0152627799532293,0.11305762928318,7.348745903406679,0.169586443924769,48.0494924453513,No (reported postion),cruise,2021-06-21 15:00:00
2021-06-21 16:00:00+00:00,13.668235,55.2325883333,11.6,2583.36682912065,7.348745903406679,0.0152627799532293,0.11305762928318,7.348745903406679,0.169586443924769,48.0494924453513,No (reported postion),cruise,2021-06-21 16:00:00
2021-06-21 17:00:00+00:00,13.3298783333,55.24298,11.5,2519.82491693801,7.16799210507531,0.014887368218233301,0.11027680161654299,7.16799210507531,0.165415202424815,46.8676406870309,No (reported postion),cruise,2021-06-21 17:00:00
2021-06-21 18:00:00+00:00,12.9918616667,55.2531616667,11.5,2519.82491693801,7.16799210507531,0.014887368218233301,0.11027680161654299,7.16799210507531,0.165415202424815,46.8676406870309,No (reported postion),cruise,2021-06-21 18:00:00
2021-06-21 19:00:00+00:00,12.6919966667,55.3012483333,10.0,1692.8242545824,4.81547380953419,0.0100013686813402,0.0740842124543722,4.81547380953419,0.111126318681558,31.4857902931082,No (reported postion),cruise,2021-06-21 19:00:00
2021-06-21 20:00:00+00:00,12.7137166667,55.482165,11.8,2600.3550955204696,7.39707138769499,0.0153631482667511,0.113801098272231,7.39707138769499,0.17070164740834598,48.365466765698,No (reported postion),cruise,2021-06-21 20:00:00
2021-06-21 21:00:00+00:00,12.877455,55.6079716667,9.3,1326.6734627308301,3.77390700558004,0.00783811455005084,0.0580601077781544,3.77390700558004,0.0870901616672316,24.6755458057156,No (reported postion),cruise,2021-06-21 21:00:00
2021-06-21 22:00:00+00:00,12.83741,55.752055,11.9,2664.33266268836,7.579064467166011,0.015741133893344802,0.11660099180255401,7.579064467166011,0.17490148770383102,49.5554215160854,No (reported postion),cruise,2021-06-21 22:00:00
2021-06-21 23:00:00+00:00,12.73208,55.9340116667,12.0,2729.39456966107,7.764142101880511,0.0161255259039057,0.119448340028931,7.764142101880511,0.179172510043396,50.7655445122956,No (reported postion),cruise,2021-06-21 23:00:00
2021-06-22 00:00:00+00:00,12.5716816667,56.103425,11.9,2664.33266268836,7.579064467166011,0.015741133893344802,0.11660099180255401,7.579064467166011,0.17490148770383102,49.5554215160854,No (reported postion),cruise,2021-06-22 00:00:00
2021-06-22 01:00:00+00:00,12.400085,56.2781616667,12.9,2725.091,7.7519,0.016100100000000003,0.11926,7.7519,0.17889,50.6855,No (reported postion),cruise,2021-06-22 01:00:00
2021-06-22 02:00:00+00:00,12.30089,56.487505,12.0,2725.091,7.7519,0.016100100000000003,0.11926,7.7519,0.17889,50.6855,No (reported postion),cruise,2021-06-22 02:00:00
2021-06-22 03:00:00+00:00,12.2308933333,56.6771666667,11.4,2457.37852759103,6.99035467367252,0.0145184289376275,0.1075439180565,6.99035467367252,0.16131587708475,45.706165174012604,No (reported postion),cruise,2021-06-22 03:00:00
2021-06-22 04:00:00+00:00,12.1456083333,56.8643066667,11.7,2648.01379042449,7.53264316750948,0.0156447204248274,0.115886817961684,7.53264316750948,0.173830226942526,49.2518976337158,No (reported postion),cruise,2021-06-22 04:00:00
2021-06-22 05:00:00+00:00,12.026245,57.0477866667,11.6,2583.36682912065,7.348745903406679,0.0152627799532293,0.11305762928318,7.348745903406679,0.169586443924769,48.0494924453513,No (reported postion),cruise,2021-06-22 05:00:00
2021-06-22 06:00:00+00:00,11.8981983333,57.229285,11.7,2648.01379042449,7.53264316750948,0.0156447204248274,0.115886817961684,7.53264316750948,0.173830226942526,49.2518976337158,No (reported postion),cruise,2021-06-22 06:00:00
2021-06-22 07:00:00+00:00,11.7001883333,57.396045,13.4,2725.091,7.7519,0.016100100000000003,0.11926,7.7519,0.17889,50.6855,No (reported postion),cruise,2021-06-22 07:00:00
2021-06-22 08:00:00+00:00,11.6659966667,57.6049066667,13.6,2725.091,7.7519,0.016100100000000003,0.11926,7.7519,0.17889,50.6855,No (reported postion),cruise,2021-06-22 08:00:00
2021-06-22 09:00:00+00:00,11.8792483333,57.6888133333,1.7,226.821290561774,0.829879374144345,0.00134008202301267,0.0111118501225826,0.722270257967868,0.017970643864025998,7.0192913344335,No (reported postion),anchor,2021-06-22 09:00:00
2021-06-22 10:00:00+00:00,11.88033,57.6903666667,0.0,219.36,0.624,0.001296,0.0096,0.624,0.0144,4.08,No (reported postion),anchor,2021-06-22 10:00:00
2021-06-22 11:00:00+00:00,11.8803183333,57.6903633333,0.0,219.36,0.624,0.001296,0.0096,0.624,0.0144,4.08,No (reported postion),anchor,2021-06-22 11:00:00
2021-06-22 12:00:00+00:00,11.88027,57.6903766667,0.0,219.36,0.624,0.001296,0.0096,0.624,0.0144,4.08,No (reported postion),anchor,2021-06-22 12:00:00
2021-06-22 13:00:00+00:00,11.880335,57.69033,0.0,219.36,0.624,0.001296,0.0096,0.624,0.0144,4.08,No (reported postion),anchor,2021-06-22 13:00:00
2021-06-22 14:00:00+00:00,11.88034,57.6903633333,0.0,219.36,0.624,0.001296,0.0096,0.624,0.0144,4.08,No (reported postion),anchor,2021-06-22 14:00:00
2021-06-22 15:00:00+00:00,11.8802783333,57.690375,0.0,219.36,0.624,0.001296,0.0096,0.624,0.0144,4.08,No (reported postion),anchor,2021-06-22 15:00:00
2021-06-22 16:00:00+00:00,11.880285,57.6903733333,0.0,219.36,0.624,0.001296,0.0096,0.624,0.0144,4.08,No (reported postion),anchor,2021-06-22 16:00:00
2021-06-22 17:00:00+00:00,11.8802783333,57.690365,0.0,219.36,0.624,0.001296,0.0096,0.624,0.0144,4.08,No (reported postion),anchor,2021-06-22 17:00:00
2021-06-22 18:00:00+00:00,11.8802683333,57.6903766667,0.0,219.36,0.624,0.001296,0.0096,0.624,0.0144,4.08,No (reported postion),anchor,2021-06-22 18:00:00
2021-06-22 19:00:00+00:00,11.880275,57.6903383333,0.0,219.36,0.624,0.001296,0.0096,0.624,0.0144,4.08,No (reported postion),anchor,2021-06-22 19:00:00
2021-06-22 20:00:00+00:00,11.8802733333,57.690395,0.0,219.36,0.624,0.001296,0.0096,0.624,0.0144,4.08,No (reported postion),anchor,2021-06-22 20:00:00
2021-06-22 21:00:00+00:00,11.8803416667,57.6903716667,0.0,219.36,0.624,0.001296,0.0096,0.624,0.0144,4.08,No (reported postion),anchor,2021-06-22 21:00:00
2021-06-22 22:00:00+00:00,11.88029,57.6903316667,0.0,219.36,0.624,0.001296,0.0096,0.624,0.0144,4.08,No (reported postion),anchor,2021-06-22 22:00:00
2021-06-22 23:00:00+00:00,11.8803316667,57.6903483333,0.0,219.36,0.624,0.001296,0.0096,0.624,0.0144,4.08,No (reported postion),anchor,2021-06-22 23:00:00
2021-06-23 00:00:00+00:00,11.8803116667,57.69037,0.0,219.36,0.624,0.001296,0.0096,0.624,0.0144,4.08,No (reported postion),anchor,2021-06-23 00:00:00
2021-06-23 01:00:00+00:00,11.8803466667,57.69037,0.0,219.36,0.624,0.001296,0.0096,0.624,0.0144,4.08,No (reported postion),anchor,2021-06-23 01:00:00
2021-06-23 02:00:00+00:00,11.880285,57.6903933333,0.0,219.36,0.624,0.001296,0.0096,0.624,0.0144,4.08,No (reported postion),anchor,2021-06-23 02:00:00
2021-06-23 03:00:00+00:00,11.8803083333,57.69038,0.0,219.36,0.624,0.001296,0.0096,0.624,0.0144,4.08,No (reported postion),anchor,2021-06-23 03:00:00
2021-06-23 04:00:00+00:00,11.880315,57.6904,0.0,219.36,0.624,0.001296,0.0096,0.624,0.0144,4.08,No (reported postion),anchor,2021-06-23 04:00:00
2021-06-23 05:00:00+00:00,11.8803016667,57.6903566667,0.0,219.36,0.624,0.001296,0.0096,0.624,0.0144,4.08,No (reported postion),anchor,2021-06-23 05:00:00
2021-06-23 06:00:00+00:00,11.8803433333,57.6904,0.0,219.36,0.624,0.001296,0.0096,0.624,0.0144,4.08,No (reported postion),anchor,2021-06-23 06:00:00
2021-06-23 07:00:00+00:00,11.8802883333,57.6903333333,0.0,219.36,0.624,0.001296,0.0096,0.624,0.0144,4.08,No (reported postion),anchor,2021-06-23 07:00:00
2021-06-23 08:00:00+00:00,11.88028,57.6903283333,0.0,219.36,0.624,0.001296,0.0096,0.624,0.0144,4.08,No (reported postion),anchor,2021-06-23 08:00:00
2021-06-23 09:00:00+00:00,11.8803016667,57.6903783333,0.0,219.36,0.624,0.001296,0.0096,0.624,0.0144,4.08,No (reported postion),anchor,2021-06-23 09:00:00
2021-06-23 10:00:00+00:00,11.8798816667,57.68958,1.7,226.821290561774,0.829879374144345,0.00134008202301267,0.0111118501225826,0.722270257967868,0.017970643864025998,7.0192913344335,No (reported postion),anchor,2021-06-23 10:00:00
2021-06-23 11:00:00+00:00,11.8733666667,57.6904633333,0.0,219.36,0.624,0.001296,0.0096,0.624,0.0144,4.08,No (reported postion),anchor,2021-06-23 11:00:00
2021-06-23 12:00:00+00:00,11.8733433333,57.69045,0.0,219.36,0.624,0.001296,0.0096,0.624,0.0144,4.08,No (reported postion),anchor,2021-06-23 12:00:00
2021-06-23 13:00:00+00:00,11.8733533333,57.6904266667,0.0,219.36,0.624,0.001296,0.0096,0.624,0.0144,4.08,No (reported postion),anchor,2021-06-23 13:00:00
2021-06-23 14:00:00+00:00,11.8733533333,57.6904566667,0.0,219.36,0.624,0.001296,0.0096,0.624,0.0144,4.08,No (reported postion),anchor,2021-06-23 14:00:00
2021-06-23 15:00:00+00:00,11.8733683333,57.69044,0.0,219.36,0.624,0.001296,0.0096,0.624,0.0144,4.08,No (reported postion),anchor,2021-06-23 15:00:00
2021-06-23 16:00:00+00:00,11.8733716667,57.6904666667,0.0,219.36,0.624,0.001296,0.0096,0.624,0.0144,4.08,No (reported postion),anchor,2021-06-23 16:00:00
2021-06-23 17:00:00+00:00,11.8733833333,57.69048,0.0,219.36,0.624,0.001296,0.0096,0.624,0.0144,4.08,No (reported postion),anchor,2021-06-23 17:00:00
2021-06-23 18:00:00+00:00,11.87338,57.69048,0.0,219.36,0.624,0.001296,0.0096,0.624,0.0144,4.08,No (reported postion),anchor,2021-06-23 18:00:00
2021-06-23 19:00:00+00:00,11.8733316667,57.690455,0.0,219.36,0.624,0.001296,0.0096,0.624,0.0144,4.08,No (reported postion),anchor,2021-06-23 19:00:00
2021-06-23 20:00:00+00:00,11.8733583333,57.690455,0.0,219.36,0.624,0.001296,0.0096,0.624,0.0144,4.08,No (reported postion),anchor,2021-06-23 20:00:00
2021-06-23 21:00:00+00:00,11.8732716667,57.6904683333,0.0,219.36,0.624,0.001296,0.0096,0.624,0.0144,4.08,No (reported postion),anchor,2021-06-23 21:00:00
2021-06-23 22:00:00+00:00,11.8733833333,57.6904516667,0.0,219.36,0.624,0.001296,0.0096,0.624,0.0144,4.08,No (reported postion),anchor,2021-06-23 22:00:00
2021-06-23 23:00:00+00:00,11.8733516667,57.6904633333,0.0,219.36,0.624,0.001296,0.0096,0.624,0.0144,4.08,No (reported postion),anchor,2021-06-23 23:00:00
2021-06-24 00:00:00+00:00,11.87145,57.68688,5.0,294.945400004418,1.62203227355377,0.00174256582059503,0.0158156582059503,1.0280177833867699,0.0269635663462,12.371023315340901,No (reported postion),cruise,2021-06-24 00:00:00
2021-06-24 01:00:00+00:00,11.606075,57.610695,11.4,2355.10598291316,6.6994262095998005,0.013914192896861102,0.10306809553230499,6.6994262095998005,0.154602143298457,43.8039406012295,No (reported postion),cruise,2021-06-24 01:00:00
2021-06-24 02:00:00+00:00,11.2907433333,57.7048216667,11.5,2519.82491693801,7.16799210507531,0.014887368218233301,0.11027680161654299,7.16799210507531,0.165415202424815,46.8676406870309,No (reported postion),cruise,2021-06-24 02:00:00
2021-06-24 03:00:00+00:00,10.9932333333,57.8231683333,12.1,2725.091,7.7519,0.016100100000000003,0.11926,7.7519,0.17889,50.6855,No (reported postion),cruise,2021-06-24 03:00:00
2021-06-24 04:00:00+00:00,10.625665,57.8659433333,12.4,2725.091,7.7519,0.016100100000000003,0.11926,7.7519,0.17889,50.6855,No (reported postion),cruise,2021-06-24 04:00:00
2021-06-24 05:00:00+00:00,10.2313383333,57.8653016667,12.6,2725.091,7.7519,0.016100100000000003,0.11926,7.7519,0.17889,50.6855,No (reported postion),cruise,2021-06-24 05:00:00
2021-06-24 06:00:00+00:00,9.85684,57.8646766667,11.6,2583.36682912065,7.348745903406679,0.0152627799532293,0.11305762928318,7.348745903406679,0.169586443924769,48.0494924453513,No (reported postion),cruise,2021-06-24 06:00:00
2021-06-24 07:00:00+00:00,9.49074,57.8638883333,11.7,2648.01379042449,7.53264316750948,0.0156447204248274,0.115886817961684,7.53264316750948,0.173830226942526,49.2518976337158,No (reported postion),cruise,2021-06-24 07:00:00
2021-06-24 08:00:00+00:00,9.1244033333,57.8582916667,11.6,2583.36682912065,7.348745903406679,0.0152627799532293,0.11305762928318,7.348745903406679,0.169586443924769,48.0494924453513,No (reported postion),cruise,2021-06-24 08:00:00
2021-06-24 09:00:00+00:00,8.75643,57.85135,11.8,2713.77532713504,7.71971099622658,0.0160332459152398,0.11876478455733201,7.71971099622658,0.178147176835998,50.4750334368661,No (reported postion),cruise,2021-06-24 09:00:00
2021-06-24 10:00:00+00:00,8.3847166667,57.8260883333,12.3,2725.091,7.7519,0.016100100000000003,0.11926,7.7519,0.17889,50.6855,No (reported postion),cruise,2021-06-24 10:00:00
2021-06-24 11:00:00+00:00,7.9908383333,57.79382,13.2,2725.091,7.7519,0.016100100000000003,0.11926,7.7519,0.17889,50.6855,No (reported postion),cruise,2021-06-24 11:00:00
2021-06-24 12:00:00+00:00,7.57143,57.7888316667,13.4,2725.091,7.7519,0.016100100000000003,0.11926,7.7519,0.17889,50.6855,No (reported postion),cruise,2021-06-24 12:00:00
2021-06-24 13:00:00+00:00,7.15617,57.7953083333,13.6,2725.091,7.7519,0.016100100000000003,0.11926,7.7519,0.17889,50.6855,No (reported postion),cruise,2021-06-24 13:00:00
2021-06-24 14:00:00+00:00,6.7383116667,57.80856,13.1,2725.091,7.7519,0.016100100000000003,0.11926,7.7519,0.17889,50.6855,No (reported postion),cruise,2021-06-24 14:00:00
2021-06-24 15:00:00+00:00,6.3967466667,57.9203333333,13.4,2725.091,7.7519,0.016100100000000003,0.11926,7.7519,0.17889,50.6855,No (reported postion),cruise,2021-06-24 15:00:00
2021-06-24 16:00:00+00:00,6.0695633333,58.0691683333,13.5,2725.091,7.7519,0.016100100000000003,0.11926,7.7519,0.17889,50.6855,No (reported postion),cruise,2021-06-24 16:00:00
2021-06-24 17:00:00+00:00,5.750705,58.211455,13.1,2725.091,7.7519,0.016100100000000003,0.11926,7.7519,0.17889,50.6855,No (reported postion),cruise,2021-06-24 17:00:00
2021-06-24 18:00:00+00:00,5.4403133333,58.3577533333,12.1,2725.091,7.7519,0.016100100000000003,0.11926,7.7519,0.17889,50.6855,No (reported postion),cruise,2021-06-24 18:00:00
2021-06-24 19:00:00+00:00,5.15447,58.4986266667,12.3,2725.091,7.7519,0.016100100000000003,0.11926,7.7519,0.17889,50.6855,No (reported postion),cruise,2021-06-24 19:00:00
2021-06-24 20:00:00+00:00,4.899645,58.6470833333,12.3,2725.091,7.7519,0.016100100000000003,0.11926,7.7519,0.17889,50.6855,No (reported postion),cruise,2021-06-24 20:00:00
2021-06-24 21:00:00+00:00,4.6480166667,58.7928683333,11.5,2519.82491693801,7.16799210507531,0.014887368218233301,0.11027680161654299,7.16799210507531,0.165415202424815,46.8676406870309,No (reported postion),cruise,2021-06-24 21:00:00
2021-06-24 22:00:00+00:00,4.39528,58.9348366667,11.6,2583.36682912065,7.348745903406679,0.0152627799532293,0.11305762928318,7.348745903406679,0.169586443924769,48.0494924453513,No (reported postion),cruise,2021-06-24 22:00:00
2021-06-24 23:00:00+00:00,4.220905,59.0954583333,12.1,2725.091,7.7519,0.016100100000000003,0.11926,7.7519,0.17889,50.6855,No (reported postion),cruise,2021-06-24 23:00:00
2021-06-25 00:00:00+00:00,4.21532,59.2994983333,12.0,2725.091,7.7519,0.016100100000000003,0.11926,7.7519,0.17889,50.6855,No (reported postion),cruise,2021-06-25 00:00:00
2021-06-25 01:00:00+00:00,4.2244133333,59.4929883333,11.4,2457.37852759103,6.99035467367252,0.0145184289376275,0.1075439180565,6.99035467367252,0.16131587708475,45.706165174012604,No (reported postion),cruise,2021-06-25 01:00:00
2021-06-25 02:00:00+00:00,4.226955,59.688415,11.5,2519.82491693801,7.16799210507531,0.014887368218233301,0.11027680161654299,7.16799210507531,0.165415202424815,46.8676406870309,No (reported postion),cruise,2021-06-25 02:00:00
2021-06-25 03:00:00+00:00,4.2138866667,59.8793716667,11.8,2713.77532713504,7.71971099622658,0.0160332459152398,0.11876478455733201,7.71971099622658,0.178147176835998,50.4750334368661,No (reported postion),cruise,2021-06-25 03:00:00
2021-06-25 04:00:00+00:00,4.2015866667,60.0769466667,11.5,2519.82491693801,7.16799210507531,0.014887368218233301,0.11027680161654299,7.16799210507531,0.165415202424815,46.8676406870309,No (reported postion),cruise,2021-06-25 04:00:00
2021-06-25 05:00:00+00:00,4.1829533333,60.2673833333,11.5,2519.82491693801,7.16799210507531,0.014887368218233301,0.11027680161654299,7.16799210507531,0.165415202424815,46.8676406870309,No (reported postion),cruise,2021-06-25 05:00:00
2021-06-25 06:00:00+00:00,4.1774666667,60.454355,11.3,2396.0181347941902,6.81580651035545,0.014155905829199799,0.10485856169777599,6.81580651035545,0.157287842546664,44.564888721554894,No (reported postion),cruise,2021-06-25 06:00:00
2021-06-25 07:00:00+00:00,4.1741783333,60.6402116667,11.0,2218.3576728491803,6.31042664049,0.0131062707148639,0.09708348677676931,6.31042664049,0.145625230165154,41.260481880127,No (reported postion),cruise,2021-06-25 07:00:00
2021-06-25 08:00:00+00:00,4.17416,60.818615,11.0,2218.3576728491803,6.31042664049,0.0131062707148639,0.09708348677676931,6.31042664049,0.145625230165154,41.260481880127,No (reported postion),cruise,2021-06-25 08:00:00
2021-06-25 09:00:00+00:00,4.1701516667,60.9993383333,10.9,2161.2460033976,6.14796456108725,0.012768849473027399,0.0945840701705731,6.14796456108725,0.14187610525586,40.1982298224936,No (reported postion),cruise,2021-06-25 09:00:00
2021-06-25 10:00:00+00:00,4.1767266667,61.1799416667,10.7,2050.12823357639,5.8318746250531905,0.0121123549904951,0.0897211480777414,5.8318746250531905,0.134581722116612,38.1314879330401,No (reported postion),cruise,2021-06-25 10:00:00
2021-06-25 11:00:00+00:00,4.1990066667,61.3539833333,10.0,1692.8242545824,4.81547380953419,0.0100013686813402,0.0740842124543722,4.81547380953419,0.111126318681558,31.4857902931082,No (reported postion),cruise,2021-06-25 11:00:00
2021-06-25 12:00:00+00:00,4.2039616667,61.516795,9.7,1554.1739318724901,4.4210637011689995,0.00918220922550484,0.06801636463336919,4.4210637011689995,0.102024546950054,28.9069549691819,No (reported postion),cruise,2021-06-25 12:00:00
2021-06-25 13:00:00+00:00,4.1912933333,61.69249,10.8,2105.17269906851,5.9884562555559295,0.0124375629923085,0.092130096239322,5.9884562555559295,0.13819514435898297,39.1552909017119,No (reported postion),cruise,2021-06-25 13:00:00
2021-06-25 14:00:00+00:00,4.1996266667,61.8699016667,10.6,1996.1030806357198,5.67819257073617,0.011793169185375102,0.0873568087805564,5.67819257073617,0.131035213170835,37.1266437317365,No (reported postion),cruise,2021-06-25 14:00:00
2021-06-25 15:00:00+00:00,4.211085,62.0427366667,10.2,1790.00506867688,5.091918138468159,0.0105755222875877,0.0783372021302793,5.091918138468159,0.117505803195419,33.2933109053687,No (reported postion),cruise,2021-06-25 15:00:00
2021-06-25 16:00:00+00:00,4.20551,62.2190633333,11.0,2218.3576728491803,6.31042664049,0.0131062707148639,0.09708348677676931,6.31042664049,0.145625230165154,41.260481880127,No (reported postion),cruise,2021-06-25 16:00:00
2021-06-25 17:00:00+00:00,4.21386,62.4084966667,11.3,2396.0181347941902,6.81580651035545,0.014155905829199799,0.10485856169777599,6.81580651035545,0.157287842546664,44.564888721554894,No (reported postion),cruise,2021-06-25 17:00:00
2021-06-25 18:00:00+00:00,4.2187116667,62.5990233333,11.9,2725.091,7.7519,0.016100100000000003,0.11926,7.7519,0.17889,50.6855,No (reported postion),cruise,2021-06-25 18:00:00
2021-06-25 19:00:00+00:00,4.225315,62.8038366667,12.5,2725.091,7.7519,0.016100100000000003,0.11926,7.7519,0.17889,50.6855,No (reported postion),cruise,2021-06-25 19:00:00
2021-06-25 20:00:00+00:00,4.3080566667,63.007375,12.9,2725.091,7.7519,0.016100100000000003,0.11926,7.7519,0.17889,50.6855,No (reported postion),cruise,2021-06-25 20:00:00
2021-06-25 21:00:00+00:00,4.5264516667,63.1979883333,12.9,2725.091,7.7519,0.016100100000000003,0.11926,7.7519,0.17889,50.6855,No (reported postion),cruise,2021-06-25 21:00:00
2021-06-25 22:00:00+00:00,4.7192683333,63.3663116667,11.3,2396.0181347941902,6.81580651035545,0.014155905829199799,0.10485856169777599,6.81580651035545,0.157287842546664,44.564888721554894,No (reported postion),cruise,2021-06-25 22:00:00
2021-06-25 23:00:00+00:00,4.9171016667,63.53269,11.2,2335.7342122619502,6.64432051628125,0.013799742610738,0.102220315635096,6.64432051628125,0.15333047345264397,43.4436341449158,No (reported postion),cruise,2021-06-25 23:00:00
2021-06-26 00:00:00+00:00,5.201405,63.6814016667,11.4,2457.37852759103,6.99035467367252,0.0145184289376275,0.1075439180565,6.99035467367252,0.16131587708475,45.706165174012604,No (reported postion),cruise,2021-06-26 00:00:00
2021-06-26 01:00:00+00:00,5.4704683333,63.825975,11.5,2519.82491693801,7.16799210507531,0.014887368218233301,0.11027680161654299,7.16799210507531,0.165415202424815,46.8676406870309,No (reported postion),cruise,2021-06-26 01:00:00
2021-06-26 02:00:00+00:00,5.7657916667,63.9712966667,11.4,2457.37852759103,6.99035467367252,0.0145184289376275,0.1075439180565,6.99035467367252,0.16131587708475,45.706165174012604,No (reported postion),cruise,2021-06-26 02:00:00
2021-06-26 03:00:00+00:00,6.04353,64.1134916667,11.4,2457.37852759103,6.99035467367252,0.0145184289376275,0.1075439180565,6.99035467367252,0.16131587708475,45.706165174012604,No (reported postion),cruise,2021-06-26 03:00:00
2021-06-26 04:00:00+00:00,6.3337983333,64.2580283333,11.5,2519.82491693801,7.16799210507531,0.014887368218233301,0.11027680161654299,7.16799210507531,0.165415202424815,46.8676406870309,No (reported postion),cruise,2021-06-26 04:00:00
2021-06-26 05:00:00+00:00,6.6283333333,64.4006266667,11.4,2457.37852759103,6.99035467367252,0.0145184289376275,0.1075439180565,6.99035467367252,0.16131587708475,45.706165174012604,No (reported postion),cruise,2021-06-26 05:00:00
2021-06-26 06:00:00+00:00,6.9605333333,64.5523666667,11.4,2457.37852759103,6.99035467367252,0.0145184289376275,0.1075439180565,6.99035467367252,0.16131587708475,45.706165174012604,No (reported postion),cruise,2021-06-26 06:00:00
2021-06-26 07:00:00+00:00,7.2597716667,64.6709533333,11.4,2457.37852759103,6.99035467367252,0.0145184289376275,0.1075439180565,6.99035467367252,0.16131587708475,45.706165174012604,No (reported postion),cruise,2021-06-26 07:00:00
2021-06-26 08:00:00+00:00,7.5773816667,64.7953766667,11.3,2396.0181347941902,6.81580651035545,0.014155905829199799,0.10485856169777599,6.81580651035545,0.157287842546664,44.564888721554894,No (reported postion),cruise,2021-06-26 08:00:00
2021-06-26 09:00:00+00:00,7.9175583333,64.92746,11.5,2519.82491693801,7.16799210507531,0.014887368218233301,0.11027680161654299,7.16799210507531,0.165415202424815,46.8676406870309,No (reported postion),cruise,2021-06-26 09:00:00
2021-06-26 10:00:00+00:00,8.24255,65.0585433333,11.5,2519.82491693801,7.16799210507531,0.014887368218233301,0.11027680161654299,7.16799210507531,0.165415202424815,46.8676406870309,No (reported postion),cruise,2021-06-26 10:00:00
2021-06-26 11:00:00+00:00,8.613805,65.2081216667,11.8,2713.77532713504,7.71971099622658,0.0160332459152398,0.11876478455733201,7.71971099622658,0.178147176835998,50.4750334368661,No (reported postion),cruise,2021-06-26 11:00:00
2021-06-26 12:00:00+00:00,8.92814,65.3287966667,11.9,2725.091,7.7519,0.016100100000000003,0.11926,7.7519,0.17889,50.6855,No (reported postion),cruise,2021-06-26 12:00:00
2021-06-26 13:00:00+00:00,9.28745,65.4645116667,12.0,2725.091,7.7519,0.016100100000000003,0.11926,7.7519,0.17889,50.6855,No (reported postion),cruise,2021-06-26 13:00:00
2021-06-26 14:00:00+00:00,9.63993,65.5927666667,11.7,2648.01379042449,7.53264316750948,0.0156447204248274,0.115886817961684,7.53264316750948,0.173830226942526,49.2518976337158,No (reported postion),cruise,2021-06-26 14:00:00
2021-06-26 15:00:00+00:00,9.9983783333,65.7197616667,11.7,2648.01379042449,7.53264316750948,0.0156447204248274,0.115886817961684,7.53264316750948,0.173830226942526,49.2518976337158,No (reported postion),cruise,2021-06-26 15:00:00
2021-06-26 16:00:00+00:00,10.3598133333,65.84858,11.7,2648.01379042449,7.53264316750948,0.0156447204248274,0.115886817961684,7.53264316750948,0.173830226942526,49.2518976337158,No (reported postion),cruise,2021-06-26 16:00:00
2021-06-26 17:00:00+00:00,10.7376183333,65.9671516667,11.8,2713.77532713504,7.71971099622658,0.0160332459152398,0.11876478455733201,7.71971099622658,0.178147176835998,50.4750334368661,No (reported postion),cruise,2021-06-26 17:00:00
2021-06-26 18:00:00+00:00,11.125245,66.0842916667,12.0,2725.091,7.7519,0.016100100000000003,0.11926,7.7519,0.17889,50.6855,No (reported postion),cruise,2021-06-26 18:00:00
2021-06-26 19:00:00+00:00,11.5299316667,66.203465,12.2,2725.091,7.7519,0.016100100000000003,0.11926,7.7519,0.17889,50.6855,No (reported postion),cruise,2021-06-26 19:00:00
2021-06-26 20:00:00+00:00,11.9895316667,66.2700683333,12.1,2725.091,7.7519,0.016100100000000003,0.11926,7.7519,0.17889,50.6855,No (reported postion),cruise,2021-06-26 20:00:00
2021-06-26 21:00:00+00:00,12.4261583333,66.2492483333,10.9,2071.84878585857,5.89366175408346,0.012240682104634899,0.0906717192935917,5.89366175408346,0.13600757894038798,38.5354806997765,No (reported postion),cruise,2021-06-26 21:00:00
2021-06-26 22:00:00+00:00,12.6538666667,66.0815566667,13.4,2725.091,7.7519,0.016100100000000003,0.11926,7.7519,0.17889,50.6855,No (reported postion),cruise,2021-06-26 22:00:00
2021-06-26 23:00:00+00:00,12.6690916667,66.0254966667,0.0,219.36,0.624,0.001296,0.0096,0.624,0.0144,4.08,No (reported postion),anchor,2021-06-26 23:00:00
2021-06-27 00:00:00+00:00,12.66908,66.0254933333,0.0,219.36,0.624,0.001296,0.0096,0.624,0.0144,4.08,No (reported postion),anchor,2021-06-27 00:00:00
2021-06-27 01:00:00+00:00,12.6690683333,66.0255,0.0,219.36,0.624,0.001296,0.0096,0.624,0.0144,4.08,No (reported postion),anchor,2021-06-27 01:00:00
2021-06-27 02:00:00+00:00,12.6689983333,66.0254816667,0.0,219.36,0.624,0.001296,0.0096,0.624,0.0144,4.08,No (reported postion),anchor,2021-06-27 02:00:00
2021-06-27 03:00:00+00:00,12.669125,66.0254883333,0.0,219.36,0.624,0.001296,0.0096,0.624,0.0144,4.08,No (reported postion),anchor,2021-06-27 03:00:00
2021-06-27 04:00:00+00:00,12.6691116667,66.025495,0.0,219.36,0.624,0.001296,0.0096,0.624,0.0144,4.08,No (reported postion),anchor,2021-06-27 04:00:00
2021-06-27 05:00:00+00:00,12.6362866667,66.038995,9.3,1326.6734627308301,3.77390700558004,0.00783811455005084,0.0580601077781544,3.77390700558004,0.0870901616672316,24.6755458057156,No (reported postion),cruise,2021-06-27 05:00:00
2021-06-27 06:00:00+00:00,12.5595633333,66.2383733333,11.4,2355.10598291316,6.6994262095998005,0.013914192896861102,0.10306809553230499,6.6994262095998005,0.154602143298457,43.8039406012295,No (reported postion),cruise,2021-06-27 06:00:00
2021-06-27 07:00:00+00:00,12.112945,66.3019533333,11.8,2600.3550955204696,7.39707138769499,0.0153631482667511,0.113801098272231,7.39707138769499,0.17070164740834598,48.365466765698,No (reported postion),cruise,2021-06-27 07:00:00
2021-06-27 08:00:00+00:00,11.6959983333,66.4000583333,11.9,2725.091,7.7519,0.016100100000000003,0.11926,7.7519,0.17889,50.6855,No (reported postion),cruise,2021-06-27 08:00:00
2021-06-27 09:00:00+00:00,11.60664,66.6072516667,11.4,2457.37852759103,6.99035467367252,0.0145184289376275,0.1075439180565,6.99035467367252,0.16131587708475,45.706165174012604,No (reported postion),cruise,2021-06-27 09:00:00
2021-06-27 10:00:00+00:00,11.538735,66.7913133333,11.1,2276.51723370879,6.475869592607051,0.013449883000030001,0.09962876296318539,6.475869592607051,0.149443144444778,42.342224259353806,No (reported postion),cruise,2021-06-27 10:00:00
2021-06-27 11:00:00+00:00,11.4794416667,66.96921,10.9,2161.2460033976,6.14796456108725,0.012768849473027399,0.0945840701705731,6.14796456108725,0.14187610525586,40.1982298224936,No (reported postion),cruise,2021-06-27 11:00:00
2021-06-27 12:00:00+00:00,11.4254966667,67.1575966667,11.1,2276.51723370879,6.475869592607051,0.013449883000030001,0.09962876296318539,6.475869592607051,0.149443144444778,42.342224259353806,No (reported postion),cruise,2021-06-27 12:00:00
2021-06-27 13:00:00+00:00,11.3564983333,67.3345633333,11.1,2276.51723370879,6.475869592607051,0.013449883000030001,0.09962876296318539,6.475869592607051,0.149443144444778,42.342224259353806,No (reported postion),cruise,2021-06-27 13:00:00
2021-06-27 14:00:00+00:00,11.2780733333,67.516215,11.3,2396.0181347941902,6.81580651035545,0.014155905829199799,0.10485856169777599,6.81580651035545,0.157287842546664,44.564888721554894,No (reported postion),cruise,2021-06-27 14:00:00
2021-06-27 15:00:00+00:00,11.540575,67.6828566667,11.3,2396.0181347941902,6.81580651035545,0.014155905829199799,0.10485856169777599,6.81580651035545,0.157287842546664,44.564888721554894,No (reported postion),cruise,2021-06-27 15:00:00
2021-06-27 16:00:00+00:00,11.8317533333,67.84046,11.9,2725.091,7.7519,0.016100100000000003,0.11926,7.7519,0.17889,50.6855,No (reported postion),cruise,2021-06-27 16:00:00
2021-06-27 17:00:00+00:00,12.1343133333,67.99326,11.2,2335.7342122619502,6.64432051628125,0.013799742610738,0.102220315635096,6.64432051628125,0.15333047345264397,43.4436341449158,No (reported postion),cruise,2021-06-27 17:00:00
2021-06-27 18:00:00+00:00,12.42597,68.14896,11.2,2335.7342122619502,6.64432051628125,0.013799742610738,0.102220315635096,6.64432051628125,0.15333047345264397,43.4436341449158,No (reported postion),cruise,2021-06-27 18:00:00
2021-06-27 19:00:00+00:00,12.7189916667,68.2999583333,11.4,2457.37852759103,6.99035467367252,0.0145184289376275,0.1075439180565,6.99035467367252,0.16131587708475,45.706165174012604,No (reported postion),cruise,2021-06-27 19:00:00
2021-06-27 20:00:00+00:00,13.0170616667,68.4521766667,10.8,2105.17269906851,5.9884562555559295,0.0124375629923085,0.092130096239322,5.9884562555559295,0.13819514435898297,39.1552909017119,No (reported postion),cruise,2021-06-27 20:00:00
2021-06-27 21:00:00+00:00,13.32308,68.597955,11.2,2335.7342122619502,6.64432051628125,0.013799742610738,0.102220315635096,6.64432051628125,0.15333047345264397,43.4436341449158,No (reported postion),cruise,2021-06-27 21:00:00
2021-06-27 22:00:00+00:00,13.6432183333,68.7465116667,11.7,2648.01379042449,7.53264316750948,0.0156447204248274,0.115886817961684,7.53264316750948,0.173830226942526,49.2518976337158,No (reported postion),cruise,2021-06-27 22:00:00
2021-06-27 23:00:00+00:00,13.96825,68.8978,11.5,2519.82491693801,7.16799210507531,0.014887368218233301,0.11027680161654299,7.16799210507531,0.165415202424815,46.8676406870309,No (reported postion),cruise,2021-06-27 23:00:00
2021-06-28 00:00:00+00:00,14.28834,69.049345,11.9,2725.091,7.7519,0.016100100000000003,0.11926,7.7519,0.17889,50.6855,No (reported postion),cruise,2021-06-28 00:00:00
2021-06-28 01:00:00+00:00,14.652145,69.196325,11.9,2725.091,7.7519,0.016100100000000003,0.11926,7.7519,0.17889,50.6855,No (reported postion),cruise,2021-06-28 01:00:00
2021-06-28 02:00:00+00:00,15.065735,69.3296383333,12.3,2725.091,7.7519,0.016100100000000003,0.11926,7.7519,0.17889,50.6855,No (reported postion),cruise,2021-06-28 02:00:00
2021-06-28 03:00:00+00:00,15.5273716667,69.4543266667,12.0,2725.091,7.7519,0.016100100000000003,0.11926,7.7519,0.17889,50.6855,No (reported postion),cruise,2021-06-28 03:00:00
2021-06-28 04:00:00+00:00,16.0562,69.5431116667,12.0,2725.091,7.7519,0.016100100000000003,0.11926,7.7519,0.17889,50.6855,No (reported postion),cruise,2021-06-28 04:00:00
2021-06-28 05:00:00+00:00,16.5837283333,69.5911016667,12.1,2725.091,7.7519,0.016100100000000003,0.11926,7.7519,0.17889,50.6855,No (reported postion),cruise,2021-06-28 05:00:00
2021-06-28 06:00:00+00:00,17.085275,69.6336666667,10.6,1996.1030806357198,5.67819257073617,0.011793169185375102,0.0873568087805564,5.67819257073617,0.131035213170835,37.1266437317365,No (reported postion),cruise,2021-06-28 06:00:00
2021-06-28 07:00:00+00:00,17.5646633333,69.6674683333,8.3,973.473310898609,2.76918009664812,0.0057513740468845605,0.0426027707176634,2.76918009664812,0.0639041560764951,18.106177555006898,No (reported postion),cruise,2021-06-28 07:00:00
2021-06-28 08:00:00+00:00,17.8515583333,69.6152516667,7.3,695.903582428149,1.9795944357912298,0.00411146536664333,0.030455299012172803,1.9795944357912298,0.0456829485182592,12.9435020801734,No (reported postion),cruise,2021-06-28 08:00:00
2021-06-28 09:00:00+00:00,18.090915,69.5197066667,11.3,2296.4134332813996,6.53246709686174,0.0135674316627128,0.100499493797873,6.53246709686174,0.150749240696809,42.712284864096,No (reported postion),cruise,2021-06-28 09:00:00
2021-06-28 10:00:00+00:00,18.771285,69.5599966667,17.0,2725.091,7.7519,0.016100100000000003,0.11926,7.7519,0.17889,50.6855,No (reported postion),cruise,2021-06-28 10:00:00
2021-06-28 11:00:00+00:00,19.0371633333,69.7172783333,8.6,1071.07756148168,3.04682894951025,0.00632802935667513,0.0468742915309269,3.04682894951025,0.07031143729639039,19.9215739006439,No (reported postion),cruise,2021-06-28 11:00:00
2021-06-28 12:00:00+00:00,19.0755866667,69.6983216667,0.0,219.36,0.624,0.001296,0.0096,0.624,0.0144,4.08,No (reported postion),anchor,2021-06-28 12:00:00
2021-06-28 13:00:00+00:00,19.0754683333,69.6982533333,0.0,219.36,0.624,0.001296,0.0096,0.624,0.0144,4.08,No (reported postion),anchor,2021-06-28 13:00:00
2021-06-28 14:00:00+00:00,19.07552,69.6982616667,0.0,219.36,0.624,0.001296,0.0096,0.624,0.0144,4.08,No (reported postion),anchor,2021-06-28 14:00:00
2021-06-28 15:00:00+00:00,19.07556,69.6982883333,0.0,219.36,0.624,0.001296,0.0096,0.624,0.0144,4.08,No (reported postion),anchor,2021-06-28 15:00:00
2021-06-28 16:00:00+00:00,19.0754366667,69.6982516667,0.0,219.36,0.624,0.001296,0.0096,0.624,0.0144,4.08,No (reported postion),anchor,2021-06-28 16:00:00
2021-06-28 17:00:00+00:00,19.0754933333,69.6982666667,0.0,219.36,0.624,0.001296,0.0096,0.624,0.0144,4.08,No (reported postion),anchor,2021-06-28 17:00:00
2021-06-28 18:00:00+00:00,19.0755816667,69.698265,0.0,219.36,0.624,0.001296,0.0096,0.624,0.0144,4.08,No (reported postion),anchor,2021-06-28 18:00:00
2021-06-28 19:00:00+00:00,19.0755683333,69.69828,0.0,219.36,0.624,0.001296,0.0096,0.624,0.0144,4.08,No (reported postion),anchor,2021-06-28 19:00:00
2021-06-28 20:00:00+00:00,19.0755033333,69.6982633333,0.0,219.36,0.624,0.001296,0.0096,0.624,0.0144,4.08,No (reported postion),anchor,2021-06-28 20:00:00
2021-06-28 21:00:00+00:00,19.0947033333,69.762705,14.2,2725.091,7.7519,0.016100100000000003,0.11926,7.7519,0.17889,50.6855,No (reported postion),cruise,2021-06-28 21:00:00
2021-06-28 22:00:00+00:00,19.7816283333,69.8537883333,15.4,2725.091,7.7519,0.016100100000000003,0.11926,7.7519,0.17889,50.6855,No (reported postion),cruise,2021-06-28 22:00:00
2021-06-28 23:00:00+00:00,20.36356,69.9999183333,15.8,2725.091,7.7519,0.016100100000000003,0.11926,7.7519,0.17889,50.6855,No (reported postion),cruise,2021-06-28 23:00:00
2021-06-29 00:00:00+00:00,20.9849266667,70.1101483333,14.3,2725.091,7.7519,0.016100100000000003,0.11926,7.7519,0.17889,50.6855,No (reported postion),cruise,2021-06-29 00:00:00
2021-06-29 01:00:00+00:00,21.42517,70.3035183333,15.1,2725.091,7.7519,0.016100100000000003,0.11926,7.7519,0.17889,50.6855,No (reported postion),cruise,2021-06-29 01:00:00
2021-06-29 02:00:00+00:00,22.02996,70.4276333333,15.5,2725.091,7.7519,0.016100100000000003,0.11926,7.7519,0.17889,50.6855,No (reported postion),cruise,2021-06-29 02:00:00
2021-06-29 03:00:00+00:00,22.7628833333,70.4875983333,16.1,2725.091,7.7519,0.016100100000000003,0.11926,7.7519,0.17889,50.6855,No (reported postion),cruise,2021-06-29 03:00:00
2021-06-29 04:00:00+00:00,23.3977016667,70.6365266667,12.6,2725.091,7.7519,0.016100100000000003,0.11926,7.7519,0.17889,50.6855,No (reported postion),cruise,2021-06-29 04:00:00
2021-06-29 05:00:00+00:00,23.663565,70.6357516667,0.0,219.36,0.624,0.001296,0.0096,0.624,0.0144,4.08,No (reported postion),anchor,2021-06-29 05:00:00
2021-06-29 06:00:00+00:00,23.663435,70.6357633333,0.0,219.36,0.624,0.001296,0.0096,0.624,0.0144,4.08,No (reported postion),anchor,2021-06-29 06:00:00
2021-06-29 07:00:00+00:00,23.663525,70.6357766667,0.0,219.36,0.624,0.001296,0.0096,0.624,0.0144,4.08,No (reported postion),anchor,2021-06-29 07:00:00
2021-06-29 08:00:00+00:00,23.6634633333,70.6357666667,0.0,219.36,0.624,0.001296,0.0096,0.624,0.0144,4.08,No (reported postion),anchor,2021-06-29 08:00:00
2021-06-29 09:00:00+00:00,23.66345,70.6357883333,0.0,219.36,0.624,0.001296,0.0096,0.624,0.0144,4.08,No (reported postion),anchor,2021-06-29 09:00:00
2021-06-29 10:00:00+00:00,23.6635766667,70.6357916667,0.0,219.36,0.624,0.001296,0.0096,0.624,0.0144,4.08,No (reported postion),anchor,2021-06-29 10:00:00
2021-06-29 11:00:00+00:00,23.6634516667,70.63576,0.0,219.36,0.624,0.001296,0.0096,0.624,0.0144,4.08,No (reported postion),anchor,2021-06-29 11:00:00
2021-06-29 12:00:00+00:00,23.66349,70.6358033333,0.0,219.36,0.624,0.001296,0.0096,0.624,0.0144,4.08,No (reported postion),anchor,2021-06-29 12:00:00
2021-06-29 13:00:00+00:00,23.6635266667,70.6357533333,0.0,219.36,0.624,0.001296,0.0096,0.624,0.0144,4.08,No (reported postion),anchor,2021-06-29 13:00:00
2021-06-29 14:00:00+00:00,23.6633783333,70.6357583333,0.0,219.36,0.624,0.001296,0.0096,0.624,0.0144,4.08,No (reported postion),anchor,2021-06-29 14:00:00
2021-06-29 15:00:00+00:00,23.564755,70.7114566667,14.8,2725.091,7.7519,0.016100100000000003,0.11926,7.7519,0.17889,50.6855,No (reported postion),cruise,2021-06-29 15:00:00
2021-06-29 16:00:00+00:00,23.3425066667,70.88385,11.4,2355.10598291316,6.6994262095998005,0.013914192896861102,0.10306809553230499,6.6994262095998005,0.154602143298457,43.8039406012295,No (reported postion),cruise,2021-06-29 16:00:00
2021-06-29 17:00:00+00:00,22.77779,70.9091783333,11.3,2296.4134332813996,6.53246709686174,0.0135674316627128,0.100499493797873,6.53246709686174,0.150749240696809,42.712284864096,No (reported postion),cruise,2021-06-29 17:00:00
2021-06-29 18:00:00+00:00,22.2175283333,70.8739616667,11.0,2218.3576728491803,6.31042664049,0.0131062707148639,0.09708348677676931,6.31042664049,0.145625230165154,41.260481880127,No (reported postion),cruise,2021-06-29 18:00:00
2021-06-29 19:00:00+00:00,21.6503616667,70.8300616667,11.7,2648.01379042449,7.53264316750948,0.0156447204248274,0.115886817961684,7.53264316750948,0.173830226942526,49.2518976337158,No (reported postion),cruise,2021-06-29 19:00:00
2021-06-29 20:00:00+00:00,21.068615,70.7793683333,12.1,2725.091,7.7519,0.016100100000000003,0.11926,7.7519,0.17889,50.6855,No (reported postion),cruise,2021-06-29 20:00:00
2021-06-29 21:00:00+00:00,20.4675266667,70.7376333333,12.3,2725.091,7.7519,0.016100100000000003,0.11926,7.7519,0.17889,50.6855,No (reported postion),cruise,2021-06-29 21:00:00
2021-06-29 22:00:00+00:00,19.8519183333,70.693075,12.7,2725.091,7.7519,0.016100100000000003,0.11926,7.7519,0.17889,50.6855,No (reported postion),cruise,2021-06-29 22:00:00
2021-06-29 23:00:00+00:00,19.2444216667,70.6426666667,12.1,2725.091,7.7519,0.016100100000000003,0.11926,7.7519,0.17889,50.6855,No (reported postion),cruise,2021-06-29 23:00:00
2021-06-30 00:00:00+00:00,18.6678516667,70.5996633333,11.1,2276.51723370879,6.475869592607051,0.013449883000030001,0.09962876296318539,6.475869592607051,0.149443144444778,42.342224259353806,No (reported postion),cruise,2021-06-30 00:00:00
2021-06-30 01:00:00+00:00,18.1206883333,70.5601233333,11.2,2335.7342122619502,6.64432051628125,0.013799742610738,0.102220315635096,6.64432051628125,0.15333047345264397,43.4436341449158,No (reported postion),cruise,2021-06-30 01:00:00
2021-06-30 02:00:00+00:00,17.5063266667,70.516795,12.1,2725.091,7.7519,0.016100100000000003,0.11926,7.7519,0.17889,50.6855,No (reported postion),cruise,2021-06-30 02:00:00
2021-06-30 03:00:00+00:00,16.97236,70.47156,11.7,2648.01379042449,7.53264316750948,0.0156447204248274,0.115886817961684,7.53264316750948,0.173830226942526,49.2518976337158,No (reported postion),cruise,2021-06-30 03:00:00
2021-06-30 04:00:00+00:00,16.522325,70.3528133333,11.8,2713.77532713504,7.71971099622658,0.0160332459152398,0.11876478455733201,7.71971099622658,0.178147176835998,50.4750334368661,No (reported postion),cruise,2021-06-30 04:00:00
2021-06-30 05:00:00+00:00,16.0674,70.2164966667,12.5,2725.091,7.7519,0.016100100000000003,0.11926,7.7519,0.17889,50.6855,No (reported postion),cruise,2021-06-30 05:00:00
2021-06-30 06:00:00+00:00,15.62874,70.070715,12.4,2725.091,7.7519,0.016100100000000003,0.11926,7.7519,0.17889,50.6855,No (reported postion),cruise,2021-06-30 06:00:00
2021-06-30 07:00:00+00:00,15.1894383333,69.9286483333,11.8,2713.77532713504,7.71971099622658,0.0160332459152398,0.11876478455733201,7.71971099622658,0.178147176835998,50.4750334368661,No (reported postion),cruise,2021-06-30 07:00:00
2021-06-30 08:00:00+00:00,14.7739316667,69.79517,11.1,2276.51723370879,6.475869592607051,0.013449883000030001,0.09962876296318539,6.475869592607051,0.149443144444778,42.342224259353806,No (reported postion),cruise,2021-06-30 08:00:00
2021-06-30 09:00:00+00:00,14.363005,69.66709,11.7,2648.01379042449,7.53264316750948,0.0156447204248274,0.115886817961684,7.53264316750948,0.173830226942526,49.2518976337158,No (reported postion),cruise,2021-06-30 09:00:00
2021-06-30 10:00:00+00:00,13.9479166667,69.5368,11.7,2648.01379042449,7.53264316750948,0.0156447204248274,0.115886817961684,7.53264316750948,0.173830226942526,49.2518976337158,No (reported postion),cruise,2021-06-30 10:00:00
2021-06-30 11:00:00+00:00,13.5442416667,69.4072616667,11.5,2519.82491693801,7.16799210507531,0.014887368218233301,0.11027680161654299,7.16799210507531,0.165415202424815,46.8676406870309,No (reported postion),cruise,2021-06-30 11:00:00
2021-06-30 12:00:00+00:00,13.16641,69.2716983333,10.9,2161.2460033976,6.14796456108725,0.012768849473027399,0.0945840701705731,6.14796456108725,0.14187610525586,40.1982298224936,No (reported postion),cruise,2021-06-30 12:00:00
2021-06-30 13:00:00+00:00,12.8410233333,69.1691166667,11.4,2457.37852759103,6.99035467367252,0.0145184289376275,0.1075439180565,6.99035467367252,0.16131587708475,45.706165174012604,No (reported postion),cruise,2021-06-30 13:00:00
2021-06-30 14:00:00+00:00,12.4647183333,69.0408416667,11.1,2276.51723370879,6.475869592607051,0.013449883000030001,0.09962876296318539,6.475869592607051,0.149443144444778,42.342224259353806,No (reported postion),cruise,2021-06-30 14:00:00
2021-06-30 15:00:00+00:00,12.0680216667,68.9051683333,11.7,2648.01379042449,7.53264316750948,0.0156447204248274,0.115886817961684,7.53264316750948,0.173830226942526,49.2518976337158,No (reported postion),cruise,2021-06-30 15:00:00
2021-06-30 16:00:00+00:00,11.6702366667,68.7751533333,11.8,2713.77532713504,7.71971099622658,0.0160332459152398,0.11876478455733201,7.71971099622658,0.178147176835998,50.4750334368661,No (reported postion),cruise,2021-06-30 16:00:00
2021-06-30 17:00:00+00:00,11.2934716667,68.6436166667,10.7,2050.12823357639,5.8318746250531905,0.0121123549904951,0.0897211480777414,5.8318746250531905,0.134581722116612,38.1314879330401,No (reported postion),cruise,2021-06-30 17:00:00
2021-06-30 18:00:00+00:00,10.9401066667,68.520375,10.8,2105.17269906851,5.9884562555559295,0.0124375629923085,0.092130096239322,5.9884562555559295,0.13819514435898297,39.1552909017119,No (reported postion),cruise,2021-06-30 18:00:00
2021-06-30 19:00:00+00:00,10.5876783333,68.3942866667,11.0,2218.3576728491803,6.31042664049,0.0131062707148639,0.09708348677676931,6.31042664049,0.145625230165154,41.260481880127,No (reported postion),cruise,2021-06-30 19:00:00
2021-06-30 20:00:00+00:00,10.2234066667,68.26747,11.5,2519.82491693801,7.16799210507531,0.014887368218233301,0.11027680161654299,7.16799210507531,0.165415202424815,46.8676406870309,No (reported postion),cruise,2021-06-30 20:00:00
2021-06-30 21:00:00+00:00,9.8786316667,68.1428533333,10.9,2161.2460033976,6.14796456108725,0.012768849473027399,0.0945840701705731,6.14796456108725,0.14187610525586,40.1982298224936,No (reported postion),cruise,2021-06-30 21:00:00
2021-06-30 22:00:00+00:00,9.6775083333,67.9879,10.5,1943.08771396095,5.5273829937620205,0.011479949294736499,0.0850366614424925,5.5273829937620205,0.127554992163739,36.1405811130593,No (reported postion),cruise,2021-06-30 22:00:00
2021-06-30 23:00:00+00:00,9.476595,67.823665,10.8,2105.17269906851,5.9884562555559295,0.0124375629923085,0.092130096239322,5.9884562555559295,0.13819514435898297,39.1552909017119,No (reported postion),cruise,2021-06-30 23:00:00
2021-07-01 00:00:00+00:00,9.2395733333,67.6653216667,11.0,2218.3576728491803,6.31042664049,0.0131062707148639,0.09708348677676931,6.31042664049,0.145625230165154,41.260481880127,No (reported postion),cruise,2021-07-01 00:00:00
2021-07-01 01:00:00+00:00,9.0050116667,67.498535,11.3,2396.0181347941902,6.81580651035545,0.014155905829199799,0.10485856169777599,6.81580651035545,0.157287842546664,44.564888721554894,No (reported postion),cruise,2021-07-01 01:00:00
2021-07-01 02:00:00+00:00,8.7964066667,67.3267316667,11.5,2519.82491693801,7.16799210507531,0.014887368218233301,0.11027680161654299,7.16799210507531,0.165415202424815,46.8676406870309,No (reported postion),cruise,2021-07-01 02:00:00
2021-07-01 03:00:00+00:00,8.6146216667,67.1552416667,11.1,2276.51723370879,6.475869592607051,0.013449883000030001,0.09962876296318539,6.475869592607051,0.149443144444778,42.342224259353806,No (reported postion),cruise,2021-07-01 03:00:00
2021-07-01 04:00:00+00:00,8.407495,66.9806333333,11.5,2519.82491693801,7.16799210507531,0.014887368218233301,0.11027680161654299,7.16799210507531,0.165415202424815,46.8676406870309,No (reported postion),cruise,2021-07-01 04:00:00
2021-07-01 05:00:00+00:00,8.2083333333,66.8057983333,11.6,2583.36682912065,7.348745903406679,0.0152627799532293,0.11305762928318,7.348745903406679,0.169586443924769,48.0494924453513,No (reported postion),cruise,2021-07-01 05:00:00
2021-07-01 06:00:00+00:00,8.00853,66.6299766667,11.8,2713.77532713504,7.71971099622658,0.0160332459152398,0.11876478455733201,7.71971099622658,0.178147176835998,50.4750334368661,No (reported postion),cruise,2021-07-01 06:00:00
2021-07-01 07:00:00+00:00,7.8042066667,66.4482783333,12.4,2725.091,7.7519,0.016100100000000003,0.11926,7.7519,0.17889,50.6855,No (reported postion),cruise,2021-07-01 07:00:00
2021-07-01 08:00:00+00:00,7.6115616667,66.2736983333,11.3,2396.0181347941902,6.81580651035545,0.014155905829199799,0.10485856169777599,6.81580651035545,0.157287842546664,44.564888721554894,No (reported postion),cruise,2021-07-01 08:00:00
2021-07-01 09:00:00+00:00,7.4158683333,66.1028183333,11.4,2457.37852759103,6.99035467367252,0.0145184289376275,0.1075439180565,6.99035467367252,0.16131587708475,45.706165174012604,No (reported postion),cruise,2021-07-01 09:00:00
2021-07-01 10:00:00+00:00,7.22056,65.9296883333,11.4,2457.37852759103,6.99035467367252,0.0145184289376275,0.1075439180565,6.99035467367252,0.16131587708475,45.706165174012604,No (reported postion),cruise,2021-07-01 10:00:00
2021-07-01 11:00:00+00:00,7.0149883333,65.7544216667,11.8,2713.77532713504,7.71971099622658,0.0160332459152398,0.11876478455733201,7.71971099622658,0.178147176835998,50.4750334368661,No (reported postion),cruise,2021-07-01 11:00:00
2021-07-01 12:00:00+00:00,6.8241333333,65.5972916667,10.7,2050.12823357639,5.8318746250531905,0.0121123549904951,0.0897211480777414,5.8318746250531905,0.134581722116612,38.1314879330401,No (reported postion),cruise,2021-07-01 12:00:00
2021-07-01 13:00:00+00:00,6.6302333333,65.4364383333,10.8,2105.17269906851,5.9884562555559295,0.0124375629923085,0.092130096239322,5.9884562555559295,0.13819514435898297,39.1552909017119,No (reported postion),cruise,2021-07-01 13:00:00
2021-07-01 14:00:00+00:00,6.4590533333,65.2762466667,10.3,1840.04823426707,5.23427287647087,0.0108711821280549,0.0805272750226287,5.23427287647087,0.120790912533943,34.2240918846172,No (reported postion),cruise,2021-07-01 14:00:00
2021-07-01 15:00:00+00:00,6.2942233333,65.12197,10.0,1692.8242545824,4.81547380953419,0.0100013686813402,0.0740842124543722,4.81547380953419,0.111126318681558,31.4857902931082,No (reported postion),cruise,2021-07-01 15:00:00
2021-07-01 16:00:00+00:00,6.135355,64.9704583333,9.9,1645.6675535070501,4.68133002091722,0.00972276235113576,0.0720204618602648,4.68133002091722,0.108030692790397,30.6086962906126,No (reported postion),cruise,2021-07-01 16:00:00
2021-07-01 17:00:00+00:00,5.981135,64.816865,9.7,1554.1739318724901,4.4210637011689995,0.00918220922550484,0.06801636463336919,4.4210637011689995,0.102024546950054,28.9069549691819,No (reported postion),cruise,2021-07-01 17:00:00
2021-07-01 18:00:00+00:00,5.8232133333,64.665805,9.9,1645.6675535070501,4.68133002091722,0.00972276235113576,0.0720204618602648,4.68133002091722,0.108030692790397,30.6086962906126,No (reported postion),cruise,2021-07-01 18:00:00
2021-07-01 19:00:00+00:00,5.6650683333,64.5165433333,9.7,1554.1739318724901,4.4210637011689995,0.00918220922550484,0.06801636463336919,4.4210637011689995,0.102024546950054,28.9069549691819,No (reported postion),cruise,2021-07-01 19:00:00
2021-07-01 20:00:00+00:00,5.50388,64.36934,10.6,1996.1030806357198,5.67819257073617,0.011793169185375102,0.0873568087805564,5.67819257073617,0.131035213170835,37.1266437317365,No (reported postion),cruise,2021-07-01 20:00:00
2021-07-01 21:00:00+00:00,5.33609,64.1930716667,11.5,2519.82491693801,7.16799210507531,0.014887368218233301,0.11027680161654299,7.16799210507531,0.165415202424815,46.8676406870309,No (reported postion),cruise,2021-07-01 21:00:00
2021-07-01 22:00:00+00:00,5.137835,64.0185366667,11.7,2648.01379042449,7.53264316750948,0.0156447204248274,0.115886817961684,7.53264316750948,0.173830226942526,49.2518976337158,No (reported postion),cruise,2021-07-01 22:00:00
2021-07-01 23:00:00+00:00,4.94696,63.84131,11.9,2725.091,7.7519,0.016100100000000003,0.11926,7.7519,0.17889,50.6855,No (reported postion),cruise,2021-07-01 23:00:00
2021-07-02 00:00:00+00:00,4.765205,63.6627183333,11.6,2583.36682912065,7.348745903406679,0.0152627799532293,0.11305762928318,7.348745903406679,0.169586443924769,48.0494924453513,No (reported postion),cruise,2021-07-02 00:00:00
2021-07-02 01:00:00+00:00,4.58545,63.4852133333,11.9,2725.091,7.7519,0.016100100000000003,0.11926,7.7519,0.17889,50.6855,No (reported postion),cruise,2021-07-02 01:00:00
2021-07-02 02:00:00+00:00,4.396285,63.299945,12.2,2725.091,7.7519,0.016100100000000003,0.11926,7.7519,0.17889,50.6855,No (reported postion),cruise,2021-07-02 02:00:00
2021-07-02 03:00:00+00:00,4.2100383333,63.1193733333,11.6,2583.36682912065,7.348745903406679,0.0152627799532293,0.11305762928318,7.348745903406679,0.169586443924769,48.0494924453513,No (reported postion),cruise,2021-07-02 03:00:00
2021-07-02 04:00:00+00:00,4.056205,62.940585,11.4,2457.37852759103,6.99035467367252,0.0145184289376275,0.1075439180565,6.99035467367252,0.16131587708475,45.706165174012604,No (reported postion),cruise,2021-07-02 04:00:00
2021-07-02 05:00:00+00:00,4.0473783333,62.7433483333,11.6,2583.36682912065,7.348745903406679,0.0152627799532293,0.11305762928318,7.348745903406679,0.169586443924769,48.0494924453513,No (reported postion),cruise,2021-07-02 05:00:00
2021-07-02 06:00:00+00:00,4.0427383333,62.5516866667,11.6,2583.36682912065,7.348745903406679,0.0152627799532293,0.11305762928318,7.348745903406679,0.169586443924769,48.0494924453513,No (reported postion),cruise,2021-07-02 06:00:00
2021-07-02 07:00:00+00:00,4.0387,62.3524316667,12.0,2725.091,7.7519,0.016100100000000003,0.11926,7.7519,0.17889,50.6855,No (reported postion),cruise,2021-07-02 07:00:00
2021-07-02 08:00:00+00:00,4.0369583333,62.1533733333,12.1,2725.091,7.7519,0.016100100000000003,0.11926,7.7519,0.17889,50.6855,No (reported postion),cruise,2021-07-02 08:00:00
2021-07-02 09:00:00+00:00,4.0273083333,61.9505716667,12.0,2725.091,7.7519,0.016100100000000003,0.11926,7.7519,0.17889,50.6855,No (reported postion),cruise,2021-07-02 09:00:00
2021-07-02 10:00:00+00:00,4.0260883333,61.75156,12.0,2725.091,7.7519,0.016100100000000003,0.11926,7.7519,0.17889,50.6855,No (reported postion),cruise,2021-07-02 10:00:00
2021-07-02 11:00:00+00:00,4.0191316667,61.5518683333,12.2,2725.091,7.7519,0.016100100000000003,0.11926,7.7519,0.17889,50.6855,No (reported postion),cruise,2021-07-02 11:00:00
2021-07-02 12:00:00+00:00,4.02106,61.3556183333,11.5,2519.82491693801,7.16799210507531,0.014887368218233301,0.11027680161654299,7.16799210507531,0.165415202424815,46.8676406870309,No (reported postion),cruise,2021-07-02 12:00:00
2021-07-02 13:00:00+00:00,4.0267116667,61.1672883333,11.7,2648.01379042449,7.53264316750948,0.0156447204248274,0.115886817961684,7.53264316750948,0.173830226942526,49.2518976337158,No (reported postion),cruise,2021-07-02 13:00:00
2021-07-02 14:00:00+00:00,4.0202666667,60.9691183333,11.6,2583.36682912065,7.348745903406679,0.0152627799532293,0.11305762928318,7.348745903406679,0.169586443924769,48.0494924453513,No (reported postion),cruise,2021-07-02 14:00:00
2021-07-02 15:00:00+00:00,4.0276983333,60.7757616667,11.6,2583.36682912065,7.348745903406679,0.0152627799532293,0.11305762928318,7.348745903406679,0.169586443924769,48.0494924453513,No (reported postion),cruise,2021-07-02 15:00:00
2021-07-02 16:00:00+00:00,4.0385633333,60.5766566667,12.2,2725.091,7.7519,0.016100100000000003,0.11926,7.7519,0.17889,50.6855,No (reported postion),cruise,2021-07-02 16:00:00
2021-07-02 17:00:00+00:00,4.0352466667,60.3705316667,12.3,2725.091,7.7519,0.016100100000000003,0.11926,7.7519,0.17889,50.6855,No (reported postion),cruise,2021-07-02 17:00:00
2021-07-02 18:00:00+00:00,4.03584,60.1724533333,11.5,2519.82491693801,7.16799210507531,0.014887368218233301,0.11027680161654299,7.16799210507531,0.165415202424815,46.8676406870309,No (reported postion),cruise,2021-07-02 18:00:00
2021-07-02 19:00:00+00:00,4.0323583333,59.9768783333,11.8,2713.77532713504,7.71971099622658,0.0160332459152398,0.11876478455733201,7.71971099622658,0.178147176835998,50.4750334368661,No (reported postion),cruise,2021-07-02 19:00:00
2021-07-02 20:00:00+00:00,4.027325,59.77806,11.7,2648.01379042449,7.53264316750948,0.0156447204248274,0.115886817961684,7.53264316750948,0.173830226942526,49.2518976337158,No (reported postion),cruise,2021-07-02 20:00:00
2021-07-02 21:00:00+00:00,4.026285,59.58678,11.4,2457.37852759103,6.99035467367252,0.0145184289376275,0.1075439180565,6.99035467367252,0.16131587708475,45.706165174012604,No (reported postion),cruise,2021-07-02 21:00:00
2021-07-02 22:00:00+00:00,4.0258466667,59.395025,11.6,2583.36682912065,7.348745903406679,0.0152627799532293,0.11305762928318,7.348745903406679,0.169586443924769,48.0494924453513,No (reported postion),cruise,2021-07-02 22:00:00
2021-07-02 23:00:00+00:00,4.0242066667,59.1954816667,11.9,2725.091,7.7519,0.016100100000000003,0.11926,7.7519,0.17889,50.6855,No (reported postion),cruise,2021-07-02 23:00:00
2021-07-03 00:00:00+00:00,4.0388933333,59.0068616667,11.4,2457.37852759103,6.99035467367252,0.0145184289376275,0.1075439180565,6.99035467367252,0.16131587708475,45.706165174012604,No (reported postion),cruise,2021-07-03 00:00:00
2021-07-03 01:00:00+00:00,4.2365516667,58.8431883333,11.9,2725.091,7.7519,0.016100100000000003,0.11926,7.7519,0.17889,50.6855,No (reported postion),cruise,2021-07-03 01:00:00
2021-07-03 02:00:00+00:00,4.510475,58.698355,12.1,2725.091,7.7519,0.016100100000000003,0.11926,7.7519,0.17889,50.6855,No (reported postion),cruise,2021-07-03 02:00:00
2021-07-03 03:00:00+00:00,4.7862816667,58.55572,12.6,2725.091,7.7519,0.016100100000000003,0.11926,7.7519,0.17889,50.6855,No (reported postion),cruise,2021-07-03 03:00:00
2021-07-03 04:00:00+00:00,5.0567533333,58.4131616667,11.7,2648.01379042449,7.53264316750948,0.0156447204248274,0.115886817961684,7.53264316750948,0.173830226942526,49.2518976337158,No (reported postion),cruise,2021-07-03 04:00:00
2021-07-03 05:00:00+00:00,5.320645,58.2815166667,11.6,2583.36682912065,7.348745903406679,0.0152627799532293,0.11305762928318,7.348745903406679,0.169586443924769,48.0494924453513,No (reported postion),cruise,2021-07-03 05:00:00
2021-07-03 06:00:00+00:00,5.6092016667,58.1571783333,11.8,2713.77532713504,7.71971099622658,0.0160332459152398,0.11876478455733201,7.71971099622658,0.178147176835998,50.4750334368661,No (reported postion),cruise,2021-07-03 06:00:00
2021-07-03 07:00:00+00:00,5.8641583333,58.0348116667,10.9,2161.2460033976,6.14796456108725,0.012768849473027399,0.0945840701705731,6.14796456108725,0.14187610525586,40.1982298224936,No (reported postion),cruise,2021-07-03 07:00:00
2021-07-03 08:00:00+00:00,6.12626,57.916945,10.7,2050.12823357639,5.8318746250531905,0.0121123549904951,0.0897211480777414,5.8318746250531905,0.134581722116612,38.1314879330401,No (reported postion),cruise,2021-07-03 08:00:00
2021-07-03 09:00:00+00:00,6.3899266667,57.7948133333,11.2,2335.7342122619502,6.64432051628125,0.013799742610738,0.102220315635096,6.64432051628125,0.15333047345264397,43.4436341449158,No (reported postion),cruise,2021-07-03 09:00:00
2021-07-03 10:00:00+00:00,6.6785966667,57.7138066667,10.1,1740.9335842105,4.95232748243688,0.0102856032327535,0.07618965357595209,4.95232748243688,0.11428448036392799,32.3806027697796,No (reported postion),cruise,2021-07-03 10:00:00
2021-07-03 11:00:00+00:00,6.9811716667,57.7073516667,9.7,1554.1739318724901,4.4210637011689995,0.00918220922550484,0.06801636463336919,4.4210637011689995,0.102024546950054,28.9069549691819,No (reported postion),cruise,2021-07-03 11:00:00
2021-07-03 12:00:00+00:00,7.2857483333,57.7010233333,9.4,1423.84005642807,4.05031088261814,0.0084121841408223,0.0623124751172022,4.05031088261814,0.0934687126758033,26.4828019248109,No (reported postion),cruise,2021-07-03 12:00:00
2021-07-03 13:00:00+00:00,7.5818516667,57.6906216667,9.6,1509.8179587422198,4.29488697235204,0.00892014986565423,0.06607518419003139,4.29488697235204,0.09911277628504711,28.0819532807633,No (reported postion),cruise,2021-07-03 13:00:00
2021-07-03 14:00:00+00:00,7.8873083333,57.6833183333,9.7,1554.1739318724901,4.4210637011689995,0.00918220922550484,0.06801636463336919,4.4210637011689995,0.102024546950054,28.9069549691819,No (reported postion),cruise,2021-07-03 14:00:00
2021-07-03 15:00:00+00:00,8.1954183333,57.6957483333,10.0,1692.8242545824,4.81547380953419,0.0100013686813402,0.0740842124543722,4.81547380953419,0.111126318681558,31.4857902931082,No (reported postion),cruise,2021-07-03 15:00:00
2021-07-03 16:00:00+00:00,8.5034583333,57.7109066667,10.0,1692.8242545824,4.81547380953419,0.0100013686813402,0.0740842124543722,4.81547380953419,0.111126318681558,31.4857902931082,No (reported postion),cruise,2021-07-03 16:00:00
2021-07-03 17:00:00+00:00,8.81588,57.72723,10.0,1692.8242545824,4.81547380953419,0.0100013686813402,0.0740842124543722,4.81547380953419,0.111126318681558,31.4857902931082,No (reported postion),cruise,2021-07-03 17:00:00
2021-07-03 18:00:00+00:00,9.124455,57.74109,9.6,1509.8179587422198,4.29488697235204,0.00892014986565423,0.06607518419003139,4.29488697235204,0.09911277628504711,28.0819532807633,No (reported postion),cruise,2021-07-03 18:00:00
2021-07-03 19:00:00+00:00,9.4198466667,57.7542133333,9.4,1423.84005642807,4.05031088261814,0.0084121841408223,0.0623124751172022,4.05031088261814,0.0934687126758033,26.4828019248109,No (reported postion),cruise,2021-07-03 19:00:00
2021-07-03 20:00:00+00:00,9.7011833333,57.76926,8.8,1187.09280849878,3.37685043993088,0.007013458606010299,0.0519515452297059,3.37685043993088,0.0779273178445589,22.079406722625002,No (reported postion),cruise,2021-07-03 20:00:00
2021-07-03 21:00:00+00:00,9.9779966667,57.785415,9.1,1301.5654185399198,3.70248368512449,0.00768977380756624,0.0569612874634537,3.70248368512449,0.0854419311951805,24.208547171967798,No (reported postion),cruise,2021-07-03 21:00:00
2021-07-03 22:00:00+00:00,10.2612416667,57.7975983333,8.9,1224.3993303386999,3.48297402503351,0.00723386912891575,0.0535842157697463,3.48297402503351,0.0803763236546194,22.7732917021422,No (reported postion),cruise,2021-07-03 22:00:00
2021-07-03 23:00:00+00:00,10.5552866667,57.803235,9.7,1491.17115222586,4.2418435402486,0.00880998273743941,0.0652591313884401,4.2418435402486,0.0978886970826601,27.735130840087,No (reported postion),cruise,2021-07-03 23:00:00
2021-07-04 00:00:00+00:00,10.8546233333,57.7811166667,9.1,1301.5654185399198,3.70248368512449,0.00768977380756624,0.0569612874634537,3.70248368512449,0.0854419311951805,24.208547171967798,No (reported postion),cruise,2021-07-04 00:00:00
2021-07-04 01:00:00+00:00,11.1316733333,57.69258,12.7,2725.091,7.7519,0.016100100000000003,0.11926,7.7519,0.17889,50.6855,No (reported postion),cruise,2021-07-04 01:00:00
2021-07-04 02:00:00+00:00,11.5022816667,57.6224583333,12.5,2725.091,7.7519,0.016100100000000003,0.11926,7.7519,0.17889,50.6855,No (reported postion),cruise,2021-07-04 02:00:00
2021-07-04 03:00:00+00:00,11.6823633333,57.603385,0.0,219.36,0.624,0.001296,0.0096,0.624,0.0144,4.08,No (reported postion),anchor,2021-07-04 03:00:00
2021-07-04 04:00:00+00:00,11.6818033333,57.603395,0.0,219.36,0.624,0.001296,0.0096,0.624,0.0144,4.08,No (reported postion),anchor,2021-07-04 04:00:00
2021-07-04 05:00:00+00:00,11.68152,57.6033533333,0.1,219.36151868320002,0.624041905022215,0.00129600897252656,0.00960030772442959,0.624020002087923,0.0144007267746517,4.08059826813239,No (reported postion),anchor,2021-07-04 05:00:00
2021-07-04 06:00:00+00:00,11.6807583333,57.6032283333,0.0,219.36,0.624,0.001296,0.0096,0.624,0.0144,4.08,No (reported postion),anchor,2021-07-04 06:00:00
2021-07-04 07:00:00+00:00,11.6809016667,57.6033783333,0.0,219.36,0.624,0.001296,0.0096,0.624,0.0144,4.08,No (reported postion),anchor,2021-07-04 07:00:00
2021-07-04 08:00:00+00:00,11.6806266667,57.6032316667,0.0,219.36,0.624,0.001296,0.0096,0.624,0.0144,4.08,No (reported postion),anchor,2021-07-04 08:00:00
2021-07-04 09:00:00+00:00,11.6807416667,57.60325,0.0,219.36,0.624,0.001296,0.0096,0.624,0.0144,4.08,No (reported postion),anchor,2021-07-04 09:00:00
2021-07-04 10:00:00+00:00,11.680845,57.6031733333,0.0,219.36,0.624,0.001296,0.0096,0.624,0.0144,4.08,No (reported postion),anchor,2021-07-04 10:00:00
2021-07-04 11:00:00+00:00,11.6811483333,57.6032983333,0.0,219.36,0.624,0.001296,0.0096,0.624,0.0144,4.08,No (reported postion),anchor,2021-07-04 11:00:00
2021-07-04 12:00:00+00:00,11.6815433333,57.603245,0.0,219.36,0.624,0.001296,0.0096,0.624,0.0144,4.08,No (reported postion),anchor,2021-07-04 12:00:00
2021-07-04 13:00:00+00:00,11.682,57.6033,0.1,219.36151868320002,0.624041905022215,0.00129600897252656,0.00960030772442959,0.624020002087923,0.0144007267746517,4.08059826813239,No (reported postion),anchor,2021-07-04 13:00:00
2021-07-04 14:00:00+00:00,11.6822133333,57.6031466667,0.0,219.36,0.624,0.001296,0.0096,0.624,0.0144,4.08,No (reported postion),anchor,2021-07-04 14:00:00
2021-07-04 15:00:00+00:00,11.6832916667,57.602805,0.0,219.36,0.624,0.001296,0.0096,0.624,0.0144,4.08,No (reported postion),anchor,2021-07-04 15:00:00
2021-07-04 16:00:00+00:00,11.6835916667,57.6024766667,0.0,219.36,0.624,0.001296,0.0096,0.624,0.0144,4.08,No (reported postion),anchor,2021-07-04 16:00:00
2021-07-04 17:00:00+00:00,11.6835433333,57.6023466667,0.0,219.36,0.624,0.001296,0.0096,0.624,0.0144,4.08,No (reported postion),anchor,2021-07-04 17:00:00
2021-07-04 18:00:00+00:00,11.6833666667,57.60268,0.0,219.36,0.624,0.001296,0.0096,0.624,0.0144,4.08,No (reported postion),anchor,2021-07-04 18:00:00
2021-07-04 19:00:00+00:00,11.68202,57.603125,0.1,219.36151868320002,0.624041905022215,0.00129600897252656,0.00960030772442959,0.624020002087923,0.0144007267746517,4.08059826813239,No (reported postion),anchor,2021-07-04 19:00:00
2021-07-04 20:00:00+00:00,11.6803966667,57.6030033333,0.0,219.36,0.624,0.001296,0.0096,0.624,0.0144,4.08,No (reported postion),anchor,2021-07-04 20:00:00
2021-07-04 21:00:00+00:00,11.680465,57.6030533333,0.0,219.36,0.624,0.001296,0.0096,0.624,0.0144,4.08,No (reported postion),anchor,2021-07-04 21:00:00
2021-07-04 22:00:00+00:00,11.6806833333,57.6031233333,0.0,219.36,0.624,0.001296,0.0096,0.624,0.0144,4.08,No (reported postion),anchor,2021-07-04 22:00:00
2021-07-04 23:00:00+00:00,11.6810383333,57.60327,0.0,219.36,0.624,0.001296,0.0096,0.624,0.0144,4.08,No (reported postion),anchor,2021-07-04 23:00:00
2021-07-05 00:00:00+00:00,11.6808466666333,57.6032327777667,0.0,219.36,0.624,0.001296,0.0096,0.624,0.0144,4.08,Linear (small gap),anchor,2021-07-05 00:00:00
2021-07-05 01:00:00+00:00,11.6806549999667,57.6031955555333,0.0,219.36,0.624,0.001296,0.0096,0.624,0.0144,4.08,Linear (small gap),anchor,2021-07-05 01:00:00
2021-07-05 02:00:00+00:00,11.6804633333,57.6031583333,0.0,219.36,0.624,0.001296,0.0096,0.624,0.0144,4.08,No (reported postion),anchor,2021-07-05 02:00:00
2021-07-05 03:00:00+00:00,11.6802616667,57.6030666667,0.0,219.36,0.624,0.001296,0.0096,0.624,0.0144,4.08,No (reported postion),anchor,2021-07-05 03:00:00
2021-07-05 04:00:00+00:00,11.6816,57.6017,0.1,219.36151868320002,0.624041905022215,0.00129600897252656,0.00960030772442959,0.624020002087923,0.0144007267746517,4.08059826813239,No (reported postion),anchor,2021-07-05 04:00:00
2021-07-05 05:00:00+00:00,11.800165,57.67407,10.5,1863.17563944091,5.30006199403323,0.011007821064530599,0.081539415292819,5.30006199403323,0.12230912293922801,34.6542514994481,No (reported postion),cruise,2021-07-05 05:00:00
2021-07-05 06:00:00+00:00,11.87337,57.6905,0.0,219.36,0.624,0.001296,0.0096,0.624,0.0144,4.08,No (reported postion),anchor,2021-07-05 06:00:00
2021-07-05 07:00:00+00:00,11.8733466667,57.6904933333,0.0,219.36,0.624,0.001296,0.0096,0.624,0.0144,4.08,No (reported postion),anchor,2021-07-05 07:00:00
2021-07-05 08:00:00+00:00,11.87335,57.6905083333,0.0,219.36,0.624,0.001296,0.0096,0.624,0.0144,4.08,No (reported postion),anchor,2021-07-05 08:00:00
2021-07-05 09:00:00+00:00,11.8733383333,57.6904983333,0.0,219.36,0.624,0.001296,0.0096,0.624,0.0144,4.08,No (reported postion),anchor,2021-07-05 09:00:00
2021-07-05 10:00:00+00:00,11.8733216667,57.6904933333,0.0,219.36,0.624,0.001296,0.0096,0.624,0.0144,4.08,No (reported postion),anchor,2021-07-05 10:00:00
2021-07-05 11:00:00+00:00,11.8733583333,57.6905116667,0.0,219.36,0.624,0.001296,0.0096,0.624,0.0144,4.08,No (reported postion),anchor,2021-07-05 11:00:00
2021-07-05 12:00:00+00:00,11.87329,57.6905233333,0.0,219.36,0.624,0.001296,0.0096,0.624,0.0144,4.08,No (reported postion),anchor,2021-07-05 12:00:00
2021-07-05 13:00:00+00:00,11.8733583333,57.690435,0.0,219.36,0.624,0.001296,0.0096,0.624,0.0144,4.08,No (reported postion),anchor,2021-07-05 13:00:00
2021-07-05 14:00:00+00:00,11.873385,57.6905016667,0.0,219.36,0.624,0.001296,0.0096,0.624,0.0144,4.08,No (reported postion),anchor,2021-07-05 14:00:00
2021-07-05 15:00:00+00:00,11.873405,57.6904783333,0.0,219.36,0.624,0.001296,0.0096,0.624,0.0144,4.08,No (reported postion),anchor,2021-07-05 15:00:00
2021-07-05 16:00:00+00:00,11.8733466667,57.6904833333,0.0,219.36,0.624,0.001296,0.0096,0.624,0.0144,4.08,No (reported postion),anchor,2021-07-05 16:00:00
2021-07-05 17:00:00+00:00,11.8733116667,57.6905,0.0,219.36,0.624,0.001296,0.0096,0.624,0.0144,4.08,No (reported postion),anchor,2021-07-05 17:00:00
2021-07-05 18:00:00+00:00,11.8734166667,57.6904683333,0.0,219.36,0.624,0.001296,0.0096,0.624,0.0144,4.08,No (reported postion),anchor,2021-07-05 18:00:00
2021-07-05 19:00:00+00:00,11.8733283333,57.6905283333,0.0,219.36,0.624,0.001296,0.0096,0.624,0.0144,4.08,No (reported postion),anchor,2021-07-05 19:00:00
2021-07-05 20:00:00+00:00,11.8733383333,57.6905083333,0.0,219.36,0.624,0.001296,0.0096,0.624,0.0144,4.08,No (reported postion),anchor,2021-07-05 20:00:00
2021-07-05 21:00:00+00:00,11.873375,57.6904866667,0.0,219.36,0.624,0.001296,0.0096,0.624,0.0144,4.08,No (reported postion),anchor,2021-07-05 21:00:00
2021-07-05 22:00:00+00:00,11.8733733333,57.6905033333,0.0,219.36,0.624,0.001296,0.0096,0.624,0.0144,4.08,No (reported postion),anchor,2021-07-05 22:00:00
2021-07-05 23:00:00+00:00,11.8733683333,57.6904733333,0.0,219.36,0.624,0.001296,0.0096,0.624,0.0144,4.08,No (reported postion),anchor,2021-07-05 23:00:00
2021-07-06 00:00:00+00:00,11.8733433333,57.6904816667,0.0,219.36,0.624,0.001296,0.0096,0.624,0.0144,4.08,No (reported postion),anchor,2021-07-06 00:00:00
2021-07-06 01:00:00+00:00,11.8733633333,57.6905083333,0.0,219.36,0.624,0.001296,0.0096,0.624,0.0144,4.08,No (reported postion),anchor,2021-07-06 01:00:00
2021-07-06 02:00:00+00:00,11.8733566667,57.69049,0.0,219.36,0.624,0.001296,0.0096,0.624,0.0144,4.08,No (reported postion),anchor,2021-07-06 02:00:00
2021-07-06 03:00:00+00:00,11.8733883333,57.6905016667,0.0,219.36,0.624,0.001296,0.0096,0.624,0.0144,4.08,No (reported postion),anchor,2021-07-06 03:00:00
2021-07-06 04:00:00+00:00,11.87336,57.6905033333,0.0,219.36,0.624,0.001296,0.0096,0.624,0.0144,4.08,No (reported postion),anchor,2021-07-06 04:00:00
2021-07-06 05:00:00+00:00,11.8734033333,57.6905066667,0.0,219.36,0.624,0.001296,0.0096,0.624,0.0144,4.08,No (reported postion),anchor,2021-07-06 05:00:00
2021-07-06 06:00:00+00:00,11.8733566667,57.6905083333,0.0,219.36,0.624,0.001296,0.0096,0.624,0.0144,4.08,No (reported postion),anchor,2021-07-06 06:00:00
2021-07-06 07:00:00+00:00,11.8733616667,57.6905283333,0.0,219.36,0.624,0.001296,0.0096,0.624,0.0144,4.08,No (reported postion),anchor,2021-07-06 07:00:00
2021-07-06 08:00:00+00:00,11.873305,57.69047,0.0,219.36,0.624,0.001296,0.0096,0.624,0.0144,4.08,No (reported postion),anchor,2021-07-06 08:00:00
2021-07-06 09:00:00+00:00,11.8733333333,57.690475,0.0,219.36,0.624,0.001296,0.0096,0.624,0.0144,4.08,No (reported postion),anchor,2021-07-06 09:00:00
2021-07-06 10:00:00+00:00,11.7290183333,57.6533116667,12.0,2729.39456966107,7.764142101880511,0.0161255259039057,0.119448340028931,7.764142101880511,0.179172510043396,50.7655445122956,No (reported postion),cruise,2021-07-06 10:00:00
2021-07-06 11:00:00+00:00,11.5912916667,57.4978833333,11.7,2537.4527560581996,7.21813694283516,0.0149915151889653,0.111048260659002,7.21813694283516,0.166572390988504,47.195510780076,No (reported postion),cruise,2021-07-06 11:00:00
2021-07-06 12:00:00+00:00,11.55094,57.3037716667,11.8,2713.77532713504,7.71971099622658,0.0160332459152398,0.11876478455733201,7.71971099622658,0.178147176835998,50.4750334368661,No (reported postion),cruise,2021-07-06 12:00:00
2021-07-06 13:00:00+00:00,11.6263383333,57.109555,12.2,2725.091,7.7519,0.016100100000000003,0.11926,7.7519,0.17889,50.6855,No (reported postion),cruise,2021-07-06 13:00:00
2021-07-06 14:00:00+00:00,11.7500116667,56.9152033333,12.4,2725.091,7.7519,0.016100100000000003,0.11926,7.7519,0.17889,50.6855,No (reported postion),cruise,2021-07-06 14:00:00
2021-07-06 15:00:00+00:00,11.82513,56.7251183333,12.3,2725.091,7.7519,0.016100100000000003,0.11926,7.7519,0.17889,50.6855,No (reported postion),cruise,2021-07-06 15:00:00
2021-07-06 16:00:00+00:00,11.6373183333,56.5483666667,12.4,2725.091,7.7519,0.016100100000000003,0.11926,7.7519,0.17889,50.6855,No (reported postion),cruise,2021-07-06 16:00:00
2021-07-06 17:00:00+00:00,11.4470466667,56.3707016667,12.2,2725.091,7.7519,0.016100100000000003,0.11926,7.7519,0.17889,50.6855,No (reported postion),cruise,2021-07-06 17:00:00
2021-07-06 18:00:00+00:00,11.2696333333,56.192855,12.6,2725.091,7.7519,0.016100100000000003,0.11926,7.7519,0.17889,50.6855,No (reported postion),cruise,2021-07-06 18:00:00
2021-07-06 19:00:00+00:00,11.0424683333,56.02712,12.6,2725.091,7.7519,0.016100100000000003,0.11926,7.7519,0.17889,50.6855,No (reported postion),cruise,2021-07-06 19:00:00
2021-07-06 20:00:00+00:00,10.8523716667,55.855905,12.1,2725.091,7.7519,0.016100100000000003,0.11926,7.7519,0.17889,50.6855,No (reported postion),cruise,2021-07-06 20:00:00
2021-07-06 21:00:00+00:00,10.7713016667,55.664155,12.3,2725.091,7.7519,0.016100100000000003,0.11926,7.7519,0.17889,50.6855,No (reported postion),cruise,2021-07-06 21:00:00
2021-07-06 22:00:00+00:00,10.8997233333,55.4807416667,12.8,2725.091,7.7519,0.016100100000000003,0.11926,7.7519,0.17889,50.6855,No (reported postion),cruise,2021-07-06 22:00:00
2021-07-06 23:00:00+00:00,11.0432516667,55.2979716667,12.0,2729.39456966107,7.764142101880511,0.0161255259039057,0.119448340028931,7.764142101880511,0.179172510043396,50.7655445122956,No (reported postion),cruise,2021-07-06 23:00:00
2021-07-07 00:00:00+00:00,11.0379933333,55.1122466667,11.5,2414.83731185375,6.86934027441986,0.0142670913391797,0.10568215806799801,6.86934027441986,0.158523237101997,44.9149171788991,No (reported postion),cruise,2021-07-07 00:00:00
2021-07-07 01:00:00+00:00,10.9249183333,54.9377983333,11.8,2600.3550955204696,7.39707138769499,0.0153631482667511,0.113801098272231,7.39707138769499,0.17070164740834598,48.365466765698,No (reported postion),cruise,2021-07-07 01:00:00
2021-07-07 02:00:00+00:00,10.8651233333,54.747295,12.0,2729.39456966107,7.764142101880511,0.0161255259039057,0.119448340028931,7.764142101880511,0.179172510043396,50.7655445122956,No (reported postion),cruise,2021-07-07 02:00:00
2021-07-07 03:00:00+00:00,11.073085,54.6080566667,10.5,1863.17563944091,5.30006199403323,0.011007821064530599,0.081539415292819,5.30006199403323,0.12230912293922801,34.6542514994481,No (reported postion),cruise,2021-07-07 03:00:00
2021-07-07 04:00:00+00:00,11.3518366667,54.5299633333,12.4,2725.091,7.7519,0.016100100000000003,0.11926,7.7519,0.17889,50.6855,No (reported postion),cruise,2021-07-07 04:00:00
2021-07-07 05:00:00+00:00,11.6871283333,54.4398316667,13.1,2725.091,7.7519,0.016100100000000003,0.11926,7.7519,0.17889,50.6855,No (reported postion),cruise,2021-07-07 05:00:00
2021-07-07 06:00:00+00:00,12.058015,54.4084383333,13.4,2725.091,7.7519,0.016100100000000003,0.11926,7.7519,0.17889,50.6855,No (reported postion),cruise,2021-07-07 06:00:00
2021-07-07 07:00:00+00:00,12.2855683333,54.5459316667,13.0,2725.091,7.7519,0.016100100000000003,0.11926,7.7519,0.17889,50.6855,No (reported postion),cruise,2021-07-07 07:00:00
2021-07-07 08:00:00+00:00,12.5529816667,54.6850583333,12.9,2725.091,7.7519,0.016100100000000003,0.11926,7.7519,0.17889,50.6855,No (reported postion),cruise,2021-07-07 08:00:00
2021-07-07 09:00:00+00:00,12.7914616667,54.7585966667,10.0,1692.8242545824,4.81547380953419,0.0100013686813402,0.0740842124543722,4.81547380953419,0.111126318681558,31.4857902931082,No (reported postion),cruise,2021-07-07 09:00:00
2021-07-07 10:00:00+00:00,13.0991166667,54.8084466667,11.6,2583.36682912065,7.348745903406679,0.0152627799532293,0.11305762928318,7.348745903406679,0.169586443924769,48.0494924453513,No (reported postion),cruise,2021-07-07 10:00:00
2021-07-07 11:00:00+00:00,13.4166733333,54.8754516667,11.7,2648.01379042449,7.53264316750948,0.0156447204248274,0.115886817961684,7.53264316750948,0.173830226942526,49.2518976337158,No (reported postion),cruise,2021-07-07 11:00:00
2021-07-07 12:00:00+00:00,13.7331383333,54.9415516667,11.5,2519.82491693801,7.16799210507531,0.014887368218233301,0.11027680161654299,7.16799210507531,0.165415202424815,46.8676406870309,No (reported postion),cruise,2021-07-07 12:00:00
2021-07-07 13:00:00+00:00,14.045905,55.0064433333,11.4,2457.37852759103,6.99035467367252,0.0145184289376275,0.1075439180565,6.99035467367252,0.16131587708475,45.706165174012604,No (reported postion),cruise,2021-07-07 13:00:00
2021-07-07 14:00:00+00:00,14.2839933333,55.1375316667,11.6,2583.36682912065,7.348745903406679,0.0152627799532293,0.11305762928318,7.348745903406679,0.169586443924769,48.0494924453513,No (reported postion),cruise,2021-07-07 14:00:00
2021-07-07 15:00:00+00:00,14.4870933333,55.2898883333,11.5,2519.82491693801,7.16799210507531,0.014887368218233301,0.11027680161654299,7.16799210507531,0.165415202424815,46.8676406870309,No (reported postion),cruise,2021-07-07 15:00:00
2021-07-07 16:00:00+00:00,14.7253233333,55.420325,11.5,2519.82491693801,7.16799210507531,0.014887368218233301,0.11027680161654299,7.16799210507531,0.165415202424815,46.8676406870309,No (reported postion),cruise,2021-07-07 16:00:00
2021-07-07 17:00:00+00:00,15.0171483333,55.51569,11.3,2396.0181347941902,6.81580651035545,0.014155905829199799,0.10485856169777599,6.81580651035545,0.157287842546664,44.564888721554894,No (reported postion),cruise,2021-07-07 17:00:00
2021-07-07 18:00:00+00:00,15.3179066667,55.601025,11.5,2519.82491693801,7.16799210507531,0.014887368218233301,0.11027680161654299,7.16799210507531,0.165415202424815,46.8676406870309,No (reported postion),cruise,2021-07-07 18:00:00
2021-07-07 19:00:00+00:00,15.6150683333,55.6951366667,11.6,2583.36682912065,7.348745903406679,0.0152627799532293,0.11305762928318,7.348745903406679,0.169586443924769,48.0494924453513,No (reported postion),cruise,2021-07-07 19:00:00
2021-07-07 20:00:00+00:00,15.9128666667,55.78949,11.5,2519.82491693801,7.16799210507531,0.014887368218233301,0.11027680161654299,7.16799210507531,0.165415202424815,46.8676406870309,No (reported postion),cruise,2021-07-07 20:00:00
2021-07-07 21:00:00+00:00,16.2110616667,55.8835883333,11.5,2519.82491693801,7.16799210507531,0.014887368218233301,0.11027680161654299,7.16799210507531,0.165415202424815,46.8676406870309,No (reported postion),cruise,2021-07-07 21:00:00
2021-07-07 22:00:00+00:00,16.509895,55.9755333333,11.5,2519.82491693801,7.16799210507531,0.014887368218233301,0.11027680161654299,7.16799210507531,0.165415202424815,46.8676406870309,No (reported postion),cruise,2021-07-07 22:00:00
2021-07-07 23:00:00+00:00,16.7973083333,56.0790066667,11.5,2519.82491693801,7.16799210507531,0.014887368218233301,0.11027680161654299,7.16799210507531,0.165415202424815,46.8676406870309,No (reported postion),cruise,2021-07-07 23:00:00
2021-07-08 00:00:00+00:00,16.9339133333,56.2515916667,11.4,2457.37852759103,6.99035467367252,0.0145184289376275,0.1075439180565,6.99035467367252,0.16131587708475,45.706165174012604,No (reported postion),cruise,2021-07-08 00:00:00
2021-07-08 01:00:00+00:00,17.0638916667,56.4267133333,11.3,2396.0181347941902,6.81580651035545,0.014155905829199799,0.10485856169777599,6.81580651035545,0.157287842546664,44.564888721554894,No (reported postion),cruise,2021-07-08 01:00:00
2021-07-08 02:00:00+00:00,17.190485,56.6020766667,11.3,2396.0181347941902,6.81580651035545,0.014155905829199799,0.10485856169777599,6.81580651035545,0.157287842546664,44.564888721554894,No (reported postion),cruise,2021-07-08 02:00:00
2021-07-08 03:00:00+00:00,17.306745,56.7771416667,11.1,2276.51723370879,6.475869592607051,0.013449883000030001,0.09962876296318539,6.475869592607051,0.149443144444778,42.342224259353806,No (reported postion),cruise,2021-07-08 03:00:00
2021-07-08 04:00:00+00:00,17.428715,56.94862,10.9,2161.2460033976,6.14796456108725,0.012768849473027399,0.0945840701705731,6.14796456108725,0.14187610525586,40.1982298224936,No (reported postion),cruise,2021-07-08 04:00:00
2021-07-08 05:00:00+00:00,17.5465833333,57.1215216667,11.4,2457.37852759103,6.99035467367252,0.0145184289376275,0.1075439180565,6.99035467367252,0.16131587708475,45.706165174012604,No (reported postion),cruise,2021-07-08 05:00:00
2021-07-08 06:00:00+00:00,17.6591733333,57.2990933333,11.1,2276.51723370879,6.475869592607051,0.013449883000030001,0.09962876296318539,6.475869592607051,0.149443144444778,42.342224259353806,No (reported postion),cruise,2021-07-08 06:00:00
2021-07-08 07:00:00+00:00,17.7808883333,57.4713033333,11.1,2276.51723370879,6.475869592607051,0.013449883000030001,0.09962876296318539,6.475869592607051,0.149443144444778,42.342224259353806,No (reported postion),cruise,2021-07-08 07:00:00
2021-07-08 08:00:00+00:00,17.8173366667,57.6538116667,11.0,2218.3576728491803,6.31042664049,0.0131062707148639,0.09708348677676931,6.31042664049,0.145625230165154,41.260481880127,No (reported postion),cruise,2021-07-08 08:00:00
2021-07-08 09:00:00+00:00,17.8302933333,57.84235,11.4,2457.37852759103,6.99035467367252,0.0145184289376275,0.1075439180565,6.99035467367252,0.16131587708475,45.706165174012604,No (reported postion),cruise,2021-07-08 09:00:00
2021-07-08 10:00:00+00:00,17.8453033333,58.039965,11.8,2713.77532713504,7.71971099622658,0.0160332459152398,0.11876478455733201,7.71971099622658,0.178147176835998,50.4750334368661,No (reported postion),cruise,2021-07-08 10:00:00
2021-07-08 11:00:00+00:00,17.8555483333,58.2328283333,11.3,2396.0181347941902,6.81580651035545,0.014155905829199799,0.10485856169777599,6.81580651035545,0.157287842546664,44.564888721554894,No (reported postion),cruise,2021-07-08 11:00:00
2021-07-08 12:00:00+00:00,17.8673116667,58.42216,11.6,2583.36682912065,7.348745903406679,0.0152627799532293,0.11305762928318,7.348745903406679,0.169586443924769,48.0494924453513,No (reported postion),cruise,2021-07-08 12:00:00
2021-07-08 13:00:00+00:00,17.875085,58.6107183333,11.2,2335.7342122619502,6.64432051628125,0.013799742610738,0.102220315635096,6.64432051628125,0.15333047345264397,43.4436341449158,No (reported postion),cruise,2021-07-08 13:00:00
2021-07-08 14:00:00+00:00,17.7745466667,58.7865366667,11.3,2296.4134332813996,6.53246709686174,0.0135674316627128,0.100499493797873,6.53246709686174,0.150749240696809,42.712284864096,No (reported postion),cruise,2021-07-08 14:00:00
2021-07-08 15:00:00+00:00,17.7224266667,58.9722716667,11.7,2537.4527560581996,7.21813694283516,0.0149915151889653,0.111048260659002,7.21813694283516,0.166572390988504,47.195510780076,No (reported postion),cruise,2021-07-08 15:00:00
2021-07-08 16:00:00+00:00,17.706820000025,59.021703750025,8.775,2502.0396029726003,7.11739930823716,0.0147822908709541,0.109498450895956,7.11739930823716,0.164247676343934,46.536841630781396,Linear (small gap),cruise,2021-07-08 16:00:00
2021-07-08 17:00:00+00:00,17.69121333335,59.07113583335,5.85,815.3113638437341,2.3192664616999,0.00481693803583825,0.0356810224876908,2.3192664616999,0.053521533731536106,15.1644345572686,Linear (small gap),cruise,2021-07-08 17:00:00
2021-07-08 18:00:00+00:00,17.675606666675,59.120567916675,2.925,257.36535556340897,1.6726816928984498,0.0015205392998275799,0.0173008663570497,1.12455631320823,0.0325876832860342,19.0517815362814,Linear (small gap),anchor,2021-07-08 18:00:00
2021-07-08 19:00:00+00:00,17.66,59.17,0.0,219.36,0.624,0.001296,0.0096,0.624,0.0144,4.08,No (reported postion),anchor,2021-07-08 19:00:00
2021-07-08 20:00:00+00:00,17.66,59.17,0.0,219.36,0.624,0.001296,0.0096,0.624,0.0144,4.08,Linear (small gap),anchor,2021-07-08 20:00:00
2021-07-08 21:00:00+00:00,17.66,59.17,0.0,219.36,0.624,0.001296,0.0096,0.624,0.0144,4.08,Linear (small gap),anchor,2021-07-08 21:00:00
2021-07-08 22:00:00+00:00,17.66,59.17,0.0,219.36,0.624,0.001296,0.0096,0.624,0.0144,4.08,Linear (small gap),anchor,2021-07-08 22:00:00
2021-07-08 23:00:00+00:00,17.66,59.17,0.0,219.36,0.624,0.001296,0.0096,0.624,0.0144,4.08,No (reported postion),anchor,2021-07-08 23:00:00
2021-07-09 00:00:00+00:00,17.6626373958313,59.161766875,0.71875,219.92389826949602,0.639559643716277,0.0012993315652683498,0.00971426034957393,0.631426922722306,0.0146698567867367,4.302141368615501,Linear (small gap),anchor,2021-07-09 00:00:00
2021-07-09 01:00:00+00:00,17.6652747916625,59.15353375,1.4375,223.871186155964,0.7484771497302201,0.00132265252214684,0.0105140827965915,0.683415381778445,0.0165588542938937,5.85713094892399,Linear (small gap),anchor,2021-07-09 01:00:00
2021-07-09 02:00:00+00:00,17.6679121874938,59.145300625,2.15625,234.58525327638,1.04411038033949,0.00138595226224557,0.0126850294384962,0.824526913502253,0.0216861332418911,10.0778169526185,Linear (small gap),anchor,2021-07-09 02:00:00
2021-07-09 03:00:00+00:00,17.670549583325,59.1370675,2.875,255.449489247715,1.61981719784176,0.00150922017717468,0.016912662372731698,1.09932305422756,0.0316708343511493,18.297047591391898,Linear (small gap),anchor,2021-07-09 03:00:00
2021-07-09 04:00:00+00:00,17.6731869791562,59.128834375,3.59375,269.75839055572396,1.61042262937163,0.00159375854376467,0.015048147321916798,0.9781295759245939,0.0262470865926529,12.7346057886811,Linear (small gap),cruise,2021-07-09 04:00:00
2021-07-09 05:00:00+00:00,17.6758243749875,59.12060125,4.3125,389.622418880291,1.74770984405785,0.00230192676362535,0.0191680319514197,1.2459220768422798,0.0311800532523662,12.3269406970364,Linear (small gap),cruise,2021-07-09 05:00:00
2021-07-09 06:00:00+00:00,17.6784617708188,59.112368125,5.03125,556.905183684906,1.80267718683751,0.00329024944409026,0.0249653846475034,1.6227500020877201,0.0383378267859519,11.8707673793427,Linear (small gap),cruise,2021-07-09 06:00:00
2021-07-09 07:00:00+00:00,17.68109916665,59.104135,5.75,779.509807716245,2.21742396068079,0.00460541899526009,0.034114214779704395,2.21742396068079,0.0511713221695566,14.4985412813744,Linear (small gap),cruise,2021-07-09 07:00:00
2021-07-09 08:00:00+00:00,17.6837365624813,59.095901875,6.46875,1065.33941372098,3.0305059908911898,0.00629412782723556,0.046623169090633805,3.0305059908911898,0.0699347536359506,19.8148468635193,Linear (small gap),cruise,2021-07-09 08:00:00
2021-07-09 09:00:00+00:00,17.6863739583125,59.08766875,7.1875,1422.29712444579,4.04592179820466,0.00840306835011737,0.0622449507416101,4.04592179820466,0.0933674261124152,26.4541040651843,Linear (small gap),cruise,2021-07-09 09:00:00
2021-07-09 10:00:00+00:00,17.6890113541438,59.079435625,7.90625,1858.2860626373501,5.2861529134104,0.0109789329740062,0.0813254294370831,5.2861529134104,0.12198814415562499,34.5633075107603,Linear (small gap),cruise,2021-07-09 10:00:00
2021-07-09 11:00:00+00:00,17.691648749975,59.0712025,8.625,2381.2093510423297,6.77368086729765,0.014068414109002801,0.104210474881502,6.77368086729765,0.156315712322253,44.2894518246385,Linear (small gap),cruise,2021-07-09 11:00:00
2021-07-09 12:00:00+00:00,17.6942861458062,59.062969375,9.34375,2725.091,7.7519,0.016100100000000003,0.11926,7.7519,0.17889,50.6855,Linear (small gap),cruise,2021-07-09 12:00:00
2021-07-09 13:00:00+00:00,17.6969235416375,59.05473625,10.0625,2725.091,7.7519,0.016100100000000003,0.11926,7.7519,0.17889,50.6855,Linear (small gap),cruise,2021-07-09 13:00:00
2021-07-09 14:00:00+00:00,17.6995609374688,59.046503125,10.78125,2725.091,7.7519,0.016100100000000003,0.11926,7.7519,0.17889,50.6855,Linear (small gap),cruise,2021-07-09 14:00:00
2021-07-09 15:00:00+00:00,17.7021983333,59.03827,11.5,2414.83731185375,6.86934027441986,0.0142670913391797,0.10568215806799801,6.86934027441986,0.158523237101997,44.9149171788991,No (reported postion),cruise,2021-07-09 15:00:00
2021-07-09 16:00:00+00:00,17.7209933333,58.9632483333,11.6,2475.61653220237,7.04223521195421,0.014626180824828,0.10834208018391099,7.04223521195421,0.16251312027586598,46.0453840781622,No (reported postion),cruise,2021-07-09 16:00:00
2021-07-09 17:00:00+00:00,17.7856616667,58.7760183333,11.8,2600.3550955204696,7.39707138769499,0.0153631482667511,0.113801098272231,7.39707138769499,0.17070164740834598,48.365466765698,No (reported postion),cruise,2021-07-09 17:00:00
2021-07-09 18:00:00+00:00,17.8465433333,58.607825,11.1,2276.51723370879,6.475869592607051,0.013449883000030001,0.09962876296318539,6.475869592607051,0.149443144444778,42.342224259353806,No (reported postion),cruise,2021-07-09 18:00:00
2021-07-09 19:00:00+00:00,17.818185,58.4251066667,10.8,2105.17269906851,5.9884562555559295,0.0124375629923085,0.092130096239322,5.9884562555559295,0.13819514435898297,39.1552909017119,No (reported postion),cruise,2021-07-09 19:00:00
2021-07-09 20:00:00+00:00,17.7891277777667,58.2331533333667,10.6333333333333,2725.091,7.7519,0.016100100000000003,0.11926,7.7519,0.17889,50.6855,Linear (small gap),cruise,2021-07-09 20:00:00
2021-07-09 21:00:00+00:00,17.7600705555333,58.0412000000333,10.4666666666667,2725.091,7.7519,0.016100100000000003,0.11926,7.7519,0.17889,50.6855,Linear (small gap),cruise,2021-07-09 21:00:00
2021-07-09 22:00:00+00:00,17.7310133333,57.8492466667,10.3,1840.04823426707,5.23427287647087,0.0108711821280549,0.0805272750226287,5.23427287647087,0.120790912533943,34.2240918846172,No (reported postion),cruise,2021-07-09 22:00:00
2021-07-09 23:00:00+00:00,17.7024566667,57.6603166667,11.2,2335.7342122619502,6.64432051628125,0.013799742610738,0.102220315635096,6.64432051628125,0.15333047345264397,43.4436341449158,No (reported postion),cruise,2021-07-09 23:00:00
2021-07-10 00:00:00+00:00,17.6806783333,57.4956783333,10.9,2161.2460033976,6.14796456108725,0.012768849473027399,0.0945840701705731,6.14796456108725,0.14187610525586,40.1982298224936,No (reported postion),cruise,2021-07-10 00:00:00
2021-07-10 01:00:00+00:00,17.5760233333,57.368015,11.0,2218.3576728491803,6.31042664049,0.0131062707148639,0.09708348677676931,6.31042664049,0.145625230165154,41.260481880127,No (reported postion),cruise,2021-07-10 01:00:00
2021-07-10 02:00:00+00:00,17.4391816667,57.183735,10.5,1943.08771396095,5.5273829937620205,0.011479949294736499,0.0850366614424925,5.5273829937620205,0.127554992163739,36.1405811130593,No (reported postion),cruise,2021-07-10 02:00:00
2021-07-10 03:00:00+00:00,17.3275283333,57.0127566667,10.8,2105.17269906851,5.9884562555559295,0.0124375629923085,0.092130096239322,5.9884562555559295,0.13819514435898297,39.1552909017119,No (reported postion),cruise,2021-07-10 03:00:00
2021-07-10 04:00:00+00:00,17.2268716667,56.8625533333,10.4,1891.07260726658,5.3794187952878705,0.0111726390363671,0.08276028915827491,5.3794187952878705,0.124140433737412,35.173122892266804,No (reported postion),cruise,2021-07-10 04:00:00
2021-07-10 05:00:00+00:00,17.10992583335,56.69455166665,10.45,2725.091,7.7519,0.016100100000000003,0.11926,7.7519,0.17889,50.6855,Linear (small gap),cruise,2021-07-10 05:00:00
2021-07-10 06:00:00+00:00,16.99298,56.52655,10.5,1943.08771396095,5.5273829937620205,0.011479949294736499,0.0850366614424925,5.5273829937620205,0.127554992163739,36.1405811130593,No (reported postion),cruise,2021-07-10 06:00:00
2021-07-10 07:00:00+00:00,16.87928,56.35885,10.6,1996.1030806357198,5.67819257073617,0.011793169185375102,0.0873568087805564,5.67819257073617,0.131035213170835,37.1266437317365,No (reported postion),cruise,2021-07-10 07:00:00
2021-07-10 08:00:00+00:00,16.7396916667,56.1538816667,10.3,1840.04823426707,5.23427287647087,0.0108711821280549,0.0805272750226287,5.23427287647087,0.120790912533943,34.2240918846172,No (reported postion),cruise,2021-07-10 08:00:00
2021-07-10 09:00:00+00:00,16.5838866667,56.0917566667,10.3,1840.04823426707,5.23427287647087,0.0108711821280549,0.0805272750226287,5.23427287647087,0.120790912533943,34.2240918846172,No (reported postion),cruise,2021-07-10 09:00:00
2021-07-10 10:00:00+00:00,16.323595,56.0009383333,10.3,1840.04823426707,5.23427287647087,0.0108711821280549,0.0805272750226287,5.23427287647087,0.120790912533943,34.2240918846172,No (reported postion),cruise,2021-07-10 10:00:00
2021-07-10 11:00:00+00:00,16.0586716667,55.91401,10.4,1891.07260726658,5.3794187952878705,0.0111726390363671,0.08276028915827491,5.3794187952878705,0.124140433737412,35.173122892266804,No (reported postion),cruise,2021-07-10 11:00:00
2021-07-10 12:00:00+00:00,15.80216,55.8276033333,10.0,1692.8242545824,4.81547380953419,0.0100013686813402,0.0740842124543722,4.81547380953419,0.111126318681558,31.4857902931082,No (reported postion),cruise,2021-07-10 12:00:00
2021-07-10 13:00:00+00:00,15.554265,55.7400116667,9.9,1645.6675535070501,4.68133002091722,0.00972276235113576,0.0720204618602648,4.68133002091722,0.108030692790397,30.6086962906126,No (reported postion),cruise,2021-07-10 13:00:00
2021-07-10 14:00:00+00:00,15.3116816667,55.6547333333,9.2,1341.4440374722599,3.8159239577985598,0.007925380527735471,0.058706522427670105,3.8159239577985598,0.08805978364150521,24.9502720317598,No (reported postion),cruise,2021-07-10 14:00:00
2021-07-10 15:00:00+00:00,15.0781366667,55.5806016667,8.9,1224.3993303386999,3.48297402503351,0.00723386912891575,0.0535842157697463,3.48297402503351,0.0803763236546194,22.7732917021422,No (reported postion),cruise,2021-07-10 15:00:00
2021-07-10 16:00:00+00:00,14.83439,55.51754,9.7,1554.1739318724901,4.4210637011689995,0.00918220922550484,0.06801636463336919,4.4210637011689995,0.102024546950054,28.9069549691819,No (reported postion),cruise,2021-07-10 16:00:00
2021-07-10 17:00:00+00:00,14.567815,55.44548,10.8,2105.17269906851,5.9884562555559295,0.0124375629923085,0.092130096239322,5.9884562555559295,0.13819514435898297,39.1552909017119,No (reported postion),cruise,2021-07-10 17:00:00
2021-07-10 18:00:00+00:00,14.384905,55.3091216667,10.4,1891.07260726658,5.3794187952878705,0.0111726390363671,0.08276028915827491,5.3794187952878705,0.124140433737412,35.173122892266804,No (reported postion),cruise,2021-07-10 18:00:00
2021-07-10 19:00:00+00:00,14.1536683333,55.2235316667,10.6,1996.1030806357198,5.67819257073617,0.011793169185375102,0.0873568087805564,5.67819257073617,0.131035213170835,37.1266437317365,No (reported postion),cruise,2021-07-10 19:00:00
2021-07-10 20:00:00+00:00,13.84611,55.2348233333,10.7,2050.12823357639,5.8318746250531905,0.0121123549904951,0.0897211480777414,5.8318746250531905,0.134581722116612,38.1314879330401,No (reported postion),cruise,2021-07-10 20:00:00
2021-07-10 21:00:00+00:00,13.5328,55.2364016667,10.6,1996.1030806357198,5.67819257073617,0.011793169185375102,0.0873568087805564,5.67819257073617,0.131035213170835,37.1266437317365,No (reported postion),cruise,2021-07-10 21:00:00
2021-07-10 22:00:00+00:00,13.2288833333,55.2501083333,10.3,1840.04823426707,5.23427287647087,0.0108711821280549,0.0805272750226287,5.23427287647087,0.120790912533943,34.2240918846172,No (reported postion),cruise,2021-07-10 22:00:00
2021-07-10 23:00:00+00:00,12.9229233333,55.260605,10.5,1943.08771396095,5.5273829937620205,0.011479949294736499,0.0850366614424925,5.5273829937620205,0.127554992163739,36.1405811130593,No (reported postion),cruise,2021-07-10 23:00:00
2021-07-11 00:00:00+00:00,12.6664283333,55.3298016667,10.5,1943.08771396095,5.5273829937620205,0.011479949294736499,0.0850366614424925,5.5273829937620205,0.127554992163739,36.1405811130593,No (reported postion),cruise,2021-07-11 00:00:00
2021-07-11 01:00:00+00:00,12.7118916667,55.50572,10.5,1863.17563944091,5.30006199403323,0.011007821064530599,0.081539415292819,5.30006199403323,0.12230912293922801,34.6542514994481,No (reported postion),cruise,2021-07-11 01:00:00
2021-07-11 02:00:00+00:00,12.69416,55.6516133333,9.5,1407.1910086302998,4.00295035277766,0.0083138199634613,0.0615838515811948,4.00295035277766,0.0923757773717922,26.173136922007803,No (reported postion),cruise,2021-07-11 02:00:00
2021-07-11 03:00:00+00:00,12.738355,55.819865,10.0,1623.7932000353399,4.6191053830327,0.00959352656476023,0.0710631597389647,4.6191053830327,0.106594739608447,30.20184288906,No (reported postion),cruise,2021-07-11 03:00:00
2021-07-11 04:00:00+00:00,12.6921383333,55.9818016667,9.6,1448.74369966647,4.12115275616282,0.00855931726279971,0.0634023500948126,4.12115275616282,0.095103525142219,26.945998790295402,No (reported postion),cruise,2021-07-11 04:00:00
2021-07-11 05:00:00+00:00,12.5485416667,56.1164416667,10.1,1669.81081967961,4.750008896243981,0.00986540309219903,0.073077059942215,4.750008896243981,0.109615589913323,31.0577504754414,No (reported postion),cruise,2021-07-11 05:00:00
2021-07-11 06:00:00+00:00,12.4068516667,56.2608983333,10.7,1965.5622234209,5.5913148587465304,0.0116127308604736,0.08602022859610049,5.5913148587465304,0.129030342894151,36.5585971533427,No (reported postion),cruise,2021-07-11 06:00:00
2021-07-11 07:00:00+00:00,12.32954,56.4324316667,10.3,1840.04823426707,5.23427287647087,0.0108711821280549,0.0805272750226287,5.23427287647087,0.120790912533943,34.2240918846172,No (reported postion),cruise,2021-07-11 07:00:00
2021-07-11 08:00:00+00:00,12.251965,56.5995883333,10.4,1891.07260726658,5.3794187952878705,0.0111726390363671,0.08276028915827491,5.3794187952878705,0.124140433737412,35.173122892266804,No (reported postion),cruise,2021-07-11 08:00:00
2021-07-11 09:00:00+00:00,12.1821933333,56.7682533333,10.2,1790.00506867688,5.091918138468159,0.0105755222875877,0.0783372021302793,5.091918138468159,0.117505803195419,33.2933109053687,No (reported postion),cruise,2021-07-11 09:00:00
2021-07-11 10:00:00+00:00,12.1009333333,56.9316816667,10.1,1740.9335842105,4.95232748243688,0.0102856032327535,0.07618965357595209,4.95232748243688,0.11428448036392799,32.3806027697796,No (reported postion),cruise,2021-07-11 10:00:00
2021-07-11 11:00:00+00:00,11.999515,57.0941183333,10.5,1943.08771396095,5.5273829937620205,0.011479949294736499,0.0850366614424925,5.5273829937620205,0.127554992163739,36.1405811130593,No (reported postion),cruise,2021-07-11 11:00:00
2021-07-11 12:00:00+00:00,11.8694633333,57.25384,10.2,1790.00506867688,5.091918138468159,0.0105755222875877,0.0783372021302793,5.091918138468159,0.117505803195419,33.2933109053687,No (reported postion),cruise,2021-07-11 12:00:00
2021-07-11 13:00:00+00:00,11.6969483333,57.4027133333,10.7,2050.12823357639,5.8318746250531905,0.0121123549904951,0.0897211480777414,5.8318746250531905,0.134581722116612,38.1314879330401,No (reported postion),cruise,2021-07-11 13:00:00
2021-07-11 14:00:00+00:00,11.6735533333,57.5497616667,0.4,219.457195724802,0.626681921421787,0.00129657424170014,0.00961969436349385,0.6252801336271,0.0144465135777117,4.1182891604729805,No (reported postion),anchor,2021-07-11 14:00:00
2021-07-11 15:00:00+00:00,11.6747083333,57.551745,0.0,219.36,0.624,0.001296,0.0096,0.624,0.0144,4.08,No (reported postion),anchor,2021-07-11 15:00:00
2021-07-11 16:00:00+00:00,11.6746633333,57.5517333333,0.0,219.36,0.624,0.001296,0.0096,0.624,0.0144,4.08,No (reported postion),anchor,2021-07-11 16:00:00
2021-07-11 17:00:00+00:00,11.6746983333,57.551765,0.0,219.36,0.624,0.001296,0.0096,0.624,0.0144,4.08,No (reported postion),anchor,2021-07-11 17:00:00
2021-07-11 18:00:00+00:00,11.6747133333,57.5517333333,0.0,219.36,0.624,0.001296,0.0096,0.624,0.0144,4.08,No (reported postion),anchor,2021-07-11 18:00:00
2021-07-11 19:00:00+00:00,11.67471,57.5517383333,0.0,219.36,0.624,0.001296,0.0096,0.624,0.0144,4.08,No (reported postion),anchor,2021-07-11 19:00:00
2021-07-11 20:00:00+00:00,11.67473,57.551675,0.0,219.36,0.624,0.001296,0.0096,0.624,0.0144,4.08,No (reported postion),anchor,2021-07-11 20:00:00
2021-07-11 21:00:00+00:00,11.674935,57.5517166667,0.0,219.36,0.624,0.001296,0.0096,0.624,0.0144,4.08,No (reported postion),anchor,2021-07-11 21:00:00
2021-07-11 22:00:00+00:00,11.6749966667,57.5517466667,0.1,219.36151868320002,0.624041905022215,0.00129600897252656,0.00960030772442959,0.624020002087923,0.0144007267746517,4.08059826813239,No (reported postion),anchor,2021-07-11 22:00:00
2021-07-11 23:00:00+00:00,11.675665,57.55147,0.0,219.36,0.624,0.001296,0.0096,0.624,0.0144,4.08,No (reported postion),anchor,2021-07-11 23:00:00
2021-07-12 00:00:00+00:00,11.6751016667,57.5516433333,0.1,219.36151868320002,0.624041905022215,0.00129600897252656,0.00960030772442959,0.624020002087923,0.0144007267746517,4.08059826813239,No (reported postion),anchor,2021-07-12 00:00:00
2021-07-12 01:00:00+00:00,11.6745416667,57.55173,0.0,219.36,0.624,0.001296,0.0096,0.624,0.0144,4.08,No (reported postion),anchor,2021-07-12 01:00:00
2021-07-12 02:00:00+00:00,11.67439,57.5516316667,0.0,219.36,0.624,0.001296,0.0096,0.624,0.0144,4.08,No (reported postion),anchor,2021-07-12 02:00:00
2021-07-12 03:00:00+00:00,11.674025,57.55172,0.0,219.36,0.624,0.001296,0.0096,0.624,0.0144,4.08,No (reported postion),anchor,2021-07-12 03:00:00
2021-07-12 04:00:00+00:00,11.6744066667,57.5517383333,0.1,219.36151868320002,0.624041905022215,0.00129600897252656,0.00960030772442959,0.624020002087923,0.0144007267746517,4.08059826813239,No (reported postion),anchor,2021-07-12 04:00:00
2021-07-12 05:00:00+00:00,11.672815,57.5515016667,0.0,219.36,0.624,0.001296,0.0096,0.624,0.0144,4.08,No (reported postion),anchor,2021-07-12 05:00:00
2021-07-12 06:00:00+00:00,11.6725616667,57.5515133333,0.0,219.36,0.624,0.001296,0.0096,0.624,0.0144,4.08,No (reported postion),anchor,2021-07-12 06:00:00
2021-07-12 07:00:00+00:00,11.67273,57.5515416667,0.0,219.36,0.624,0.001296,0.0096,0.624,0.0144,4.08,No (reported postion),anchor,2021-07-12 07:00:00
2021-07-12 08:00:00+00:00,11.6732433333,57.55161,0.1,219.36151868320002,0.624041905022215,0.00129600897252656,0.00960030772442959,0.624020002087923,0.0144007267746517,4.08059826813239,No (reported postion),anchor,2021-07-12 08:00:00
2021-07-12 09:00:00+00:00,11.6738583333,57.5516283333,0.0,219.36,0.624,0.001296,0.0096,0.624,0.0144,4.08,No (reported postion),anchor,2021-07-12 09:00:00
2021-07-12 10:00:00+00:00,11.6753933333,57.5513633333,0.0,219.36,0.624,0.001296,0.0096,0.624,0.0144,4.08,No (reported postion),anchor,2021-07-12 10:00:00
2021-07-12 11:00:00+00:00,11.6756266667,57.551355,0.0,219.36,0.624,0.001296,0.0096,0.624,0.0144,4.08,No (reported postion),anchor,2021-07-12 11:00:00
2021-07-12 12:00:00+00:00,11.67559,57.5513183333,0.0,219.36,0.624,0.001296,0.0096,0.624,0.0144,4.08,No (reported postion),anchor,2021-07-12 12:00:00
2021-07-12 13:00:00+00:00,11.6757083333,57.5511033333,0.0,219.36,0.624,0.001296,0.0096,0.624,0.0144,4.08,No (reported postion),anchor,2021-07-12 13:00:00
2021-07-12 14:00:00+00:00,11.6749333333,57.5495216667,0.0,219.36,0.624,0.001296,0.0096,0.624,0.0144,4.08,No (reported postion),anchor,2021-07-12 14:00:00
2021-07-12 15:00:00+00:00,11.6746366667,57.5491616667,0.0,219.36,0.624,0.001296,0.0096,0.624,0.0144,4.08,No (reported postion),anchor,2021-07-12 15:00:00
2021-07-12 16:00:00+00:00,11.6739433333,57.5492033333,0.0,219.36,0.624,0.001296,0.0096,0.624,0.0144,4.08,No (reported postion),anchor,2021-07-12 16:00:00
2021-07-12 17:00:00+00:00,11.6740216667,57.549155,0.0,219.36,0.624,0.001296,0.0096,0.624,0.0144,4.08,No (reported postion),anchor,2021-07-12 17:00:00
2021-07-12 18:00:00+00:00,11.6739733333,57.549135,0.0,219.36,0.624,0.001296,0.0096,0.624,0.0144,4.08,No (reported postion),anchor,2021-07-12 18:00:00
2021-07-12 19:00:00+00:00,11.6736566667,57.54919,0.0,219.36,0.624,0.001296,0.0096,0.624,0.0144,4.08,No (reported postion),anchor,2021-07-12 19:00:00
2021-07-12 20:00:00+00:00,11.673805,57.5491583333,0.0,219.36,0.624,0.001296,0.0096,0.624,0.0144,4.08,No (reported postion),anchor,2021-07-12 20:00:00
2021-07-12 21:00:00+00:00,11.67213,57.5498216667,0.0,219.36,0.624,0.001296,0.0096,0.624,0.0144,4.08,No (reported postion),anchor,2021-07-12 21:00:00
2021-07-12 22:00:00+00:00,11.6717,57.5502,0.2,219.3721494656,0.624335240177723,0.0012960717802125198,0.00960246179543673,0.624160016703388,0.014405814197214,4.08478614505912,No (reported postion),anchor,2021-07-12 22:00:00
2021-07-12 23:00:00+00:00,11.6717483333,57.5504816667,0.0,219.36,0.624,0.001296,0.0096,0.624,0.0144,4.08,No (reported postion),anchor,2021-07-12 23:00:00
2021-07-13 00:00:00+00:00,11.6719133333,57.5509366667,0.0,219.36,0.624,0.001296,0.0096,0.624,0.0144,4.08,No (reported postion),anchor,2021-07-13 00:00:00
2021-07-13 01:00:00+00:00,11.6720416667,57.550995,0.0,219.36,0.624,0.001296,0.0096,0.624,0.0144,4.08,No (reported postion),anchor,2021-07-13 01:00:00
2021-07-13 02:00:00+00:00,11.6723466667,57.55127,0.0,219.36,0.624,0.001296,0.0096,0.624,0.0144,4.08,No (reported postion),anchor,2021-07-13 02:00:00
2021-07-13 03:00:00+00:00,11.6724966667,57.5513,0.0,219.36,0.624,0.001296,0.0096,0.624,0.0144,4.08,No (reported postion),anchor,2021-07-13 03:00:00
2021-07-13 04:00:00+00:00,11.6724416667,57.5512116667,0.1,219.36151868320002,0.624041905022215,0.00129600897252656,0.00960030772442959,0.624020002087923,0.0144007267746517,4.08059826813239,No (reported postion),anchor,2021-07-13 04:00:00
2021-07-13 05:00:00+00:00,11.6722666667,57.5513916667,0.0,219.36,0.624,0.001296,0.0096,0.624,0.0144,4.08,No (reported postion),anchor,2021-07-13 05:00:00
2021-07-13 06:00:00+00:00,11.67228,57.5513366667,0.0,219.36,0.624,0.001296,0.0096,0.624,0.0144,4.08,No (reported postion),anchor,2021-07-13 06:00:00
2021-07-13 07:00:00+00:00,11.6717383333,57.5505816667,0.0,219.36,0.624,0.001296,0.0096,0.624,0.0144,4.08,No (reported postion),anchor,2021-07-13 07:00:00
2021-07-13 08:00:00+00:00,11.6716216667,57.5508366667,0.0,219.36,0.624,0.001296,0.0096,0.624,0.0144,4.08,No (reported postion),anchor,2021-07-13 08:00:00
2021-07-13 09:00:00+00:00,11.6717783333,57.5507066667,0.0,219.36,0.624,0.001296,0.0096,0.624,0.0144,4.08,No (reported postion),anchor,2021-07-13 09:00:00
2021-07-13 10:00:00+00:00,11.67146,57.55061,0.0,219.36,0.624,0.001296,0.0096,0.624,0.0144,4.08,No (reported postion),anchor,2021-07-13 10:00:00
2021-07-13 11:00:00+00:00,11.6718433333,57.551175,0.0,219.36,0.624,0.001296,0.0096,0.624,0.0144,4.08,No (reported postion),anchor,2021-07-13 11:00:00
2021-07-13 12:00:00+00:00,11.6723316667,57.5514033333,0.0,219.36,0.624,0.001296,0.0096,0.624,0.0144,4.08,No (reported postion),anchor,2021-07-13 12:00:00
2021-07-13 13:00:00+00:00,11.6721216667,57.5513133333,0.0,219.36,0.624,0.001296,0.0096,0.624,0.0144,4.08,No (reported postion),anchor,2021-07-13 13:00:00
2021-07-13 14:00:00+00:00,11.6726,57.5515,0.1,219.36151868320002,0.624041905022215,0.00129600897252656,0.00960030772442959,0.624020002087923,0.0144007267746517,4.08059826813239,No (reported postion),anchor,2021-07-13 14:00:00
2021-07-13 15:00:00+00:00,11.6731033333,57.5514733333,0.0,219.36,0.624,0.001296,0.0096,0.624,0.0144,4.08,No (reported postion),anchor,2021-07-13 15:00:00
2021-07-13 16:00:00+00:00,11.6733416667,57.5514083333,0.0,219.36,0.624,0.001296,0.0096,0.624,0.0144,4.08,No (reported postion),anchor,2021-07-13 16:00:00
2021-07-13 17:00:00+00:00,11.6743116667,57.5513666667,0.0,219.36,0.624,0.001296,0.0096,0.624,0.0144,4.08,No (reported postion),anchor,2021-07-13 17:00:00
2021-07-13 18:00:00+00:00,11.6738716667,57.5513316667,0.0,219.36,0.624,0.001296,0.0096,0.624,0.0144,4.08,No (reported postion),anchor,2021-07-13 18:00:00
2021-07-13 19:00:00+00:00,11.67254,57.5494433333,0.2,219.3721494656,0.624335240177723,0.0012960717802125198,0.00960246179543673,0.624160016703388,0.014405814197214,4.08478614505912,No (reported postion),anchor,2021-07-13 19:00:00
2021-07-13 20:00:00+00:00,11.672065,57.5497516667,0.1,219.36151868320002,0.624041905022215,0.00129600897252656,0.00960030772442959,0.624020002087923,0.0144007267746517,4.08059826813239,No (reported postion),anchor,2021-07-13 20:00:00
2021-07-13 21:00:00+00:00,11.67177,57.5498916667,0.0,219.36,0.624,0.001296,0.0096,0.624,0.0144,4.08,No (reported postion),anchor,2021-07-13 21:00:00
2021-07-13 22:00:00+00:00,11.6710616667,57.5506683333,0.4,219.457195724802,0.626681921421787,0.00129657424170014,0.00961969436349385,0.6252801336271,0.0144465135777117,4.1182891604729805,No (reported postion),anchor,2021-07-13 22:00:00
2021-07-13 23:00:00+00:00,11.6717916667,57.5513166667,0.0,219.36,0.624,0.001296,0.0096,0.624,0.0144,4.08,No (reported postion),anchor,2021-07-13 23:00:00
2021-07-14 00:00:00+00:00,11.6718566667,57.5512783333,0.0,219.36,0.624,0.001296,0.0096,0.624,0.0144,4.08,No (reported postion),anchor,2021-07-14 00:00:00
2021-07-14 01:00:00+00:00,11.6714616667,57.5511766667,0.0,219.36,0.624,0.001296,0.0096,0.624,0.0144,4.08,No (reported postion),anchor,2021-07-14 01:00:00
2021-07-14 02:00:00+00:00,11.6715616667,57.55117,0.0,219.36,0.624,0.001296,0.0096,0.624,0.0144,4.08,No (reported postion),anchor,2021-07-14 02:00:00
2021-07-14 03:00:00+00:00,11.6720616667,57.5514716667,0.0,219.36,0.624,0.001296,0.0096,0.624,0.0144,4.08,No (reported postion),anchor,2021-07-14 03:00:00
2021-07-14 04:00:00+00:00,11.6721416667,57.5514733333,0.0,219.36,0.624,0.001296,0.0096,0.624,0.0144,4.08,No (reported postion),anchor,2021-07-14 04:00:00
2021-07-14 05:00:00+00:00,11.6722433333,57.55156,0.0,219.36,0.624,0.001296,0.0096,0.624,0.0144,4.08,No (reported postion),anchor,2021-07-14 05:00:00
2021-07-14 06:00:00+00:00,11.6722233333,57.5515183333,0.0,219.36,0.624,0.001296,0.0096,0.624,0.0144,4.08,No (reported postion),anchor,2021-07-14 06:00:00
2021-07-14 07:00:00+00:00,11.6724683333,57.5514816667,0.0,219.36,0.624,0.001296,0.0096,0.624,0.0144,4.08,No (reported postion),anchor,2021-07-14 07:00:00
2021-07-14 08:00:00+00:00,11.672915,57.5515516667,0.0,219.36,0.624,0.001296,0.0096,0.624,0.0144,4.08,No (reported postion),anchor,2021-07-14 08:00:00
2021-07-14 09:00:00+00:00,11.673435,57.5515266667,0.0,219.36,0.624,0.001296,0.0096,0.624,0.0144,4.08,No (reported postion),anchor,2021-07-14 09:00:00
2021-07-14 10:00:00+00:00,11.6728483333,57.551405,0.0,219.36,0.624,0.001296,0.0096,0.624,0.0144,4.08,No (reported postion),anchor,2021-07-14 10:00:00
2021-07-14 11:00:00+00:00,11.6723,57.5506,0.1,219.36151868320002,0.624041905022215,0.00129600897252656,0.00960030772442959,0.624020002087923,0.0144007267746517,4.08059826813239,No (reported postion),anchor,2021-07-14 11:00:00
2021-07-14 12:00:00+00:00,11.6499966667,57.58203,9.4,1366.50396701815,3.8872104094608297,0.00807343700426481,0.0598032370686282,3.8872104094608297,0.08970485560294231,25.416375754167,No (reported postion),cruise,2021-07-14 12:00:00
2021-07-14 13:00:00+00:00,11.8507183333,57.6831883333,4.0,202.305724802262,1.6427255783384902,0.00119524170014465,0.0140005493134792,0.910035705376146,0.0266156317049665,15.8931221551778,No (reported postion),cruise,2021-07-14 13:00:00
2021-07-14 14:00:00+00:00,11.8733583333,57.6904633333,0.0,219.36,0.624,0.001296,0.0096,0.624,0.0144,4.08,No (reported postion),anchor,2021-07-14 14:00:00
2021-07-14 15:00:00+00:00,11.8733466667,57.690495,0.0,219.36,0.624,0.001296,0.0096,0.624,0.0144,4.08,No (reported postion),anchor,2021-07-14 15:00:00
2021-07-14 16:00:00+00:00,11.8733566667,57.6904933333,0.0,219.36,0.624,0.001296,0.0096,0.624,0.0144,4.08,No (reported postion),anchor,2021-07-14 16:00:00
2021-07-14 17:00:00+00:00,11.873385,57.6904466667,0.0,219.36,0.624,0.001296,0.0096,0.624,0.0144,4.08,No (reported postion),anchor,2021-07-14 17:00:00
2021-07-14 18:00:00+00:00,11.8734033333,57.6905033333,0.0,219.36,0.624,0.001296,0.0096,0.624,0.0144,4.08,No (reported postion),anchor,2021-07-14 18:00:00
2021-07-14 19:00:00+00:00,11.8733266667,57.690455,0.0,219.36,0.624,0.001296,0.0096,0.624,0.0144,4.08,No (reported postion),anchor,2021-07-14 19:00:00
2021-07-14 20:00:00+00:00,11.873325,57.6904933333,0.0,219.36,0.624,0.001296,0.0096,0.624,0.0144,4.08,No (reported postion),anchor,2021-07-14 20:00:00
2021-07-14 21:00:00+00:00,11.87334,57.690465,0.0,219.36,0.624,0.001296,0.0096,0.624,0.0144,4.08,No (reported postion),anchor,2021-07-14 21:00:00
2021-07-14 22:00:00+00:00,11.8733933333,57.690455,0.0,219.36,0.624,0.001296,0.0096,0.624,0.0144,4.08,No (reported postion),anchor,2021-07-14 22:00:00
2021-07-14 23:00:00+00:00,11.873325,57.690445,0.0,219.36,0.624,0.001296,0.0096,0.624,0.0144,4.08,No (reported postion),anchor,2021-07-14 23:00:00
2021-07-15 00:00:00+00:00,11.8733683333,57.6904633333,0.0,219.36,0.624,0.001296,0.0096,0.624,0.0144,4.08,No (reported postion),anchor,2021-07-15 00:00:00
2021-07-15 01:00:00+00:00,11.8733083333,57.69047,0.0,219.36,0.624,0.001296,0.0096,0.624,0.0144,4.08,No (reported postion),anchor,2021-07-15 01:00:00
2021-07-15 02:00:00+00:00,11.873305,57.690455,0.0,219.36,0.624,0.001296,0.0096,0.624,0.0144,4.08,No (reported postion),anchor,2021-07-15 02:00:00
2021-07-15 03:00:00+00:00,11.8733533333,57.6904616667,0.0,219.36,0.624,0.001296,0.0096,0.624,0.0144,4.08,No (reported postion),anchor,2021-07-15 03:00:00
2021-07-15 04:00:00+00:00,11.8733133333,57.6904566667,0.0,219.36,0.624,0.001296,0.0096,0.624,0.0144,4.08,No (reported postion),anchor,2021-07-15 04:00:00
2021-07-15 05:00:00+00:00,11.87333,57.6904933333,0.0,219.36,0.624,0.001296,0.0096,0.624,0.0144,4.08,No (reported postion),anchor,2021-07-15 05:00:00
2021-07-15 06:00:00+00:00,11.87337,57.6904433333,0.0,219.36,0.624,0.001296,0.0096,0.624,0.0144,4.08,No (reported postion),anchor,2021-07-15 06:00:00
2021-07-15 07:00:00+00:00,11.8733216667,57.690475,0.0,219.36,0.624,0.001296,0.0096,0.624,0.0144,4.08,No (reported postion),anchor,2021-07-15 07:00:00
2021-07-15 08:00:00+00:00,11.8733866667,57.6904883333,0.0,219.36,0.624,0.001296,0.0096,0.624,0.0144,4.08,No (reported postion),anchor,2021-07-15 08:00:00
2021-07-15 09:00:00+00:00,11.873315,57.690465,0.0,219.36,0.624,0.001296,0.0096,0.624,0.0144,4.08,No (reported postion),anchor,2021-07-15 09:00:00
2021-07-15 10:00:00+00:00,11.873345,57.6904816667,0.0,219.36,0.624,0.001296,0.0096,0.624,0.0144,4.08,No (reported postion),anchor,2021-07-15 10:00:00
2021-07-15 11:00:00+00:00,11.8733133333,57.6904866667,0.0,219.36,0.624,0.001296,0.0096,0.624,0.0144,4.08,No (reported postion),anchor,2021-07-15 11:00:00
2021-07-15 12:00:00+00:00,11.87331,57.6904866667,0.0,219.36,0.624,0.001296,0.0096,0.624,0.0144,4.08,No (reported postion),anchor,2021-07-15 12:00:00
2021-07-15 13:00:00+00:00,11.8733516667,57.69046,0.0,219.36,0.624,0.001296,0.0096,0.624,0.0144,4.08,No (reported postion),anchor,2021-07-15 13:00:00
2021-07-15 14:00:00+00:00,11.87336,57.6904566667,0.0,219.36,0.624,0.001296,0.0096,0.624,0.0144,4.08,No (reported postion),anchor,2021-07-15 14:00:00
2021-07-15 15:00:00+00:00,11.8732666667,57.690445,0.0,219.36,0.624,0.001296,0.0096,0.624,0.0144,4.08,No (reported postion),anchor,2021-07-15 15:00:00
2021-07-15 16:00:00+00:00,11.8733716667,57.6904833333,0.0,219.36,0.624,0.001296,0.0096,0.624,0.0144,4.08,No (reported postion),anchor,2021-07-15 16:00:00
2021-07-15 17:00:00+00:00,11.87334,57.6904816667,0.0,219.36,0.624,0.001296,0.0096,0.624,0.0144,4.08,No (reported postion),anchor,2021-07-15 17:00:00
2021-07-15 18:00:00+00:00,11.8733833333,57.6904766667,0.0,219.36,0.624,0.001296,0.0096,0.624,0.0144,4.08,No (reported postion),anchor,2021-07-15 18:00:00
2021-07-15 19:00:00+00:00,11.7145233333,57.6512883333,11.7,2537.4527560581996,7.21813694283516,0.0149915151889653,0.111048260659002,7.21813694283516,0.166572390988504,47.195510780076,No (reported postion),cruise,2021-07-15 19:00:00
2021-07-15 20:00:00+00:00,11.584365,57.4689833333,12.9,2725.091,7.7519,0.016100100000000003,0.11926,7.7519,0.17889,50.6855,No (reported postion),cruise,2021-07-15 20:00:00
2021-07-15 21:00:00+00:00,11.575615,57.25456,13.2,2725.091,7.7519,0.016100100000000003,0.11926,7.7519,0.17889,50.6855,No (reported postion),cruise,2021-07-15 21:00:00
2021-07-15 22:00:00+00:00,11.668155,57.0431816667,13.3,2725.091,7.7519,0.016100100000000003,0.11926,7.7519,0.17889,50.6855,No (reported postion),cruise,2021-07-15 22:00:00
2021-07-15 23:00:00+00:00,11.815465,56.8314833333,13.5,2725.091,7.7519,0.016100100000000003,0.11926,7.7519,0.17889,50.6855,No (reported postion),cruise,2021-07-15 23:00:00
2021-07-16 00:00:00+00:00,11.7558433333,56.633935,12.7,2725.091,7.7519,0.016100100000000003,0.11926,7.7519,0.17889,50.6855,No (reported postion),cruise,2021-07-16 00:00:00
2021-07-16 01:00:00+00:00,11.54228,56.450975,13.2,2725.091,7.7519,0.016100100000000003,0.11926,7.7519,0.17889,50.6855,No (reported postion),cruise,2021-07-16 01:00:00
2021-07-16 02:00:00+00:00,11.3382966667,56.2636183333,13.0,2725.091,7.7519,0.016100100000000003,0.11926,7.7519,0.17889,50.6855,No (reported postion),cruise,2021-07-16 02:00:00
2021-07-16 03:00:00+00:00,11.1201333333,56.0899116667,12.9,2725.091,7.7519,0.016100100000000003,0.11926,7.7519,0.17889,50.6855,No (reported postion),cruise,2021-07-16 03:00:00
2021-07-16 04:00:00+00:00,10.9284,55.9091933333,12.4,2725.091,7.7519,0.016100100000000003,0.11926,7.7519,0.17889,50.6855,No (reported postion),cruise,2021-07-16 04:00:00
2021-07-16 05:00:00+00:00,10.7851,55.7223416667,13.2,2725.091,7.7519,0.016100100000000003,0.11926,7.7519,0.17889,50.6855,No (reported postion),cruise,2021-07-16 05:00:00
2021-07-16 06:00:00+00:00,10.8600783333,55.5208166667,12.8,2725.091,7.7519,0.016100100000000003,0.11926,7.7519,0.17889,50.6855,No (reported postion),cruise,2021-07-16 06:00:00
2021-07-16 07:00:00+00:00,11.0306133333,55.33556,13.1,2725.091,7.7519,0.016100100000000003,0.11926,7.7519,0.17889,50.6855,No (reported postion),cruise,2021-07-16 07:00:00
2021-07-16 08:00:00+00:00,11.0451083333,55.136665,12.6,2725.091,7.7519,0.016100100000000003,0.11926,7.7519,0.17889,50.6855,No (reported postion),cruise,2021-07-16 08:00:00
2021-07-16 09:00:00+00:00,10.9296083333,54.9372116667,13.5,2725.091,7.7519,0.016100100000000003,0.11926,7.7519,0.17889,50.6855,No (reported postion),cruise,2021-07-16 09:00:00
2021-07-16 10:00:00+00:00,10.8574316667,54.73589,11.4,2355.10598291316,6.6994262095998005,0.013914192896861102,0.10306809553230499,6.6994262095998005,0.154602143298457,43.8039406012295,No (reported postion),cruise,2021-07-16 10:00:00
2021-07-16 11:00:00+00:00,11.0847983333,54.6119166667,11.1,2182.10822354754,6.207310045102401,0.012892105478289602,0.09549707761696,6.207310045102401,0.14324561642544,40.586257987208,No (reported postion),cruise,2021-07-16 11:00:00
2021-07-16 12:00:00+00:00,11.37486,54.5255783333,11.4,2355.10598291316,6.6994262095998005,0.013914192896861102,0.10306809553230499,6.6994262095998005,0.154602143298457,43.8039406012295,No (reported postion),cruise,2021-07-16 12:00:00
2021-07-16 13:00:00+00:00,11.6705583333,54.438035,11.7,2648.01379042449,7.53264316750948,0.0156447204248274,0.115886817961684,7.53264316750948,0.173830226942526,49.2518976337158,No (reported postion),cruise,2021-07-16 13:00:00
2021-07-16 14:00:00+00:00,11.9994366667,54.40742,12.0,2725.091,7.7519,0.016100100000000003,0.11926,7.7519,0.17889,50.6855,No (reported postion),cruise,2021-07-16 14:00:00
2021-07-16 15:00:00+00:00,12.2639433333,54.4873066667,11.6,2583.36682912065,7.348745903406679,0.0152627799532293,0.11305762928318,7.348745903406679,0.169586443924769,48.0494924453513,No (reported postion),cruise,2021-07-16 15:00:00
2021-07-16 16:00:00+00:00,12.4506,54.6325266667,11.3,2396.0181347941902,6.81580651035545,0.014155905829199799,0.10485856169777599,6.81580651035545,0.157287842546664,44.564888721554894,No (reported postion),cruise,2021-07-16 16:00:00
2021-07-16 17:00:00+00:00,12.7247183333,54.7369066667,11.0,2218.3576728491803,6.31042664049,0.0131062707148639,0.09708348677676931,6.31042664049,0.145625230165154,41.260481880127,No (reported postion),cruise,2021-07-16 17:00:00
2021-07-16 18:00:00+00:00,13.0262983333,54.8044516667,11.6,2583.36682912065,7.348745903406679,0.0152627799532293,0.11305762928318,7.348745903406679,0.169586443924769,48.0494924453513,No (reported postion),cruise,2021-07-16 18:00:00
2021-07-16 19:00:00+00:00,13.3397466667,54.8670516667,11.5,2519.82491693801,7.16799210507531,0.014887368218233301,0.11027680161654299,7.16799210507531,0.165415202424815,46.8676406870309,No (reported postion),cruise,2021-07-16 19:00:00
2021-07-16 20:00:00+00:00,13.6563233333,54.9275283333,11.2,2335.7342122619502,6.64432051628125,0.013799742610738,0.102220315635096,6.64432051628125,0.15333047345264397,43.4436341449158,No (reported postion),cruise,2021-07-16 20:00:00
2021-07-16 21:00:00+00:00,13.9644166667,54.9910416667,11.3,2396.0181347941902,6.81580651035545,0.014155905829199799,0.10485856169777599,6.81580651035545,0.157287842546664,44.564888721554894,No (reported postion),cruise,2021-07-16 21:00:00
2021-07-16 22:00:00+00:00,14.219245,55.1018116667,11.4,2457.37852759103,6.99035467367252,0.0145184289376275,0.1075439180565,6.99035467367252,0.16131587708475,45.706165174012604,No (reported postion),cruise,2021-07-16 22:00:00
2021-07-16 23:00:00+00:00,14.4271816667,55.2485783333,11.2,2335.7342122619502,6.64432051628125,0.013799742610738,0.102220315635096,6.64432051628125,0.15333047345264397,43.4436341449158,No (reported postion),cruise,2021-07-16 23:00:00
2021-07-17 00:00:00+00:00,14.6476833333,55.3888083333,11.5,2519.82491693801,7.16799210507531,0.014887368218233301,0.11027680161654299,7.16799210507531,0.165415202424815,46.8676406870309,No (reported postion),cruise,2021-07-17 00:00:00
2021-07-17 01:00:00+00:00,14.9421683333,55.4810883333,11.6,2583.36682912065,7.348745903406679,0.0152627799532293,0.11305762928318,7.348745903406679,0.169586443924769,48.0494924453513,No (reported postion),cruise,2021-07-17 01:00:00
2021-07-17 02:00:00+00:00,15.2423483333,55.5714316667,11.4,2457.37852759103,6.99035467367252,0.0145184289376275,0.1075439180565,6.99035467367252,0.16131587708475,45.706165174012604,No (reported postion),cruise,2021-07-17 02:00:00
2021-07-17 03:00:00+00:00,15.536,55.66508,11.4,2457.37852759103,6.99035467367252,0.0145184289376275,0.1075439180565,6.99035467367252,0.16131587708475,45.706165174012604,No (reported postion),cruise,2021-07-17 03:00:00
2021-07-17 04:00:00+00:00,15.8343383333,55.7549283333,11.5,2519.82491693801,7.16799210507531,0.014887368218233301,0.11027680161654299,7.16799210507531,0.165415202424815,46.8676406870309,No (reported postion),cruise,2021-07-17 04:00:00
2021-07-17 05:00:00+00:00,16.134285,55.8463166667,11.4,2457.37852759103,6.99035467367252,0.0145184289376275,0.1075439180565,6.99035467367252,0.16131587708475,45.706165174012604,No (reported postion),cruise,2021-07-17 05:00:00
2021-07-17 06:00:00+00:00,16.4250616667,55.93509,11.0,2218.3576728491803,6.31042664049,0.0131062707148639,0.09708348677676931,6.31042664049,0.145625230165154,41.260481880127,No (reported postion),cruise,2021-07-17 06:00:00
2021-07-17 07:00:00+00:00,16.7062583333,56.0301733333,11.1,2276.51723370879,6.475869592607051,0.013449883000030001,0.09962876296318539,6.475869592607051,0.149443144444778,42.342224259353806,No (reported postion),cruise,2021-07-17 07:00:00
2021-07-17 08:00:00+00:00,16.97525,56.1419733333,11.2,2335.7342122619502,6.64432051628125,0.013799742610738,0.102220315635096,6.64432051628125,0.15333047345264397,43.4436341449158,No (reported postion),cruise,2021-07-17 08:00:00
2021-07-17 09:00:00+00:00,17.24474,56.259885,11.4,2457.37852759103,6.99035467367252,0.0145184289376275,0.1075439180565,6.99035467367252,0.16131587708475,45.706165174012604,No (reported postion),cruise,2021-07-17 09:00:00
2021-07-17 10:00:00+00:00,17.5167266667,56.3808333333,11.7,2648.01379042449,7.53264316750948,0.0156447204248274,0.115886817961684,7.53264316750948,0.173830226942526,49.2518976337158,No (reported postion),cruise,2021-07-17 10:00:00
2021-07-17 11:00:00+00:00,17.7943,56.5015083333,11.9,2725.091,7.7519,0.016100100000000003,0.11926,7.7519,0.17889,50.6855,No (reported postion),cruise,2021-07-17 11:00:00
2021-07-17 12:00:00+00:00,18.08287,56.623425,11.9,2725.091,7.7519,0.016100100000000003,0.11926,7.7519,0.17889,50.6855,No (reported postion),cruise,2021-07-17 12:00:00
2021-07-17 13:00:00+00:00,18.370475,56.744105,12.0,2725.091,7.7519,0.016100100000000003,0.11926,7.7519,0.17889,50.6855,No (reported postion),cruise,2021-07-17 13:00:00
2021-07-17 14:00:00+00:00,18.6366566667,56.8811183333,12.0,2725.091,7.7519,0.016100100000000003,0.11926,7.7519,0.17889,50.6855,No (reported postion),cruise,2021-07-17 14:00:00
2021-07-17 15:00:00+00:00,18.904635,57.0703166667,11.7,2648.01379042449,7.53264316750948,0.0156447204248274,0.115886817961684,7.53264316750948,0.173830226942526,49.2518976337158,No (reported postion),cruise,2021-07-17 15:00:00
2021-07-17 16:00:00+00:00,19.0726716667,57.1954216667,11.7,2648.01379042449,7.53264316750948,0.0156447204248274,0.115886817961684,7.53264316750948,0.173830226942526,49.2518976337158,No (reported postion),cruise,2021-07-17 16:00:00
2021-07-17 17:00:00+00:00,19.2882716667,57.3508683333,11.8,2713.77532713504,7.71971099622658,0.0160332459152398,0.11876478455733201,7.71971099622658,0.178147176835998,50.4750334368661,No (reported postion),cruise,2021-07-17 17:00:00
2021-07-17 18:00:00+00:00,19.514265,57.51266,11.7,2648.01379042449,7.53264316750948,0.0156447204248274,0.115886817961684,7.53264316750948,0.173830226942526,49.2518976337158,No (reported postion),cruise,2021-07-17 18:00:00
2021-07-17 19:00:00+00:00,19.74002,57.67265,11.9,2725.091,7.7519,0.016100100000000003,0.11926,7.7519,0.17889,50.6855,No (reported postion),cruise,2021-07-17 19:00:00
2021-07-17 20:00:00+00:00,19.9506466667,57.8212433333,11.9,2725.091,7.7519,0.016100100000000003,0.11926,7.7519,0.17889,50.6855,No (reported postion),cruise,2021-07-17 20:00:00
2021-07-17 21:00:00+00:00,20.20015,57.99585,12.0,2725.091,7.7519,0.016100100000000003,0.11926,7.7519,0.17889,50.6855,No (reported postion),cruise,2021-07-17 21:00:00
2021-07-17 22:00:00+00:00,20.4162933333,58.1508683333,12.2,2725.091,7.7519,0.016100100000000003,0.11926,7.7519,0.17889,50.6855,No (reported postion),cruise,2021-07-17 22:00:00
2021-07-17 23:00:00+00:00,20.771285,58.40709,12.3,2725.091,7.7519,0.016100100000000003,0.11926,7.7519,0.17889,50.6855,No (reported postion),cruise,2021-07-17 23:00:00
2021-07-18 00:00:00+00:00,21.03574583335,58.58422666665,12.2,2725.091,7.7519,0.016100100000000003,0.11926,7.7519,0.17889,50.6855,Linear (small gap),cruise,2021-07-18 00:00:00
2021-07-18 01:00:00+00:00,21.3002066667,58.7613633333,12.1,2725.091,7.7519,0.016100100000000003,0.11926,7.7519,0.17889,50.6855,No (reported postion),cruise,2021-07-18 01:00:00
2021-07-18 02:00:00+00:00,21.34924,58.7969316667,12.0,2725.091,7.7519,0.016100100000000003,0.11926,7.7519,0.17889,50.6855,No (reported postion),cruise,2021-07-18 02:00:00
2021-07-18 03:00:00+00:00,21.5753683333,58.9584,11.7,2648.01379042449,7.53264316750948,0.0156447204248274,0.115886817961684,7.53264316750948,0.173830226942526,49.2518976337158,No (reported postion),cruise,2021-07-18 03:00:00
2021-07-18 04:00:00+00:00,21.811305,59.1147716667,11.9,2725.091,7.7519,0.016100100000000003,0.11926,7.7519,0.17889,50.6855,No (reported postion),cruise,2021-07-18 04:00:00
2021-07-18 05:00:00+00:00,22.304405,59.3121216667,12.1,2725.091,7.7519,0.016100100000000003,0.11926,7.7519,0.17889,50.6855,No (reported postion),cruise,2021-07-18 05:00:00
2021-07-18 06:00:00+00:00,22.4408783333,59.364575,12.1,2725.091,7.7519,0.016100100000000003,0.11926,7.7519,0.17889,50.6855,No (reported postion),cruise,2021-07-18 06:00:00
2021-07-18 07:00:00+00:00,22.7319666667,59.460585,9.3,1382.1990746731399,3.93185732401549,0.00816616521141679,0.0604901126771614,3.93185732401549,0.0907351690157421,25.7082978877936,No (reported postion),cruise,2021-07-18 07:00:00
2021-07-18 08:00:00+00:00,23.2229816667,59.5366866667,9.0,1262.55369159057,3.59150940715042,0.00745928876869703,0.0552539908792373,3.59150940715042,0.0828809863188559,23.4829461236758,No (reported postion),cruise,2021-07-18 08:00:00
2021-07-18 09:00:00+00:00,23.5348725,59.5864,8.75,2589.63412406204,7.366574094706021,0.0152998077351587,0.11333190914932299,7.366574094706021,0.169997863723985,48.1660613884624,Linear (small gap),cruise,2021-07-18 09:00:00
2021-07-18 10:00:00+00:00,23.8467633333,59.6361133333,8.5,1080.16501659542,3.07267947828018,0.0063817189164280695,0.047271991973541296,3.07267947828018,0.0709079879603119,20.090596588755,No (reported postion),cruise,2021-07-18 10:00:00
2021-07-18 11:00:00+00:00,23.9612933333,59.7106133333,8.1,948.886451169527,2.69923935781266,0.0056061125123801295,0.041526759350964,2.69923935781266,0.0622901390264459,17.648872724159702,No (reported postion),cruise,2021-07-18 11:00:00
2021-07-18 12:00:00+00:00,24.0100633333,59.748765,7.9,887.915048365053,2.52579773057893,0.00524588759427931,0.0388584266242912,2.52579773057893,0.0582876399364368,16.5148313153238,No (reported postion),cruise,2021-07-18 12:00:00
2021-07-18 13:00:00+00:00,24.1837733333,59.8856633333,12.3,2725.091,7.7519,0.016100100000000003,0.11926,7.7519,0.17889,50.6855,No (reported postion),cruise,2021-07-18 13:00:00
2021-07-18 14:00:00+00:00,23.9798966667,60.0035283333,5.4,344.24793141036497,1.7819691413938201,0.0020338499229934103,0.0178912548311231,1.162931564023,0.0301335320670027,13.163609389081001,No (reported postion),cruise,2021-07-18 14:00:00
2021-07-18 15:00:00+00:00,23.9792967677091,60.0037547474424,5.188,600.4618690012411,1.7785520813713198,0.00354758653458063,0.026495202962418102,1.72218819255718,0.040067980725247206,11.628994378197099,Linear (small gap),cruise,2021-07-18 15:00:00
2021-07-18 16:00:00+00:00,23.9786968687182,60.0039811615848,4.976,542.184046464448,1.7536818920622,0.00320327554803941,0.0243018060331896,1.57961739215732,0.0373134675657975,11.5476754617908,Linear (small gap),cruise,2021-07-18 16:00:00
2021-07-18 17:00:00+00:00,23.9780969697273,60.0042075757273,4.764,488.666336764521,1.73922466933899,0.0028870877664424702,0.022392985425400098,1.45554405265101,0.0348484157861237,11.6572128074351,Linear (small gap),cruise,2021-07-18 17:00:00
2021-07-18 18:00:00+00:00,23.9774970707364,60.0044339898697,4.552,439.705937666448,1.7457430477656501,0.00259782501465954,0.0208538945649785,1.3555031467235998,0.0330380196382762,11.9123408145814,Linear (small gap),cruise,2021-07-18 18:00:00
2021-07-18 19:00:00+00:00,23.9768971717455,60.0046604040121,4.34,395.10004693522,1.77560139872704,0.00233428911756038,0.019448505685523303,1.26415286955901,0.031647509475872096,12.5266284068726,Linear (small gap),cruise,2021-07-18 19:00:00
2021-07-18 20:00:00+00:00,23.9762972727545,60.0048868181545,4.128,354.645862335823,1.69738368368062,0.00209528190001471,0.0179231401334663,1.16500410867531,0.029505655800225503,12.0729420767676,Linear (small gap),cruise,2021-07-18 20:00:00
2021-07-18 21:00:00+00:00,23.9756973737636,60.005113232297,3.916,318.14058163324705,1.78368797046366,0.00187960518689227,0.0171860518689227,1.11709337147998,0.0294150483432951,13.6437129856754,Linear (small gap),cruise,2021-07-18 21:00:00
2021-07-18 22:00:00+00:00,23.9750974747727,60.0053396464394,3.704,285.381402592481,1.7348597493142899,0.0016860608030628,0.0160395419588227,1.0425702273234698,0.028082875972026803,13.7574515657922,Linear (small gap),cruise,2021-07-18 22:00:00
2021-07-18 23:00:00+00:00,23.9744975757818,60.0055660605818,3.492,256.165522978514,1.69981686298237,0.00151345057339604,0.0151771919809901,0.986517478764355,0.0271288796636435,14.1766147967846,Linear (small gap),cruise,2021-07-18 23:00:00
2021-07-19 00:00:00+00:00,23.9738976767909,60.0057924747242,3.28,230.29014055633502,1.68775998385256,0.00136057632276172,0.014625367930769899,0.9506489155000459,0.026950735861539902,15.0167396114417,Linear (small gap),cruise,2021-07-19 00:00:00
2021-07-19 01:00:00+00:00,23.9732977778,60.0060188888667,3.068,207.55245309093198,1.71526130990921,0.00122623987602958,0.014508000933521201,0.943020060678879,0.0276799024103488,16.6455167687401,Linear (small gap),cruise,2021-07-19 01:00:00
2021-07-19 02:00:00+00:00,23.9726978788091,60.0062453030091,2.856,254.738694089004,1.6002042285828,0.0015050207309416,0.0167686369204415,1.0899613998287,0.0313306792062695,18.0170378486726,Linear (small gap),anchor,2021-07-19 02:00:00
2021-07-19 03:00:00+00:00,23.9720979798182,60.0064717171515,2.644,247.430590015654,1.39855172887832,0.00146184374845134,0.0152878263357757,0.993708711825424,0.0278333436245589,15.1380926050724,Linear (small gap),anchor,2021-07-19 03:00:00
2021-07-19 04:00:00+00:00,23.9714980808273,60.0066981312939,2.432,241.205294331288,1.22677715868172,0.0014250641021760998,0.0140264206894471,0.911717344814059,0.0248541922762643,12.6857075239866,Linear (small gap),anchor,2021-07-19 04:00:00
2021-07-19 05:00:00+00:00,23.9708981818364,60.0069245454364,2.22,235.97598578838,1.08248485949995,0.00139416884382632,0.0129668277549322,0.842843804070593,0.022351676349931703,10.6256803533525,Linear (small gap),anchor,2021-07-19 05:00:00
2021-07-19 06:00:00+00:00,23.9702982828455,60.0071509595788,2.008,231.655843139401,0.9632791728399199,0.00136864502511243,0.0120914553057079,0.785944594871013,0.0202842470341071,8.92380884110791,Linear (small gap),anchor,2021-07-19 06:00:00
2021-07-19 07:00:00+00:00,23.9696983838545,60.0073773737212,1.796,228.158045136822,0.866764440208576,0.0013479796977448999,0.011382711115250901,0.73987622249131,0.0186103555173367,7.54589073519032,Linear (small gap),anchor,2021-07-19 07:00:00
2021-07-19 08:00:00+00:00,23.9690984848636,60.0076037878636,1.584,225.395770533114,0.7905450031128459,0.00133165991343415,0.010823002957038,0.7034951922074719,0.0172884529881665,6.45772378353732,Linear (small gap),anchor,2021-07-19 08:00:00
2021-07-19 09:00:00+00:00,23.9684985858727,60.0078302020061,1.372,223.282198080751,0.732225203059662,0.00131917272389065,0.010394738604545999,0.675658009295488,0.0162769906351426,5.62510573408651,Linear (small gap),anchor,2021-07-19 09:00:00
2021-07-19 10:00:00+00:00,23.9678986868818,60.0080566161485,1.16,221.730506532202,0.689409381555956,0.00131000518082483,0.0100803258312515,0.655221179031348,0.0155344196468111,5.01383433477547,Linear (small gap),anchor,2021-07-19 10:00:00
2021-07-19 11:00:00+00:00,23.9672987878909,60.0082830302909,0.948,220.653874639941,0.65970188010866,0.00130364433594714,0.0098621724106314,0.641041206691041,0.015019191211718,4.5897073335418,Linear (small gap),anchor,2021-07-19 11:00:00
2021-07-19 12:00:00+00:00,23.9666988889,60.0085094444333,0.736,219.96548115643898,0.640707040224706,0.00129957724096802,0.00972268611616239,0.6319745975505551,0.0146897565184095,4.31852247832306,Linear (small gap),anchor,2021-07-19 12:00:00
2021-07-19 13:00:00+00:00,23.9660989899091,60.0087358585758,0.524,219.578504834166,0.630029203411026,0.00129729094759792,0.009644274721321249,0.6268778568858809,0.014504566755431499,4.16607751705686,Linear (small gap),anchor,2021-07-19 13:00:00
2021-07-19 14:00:00+00:00,23.9654990909182,60.0089622727182,0.311999999999999,219.406124425596,0.625272711174552,0.00129627250754729,0.009609345999584731,0.624607489973008,0.014422073111330199,4.09817019768077,Linear (small gap),anchor,2021-07-19 14:00:00
2021-07-19 23:00:00+00:00,23.9601,60.011,0.1,219.36151868320002,0.624041905022215,0.00129600897252656,0.00960030772442959,0.624020002087923,0.0144007267746517,4.08059826813239,No (reported postion),anchor,2021-07-19 23:00:00
2021-07-20 00:00:00+00:00,24.1941866667,59.8980083333,10.6,1996.1030806357198,5.67819257073617,0.011793169185375102,0.0873568087805564,5.67819257073617,0.131035213170835,37.1266437317365,No (reported postion),cruise,2021-07-20 00:00:00
2021-07-20 01:00:00+00:00,23.9881,59.7523616667,10.1,1740.9335842105,4.95232748243688,0.0102856032327535,0.07618965357595209,4.95232748243688,0.11428448036392799,32.3806027697796,No (reported postion),cruise,2021-07-20 01:00:00
2021-07-20 02:00:00+00:00,23.6797,59.7,10.0,1692.8242545824,4.81547380953419,0.0100013686813402,0.0740842124543722,4.81547380953419,0.111126318681558,31.4857902931082,No (reported postion),cruise,2021-07-20 02:00:00
2021-07-20 03:00:00+00:00,23.3686066667,59.654165,9.8,1599.45395469892,4.5498690177431,0.009449727959927991,0.0699979848883554,4.5498690177431,0.104996977332533,29.749143577551102,No (reported postion),cruise,2021-07-20 03:00:00
2021-07-20 04:00:00+00:00,23.0504366667,59.6073066667,10.2,1790.00506867688,5.091918138468159,0.0105755222875877,0.0783372021302793,5.091918138468159,0.117505803195419,33.2933109053687,No (reported postion),cruise,2021-07-20 04:00:00
2021-07-20 05:00:00+00:00,22.7138,59.5482,10.1,1740.9335842105,4.95232748243688,0.0102856032327535,0.07618965357595209,4.95232748243688,0.11428448036392799,32.3806027697796,No (reported postion),cruise,2021-07-20 05:00:00
2021-07-20 06:00:00+00:00,22.4421,59.4623,10.3,1840.04823426707,5.23427287647087,0.0108711821280549,0.0805272750226287,5.23427287647087,0.120790912533943,34.2240918846172,No (reported postion),cruise,2021-07-20 06:00:00
2021-07-20 07:00:00+00:00,22.1694,59.3596,10.4,1891.07260726658,5.3794187952878705,0.0111726390363671,0.08276028915827491,5.3794187952878705,0.124140433737412,35.173122892266804,No (reported postion),cruise,2021-07-20 07:00:00
2021-07-20 08:00:00+00:00,21.904,59.2502,10.6,1996.1030806357198,5.67819257073617,0.011793169185375102,0.0873568087805564,5.67819257073617,0.131035213170835,37.1266437317365,No (reported postion),cruise,2021-07-20 08:00:00
2021-07-20 09:00:00+00:00,21.6316,59.1338,10.4,1891.07260726658,5.3794187952878705,0.0111726390363671,0.08276028915827491,5.3794187952878705,0.124140433737412,35.173122892266804,No (reported postion),cruise,2021-07-20 09:00:00
2021-07-20 10:00:00+00:00,21.4367,59.0059,9.8,1599.45395469892,4.5498690177431,0.009449727959927991,0.0699979848883554,4.5498690177431,0.104996977332533,29.749143577551102,No (reported postion),cruise,2021-07-20 10:00:00
2021-07-20 11:00:00+00:00,21.2197166666714,58.8523045238143,10.0428571428571,2725.091,7.7519,0.016100100000000003,0.11926,7.7519,0.17889,50.6855,Linear (small gap),cruise,2021-07-20 11:00:00
2021-07-20 12:00:00+00:00,21.0027333333429,58.6987090476286,10.2857142857143,2725.091,7.7519,0.016100100000000003,0.11926,7.7519,0.17889,50.6855,Linear (small gap),cruise,2021-07-20 12:00:00
2021-07-20 13:00:00+00:00,20.7857500000143,58.5451135714429,10.5285714285714,2725.091,7.7519,0.016100100000000003,0.11926,7.7519,0.17889,50.6855,Linear (small gap),cruise,2021-07-20 13:00:00
2021-07-20 14:00:00+00:00,20.5687666666857,58.3915180952571,10.7714285714286,2725.091,7.7519,0.016100100000000003,0.11926,7.7519,0.17889,50.6855,Linear (small gap),cruise,2021-07-20 14:00:00
2021-07-20 15:00:00+00:00,20.3517833333571,58.2379226190714,11.0142857142857,2725.091,7.7519,0.016100100000000003,0.11926,7.7519,0.17889,50.6855,Linear (small gap),cruise,2021-07-20 15:00:00
2021-07-20 16:00:00+00:00,20.1348000000286,58.0843271428857,11.2571428571429,2725.091,7.7519,0.016100100000000003,0.11926,7.7519,0.17889,50.6855,Linear (small gap),cruise,2021-07-20 16:00:00
2021-07-20 17:00:00+00:00,19.9178166667,57.9307316667,11.5,2519.82491693801,7.16799210507531,0.014887368218233301,0.11027680161654299,7.16799210507531,0.165415202424815,46.8676406870309,No (reported postion),cruise,2021-07-20 17:00:00
2021-07-20 18:00:00+00:00,19.8287416667,57.8642633333,11.7,2648.01379042449,7.53264316750948,0.0156447204248274,0.115886817961684,7.53264316750948,0.173830226942526,49.2518976337158,No (reported postion),cruise,2021-07-20 18:00:00
2021-07-20 19:00:00+00:00,19.691785,57.7626833333,11.8,2713.77532713504,7.71971099622658,0.0160332459152398,0.11876478455733201,7.71971099622658,0.178147176835998,50.4750334368661,No (reported postion),cruise,2021-07-20 19:00:00
2021-07-20 20:00:00+00:00,19.4961333333,57.6074766667,11.9,2725.091,7.7519,0.016100100000000003,0.11926,7.7519,0.17889,50.6855,No (reported postion),cruise,2021-07-20 20:00:00
2021-07-20 21:00:00+00:00,19.2899816667,57.4485883333,11.2,2335.7342122619502,6.64432051628125,0.013799742610738,0.102220315635096,6.64432051628125,0.15333047345264397,43.4436341449158,No (reported postion),cruise,2021-07-20 21:00:00
2021-07-20 22:00:00+00:00,19.07658,57.3008383333,11.2,2335.7342122619502,6.64432051628125,0.013799742610738,0.102220315635096,6.64432051628125,0.15333047345264397,43.4436341449158,No (reported postion),cruise,2021-07-20 22:00:00
2021-07-20 23:00:00+00:00,18.87668,57.1585083333,11.3,2396.0181347941902,6.81580651035545,0.014155905829199799,0.10485856169777599,6.81580651035545,0.157287842546664,44.564888721554894,No (reported postion),cruise,2021-07-20 23:00:00
2021-07-21 00:00:00+00:00,18.6427,56.9881516667,11.1,2276.51723370879,6.475869592607051,0.013449883000030001,0.09962876296318539,6.475869592607051,0.149443144444778,42.342224259353806,No (reported postion),cruise,2021-07-21 00:00:00
2021-07-21 01:00:00+00:00,18.4349416667,56.8701333333,11.1,2276.51723370879,6.475869592607051,0.013449883000030001,0.09962876296318539,6.475869592607051,0.149443144444778,42.342224259353806,No (reported postion),cruise,2021-07-21 01:00:00
2021-07-21 02:00:00+00:00,18.1667683333,56.758945,11.0,2218.3576728491803,6.31042664049,0.0131062707148639,0.09708348677676931,6.31042664049,0.145625230165154,41.260481880127,No (reported postion),cruise,2021-07-21 02:00:00
2021-07-21 03:00:00+00:00,17.874825,56.63839,10.4,1891.07260726658,5.3794187952878705,0.0111726390363671,0.08276028915827491,5.3794187952878705,0.124140433737412,35.173122892266804,No (reported postion),cruise,2021-07-21 03:00:00
2021-07-21 04:00:00+00:00,17.6572766667,56.5456066667,10.3,1840.04823426707,5.23427287647087,0.0108711821280549,0.0805272750226287,5.23427287647087,0.120790912533943,34.2240918846172,No (reported postion),cruise,2021-07-21 04:00:00
2021-07-21 05:00:00+00:00,17.37053,56.413065,10.2,1790.00506867688,5.091918138468159,0.0105755222875877,0.0783372021302793,5.091918138468159,0.117505803195419,33.2933109053687,No (reported postion),cruise,2021-07-21 05:00:00
2021-07-21 06:00:00+00:00,17.15559416665,56.31995666665,10.35,2725.091,7.7519,0.016100100000000003,0.11926,7.7519,0.17889,50.6855,Linear (small gap),cruise,2021-07-21 06:00:00
2021-07-21 07:00:00+00:00,16.9406583333,56.2268483333,10.5,1943.08771396095,5.5273829937620205,0.011479949294736499,0.0850366614424925,5.5273829937620205,0.127554992163739,36.1405811130593,No (reported postion),cruise,2021-07-21 07:00:00
2021-07-21 08:00:00+00:00,16.656575,56.1077316667,10.7,2050.12823357639,5.8318746250531905,0.0121123549904951,0.0897211480777414,5.8318746250531905,0.134581722116612,38.1314879330401,No (reported postion),cruise,2021-07-21 08:00:00
2021-07-21 09:00:00+00:00,16.4216366667,56.027215,10.6,1996.1030806357198,5.67819257073617,0.011793169185375102,0.0873568087805564,5.67819257073617,0.131035213170835,37.1266437317365,No (reported postion),cruise,2021-07-21 09:00:00
2021-07-21 10:00:00+00:00,16.1577833333,55.9395483333,10.2,1790.00506867688,5.091918138468159,0.0105755222875877,0.0783372021302793,5.091918138468159,0.117505803195419,33.2933109053687,No (reported postion),cruise,2021-07-21 10:00:00
2021-07-21 11:00:00+00:00,15.89636,55.8562766667,9.9,1645.6675535070501,4.68133002091722,0.00972276235113576,0.0720204618602648,4.68133002091722,0.108030692790397,30.6086962906126,No (reported postion),cruise,2021-07-21 11:00:00
2021-07-21 12:00:00+00:00,15.64237,55.7724183333,9.9,1645.6675535070501,4.68133002091722,0.00972276235113576,0.0720204618602648,4.68133002091722,0.108030692790397,30.6086962906126,No (reported postion),cruise,2021-07-21 12:00:00
2021-07-21 13:00:00+00:00,15.39409,55.6871233333,9.7,1554.1739318724901,4.4210637011689995,0.00918220922550484,0.06801636463336919,4.4210637011689995,0.102024546950054,28.9069549691819,No (reported postion),cruise,2021-07-21 13:00:00
2021-07-21 14:00:00+00:00,15.1558216667,55.603675,9.3,1382.1990746731399,3.93185732401549,0.00816616521141679,0.0604901126771614,3.93185732401549,0.0907351690157421,25.7082978877936,No (reported postion),cruise,2021-07-21 14:00:00
2021-07-21 15:00:00+00:00,14.90161,55.5521183333,9.0,1262.55369159057,3.59150940715042,0.00745928876869703,0.0552539908792373,3.59150940715042,0.0828809863188559,23.4829461236758,No (reported postion),cruise,2021-07-21 15:00:00
2021-07-21 16:00:00+00:00,14.668365,55.4862616667,8.6,1114.98517791267,3.17173026539708,0.00658743978197855,0.0487958502368781,3.17173026539708,0.0731937753553172,20.7382363506732,No (reported postion),cruise,2021-07-21 16:00:00
2021-07-21 17:00:00+00:00,14.4825983333,55.3833683333,8.9,1224.3993303386999,3.48297402503351,0.00723386912891575,0.0535842157697463,3.48297402503351,0.0803763236546194,22.7732917021422,No (reported postion),cruise,2021-07-21 17:00:00
2021-07-21 18:00:00+00:00,14.3213,55.2654766667,8.9,1224.3993303386999,3.48297402503351,0.00723386912891575,0.0535842157697463,3.48297402503351,0.0803763236546194,22.7732917021422,No (reported postion),cruise,2021-07-21 18:00:00
2021-07-21 19:00:00+00:00,14.09833,55.2182983333,8.7,1150.62459978528,3.27311155299969,0.00679800091776859,0.0503555623538414,3.27311155299969,0.07553334353076209,21.4011140003826,No (reported postion),cruise,2021-07-21 19:00:00
2021-07-21 20:00:00+00:00,13.84418,55.2258816667,8.9,1224.3993303386999,3.48297402503351,0.00723386912891575,0.0535842157697463,3.48297402503351,0.0803763236546194,22.7732917021422,No (reported postion),cruise,2021-07-21 20:00:00
2021-07-21 21:00:00+00:00,13.5420216667,55.23886,10.6,1996.1030806357198,5.67819257073617,0.011793169185375102,0.0873568087805564,5.67819257073617,0.131035213170835,37.1266437317365,No (reported postion),cruise,2021-07-21 21:00:00
2021-07-21 22:00:00+00:00,13.23574,55.2446283333,10.0,1692.8242545824,4.81547380953419,0.0100013686813402,0.0740842124543722,4.81547380953419,0.111126318681558,31.4857902931082,No (reported postion),cruise,2021-07-21 22:00:00
2021-07-21 23:00:00+00:00,12.9391316667,55.254755,10.1,1740.9335842105,4.95232748243688,0.0102856032327535,0.07618965357595209,4.95232748243688,0.11428448036392799,32.3806027697796,No (reported postion),cruise,2021-07-21 23:00:00
2021-07-22 00:00:00+00:00,12.6744383333,55.313535,9.7,1554.1739318724901,4.4210637011689995,0.00918220922550484,0.06801636463336919,4.4210637011689995,0.102024546950054,28.9069549691819,No (reported postion),cruise,2021-07-22 00:00:00
2021-07-22 01:00:00+00:00,12.71268,55.490165,11.1,2182.10822354754,6.207310045102401,0.012892105478289602,0.09549707761696,6.207310045102401,0.14324561642544,40.586257987208,No (reported postion),cruise,2021-07-22 01:00:00
2021-07-22 02:00:00+00:00,12.69183,55.6609366667,11.1,2182.10822354754,6.207310045102401,0.012892105478289602,0.09549707761696,6.207310045102401,0.14324561642544,40.586257987208,No (reported postion),cruise,2021-07-22 02:00:00
2021-07-22 03:00:00+00:00,12.745955,55.8386683333,11.1,2182.10822354754,6.207310045102401,0.012892105478289602,0.09549707761696,6.207310045102401,0.14324561642544,40.586257987208,No (reported postion),cruise,2021-07-22 03:00:00
2021-07-22 04:00:00+00:00,12.6750016667,56.013105,12.4,2725.091,7.7519,0.016100100000000003,0.11926,7.7519,0.17889,50.6855,No (reported postion),cruise,2021-07-22 04:00:00
2021-07-22 05:00:00+00:00,12.4806933333,56.1586466667,10.5,1863.17563944091,5.30006199403323,0.011007821064530599,0.081539415292819,5.30006199403323,0.12230912293922801,34.6542514994481,No (reported postion),cruise,2021-07-22 05:00:00
2021-07-22 06:00:00+00:00,12.3771216667,56.3271283333,10.9,2071.84878585857,5.89366175408346,0.012240682104634899,0.0906717192935917,5.89366175408346,0.13600757894038798,38.5354806997765,No (reported postion),cruise,2021-07-22 06:00:00
2021-07-22 07:00:00+00:00,12.299475,56.49708,10.3,1840.04823426707,5.23427287647087,0.0108711821280549,0.0805272750226287,5.23427287647087,0.120790912533943,34.2240918846172,No (reported postion),cruise,2021-07-22 07:00:00
2021-07-22 08:00:00+00:00,12.2299516667,56.6662383333,10.4,1891.07260726658,5.3794187952878705,0.0111726390363671,0.08276028915827491,5.3794187952878705,0.124140433737412,35.173122892266804,No (reported postion),cruise,2021-07-22 08:00:00
2021-07-22 09:00:00+00:00,12.1477666667,56.831205,9.9,1645.6675535070501,4.68133002091722,0.00972276235113576,0.0720204618602648,4.68133002091722,0.108030692790397,30.6086962906126,No (reported postion),cruise,2021-07-22 09:00:00
2021-07-22 10:00:00+00:00,12.062925,56.9887583333,9.8,1599.45395469892,4.5498690177431,0.009449727959927991,0.0699979848883554,4.5498690177431,0.104996977332533,29.749143577551102,No (reported postion),cruise,2021-07-22 10:00:00
2021-07-22 11:00:00+00:00,11.9582016667,57.143705,9.9,1645.6675535070501,4.68133002091722,0.00972276235113576,0.0720204618602648,4.68133002091722,0.108030692790397,30.6086962906126,No (reported postion),cruise,2021-07-22 11:00:00
2021-07-22 12:00:00+00:00,11.8233933333,57.2921783333,10.1,1669.81081967961,4.750008896243981,0.00986540309219903,0.073077059942215,4.750008896243981,0.109615589913323,31.0577504754414,No (reported postion),cruise,2021-07-22 12:00:00
2021-07-22 13:00:00+00:00,11.6683283333,57.4348066667,9.4,1423.84005642807,4.05031088261814,0.0084121841408223,0.0623124751172022,4.05031088261814,0.0934687126758033,26.4828019248109,No (reported postion),cruise,2021-07-22 13:00:00
2021-07-22 14:00:00+00:00,11.6497283333,57.562045,4.3,225.85594518521,1.63856661288625,0.00133437866958439,0.0142702441876995,0.927565872200469,0.0262404883753991,14.5540599478266,No (reported postion),cruise,2021-07-22 14:00:00
2021-07-22 15:00:00+00:00,11.6826633333,57.575205,0.0,219.36,0.624,0.001296,0.0096,0.624,0.0144,4.08,No (reported postion),anchor,2021-07-22 15:00:00
2021-07-22 16:00:00+00:00,11.6825,57.5752,0.1,219.36151868320002,0.624041905022215,0.00129600897252656,0.00960030772442959,0.624020002087923,0.0144007267746517,4.08059826813239,No (reported postion),anchor,2021-07-22 16:00:00
2021-07-22 17:00:00+00:00,11.6824733333,57.5752633333,0.0,219.36,0.624,0.001296,0.0096,0.624,0.0144,4.08,No (reported postion),anchor,2021-07-22 17:00:00
2021-07-22 18:00:00+00:00,11.6827016667,57.575235,0.0,219.36,0.624,0.001296,0.0096,0.624,0.0144,4.08,No (reported postion),anchor,2021-07-22 18:00:00
2021-07-22 19:00:00+00:00,11.6825783333,57.575315,0.0,219.36,0.624,0.001296,0.0096,0.624,0.0144,4.08,No (reported postion),anchor,2021-07-22 19:00:00
2021-07-22 20:00:00+00:00,11.6822033333,57.57533,0.1,219.36151868320002,0.624041905022215,0.00129600897252656,0.00960030772442959,0.624020002087923,0.0144007267746517,4.08059826813239,No (reported postion),anchor,2021-07-22 20:00:00
2021-07-22 21:00:00+00:00,11.6810866667,57.5749583333,0.0,219.36,0.624,0.001296,0.0096,0.624,0.0144,4.08,No (reported postion),anchor,2021-07-22 21:00:00
2021-07-22 22:00:00+00:00,11.6811316667,57.5748316667,0.1,219.36151868320002,0.624041905022215,0.00129600897252656,0.00960030772442959,0.624020002087923,0.0144007267746517,4.08059826813239,No (reported postion),anchor,2021-07-22 22:00:00
2021-07-22 23:00:00+00:00,11.6824783333,57.5748833333,0.0,219.36,0.624,0.001296,0.0096,0.624,0.0144,4.08,No (reported postion),anchor,2021-07-22 23:00:00
2021-07-23 00:00:00+00:00,11.682955,57.5748733333,0.0,219.36,0.624,0.001296,0.0096,0.624,0.0144,4.08,No (reported postion),anchor,2021-07-23 00:00:00
2021-07-23 01:00:00+00:00,11.6820783333,57.57496,0.0,219.36,0.624,0.001296,0.0096,0.624,0.0144,4.08,No (reported postion),anchor,2021-07-23 01:00:00
2021-07-23 02:00:00+00:00,11.68306,57.5745816667,0.1,219.36151868320002,0.624041905022215,0.00129600897252656,0.00960030772442959,0.624020002087923,0.0144007267746517,4.08059826813239,No (reported postion),anchor,2021-07-23 02:00:00
2021-07-23 03:00:00+00:00,11.6827866667,57.572805,0.0,219.36,0.624,0.001296,0.0096,0.624,0.0144,4.08,No (reported postion),anchor,2021-07-23 03:00:00
2021-07-23 04:00:00+00:00,11.6824233333,57.5727383333,0.0,219.36,0.624,0.001296,0.0096,0.624,0.0144,4.08,No (reported postion),anchor,2021-07-23 04:00:00
2021-07-23 05:00:00+00:00,11.6823466667,57.5726633333,0.0,219.36,0.624,0.001296,0.0096,0.624,0.0144,4.08,No (reported postion),anchor,2021-07-23 05:00:00
2021-07-23 06:00:00+00:00,11.68108,57.5728283333,0.0,219.36,0.624,0.001296,0.0096,0.624,0.0144,4.08,No (reported postion),anchor,2021-07-23 06:00:00
2021-07-23 07:00:00+00:00,11.6799,57.574,0.2,219.3721494656,0.624335240177723,0.0012960717802125198,0.00960246179543673,0.624160016703388,0.014405814197214,4.08478614505912,No (reported postion),anchor,2021-07-23 07:00:00
2021-07-23 08:00:00+00:00,11.6809583333,57.5749966667,0.0,219.36,0.624,0.001296,0.0096,0.624,0.0144,4.08,No (reported postion),anchor,2021-07-23 08:00:00
2021-07-23 09:00:00+00:00,11.6809,57.5749,0.1,219.36151868320002,0.624041905022215,0.00129600897252656,0.00960030772442959,0.624020002087923,0.0144007267746517,4.08059826813239,No (reported postion),anchor,2021-07-23 09:00:00
2021-07-23 10:00:00+00:00,11.6810266667,57.5750116667,0.0,219.36,0.624,0.001296,0.0096,0.624,0.0144,4.08,No (reported postion),anchor,2021-07-23 10:00:00
2021-07-23 11:00:00+00:00,11.6818366667,57.5751083333,0.1,219.36151868320002,0.624041905022215,0.00129600897252656,0.00960030772442959,0.624020002087923,0.0144007267746517,4.08059826813239,No (reported postion),anchor,2021-07-23 11:00:00
2021-07-23 12:00:00+00:00,11.6817333333,57.5751466667,0.0,219.36,0.624,0.001296,0.0096,0.624,0.0144,4.08,No (reported postion),anchor,2021-07-23 12:00:00
2021-07-23 13:00:00+00:00,11.681185,57.57504,0.0,219.36,0.624,0.001296,0.0096,0.624,0.0144,4.08,No (reported postion),anchor,2021-07-23 13:00:00
2021-07-23 14:00:00+00:00,11.6812516667,57.574985,0.0,219.36,0.624,0.001296,0.0096,0.624,0.0144,4.08,No (reported postion),anchor,2021-07-23 14:00:00
2021-07-23 15:00:00+00:00,11.6815533333,57.5749583333,0.0,219.36,0.624,0.001296,0.0096,0.624,0.0144,4.08,No (reported postion),anchor,2021-07-23 15:00:00
2021-07-23 16:00:00+00:00,11.683285,57.574595,0.0,219.36,0.624,0.001296,0.0096,0.624,0.0144,4.08,No (reported postion),anchor,2021-07-23 16:00:00
2021-07-23 17:00:00+00:00,11.6835366667,57.5738033333,0.0,219.36,0.624,0.001296,0.0096,0.624,0.0144,4.08,No (reported postion),anchor,2021-07-23 17:00:00
2021-07-23 18:00:00+00:00,11.6814,57.573,0.1,219.36151868320002,0.624041905022215,0.00129600897252656,0.00960030772442959,0.624020002087923,0.0144007267746517,4.08059826813239,No (reported postion),anchor,2021-07-23 18:00:00
2021-07-23 19:00:00+00:00,11.6647883333,57.60036,7.9,853.880046262225,2.4289804379450604,0.00504480552496282,0.037368929814539396,2.4289804379450604,0.0560533947218091,15.8817951711792,No (reported postion),cruise,2021-07-23 19:00:00
2021-07-23 20:00:00+00:00,11.81567,57.679485,7.2,671.955467046791,1.9114706940061899,0.00396997759524363,0.029407241446249097,1.9114706940061899,0.0441108621693736,12.4980776146559,No (reported postion),cruise,2021-07-23 20:00:00
2021-07-23 21:00:00+00:00,11.8733633333,57.6904933333,0.0,219.36,0.624,0.001296,0.0096,0.624,0.0144,4.08,No (reported postion),anchor,2021-07-23 21:00:00
2021-07-23 22:00:00+00:00,11.8733616667,57.6905183333,0.0,219.36,0.624,0.001296,0.0096,0.624,0.0144,4.08,No (reported postion),anchor,2021-07-23 22:00:00
2021-07-23 23:00:00+00:00,11.8733433333,57.69049,0.0,219.36,0.624,0.001296,0.0096,0.624,0.0144,4.08,No (reported postion),anchor,2021-07-23 23:00:00
2021-07-24 00:00:00+00:00,11.8733316667,57.69047,0.0,219.36,0.624,0.001296,0.0096,0.624,0.0144,4.08,No (reported postion),anchor,2021-07-24 00:00:00
2021-07-24 01:00:00+00:00,11.873365,57.6904966667,0.0,219.36,0.624,0.001296,0.0096,0.624,0.0144,4.08,No (reported postion),anchor,2021-07-24 01:00:00
2021-07-24 02:00:00+00:00,11.8733433333,57.6904916667,0.0,219.36,0.624,0.001296,0.0096,0.624,0.0144,4.08,No (reported postion),anchor,2021-07-24 02:00:00
2021-07-24 03:00:00+00:00,11.8733666667,57.69046,0.0,219.36,0.624,0.001296,0.0096,0.624,0.0144,4.08,No (reported postion),anchor,2021-07-24 03:00:00
2021-07-24 04:00:00+00:00,11.873415,57.6904766667,0.0,219.36,0.624,0.001296,0.0096,0.624,0.0144,4.08,No (reported postion),anchor,2021-07-24 04:00:00
2021-07-24 05:00:00+00:00,11.87338,57.6904966667,0.0,219.36,0.624,0.001296,0.0096,0.624,0.0144,4.08,No (reported postion),anchor,2021-07-24 05:00:00
2021-07-24 06:00:00+00:00,11.8733383333,57.69047,0.0,219.36,0.624,0.001296,0.0096,0.624,0.0144,4.08,No (reported postion),anchor,2021-07-24 06:00:00
2021-07-24 07:00:00+00:00,11.873355,57.6905016667,0.0,219.36,0.624,0.001296,0.0096,0.624,0.0144,4.08,No (reported postion),anchor,2021-07-24 07:00:00
2021-07-24 08:00:00+00:00,11.873315,57.69049,0.0,219.36,0.624,0.001296,0.0096,0.624,0.0144,4.08,No (reported postion),anchor,2021-07-24 08:00:00
2021-07-24 09:00:00+00:00,11.8733566667,57.6904783333,0.0,219.36,0.624,0.001296,0.0096,0.624,0.0144,4.08,No (reported postion),anchor,2021-07-24 09:00:00
2021-07-24 10:00:00+00:00,11.8733616667,57.6904966667,0.0,219.36,0.624,0.001296,0.0096,0.624,0.0144,4.08,No (reported postion),anchor,2021-07-24 10:00:00
2021-07-24 11:00:00+00:00,11.8733133333,57.690475,0.0,219.36,0.624,0.001296,0.0096,0.624,0.0144,4.08,No (reported postion),anchor,2021-07-24 11:00:00
2021-07-24 12:00:00+00:00,11.8733433333,57.69046,0.0,219.36,0.624,0.001296,0.0096,0.624,0.0144,4.08,No (reported postion),anchor,2021-07-24 12:00:00
2021-07-24 13:00:00+00:00,11.8732966667,57.6904783333,0.0,219.36,0.624,0.001296,0.0096,0.624,0.0144,4.08,No (reported postion),anchor,2021-07-24 13:00:00
2021-07-24 14:00:00+00:00,11.7256766667,57.67778,11.2,2238.7505508592503,6.36843701557337,0.0132267538015755,0.09797595408574411,6.36843701557337,0.146963931128616,41.639780486441204,No (reported postion),cruise,2021-07-24 14:00:00
2021-07-24 15:00:00+00:00,11.480625,57.6382916667,12.7,2725.091,7.7519,0.016100100000000003,0.11926,7.7519,0.17889,50.6855,No (reported postion),cruise,2021-07-24 15:00:00
2021-07-24 16:00:00+00:00,11.152595,57.741185,11.6,2583.36682912065,7.348745903406679,0.0152627799532293,0.11305762928318,7.348745903406679,0.169586443924769,48.0494924453513,No (reported postion),cruise,2021-07-24 16:00:00
2021-07-24 17:00:00+00:00,10.8406066667,57.8427233333,12.1,2725.091,7.7519,0.016100100000000003,0.11926,7.7519,0.17889,50.6855,No (reported postion),cruise,2021-07-24 17:00:00
2021-07-24 18:00:00+00:00,10.479575,57.851345,11.6,2583.36682912065,7.348745903406679,0.0152627799532293,0.11305762928318,7.348745903406679,0.169586443924769,48.0494924453513,No (reported postion),cruise,2021-07-24 18:00:00
2021-07-24 19:00:00+00:00,10.1239766667,57.8417016667,11.5,2519.82491693801,7.16799210507531,0.014887368218233301,0.11027680161654299,7.16799210507531,0.165415202424815,46.8676406870309,No (reported postion),cruise,2021-07-24 19:00:00
2021-07-24 20:00:00+00:00,9.7601816667,57.8424633333,12.1,2725.091,7.7519,0.016100100000000003,0.11926,7.7519,0.17889,50.6855,No (reported postion),cruise,2021-07-24 20:00:00
2021-07-24 21:00:00+00:00,9.3906033333,57.8287216667,11.8,2713.77532713504,7.71971099622658,0.0160332459152398,0.11876478455733201,7.71971099622658,0.178147176835998,50.4750334368661,No (reported postion),cruise,2021-07-24 21:00:00
2021-07-24 22:00:00+00:00,9.0230683333,57.80452,11.8,2713.77532713504,7.71971099622658,0.0160332459152398,0.11876478455733201,7.71971099622658,0.178147176835998,50.4750334368661,No (reported postion),cruise,2021-07-24 22:00:00
2021-07-24 23:00:00+00:00,8.6549483333,57.7927183333,11.6,2583.36682912065,7.348745903406679,0.0152627799532293,0.11305762928318,7.348745903406679,0.169586443924769,48.0494924453513,No (reported postion),cruise,2021-07-24 23:00:00
2021-07-25 00:00:00+00:00,8.2907016667,57.7799233333,12.0,2725.091,7.7519,0.016100100000000003,0.11926,7.7519,0.17889,50.6855,No (reported postion),cruise,2021-07-25 00:00:00
2021-07-25 01:00:00+00:00,7.9150716667,57.7740433333,12.6,2725.091,7.7519,0.016100100000000003,0.11926,7.7519,0.17889,50.6855,No (reported postion),cruise,2021-07-25 01:00:00
2021-07-25 02:00:00+00:00,7.5150466667,57.7803083333,12.9,2725.091,7.7519,0.016100100000000003,0.11926,7.7519,0.17889,50.6855,No (reported postion),cruise,2021-07-25 02:00:00
2021-07-25 03:00:00+00:00,7.1161166667,57.7927166667,12.6,2725.091,7.7519,0.016100100000000003,0.11926,7.7519,0.17889,50.6855,No (reported postion),cruise,2021-07-25 03:00:00
2021-07-25 04:00:00+00:00,6.726575,57.8108083333,12.4,2725.091,7.7519,0.016100100000000003,0.11926,7.7519,0.17889,50.6855,No (reported postion),cruise,2021-07-25 04:00:00
2021-07-25 05:00:00+00:00,6.3894866667,57.9108516667,12.8,2725.091,7.7519,0.016100100000000003,0.11926,7.7519,0.17889,50.6855,No (reported postion),cruise,2021-07-25 05:00:00
2021-07-25 06:00:00+00:00,6.088765,58.0447416667,12.2,2725.091,7.7519,0.016100100000000003,0.11926,7.7519,0.17889,50.6855,No (reported postion),cruise,2021-07-25 06:00:00
2021-07-25 07:00:00+00:00,5.7936883333,58.1767983333,12.1,2725.091,7.7519,0.016100100000000003,0.11926,7.7519,0.17889,50.6855,No (reported postion),cruise,2021-07-25 07:00:00
2021-07-25 08:00:00+00:00,5.5059666667,58.300735,11.4,2457.37852759103,6.99035467367252,0.0145184289376275,0.1075439180565,6.99035467367252,0.16131587708475,45.706165174012604,No (reported postion),cruise,2021-07-25 08:00:00
2021-07-25 09:00:00+00:00,5.2434733333,58.436005,11.4,2457.37852759103,6.99035467367252,0.0145184289376275,0.1075439180565,6.99035467367252,0.16131587708475,45.706165174012604,No (reported postion),cruise,2021-07-25 09:00:00
2021-07-25 10:00:00+00:00,5.0017016667,58.576525,11.4,2457.37852759103,6.99035467367252,0.0145184289376275,0.1075439180565,6.99035467367252,0.16131587708475,45.706165174012604,No (reported postion),cruise,2021-07-25 10:00:00
2021-07-25 11:00:00+00:00,4.7423216667,58.706025,11.1,2276.51723370879,6.475869592607051,0.013449883000030001,0.09962876296318539,6.475869592607051,0.149443144444778,42.342224259353806,No (reported postion),cruise,2021-07-25 11:00:00
2021-07-25 12:00:00+00:00,4.4785866667,58.8404716667,11.7,2648.01379042449,7.53264316750948,0.0156447204248274,0.115886817961684,7.53264316750948,0.173830226942526,49.2518976337158,No (reported postion),cruise,2021-07-25 12:00:00
2021-07-25 13:00:00+00:00,4.2437183333,58.9972716667,12.2,2725.091,7.7519,0.016100100000000003,0.11926,7.7519,0.17889,50.6855,No (reported postion),cruise,2021-07-25 13:00:00
2021-07-25 14:00:00+00:00,4.2227783333,59.1952466667,11.6,2583.36682912065,7.348745903406679,0.0152627799532293,0.11305762928318,7.348745903406679,0.169586443924769,48.0494924453513,No (reported postion),cruise,2021-07-25 14:00:00
2021-07-25 15:00:00+00:00,4.2168066667,59.3895616667,11.7,2648.01379042449,7.53264316750948,0.0156447204248274,0.115886817961684,7.53264316750948,0.173830226942526,49.2518976337158,No (reported postion),cruise,2021-07-25 15:00:00
2021-07-25 16:00:00+00:00,4.21535,59.58534,11.8,2713.77532713504,7.71971099622658,0.0160332459152398,0.11876478455733201,7.71971099622658,0.178147176835998,50.4750334368661,No (reported postion),cruise,2021-07-25 16:00:00
2021-07-25 17:00:00+00:00,4.2190083333,59.7817333333,12.1,2725.091,7.7519,0.016100100000000003,0.11926,7.7519,0.17889,50.6855,No (reported postion),cruise,2021-07-25 17:00:00
2021-07-25 18:00:00+00:00,4.2173583333,59.9784283333,11.2,2335.7342122619502,6.64432051628125,0.013799742610738,0.102220315635096,6.64432051628125,0.15333047345264397,43.4436341449158,No (reported postion),cruise,2021-07-25 18:00:00
2021-07-25 19:00:00+00:00,4.2051533333,60.16713,11.5,2519.82491693801,7.16799210507531,0.014887368218233301,0.11027680161654299,7.16799210507531,0.165415202424815,46.8676406870309,No (reported postion),cruise,2021-07-25 19:00:00
2021-07-25 20:00:00+00:00,4.2003666667,60.3592233333,11.6,2583.36682912065,7.348745903406679,0.0152627799532293,0.11305762928318,7.348745903406679,0.169586443924769,48.0494924453513,No (reported postion),cruise,2021-07-25 20:00:00
2021-07-25 21:00:00+00:00,4.2011683333,60.5500666667,11.2,2335.7342122619502,6.64432051628125,0.013799742610738,0.102220315635096,6.64432051628125,0.15333047345264397,43.4436341449158,No (reported postion),cruise,2021-07-25 21:00:00
2021-07-25 22:00:00+00:00,4.20314,60.738355,10.9,2161.2460033976,6.14796456108725,0.012768849473027399,0.0945840701705731,6.14796456108725,0.14187610525586,40.1982298224936,No (reported postion),cruise,2021-07-25 22:00:00
2021-07-25 23:00:00+00:00,4.2067083333,60.9235,11.2,2335.7342122619502,6.64432051628125,0.013799742610738,0.102220315635096,6.64432051628125,0.15333047345264397,43.4436341449158,No (reported postion),cruise,2021-07-25 23:00:00
2021-07-26 00:00:00+00:00,4.2017166667,61.1122016667,11.4,2457.37852759103,6.99035467367252,0.0145184289376275,0.1075439180565,6.99035467367252,0.16131587708475,45.706165174012604,No (reported postion),cruise,2021-07-26 00:00:00
2021-07-26 01:00:00+00:00,4.2057166667,61.2985566667,10.7,2050.12823357639,5.8318746250531905,0.0121123549904951,0.0897211480777414,5.8318746250531905,0.134581722116612,38.1314879330401,No (reported postion),cruise,2021-07-26 01:00:00
2021-07-26 02:00:00+00:00,4.2031816667,61.4811,10.9,2161.2460033976,6.14796456108725,0.012768849473027399,0.0945840701705731,6.14796456108725,0.14187610525586,40.1982298224936,No (reported postion),cruise,2021-07-26 02:00:00
2021-07-26 03:00:00+00:00,4.1974283333,61.6643516667,11.0,2218.3576728491803,6.31042664049,0.0131062707148639,0.09708348677676931,6.31042664049,0.145625230165154,41.260481880127,No (reported postion),cruise,2021-07-26 03:00:00
2021-07-26 04:00:00+00:00,4.202085,61.844175,10.9,2161.2460033976,6.14796456108725,0.012768849473027399,0.0945840701705731,6.14796456108725,0.14187610525586,40.1982298224936,No (reported postion),cruise,2021-07-26 04:00:00
2021-07-26 05:00:00+00:00,4.257295,62.0185733333,11.1,2276.51723370879,6.475869592607051,0.013449883000030001,0.09962876296318539,6.475869592607051,0.149443144444778,42.342224259353806,No (reported postion),cruise,2021-07-26 05:00:00
2021-07-26 06:00:00+00:00,4.5532933333,62.1357483333,10.9,2161.2460033976,6.14796456108725,0.012768849473027399,0.0945840701705731,6.14796456108725,0.14187610525586,40.1982298224936,No (reported postion),cruise,2021-07-26 06:00:00
2021-07-26 07:00:00+00:00,4.846315,62.25167,10.8,2105.17269906851,5.9884562555559295,0.0124375629923085,0.092130096239322,5.9884562555559295,0.13819514435898297,39.1552909017119,No (reported postion),cruise,2021-07-26 07:00:00
2021-07-26 08:00:00+00:00,5.144935,62.3672766667,11.0,2218.3576728491803,6.31042664049,0.0131062707148639,0.09708348677676931,6.31042664049,0.145625230165154,41.260481880127,No (reported postion),cruise,2021-07-26 08:00:00
2021-07-26 09:00:00+00:00,5.4400183333,62.4820866667,10.8,2105.17269906851,5.9884562555559295,0.0124375629923085,0.092130096239322,5.9884562555559295,0.13819514435898297,39.1552909017119,No (reported postion),cruise,2021-07-26 09:00:00
2021-07-26 10:00:00+00:00,5.8037316667,62.4745966667,10.8,2018.21345128292,5.7410885922708905,0.0119237993839472,0.08832443988109069,5.7410885922708905,0.13248665982163602,37.5378869494635,No (reported postion),cruise,2021-07-26 10:00:00
2021-07-26 11:00:00+00:00,6.15335,62.4849016667,11.1,2182.10822354754,6.207310045102401,0.012892105478289602,0.09549707761696,6.207310045102401,0.14324561642544,40.586257987208,No (reported postion),cruise,2021-07-26 11:00:00
2021-07-26 12:00:00+00:00,6.258945,62.4784216667,0.0,219.36,0.624,0.001296,0.0096,0.624,0.0144,4.08,No (reported postion),anchor,2021-07-26 12:00:00
2021-07-26 13:00:00+00:00,6.25898,62.4784266667,0.0,219.36,0.624,0.001296,0.0096,0.624,0.0144,4.08,No (reported postion),anchor,2021-07-26 13:00:00
2021-07-26 14:00:00+00:00,6.25901,62.4785,0.0,219.36,0.624,0.001296,0.0096,0.624,0.0144,4.08,No (reported postion),anchor,2021-07-26 14:00:00
2021-07-26 15:00:00+00:00,6.2589816667,62.4784366667,0.0,219.36,0.624,0.001296,0.0096,0.624,0.0144,4.08,No (reported postion),anchor,2021-07-26 15:00:00
2021-07-26 16:00:00+00:00,6.2589683333,62.47846,0.0,219.36,0.624,0.001296,0.0096,0.624,0.0144,4.08,No (reported postion),anchor,2021-07-26 16:00:00
2021-07-26 17:00:00+00:00,6.25893,62.47842,0.0,219.36,0.624,0.001296,0.0096,0.624,0.0144,4.08,No (reported postion),anchor,2021-07-26 17:00:00
2021-07-26 18:00:00+00:00,6.2589966667,62.478425,0.0,219.36,0.624,0.001296,0.0096,0.624,0.0144,4.08,No (reported postion),anchor,2021-07-26 18:00:00
2021-07-26 19:00:00+00:00,6.259025,62.4784366667,0.0,219.36,0.624,0.001296,0.0096,0.624,0.0144,4.08,No (reported postion),anchor,2021-07-26 19:00:00
2021-07-26 20:00:00+00:00,6.2590266667,62.478445,0.0,219.36,0.624,0.001296,0.0096,0.624,0.0144,4.08,No (reported postion),anchor,2021-07-26 20:00:00
2021-07-26 21:00:00+00:00,6.2589783333,62.4784666667,0.0,219.36,0.624,0.001296,0.0096,0.624,0.0144,4.08,No (reported postion),anchor,2021-07-26 21:00:00
2021-07-26 22:00:00+00:00,6.2589416667,62.4784033333,0.0,219.36,0.624,0.001296,0.0096,0.624,0.0144,4.08,No (reported postion),anchor,2021-07-26 22:00:00
2021-07-26 23:00:00+00:00,6.258925,62.4784266667,0.0,219.36,0.624,0.001296,0.0096,0.624,0.0144,4.08,No (reported postion),anchor,2021-07-26 23:00:00
2021-07-27 00:00:00+00:00,5.9709783333,62.45238,12.7,2725.091,7.7519,0.016100100000000003,0.11926,7.7519,0.17889,50.6855,No (reported postion),cruise,2021-07-27 00:00:00
2021-07-27 01:00:00+00:00,5.6760483333,62.57939,11.3,2396.0181347941902,6.81580651035545,0.014155905829199799,0.10485856169777599,6.81580651035545,0.157287842546664,44.564888721554894,No (reported postion),cruise,2021-07-27 01:00:00
2021-07-27 02:00:00+00:00,5.8112916667,62.7564066667,11.7,2648.01379042449,7.53264316750948,0.0156447204248274,0.115886817961684,7.53264316750948,0.173830226942526,49.2518976337158,No (reported postion),cruise,2021-07-27 02:00:00
2021-07-27 03:00:00+00:00,6.0390316667,62.9299483333,11.9,2725.091,7.7519,0.016100100000000003,0.11926,7.7519,0.17889,50.6855,No (reported postion),cruise,2021-07-27 03:00:00
2021-07-27 04:00:00+00:00,6.2746266667,63.09713,11.7,2648.01379042449,7.53264316750948,0.0156447204248274,0.115886817961684,7.53264316750948,0.173830226942526,49.2518976337158,No (reported postion),cruise,2021-07-27 04:00:00
2021-07-27 05:00:00+00:00,6.5150766667,63.2696516667,12.5,2725.091,7.7519,0.016100100000000003,0.11926,7.7519,0.17889,50.6855,No (reported postion),cruise,2021-07-27 05:00:00
2021-07-27 06:00:00+00:00,6.7459083333,63.43841,11.8,2713.77532713504,7.71971099622658,0.0160332459152398,0.11876478455733201,7.71971099622658,0.178147176835998,50.4750334368661,No (reported postion),cruise,2021-07-27 06:00:00
2021-07-27 07:00:00+00:00,6.97887,63.6122133333,11.8,2713.77532713504,7.71971099622658,0.0160332459152398,0.11876478455733201,7.71971099622658,0.178147176835998,50.4750334368661,No (reported postion),cruise,2021-07-27 07:00:00
2021-07-27 08:00:00+00:00,7.2219133333,63.7792966667,12.0,2725.091,7.7519,0.016100100000000003,0.11926,7.7519,0.17889,50.6855,No (reported postion),cruise,2021-07-27 08:00:00
2021-07-27 09:00:00+00:00,7.4803166667,63.9456933333,12.1,2725.091,7.7519,0.016100100000000003,0.11926,7.7519,0.17889,50.6855,No (reported postion),cruise,2021-07-27 09:00:00
2021-07-27 10:00:00+00:00,7.7134216667,64.1144366667,11.8,2713.77532713504,7.71971099622658,0.0160332459152398,0.11876478455733201,7.71971099622658,0.178147176835998,50.4750334368661,No (reported postion),cruise,2021-07-27 10:00:00
2021-07-27 11:00:00+00:00,7.949675,64.2823483333,12.0,2725.091,7.7519,0.016100100000000003,0.11926,7.7519,0.17889,50.6855,No (reported postion),cruise,2021-07-27 11:00:00
2021-07-27 12:00:00+00:00,8.19729,64.4531366667,12.1,2725.091,7.7519,0.016100100000000003,0.11926,7.7519,0.17889,50.6855,No (reported postion),cruise,2021-07-27 12:00:00
2021-07-27 13:00:00+00:00,8.4515266667,64.6248733333,12.2,2725.091,7.7519,0.016100100000000003,0.11926,7.7519,0.17889,50.6855,No (reported postion),cruise,2021-07-27 13:00:00
2021-07-27 14:00:00+00:00,8.696595,64.7937533333,12.0,2725.091,7.7519,0.016100100000000003,0.11926,7.7519,0.17889,50.6855,No (reported postion),cruise,2021-07-27 14:00:00
2021-07-27 15:00:00+00:00,8.93706,64.9615783333,11.5,2519.82491693801,7.16799210507531,0.014887368218233301,0.11027680161654299,7.16799210507531,0.165415202424815,46.8676406870309,No (reported postion),cruise,2021-07-27 15:00:00
2021-07-27 16:00:00+00:00,9.1840783333,65.1256416667,11.9,2725.091,7.7519,0.016100100000000003,0.11926,7.7519,0.17889,50.6855,No (reported postion),cruise,2021-07-27 16:00:00
2021-07-27 17:00:00+00:00,9.4398333333,65.2951266667,11.9,2725.091,7.7519,0.016100100000000003,0.11926,7.7519,0.17889,50.6855,No (reported postion),cruise,2021-07-27 17:00:00
2021-07-27 18:00:00+00:00,9.6918833333,65.4624716667,12.1,2725.091,7.7519,0.016100100000000003,0.11926,7.7519,0.17889,50.6855,No (reported postion),cruise,2021-07-27 18:00:00
2021-07-27 19:00:00+00:00,9.9600866667,65.6338533333,12.1,2725.091,7.7519,0.016100100000000003,0.11926,7.7519,0.17889,50.6855,No (reported postion),cruise,2021-07-27 19:00:00
2021-07-27 20:00:00+00:00,10.2059933333,65.8016016667,11.8,2713.77532713504,7.71971099622658,0.0160332459152398,0.11876478455733201,7.71971099622658,0.178147176835998,50.4750334368661,No (reported postion),cruise,2021-07-27 20:00:00
2021-07-27 21:00:00+00:00,10.4528233333,65.970215,11.8,2713.77532713504,7.71971099622658,0.0160332459152398,0.11876478455733201,7.71971099622658,0.178147176835998,50.4750334368661,No (reported postion),cruise,2021-07-27 21:00:00
2021-07-27 22:00:00+00:00,10.7089033333,66.1329733333,11.8,2713.77532713504,7.71971099622658,0.0160332459152398,0.11876478455733201,7.71971099622658,0.178147176835998,50.4750334368661,No (reported postion),cruise,2021-07-27 22:00:00
2021-07-27 23:00:00+00:00,10.9702033333,66.30259,11.8,2713.77532713504,7.71971099622658,0.0160332459152398,0.11876478455733201,7.71971099622658,0.178147176835998,50.4750334368661,No (reported postion),cruise,2021-07-27 23:00:00
2021-07-28 00:00:00+00:00,11.2440466667,66.4731766667,12.1,2725.091,7.7519,0.016100100000000003,0.11926,7.7519,0.17889,50.6855,No (reported postion),cruise,2021-07-28 00:00:00
2021-07-28 01:00:00+00:00,11.512385,66.6417216667,12.0,2725.091,7.7519,0.016100100000000003,0.11926,7.7519,0.17889,50.6855,No (reported postion),cruise,2021-07-28 01:00:00
2021-07-28 02:00:00+00:00,11.83303,66.8013916667,12.1,2725.091,7.7519,0.016100100000000003,0.11926,7.7519,0.17889,50.6855,No (reported postion),cruise,2021-07-28 02:00:00
2021-07-28 03:00:00+00:00,12.1716616667,66.9538166667,12.1,2725.091,7.7519,0.016100100000000003,0.11926,7.7519,0.17889,50.6855,No (reported postion),cruise,2021-07-28 03:00:00
2021-07-28 04:00:00+00:00,12.5149716667,67.1042283333,12.2,2725.091,7.7519,0.016100100000000003,0.11926,7.7519,0.17889,50.6855,No (reported postion),cruise,2021-07-28 04:00:00
2021-07-28 05:00:00+00:00,12.85582,67.2525366667,11.4,2457.37852759103,6.99035467367252,0.0145184289376275,0.1075439180565,6.99035467367252,0.16131587708475,45.706165174012604,No (reported postion),cruise,2021-07-28 05:00:00
2021-07-28 06:00:00+00:00,13.173025,67.3927383333,11.3,2396.0181347941902,6.81580651035545,0.014155905829199799,0.10485856169777599,6.81580651035545,0.157287842546664,44.564888721554894,No (reported postion),cruise,2021-07-28 06:00:00
2021-07-28 07:00:00+00:00,13.5052033333,67.53886,12.2,2725.091,7.7519,0.016100100000000003,0.11926,7.7519,0.17889,50.6855,No (reported postion),cruise,2021-07-28 07:00:00
2021-07-28 08:00:00+00:00,13.8700933333,67.6866783333,12.2,2725.091,7.7519,0.016100100000000003,0.11926,7.7519,0.17889,50.6855,No (reported postion),cruise,2021-07-28 08:00:00
2021-07-28 09:00:00+00:00,14.2188583333,67.840805,12.0,2725.091,7.7519,0.016100100000000003,0.11926,7.7519,0.17889,50.6855,No (reported postion),cruise,2021-07-28 09:00:00
2021-07-28 10:00:00+00:00,14.6283466667,67.9628333333,12.1,2725.091,7.7519,0.016100100000000003,0.11926,7.7519,0.17889,50.6855,No (reported postion),cruise,2021-07-28 10:00:00
2021-07-28 11:00:00+00:00,15.0447216667,68.088795,11.6,2475.61653220237,7.04223521195421,0.014626180824828,0.10834208018391099,7.04223521195421,0.16251312027586598,46.0453840781622,No (reported postion),cruise,2021-07-28 11:00:00
2021-07-28 12:00:00+00:00,15.4910833333,68.190125,11.9,2664.33266268836,7.579064467166011,0.015741133893344802,0.11660099180255401,7.579064467166011,0.17490148770383102,49.5554215160854,No (reported postion),cruise,2021-07-28 12:00:00
2021-07-28 13:00:00+00:00,15.8634766667,68.31495,11.3,2296.4134332813996,6.53246709686174,0.0135674316627128,0.100499493797873,6.53246709686174,0.150749240696809,42.712284864096,No (reported postion),cruise,2021-07-28 13:00:00
2021-07-28 14:00:00+00:00,16.1093933333,68.4735866667,12.6,2725.091,7.7519,0.016100100000000003,0.11926,7.7519,0.17889,50.6855,No (reported postion),cruise,2021-07-28 14:00:00
2021-07-28 15:00:00+00:00,16.530525,68.5707683333,12.7,2725.091,7.7519,0.016100100000000003,0.11926,7.7519,0.17889,50.6855,No (reported postion),cruise,2021-07-28 15:00:00
2021-07-28 16:00:00+00:00,16.7016866667,68.7419783333,10.4,1813.42205912456,5.1585310215797,0.0107138721217425,0.07936201571661079,5.1585310215797,0.119043023574916,33.7288566795596,No (reported postion),cruise,2021-07-28 16:00:00
2021-07-28 17:00:00+00:00,16.566845,68.7977183333,0.1,219.36151868320002,0.624041905022215,0.00129600897252656,0.00960030772442959,0.624020002087923,0.0144007267746517,4.08059826813239,No (reported postion),anchor,2021-07-28 17:00:00
2021-07-28 18:00:00+00:00,16.56678,68.79771,0.0,219.36,0.624,0.001296,0.0096,0.624,0.0144,4.08,No (reported postion),anchor,2021-07-28 18:00:00
2021-07-28 19:00:00+00:00,16.5668866667,68.797735,0.0,219.36,0.624,0.001296,0.0096,0.624,0.0144,4.08,No (reported postion),anchor,2021-07-28 19:00:00
2021-07-28 20:00:00+00:00,16.56683,68.7977066667,0.0,219.36,0.624,0.001296,0.0096,0.624,0.0144,4.08,No (reported postion),anchor,2021-07-28 20:00:00
2021-07-28 21:00:00+00:00,16.56686,68.79771,0.0,219.36,0.624,0.001296,0.0096,0.624,0.0144,4.08,No (reported postion),anchor,2021-07-28 21:00:00
2021-07-28 22:00:00+00:00,16.56681,68.7977116667,0.0,219.36,0.624,0.001296,0.0096,0.624,0.0144,4.08,No (reported postion),anchor,2021-07-28 22:00:00
2021-07-28 23:00:00+00:00,16.566865,68.7977033333,0.0,219.36,0.624,0.001296,0.0096,0.624,0.0144,4.08,No (reported postion),anchor,2021-07-28 23:00:00
2021-07-29 00:00:00+00:00,16.56679,68.797725,0.0,219.36,0.624,0.001296,0.0096,0.624,0.0144,4.08,No (reported postion),anchor,2021-07-29 00:00:00
2021-07-29 01:00:00+00:00,16.6535866667,68.6731066667,12.5,2725.091,7.7519,0.016100100000000003,0.11926,7.7519,0.17889,50.6855,No (reported postion),cruise,2021-07-29 01:00:00
2021-07-29 02:00:00+00:00,16.3384266667,68.559645,12.1,2725.091,7.7519,0.016100100000000003,0.11926,7.7519,0.17889,50.6855,No (reported postion),cruise,2021-07-29 02:00:00
2021-07-29 03:00:00+00:00,16.042765,68.4107816667,9.7,1491.17115222586,4.2418435402486,0.00880998273743941,0.0652591313884401,4.2418435402486,0.0978886970826601,27.735130840087,No (reported postion),cruise,2021-07-29 03:00:00
2021-07-29 04:00:00+00:00,15.7216533333,68.26157,11.3,2296.4134332813996,6.53246709686174,0.0135674316627128,0.100499493797873,6.53246709686174,0.150749240696809,42.712284864096,No (reported postion),cruise,2021-07-29 04:00:00
2021-07-29 05:00:00+00:00,15.305515,68.1628316667,11.0,2126.47733924704,6.04906026481653,0.012563432857695902,0.0930624656125619,6.04906026481653,0.139593698418843,39.5515478853388,No (reported postion),cruise,2021-07-29 05:00:00
2021-07-29 06:00:00+00:00,14.9097283333,68.05805,11.0,2218.3576728491803,6.31042664049,0.0131062707148639,0.09708348677676931,6.31042664049,0.145625230165154,41.260481880127,No (reported postion),cruise,2021-07-29 06:00:00
2021-07-29 07:00:00+00:00,14.5419866667,67.9564916667,10.3,1840.04823426707,5.23427287647087,0.0108711821280549,0.0805272750226287,5.23427287647087,0.120790912533943,34.2240918846172,No (reported postion),cruise,2021-07-29 07:00:00
2021-07-29 08:00:00+00:00,14.16089,67.8568583333,10.2,1790.00506867688,5.091918138468159,0.0105755222875877,0.0783372021302793,5.091918138468159,0.117505803195419,33.2933109053687,No (reported postion),cruise,2021-07-29 08:00:00
2021-07-29 09:00:00+00:00,13.78441,67.7628433333,9.5,1466.37650902259,4.17131173244937,0.008663493598164089,0.0641740266530673,4.17131173244937,0.0962610399796009,27.2739613275536,No (reported postion),cruise,2021-07-29 09:00:00
2021-07-29 10:00:00+00:00,13.4528283333,67.66257,9.5,1466.37650902259,4.17131173244937,0.008663493598164089,0.0641740266530673,4.17131173244937,0.0962610399796009,27.2739613275536,No (reported postion),cruise,2021-07-29 10:00:00
2021-07-29 11:00:00+00:00,13.1032433333,67.565735,10.0,1692.8242545824,4.81547380953419,0.0100013686813402,0.0740842124543722,4.81547380953419,0.111126318681558,31.4857902931082,No (reported postion),cruise,2021-07-29 11:00:00
2021-07-29 12:00:00+00:00,12.755565,67.4705466667,9.4,1423.84005642807,4.05031088261814,0.0084121841408223,0.0623124751172022,4.05031088261814,0.0934687126758033,26.4828019248109,No (reported postion),cruise,2021-07-29 12:00:00
2021-07-29 13:00:00+00:00,12.4369633333,67.3809516667,9.1,1301.5654185399198,3.70248368512449,0.00768977380756624,0.0569612874634537,3.70248368512449,0.0854419311951805,24.208547171967798,No (reported postion),cruise,2021-07-29 13:00:00
2021-07-29 14:00:00+00:00,12.0970083333,67.2828066667,10.0,1692.8242545824,4.81547380953419,0.0100013686813402,0.0740842124543722,4.81547380953419,0.111126318681558,31.4857902931082,No (reported postion),cruise,2021-07-29 14:00:00
2021-07-29 15:00:00+00:00,11.7440816667,67.1866333333,9.9,1645.6675535070501,4.68133002091722,0.00972276235113576,0.0720204618602648,4.68133002091722,0.108030692790397,30.6086962906126,No (reported postion),cruise,2021-07-29 15:00:00
2021-07-29 16:00:00+00:00,11.38871,67.0892583333,10.7,2050.12823357639,5.8318746250531905,0.0121123549904951,0.0897211480777414,5.8318746250531905,0.134581722116612,38.1314879330401,No (reported postion),cruise,2021-07-29 16:00:00
2021-07-29 17:00:00+00:00,11.0119933333,66.9906683333,10.2,1790.00506867688,5.091918138468159,0.0105755222875877,0.0783372021302793,5.091918138468159,0.117505803195419,33.2933109053687,No (reported postion),cruise,2021-07-29 17:00:00
2021-07-29 18:00:00+00:00,10.6631766667,66.8936066667,10.0,1692.8242545824,4.81547380953419,0.0100013686813402,0.0740842124543722,4.81547380953419,0.111126318681558,31.4857902931082,No (reported postion),cruise,2021-07-29 18:00:00
2021-07-29 19:00:00+00:00,10.3172233333,66.7941983333,10.0,1692.8242545824,4.81547380953419,0.0100013686813402,0.0740842124543722,4.81547380953419,0.111126318681558,31.4857902931082,No (reported postion),cruise,2021-07-29 19:00:00
2021-07-29 20:00:00+00:00,9.98079,66.6939183333,10.0,1692.8242545824,4.81547380953419,0.0100013686813402,0.0740842124543722,4.81547380953419,0.111126318681558,31.4857902931082,No (reported postion),cruise,2021-07-29 20:00:00
2021-07-29 21:00:00+00:00,9.6504933333,66.598315,10.0,1692.8242545824,4.81547380953419,0.0100013686813402,0.0740842124543722,4.81547380953419,0.111126318681558,31.4857902931082,No (reported postion),cruise,2021-07-29 21:00:00
2021-07-29 22:00:00+00:00,9.3220616667,66.50202,10.0,1692.8242545824,4.81547380953419,0.0100013686813402,0.0740842124543722,4.81547380953419,0.111126318681558,31.4857902931082,No (reported postion),cruise,2021-07-29 22:00:00
2021-07-29 23:00:00+00:00,8.9874833333,66.4085866667,9.7,1554.1739318724901,4.4210637011689995,0.00918220922550484,0.06801636463336919,4.4210637011689995,0.102024546950054,28.9069549691819,No (reported postion),cruise,2021-07-29 23:00:00
2021-07-30 00:00:00+00:00,8.6578466667,66.3114133333,9.7,1554.1739318724901,4.4210637011689995,0.00918220922550484,0.06801636463336919,4.4210637011689995,0.102024546950054,28.9069549691819,No (reported postion),cruise,2021-07-30 00:00:00
2021-07-30 01:00:00+00:00,8.3307816667,66.2168233333,9.8,1599.45395469892,4.5498690177431,0.009449727959927991,0.0699979848883554,4.5498690177431,0.104996977332533,29.749143577551102,No (reported postion),cruise,2021-07-30 01:00:00
2021-07-30 02:00:00+00:00,8.004955,66.1226083333,9.5,1466.37650902259,4.17131173244937,0.008663493598164089,0.0641740266530673,4.17131173244937,0.0962610399796009,27.2739613275536,No (reported postion),cruise,2021-07-30 02:00:00
2021-07-30 03:00:00+00:00,7.6824333333,66.0325366667,9.6,1509.8179587422198,4.29488697235204,0.00892014986565423,0.06607518419003139,4.29488697235204,0.09911277628504711,28.0819532807633,No (reported postion),cruise,2021-07-30 03:00:00
2021-07-30 04:00:00+00:00,7.3459233333,65.9396483333,9.9,1645.6675535070501,4.68133002091722,0.00972276235113576,0.0720204618602648,4.68133002091722,0.108030692790397,30.6086962906126,No (reported postion),cruise,2021-07-30 04:00:00
2021-07-30 05:00:00+00:00,7.09515,65.812565,10.2,1790.00506867688,5.091918138468159,0.0105755222875877,0.0783372021302793,5.091918138468159,0.117505803195419,33.2933109053687,No (reported postion),cruise,2021-07-30 05:00:00
2021-07-30 06:00:00+00:00,6.91302,65.658935,10.7,2050.12823357639,5.8318746250531905,0.0121123549904951,0.0897211480777414,5.8318746250531905,0.134581722116612,38.1314879330401,No (reported postion),cruise,2021-07-30 06:00:00
2021-07-30 07:00:00+00:00,6.7239433333,65.4915683333,11.2,2335.7342122619502,6.64432051628125,0.013799742610738,0.102220315635096,6.64432051628125,0.15333047345264397,43.4436341449158,No (reported postion),cruise,2021-07-30 07:00:00
2021-07-30 08:00:00+00:00,6.5453783333,65.3307433333,10.0,1692.8242545824,4.81547380953419,0.0100013686813402,0.0740842124543722,4.81547380953419,0.111126318681558,31.4857902931082,No (reported postion),cruise,2021-07-30 08:00:00
2021-07-30 09:00:00+00:00,6.3728766667,65.181795,9.8,1599.45395469892,4.5498690177431,0.009449727959927991,0.0699979848883554,4.5498690177431,0.104996977332533,29.749143577551102,No (reported postion),cruise,2021-07-30 09:00:00
2021-07-30 10:00:00+00:00,6.214715,65.03725,9.7,1554.1739318724901,4.4210637011689995,0.00918220922550484,0.06801636463336919,4.4210637011689995,0.102024546950054,28.9069549691819,No (reported postion),cruise,2021-07-30 10:00:00
2021-07-30 11:00:00+00:00,6.053395,64.88743,9.7,1554.1739318724901,4.4210637011689995,0.00918220922550484,0.06801636463336919,4.4210637011689995,0.102024546950054,28.9069549691819,No (reported postion),cruise,2021-07-30 11:00:00
2021-07-30 12:00:00+00:00,5.8975316667,64.7473083333,9.3,1382.1990746731399,3.93185732401549,0.00816616521141679,0.0604901126771614,3.93185732401549,0.0907351690157421,25.7082978877936,No (reported postion),cruise,2021-07-30 12:00:00
2021-07-30 13:00:00+00:00,5.74598,64.605125,8.8,1187.09280849878,3.37685043993088,0.007013458606010299,0.0519515452297059,3.37685043993088,0.0779273178445589,22.079406722625002,No (reported postion),cruise,2021-07-30 13:00:00
2021-07-30 14:00:00+00:00,5.6169083333,64.4837533333,7.9,887.915048365053,2.52579773057893,0.00524588759427931,0.0388584266242912,2.52579773057893,0.0582876399364368,16.5148313153238,No (reported postion),cruise,2021-07-30 14:00:00
2021-07-30 15:00:00+00:00,5.4905233333,64.3594,8.7,1150.62459978528,3.27311155299969,0.00679800091776859,0.0503555623538414,3.27311155299969,0.07553334353076209,21.4011140003826,No (reported postion),cruise,2021-07-30 15:00:00
2021-07-30 16:00:00+00:00,5.3672833333,64.223305,8.9,1224.3993303386999,3.48297402503351,0.00723386912891575,0.0535842157697463,3.48297402503351,0.0803763236546194,22.7732917021422,No (reported postion),cruise,2021-07-30 16:00:00
2021-07-30 17:00:00+00:00,5.2301033333,64.0877116667,9.3,1382.1990746731399,3.93185732401549,0.00816616521141679,0.0604901126771614,3.93185732401549,0.0907351690157421,25.7082978877936,No (reported postion),cruise,2021-07-30 17:00:00
2021-07-30 18:00:00+00:00,5.06432,63.9381733333,9.9,1645.6675535070501,4.68133002091722,0.00972276235113576,0.0720204618602648,4.68133002091722,0.108030692790397,30.6086962906126,No (reported postion),cruise,2021-07-30 18:00:00
2021-07-30 19:00:00+00:00,4.9025183333,63.79252,10.2,1790.00506867688,5.091918138468159,0.0105755222875877,0.0783372021302793,5.091918138468159,0.117505803195419,33.2933109053687,No (reported postion),cruise,2021-07-30 19:00:00
2021-07-30 20:00:00+00:00,4.7284483333,63.6353233333,10.0,1692.8242545824,4.81547380953419,0.0100013686813402,0.0740842124543722,4.81547380953419,0.111126318681558,31.4857902931082,No (reported postion),cruise,2021-07-30 20:00:00
2021-07-30 21:00:00+00:00,4.5837633333,63.4866833333,9.7,1554.1739318724901,4.4210637011689995,0.00918220922550484,0.06801636463336919,4.4210637011689995,0.102024546950054,28.9069549691819,No (reported postion),cruise,2021-07-30 21:00:00
2021-07-30 22:00:00+00:00,4.447605,63.342225,9.4,1423.84005642807,4.05031088261814,0.0084121841408223,0.0623124751172022,4.05031088261814,0.0934687126758033,26.4828019248109,No (reported postion),cruise,2021-07-30 22:00:00
2021-07-30 23:00:00+00:00,4.2943733333,63.194925,9.8,1599.45395469892,4.5498690177431,0.009449727959927991,0.0699979848883554,4.5498690177431,0.104996977332533,29.749143577551102,No (reported postion),cruise,2021-07-30 23:00:00
2021-07-31 00:00:00+00:00,4.1432416667,63.0490533333,9.3,1382.1990746731399,3.93185732401549,0.00816616521141679,0.0604901126771614,3.93185732401549,0.0907351690157421,25.7082978877936,No (reported postion),cruise,2021-07-31 00:00:00
2021-07-31 01:00:00+00:00,4.0597916667,62.9045333333,9.1,1301.5654185399198,3.70248368512449,0.00768977380756624,0.0569612874634537,3.70248368512449,0.0854419311951805,24.208547171967798,No (reported postion),cruise,2021-07-31 01:00:00
2021-07-31 02:00:00+00:00,4.0511116667,62.7527116667,8.9,1224.3993303386999,3.48297402503351,0.00723386912891575,0.0535842157697463,3.48297402503351,0.0803763236546194,22.7732917021422,No (reported postion),cruise,2021-07-31 02:00:00
2021-07-31 03:00:00+00:00,4.0465883333,62.60145,9.3,1382.1990746731399,3.93185732401549,0.00816616521141679,0.0604901126771614,3.93185732401549,0.0907351690157421,25.7082978877936,No (reported postion),cruise,2021-07-31 03:00:00
2021-07-31 04:00:00+00:00,4.0360166667,62.4401133333,10.0,1692.8242545824,4.81547380953419,0.0100013686813402,0.0740842124543722,4.81547380953419,0.111126318681558,31.4857902931082,No (reported postion),cruise,2021-07-31 04:00:00
2021-07-31 05:00:00+00:00,4.0240433333,62.273905,10.0,1692.8242545824,4.81547380953419,0.0100013686813402,0.0740842124543722,4.81547380953419,0.111126318681558,31.4857902931082,No (reported postion),cruise,2021-07-31 05:00:00
2021-07-31 06:00:00+00:00,4.0137283333,62.1154633333,8.6,1114.98517791267,3.17173026539708,0.00658743978197855,0.0487958502368781,3.17173026539708,0.0731937753553172,20.7382363506732,No (reported postion),cruise,2021-07-31 06:00:00
2021-07-31 07:00:00+00:00,4.0126583333,61.9636883333,9.0,1262.55369159057,3.59150940715042,0.00745928876869703,0.0552539908792373,3.59150940715042,0.0828809863188559,23.4829461236758,No (reported postion),cruise,2021-07-31 07:00:00
2021-07-31 08:00:00+00:00,4.09757,61.8205733333,8.9,1224.3993303386999,3.48297402503351,0.00723386912891575,0.0535842157697463,3.48297402503351,0.0803763236546194,22.7732917021422,No (reported postion),cruise,2021-07-31 08:00:00
2021-07-31 09:00:00+00:00,4.0835883333,61.6703166667,9.5,1466.37650902259,4.17131173244937,0.008663493598164089,0.0641740266530673,4.17131173244937,0.0962610399796009,27.2739613275536,No (reported postion),cruise,2021-07-31 09:00:00
2021-07-31 10:00:00+00:00,4.0125566667,61.5197966667,9.1,1301.5654185399198,3.70248368512449,0.00768977380756624,0.0569612874634537,3.70248368512449,0.0854419311951805,24.208547171967798,No (reported postion),cruise,2021-07-31 10:00:00
2021-07-31 11:00:00+00:00,3.9853,61.3681766667,8.9,1224.3993303386999,3.48297402503351,0.00723386912891575,0.0535842157697463,3.48297402503351,0.0803763236546194,22.7732917021422,No (reported postion),cruise,2021-07-31 11:00:00
2021-07-31 12:00:00+00:00,3.988665,61.221525,8.7,1150.62459978528,3.27311155299969,0.00679800091776859,0.0503555623538414,3.27311155299969,0.07553334353076209,21.4011140003826,No (reported postion),cruise,2021-07-31 12:00:00
2021-07-31 13:00:00+00:00,3.9898916667,61.0763983333,9.0,1262.55369159057,3.59150940715042,0.00745928876869703,0.0552539908792373,3.59150940715042,0.0828809863188559,23.4829461236758,No (reported postion),cruise,2021-07-31 13:00:00
2021-07-31 14:00:00+00:00,3.989765,60.921535,9.1,1301.5654185399198,3.70248368512449,0.00768977380756624,0.0569612874634537,3.70248368512449,0.0854419311951805,24.208547171967798,No (reported postion),cruise,2021-07-31 14:00:00
2021-07-31 15:00:00+00:00,3.99415,60.7677866667,9.4,1423.84005642807,4.05031088261814,0.0084121841408223,0.0623124751172022,4.05031088261814,0.0934687126758033,26.4828019248109,No (reported postion),cruise,2021-07-31 15:00:00
2021-07-31 16:00:00+00:00,4.00679,60.609935,9.6,1509.8179587422198,4.29488697235204,0.00892014986565423,0.06607518419003139,4.29488697235204,0.09911277628504711,28.0819532807633,No (reported postion),cruise,2021-07-31 16:00:00
2021-07-31 17:00:00+00:00,4.017555,60.451815,9.7,1554.1739318724901,4.4210637011689995,0.00918220922550484,0.06801636463336919,4.4210637011689995,0.102024546950054,28.9069549691819,No (reported postion),cruise,2021-07-31 17:00:00
2021-07-31 18:00:00+00:00,4.0220616667,60.2898316667,9.7,1554.1739318724901,4.4210637011689995,0.00918220922550484,0.06801636463336919,4.4210637011689995,0.102024546950054,28.9069549691819,No (reported postion),cruise,2021-07-31 18:00:00
2021-07-31 19:00:00+00:00,4.0300033333,60.1261933333,9.9,1645.6675535070501,4.68133002091722,0.00972276235113576,0.0720204618602648,4.68133002091722,0.108030692790397,30.6086962906126,No (reported postion),cruise,2021-07-31 19:00:00
2021-07-31 20:00:00+00:00,4.0352533333,59.958605,9.7,1554.1739318724901,4.4210637011689995,0.00918220922550484,0.06801636463336919,4.4210637011689995,0.102024546950054,28.9069549691819,No (reported postion),cruise,2021-07-31 20:00:00
2021-07-31 21:00:00+00:00,4.03252,59.800955,9.3,1382.1990746731399,3.93185732401549,0.00816616521141679,0.0604901126771614,3.93185732401549,0.0907351690157421,25.7082978877936,No (reported postion),cruise,2021-07-31 21:00:00
2021-07-31 22:00:00+00:00,4.0309866667,59.6415233333,9.9,1645.6675535070501,4.68133002091722,0.00972276235113576,0.0720204618602648,4.68133002091722,0.108030692790397,30.6086962906126,No (reported postion),cruise,2021-07-31 22:00:00
2021-07-31 23:00:00+00:00,4.034415,59.4775916667,9.8,1599.45395469892,4.5498690177431,0.009449727959927991,0.0699979848883554,4.5498690177431,0.104996977332533,29.749143577551102,No (reported postion),cruise,2021-07-31 23:00:00
2021-08-01 00:00:00+00:00,4.0310733333,59.3167383333,9.4,1423.84005642807,4.05031088261814,0.0084121841408223,0.0623124751172022,4.05031088261814,0.0934687126758033,26.4828019248109,No (reported postion),cruise,2021-08-01 00:00:00
2021-08-01 01:00:00+00:00,4.0318633333,59.1635066667,8.1,948.886451169527,2.69923935781266,0.0056061125123801295,0.041526759350964,2.69923935781266,0.0622901390264459,17.648872724159702,No (reported postion),cruise,2021-08-01 01:00:00
2021-08-01 02:00:00+00:00,4.0399166667,59.0183233333,9.1,1301.5654185399198,3.70248368512449,0.00768977380756624,0.0569612874634537,3.70248368512449,0.0854419311951805,24.208547171967798,No (reported postion),cruise,2021-08-01 02:00:00
2021-08-01 03:00:00+00:00,4.2172516667,58.885245,10.2,1790.00506867688,5.091918138468159,0.0105755222875877,0.0783372021302793,5.091918138468159,0.117505803195419,33.2933109053687,No (reported postion),cruise,2021-08-01 03:00:00
2021-08-01 04:00:00+00:00,4.4316066667,58.7548966667,10.2,1790.00506867688,5.091918138468159,0.0105755222875877,0.0783372021302793,5.091918138468159,0.117505803195419,33.2933109053687,No (reported postion),cruise,2021-08-01 04:00:00
2021-08-01 05:00:00+00:00,4.6747033333,58.6257966667,11.0,2218.3576728491803,6.31042664049,0.0131062707148639,0.09708348677676931,6.31042664049,0.145625230165154,41.260481880127,No (reported postion),cruise,2021-08-01 05:00:00
2021-08-01 06:00:00+00:00,4.91781,58.4879866667,11.2,2335.7342122619502,6.64432051628125,0.013799742610738,0.102220315635096,6.64432051628125,0.15333047345264397,43.4436341449158,No (reported postion),cruise,2021-08-01 06:00:00
2021-08-01 07:00:00+00:00,5.163485,58.3583883333,11.2,2335.7342122619502,6.64432051628125,0.013799742610738,0.102220315635096,6.64432051628125,0.15333047345264397,43.4436341449158,No (reported postion),cruise,2021-08-01 07:00:00
2021-08-01 08:00:00+00:00,5.4081483333,58.22262,10.6,1996.1030806357198,5.67819257073617,0.011793169185375102,0.0873568087805564,5.67819257073617,0.131035213170835,37.1266437317365,No (reported postion),cruise,2021-08-01 08:00:00
2021-08-01 09:00:00+00:00,5.6264933333,58.1211333333,9.0,1262.55369159057,3.59150940715042,0.00745928876869703,0.0552539908792373,3.59150940715042,0.0828809863188559,23.4829461236758,No (reported postion),cruise,2021-08-01 09:00:00
2021-08-01 10:00:00+00:00,5.8385683333,58.0178333333,9.1,1301.5654185399198,3.70248368512449,0.00768977380756624,0.0569612874634537,3.70248368512449,0.0854419311951805,24.208547171967798,No (reported postion),cruise,2021-08-01 10:00:00
2021-08-01 11:00:00+00:00,6.05554,57.9154733333,9.3,1382.1990746731399,3.93185732401549,0.00816616521141679,0.0604901126771614,3.93185732401549,0.0907351690157421,25.7082978877936,No (reported postion),cruise,2021-08-01 11:00:00
2021-08-01 12:00:00+00:00,6.280745,57.812745,9.2,1341.4440374722599,3.8159239577985598,0.007925380527735471,0.058706522427670105,3.8159239577985598,0.08805978364150521,24.9502720317598,No (reported postion),cruise,2021-08-01 12:00:00
2021-08-01 13:00:00+00:00,6.51002,57.7223883333,8.6,1114.98517791267,3.17173026539708,0.00658743978197855,0.0487958502368781,3.17173026539708,0.0731937753553172,20.7382363506732,No (reported postion),cruise,2021-08-01 13:00:00
2021-08-01 14:00:00+00:00,6.7716083333,57.7000433333,9.2,1341.4440374722599,3.8159239577985598,0.007925380527735471,0.058706522427670105,3.8159239577985598,0.08805978364150521,24.9502720317598,No (reported postion),cruise,2021-08-01 14:00:00
2021-08-01 15:00:00+00:00,7.05687,57.6900183333,9.1,1301.5654185399198,3.70248368512449,0.00768977380756624,0.0569612874634537,3.70248368512449,0.0854419311951805,24.208547171967798,No (reported postion),cruise,2021-08-01 15:00:00
2021-08-01 16:00:00+00:00,7.32621,57.6856916667,8.7,1150.62459978528,3.27311155299969,0.00679800091776859,0.0503555623538414,3.27311155299969,0.07553334353076209,21.4011140003826,No (reported postion),cruise,2021-08-01 16:00:00
2021-08-01 17:00:00+00:00,7.5941216667,57.677325,8.4,1046.15458954801,2.97593209280615,0.006180782038905089,0.0457835706585562,2.97593209280615,0.0686753559878343,19.4580175298864,No (reported postion),cruise,2021-08-01 17:00:00
2021-08-01 18:00:00+00:00,7.8626033333,57.6783383333,9.2,1341.4440374722599,3.8159239577985598,0.007925380527735471,0.058706522427670105,3.8159239577985598,0.08805978364150521,24.9502720317598,No (reported postion),cruise,2021-08-01 18:00:00
2021-08-01 19:00:00+00:00,8.1523716667,57.6833366667,9.4,1423.84005642807,4.05031088261814,0.0084121841408223,0.0623124751172022,4.05031088261814,0.0934687126758033,26.4828019248109,No (reported postion),cruise,2021-08-01 19:00:00
2021-08-01 20:00:00+00:00,8.44202,57.69786,9.2,1341.4440374722599,3.8159239577985598,0.007925380527735471,0.058706522427670105,3.8159239577985598,0.08805978364150521,24.9502720317598,No (reported postion),cruise,2021-08-01 20:00:00
2021-08-01 21:00:00+00:00,8.7423116667,57.7141733333,9.8,1599.45395469892,4.5498690177431,0.009449727959927991,0.0699979848883554,4.5498690177431,0.104996977332533,29.749143577551102,No (reported postion),cruise,2021-08-01 21:00:00
2021-08-01 22:00:00+00:00,9.0418266667,57.7352783333,9.6,1509.8179587422198,4.29488697235204,0.00892014986565423,0.06607518419003139,4.29488697235204,0.09911277628504711,28.0819532807633,No (reported postion),cruise,2021-08-01 22:00:00
2021-08-01 23:00:00+00:00,9.33754,57.7524066667,9.3,1382.1990746731399,3.93185732401549,0.00816616521141679,0.0604901126771614,3.93185732401549,0.0907351690157421,25.7082978877936,No (reported postion),cruise,2021-08-01 23:00:00
2021-08-02 00:00:00+00:00,9.6268183333,57.7657033333,9.2,1341.4440374722599,3.8159239577985598,0.007925380527735471,0.058706522427670105,3.8159239577985598,0.08805978364150521,24.9502720317598,No (reported postion),cruise,2021-08-02 00:00:00
2021-08-02 01:00:00+00:00,9.9064366667,57.7789166667,9.2,1341.4440374722599,3.8159239577985598,0.007925380527735471,0.058706522427670105,3.8159239577985598,0.08805978364150521,24.9502720317598,No (reported postion),cruise,2021-08-02 01:00:00
2021-08-02 02:00:00+00:00,10.1920283333,57.792325,8.8,1187.09280849878,3.37685043993088,0.007013458606010299,0.0519515452297059,3.37685043993088,0.0779273178445589,22.079406722625002,No (reported postion),cruise,2021-08-02 02:00:00
2021-08-02 03:00:00+00:00,10.4602783333,57.81381,8.9,1175.7345768457199,3.3445403717711804,0.00694635307983246,0.0514544672580182,3.3445403717711804,0.0771817008870273,21.868148584657703,No (reported postion),cruise,2021-08-02 03:00:00
2021-08-02 04:00:00+00:00,10.7442733333,57.802685,9.5,1407.1910086302998,4.00295035277766,0.0083138199634613,0.0615838515811948,4.00295035277766,0.0923757773717922,26.173136922007803,No (reported postion),cruise,2021-08-02 04:00:00
2021-08-02 05:00:00+00:00,10.9995183333,57.7369516667,8.2,980.52483312059,2.78923913141525,0.0057930351190932,0.042911371252542206,2.78923913141525,0.0643670568788134,18.2373327823305,No (reported postion),cruise,2021-08-02 05:00:00
2021-08-02 06:00:00+00:00,11.240575,57.68288,8.5,1080.16501659542,3.07267947828018,0.0063817189164280695,0.047271991973541296,3.07267947828018,0.0709079879603119,20.090596588755,No (reported postion),cruise,2021-08-02 06:00:00
2021-08-02 07:00:00+00:00,11.4544933333,57.6237183333,6.9,604.01109936041,1.78915317423843,0.00356855572926282,0.026652083604114397,1.7323854342674398,0.040305631598311895,11.6983092161743,No (reported postion),cruise,2021-08-02 07:00:00
2021-08-02 08:00:00+00:00,11.6891933333,57.5939,1.5,224.48555580011902,0.765429449977033,0.00132628227715607,0.010638569949871,0.691507046741615,0.0168528644496413,6.0991549468172295,No (reported postion),anchor,2021-08-02 08:00:00
2021-08-02 09:00:00+00:00,11.6904,57.5929,0.1,219.36151868320002,0.624041905022215,0.00129600897252656,0.00960030772442959,0.624020002087923,0.0144007267746517,4.08059826813239,No (reported postion),anchor,2021-08-02 09:00:00
2021-08-02 10:00:00+00:00,11.6906116667,57.59297,0.0,219.36,0.624,0.001296,0.0096,0.624,0.0144,4.08,No (reported postion),anchor,2021-08-02 10:00:00
2021-08-02 11:00:00+00:00,11.6902483333,57.5928583333,0.1,219.36151868320002,0.624041905022215,0.00129600897252656,0.00960030772442959,0.624020002087923,0.0144007267746517,4.08059826813239,No (reported postion),anchor,2021-08-02 11:00:00
2021-08-02 12:00:00+00:00,11.6901733333,57.5928516667,0.1,219.36151868320002,0.624041905022215,0.00129600897252656,0.00960030772442959,0.624020002087923,0.0144007267746517,4.08059826813239,No (reported postion),anchor,2021-08-02 12:00:00
2021-08-02 13:00:00+00:00,11.689515,57.5927483333,0.1,219.36151868320002,0.624041905022215,0.00129600897252656,0.00960030772442959,0.624020002087923,0.0144007267746517,4.08059826813239,No (reported postion),anchor,2021-08-02 13:00:00
2021-08-02 14:00:00+00:00,11.6894716667,57.5927516667,0.0,219.36,0.624,0.001296,0.0096,0.624,0.0144,4.08,No (reported postion),anchor,2021-08-02 14:00:00
2021-08-02 15:00:00+00:00,11.689625,57.5927466667,0.0,219.36,0.624,0.001296,0.0096,0.624,0.0144,4.08,No (reported postion),anchor,2021-08-02 15:00:00
2021-08-02 16:00:00+00:00,11.6899733333,57.5928316667,0.0,219.36,0.624,0.001296,0.0096,0.624,0.0144,4.08,No (reported postion),anchor,2021-08-02 16:00:00
2021-08-02 17:00:00+00:00,11.6900116667,57.592835,0.0,219.36,0.624,0.001296,0.0096,0.624,0.0144,4.08,No (reported postion),anchor,2021-08-02 17:00:00
2021-08-02 18:00:00+00:00,11.6899783333,57.5928366667,0.0,219.36,0.624,0.001296,0.0096,0.624,0.0144,4.08,No (reported postion),anchor,2021-08-02 18:00:00
2021-08-02 19:00:00+00:00,11.689335,57.59281,0.0,219.36,0.624,0.001296,0.0096,0.624,0.0144,4.08,No (reported postion),anchor,2021-08-02 19:00:00
2021-08-02 20:00:00+00:00,11.6877233333,57.59309,0.0,219.36,0.624,0.001296,0.0096,0.624,0.0144,4.08,No (reported postion),anchor,2021-08-02 20:00:00
2021-08-02 21:00:00+00:00,11.687295,57.593495,0.0,219.36,0.624,0.001296,0.0096,0.624,0.0144,4.08,No (reported postion),anchor,2021-08-02 21:00:00
2021-08-02 22:00:00+00:00,11.687295,57.59435,0.0,219.36,0.624,0.001296,0.0096,0.624,0.0144,4.08,No (reported postion),anchor,2021-08-02 22:00:00
2021-08-02 23:00:00+00:00,11.6895583333,57.5948216667,0.1,219.36151868320002,0.624041905022215,0.00129600897252656,0.00960030772442959,0.624020002087923,0.0144007267746517,4.08059826813239,No (reported postion),anchor,2021-08-02 23:00:00
2021-08-03 00:00:00+00:00,11.6900483333,57.59325,0.1,219.36151868320002,0.624041905022215,0.00129600897252656,0.00960030772442959,0.624020002087923,0.0144007267746517,4.08059826813239,No (reported postion),anchor,2021-08-03 00:00:00
2021-08-03 01:00:00+00:00,11.6901966667,57.5931783333,0.0,219.36,0.624,0.001296,0.0096,0.624,0.0144,4.08,No (reported postion),anchor,2021-08-03 01:00:00
2021-08-03 02:00:00+00:00,11.69003,57.5930516667,0.0,219.36,0.624,0.001296,0.0096,0.624,0.0144,4.08,No (reported postion),anchor,2021-08-03 02:00:00
2021-08-03 03:00:00+00:00,11.6900933333,57.5930216667,0.0,219.36,0.624,0.001296,0.0096,0.624,0.0144,4.08,No (reported postion),anchor,2021-08-03 03:00:00
2021-08-03 04:00:00+00:00,11.6908666667,57.5934283333,0.0,219.36,0.624,0.001296,0.0096,0.624,0.0144,4.08,No (reported postion),anchor,2021-08-03 04:00:00
2021-08-03 05:00:00+00:00,11.6911,57.5939,0.1,219.36151868320002,0.624041905022215,0.00129600897252656,0.00960030772442959,0.624020002087923,0.0144007267746517,4.08059826813239,No (reported postion),anchor,2021-08-03 05:00:00
2021-08-03 06:00:00+00:00,11.6897,57.5951,0.1,219.36151868320002,0.624041905022215,0.00129600897252656,0.00960030772442959,0.624020002087923,0.0144007267746517,4.08059826813239,No (reported postion),anchor,2021-08-03 06:00:00
2021-08-03 07:00:00+00:00,11.68877,57.5951783333,0.0,219.36,0.624,0.001296,0.0096,0.624,0.0144,4.08,No (reported postion),anchor,2021-08-03 07:00:00
2021-08-03 08:00:00+00:00,11.6890416667,57.595255,0.0,219.36,0.624,0.001296,0.0096,0.624,0.0144,4.08,No (reported postion),anchor,2021-08-03 08:00:00
2021-08-03 09:00:00+00:00,11.6890616667,57.5953366667,0.0,219.36,0.624,0.001296,0.0096,0.624,0.0144,4.08,No (reported postion),anchor,2021-08-03 09:00:00
2021-08-03 10:00:00+00:00,11.689005,57.59581,0.0,219.36,0.624,0.001296,0.0096,0.624,0.0144,4.08,No (reported postion),anchor,2021-08-03 10:00:00
2021-08-03 11:00:00+00:00,11.6892766667,57.5958266667,0.0,219.36,0.624,0.001296,0.0096,0.624,0.0144,4.08,No (reported postion),anchor,2021-08-03 11:00:00
2021-08-03 12:00:00+00:00,11.6893666667,57.5957933333,0.0,219.36,0.624,0.001296,0.0096,0.624,0.0144,4.08,No (reported postion),anchor,2021-08-03 12:00:00
2021-08-03 13:00:00+00:00,11.6893616667,57.5959066667,0.0,219.36,0.624,0.001296,0.0096,0.624,0.0144,4.08,No (reported postion),anchor,2021-08-03 13:00:00
2021-08-03 14:00:00+00:00,11.689305,57.595835,0.0,219.36,0.624,0.001296,0.0096,0.624,0.0144,4.08,No (reported postion),anchor,2021-08-03 14:00:00
2021-08-03 15:00:00+00:00,11.6895516667,57.5958033333,0.0,219.36,0.624,0.001296,0.0096,0.624,0.0144,4.08,No (reported postion),anchor,2021-08-03 15:00:00
2021-08-03 16:00:00+00:00,11.68861,57.5958616667,0.0,219.36,0.624,0.001296,0.0096,0.624,0.0144,4.08,No (reported postion),anchor,2021-08-03 16:00:00
2021-08-03 17:00:00+00:00,11.6799166667,57.5959416667,5.4,344.24793141036497,1.7819691413938201,0.0020338499229934103,0.0178912548311231,1.162931564023,0.0301335320670027,13.163609389081001,No (reported postion),cruise,2021-08-03 17:00:00
2021-08-03 18:00:00+00:00,11.8727283333,57.68764,1.7,226.821290561774,0.829879374144345,0.00134008202301267,0.0111118501225826,0.722270257967868,0.017970643864025998,7.0192913344335,No (reported postion),anchor,2021-08-03 18:00:00
2021-08-03 19:00:00+00:00,11.8733316667,57.690495,0.0,219.36,0.624,0.001296,0.0096,0.624,0.0144,4.08,No (reported postion),anchor,2021-08-03 19:00:00
2021-08-03 20:00:00+00:00,11.8733283333,57.6904933333,0.0,219.36,0.624,0.001296,0.0096,0.624,0.0144,4.08,No (reported postion),anchor,2021-08-03 20:00:00
2021-08-03 21:00:00+00:00,11.87337,57.69046,0.0,219.36,0.624,0.001296,0.0096,0.624,0.0144,4.08,No (reported postion),anchor,2021-08-03 21:00:00
2021-08-03 22:00:00+00:00,11.873375,57.6905066667,0.0,219.36,0.624,0.001296,0.0096,0.624,0.0144,4.08,No (reported postion),anchor,2021-08-03 22:00:00
2021-08-03 23:00:00+00:00,11.8733466667,57.6904966667,0.0,219.36,0.624,0.001296,0.0096,0.624,0.0144,4.08,No (reported postion),anchor,2021-08-03 23:00:00
2021-08-04 00:00:00+00:00,11.8733583333,57.69049,0.0,219.36,0.624,0.001296,0.0096,0.624,0.0144,4.08,No (reported postion),anchor,2021-08-04 00:00:00
2021-08-04 01:00:00+00:00,11.87331,57.6905083333,0.0,219.36,0.624,0.001296,0.0096,0.624,0.0144,4.08,No (reported postion),anchor,2021-08-04 01:00:00
2021-08-04 02:00:00+00:00,11.8733266667,57.6905033333,0.0,219.36,0.624,0.001296,0.0096,0.624,0.0144,4.08,No (reported postion),anchor,2021-08-04 02:00:00
2021-08-04 03:00:00+00:00,11.873355,57.6904616667,0.0,219.36,0.624,0.001296,0.0096,0.624,0.0144,4.08,No (reported postion),anchor,2021-08-04 03:00:00
2021-08-04 04:00:00+00:00,11.8733616667,57.6904533333,0.0,219.36,0.624,0.001296,0.0096,0.624,0.0144,4.08,No (reported postion),anchor,2021-08-04 04:00:00
2021-08-04 05:00:00+00:00,11.87335,57.6904466667,0.0,219.36,0.624,0.001296,0.0096,0.624,0.0144,4.08,No (reported postion),anchor,2021-08-04 05:00:00
2021-08-04 06:00:00+00:00,11.8733216667,57.6904633333,0.0,219.36,0.624,0.001296,0.0096,0.624,0.0144,4.08,No (reported postion),anchor,2021-08-04 06:00:00
2021-08-04 07:00:00+00:00,11.8733833333,57.6905066667,0.0,219.36,0.624,0.001296,0.0096,0.624,0.0144,4.08,No (reported postion),anchor,2021-08-04 07:00:00
2021-08-04 08:00:00+00:00,11.8733483333,57.6904666667,0.0,219.36,0.624,0.001296,0.0096,0.624,0.0144,4.08,No (reported postion),anchor,2021-08-04 08:00:00
2021-08-04 09:00:00+00:00,11.873355,57.6904866667,0.0,219.36,0.624,0.001296,0.0096,0.624,0.0144,4.08,No (reported postion),anchor,2021-08-04 09:00:00
2021-08-04 10:00:00+00:00,11.87335,57.6904833333,0.0,219.36,0.624,0.001296,0.0096,0.624,0.0144,4.08,No (reported postion),anchor,2021-08-04 10:00:00
2021-08-04 11:00:00+00:00,11.87339,57.6905083333,0.0,219.36,0.624,0.001296,0.0096,0.624,0.0144,4.08,No (reported postion),anchor,2021-08-04 11:00:00
2021-08-04 12:00:00+00:00,11.87335,57.6904783333,0.0,219.36,0.624,0.001296,0.0096,0.624,0.0144,4.08,No (reported postion),anchor,2021-08-04 12:00:00
2021-08-04 13:00:00+00:00,11.8733616667,57.690485,0.0,219.36,0.624,0.001296,0.0096,0.624,0.0144,4.08,No (reported postion),anchor,2021-08-04 13:00:00
2021-08-04 14:00:00+00:00,11.8733833333,57.6904933333,0.0,219.36,0.624,0.001296,0.0096,0.624,0.0144,4.08,No (reported postion),anchor,2021-08-04 14:00:00
2021-08-04 15:00:00+00:00,11.8733516667,57.690475,0.0,219.36,0.624,0.001296,0.0096,0.624,0.0144,4.08,No (reported postion),anchor,2021-08-04 15:00:00
2021-08-04 16:00:00+00:00,11.8733366667,57.69047,0.0,219.36,0.624,0.001296,0.0096,0.624,0.0144,4.08,No (reported postion),anchor,2021-08-04 16:00:00
2021-08-04 17:00:00+00:00,11.873335,57.6904566667,0.0,219.36,0.624,0.001296,0.0096,0.624,0.0144,4.08,No (reported postion),anchor,2021-08-04 17:00:00
2021-08-04 18:00:00+00:00,11.8733783333,57.6904866667,0.0,219.36,0.624,0.001296,0.0096,0.624,0.0144,4.08,No (reported postion),anchor,2021-08-04 18:00:00
2021-08-04 19:00:00+00:00,11.8733383333,57.6904733333,0.0,219.36,0.624,0.001296,0.0096,0.624,0.0144,4.08,No (reported postion),anchor,2021-08-04 19:00:00
2021-08-04 20:00:00+00:00,11.8733883333,57.6905033333,0.0,219.36,0.624,0.001296,0.0096,0.624,0.0144,4.08,No (reported postion),anchor,2021-08-04 20:00:00
2021-08-04 21:00:00+00:00,11.87332,57.690485,0.0,219.36,0.624,0.001296,0.0096,0.624,0.0144,4.08,No (reported postion),anchor,2021-08-04 21:00:00
2021-08-04 22:00:00+00:00,11.8733333333,57.6904866667,0.0,219.36,0.624,0.001296,0.0096,0.624,0.0144,4.08,No (reported postion),anchor,2021-08-04 22:00:00
2021-08-04 23:00:00+00:00,11.8733616667,57.6904683333,0.0,219.36,0.624,0.001296,0.0096,0.624,0.0144,4.08,No (reported postion),anchor,2021-08-04 23:00:00
2021-08-05 00:00:00+00:00,11.8732766667,57.6904483333,0.0,219.36,0.624,0.001296,0.0096,0.624,0.0144,4.08,No (reported postion),anchor,2021-08-05 00:00:00
2021-08-05 01:00:00+00:00,11.8733533333,57.6904666667,0.0,219.36,0.624,0.001296,0.0096,0.624,0.0144,4.08,No (reported postion),anchor,2021-08-05 01:00:00
2021-08-05 02:00:00+00:00,11.87335,57.690475,0.0,219.36,0.624,0.001296,0.0096,0.624,0.0144,4.08,No (reported postion),anchor,2021-08-05 02:00:00
2021-08-05 03:00:00+00:00,11.8732983333,57.6904916667,0.0,219.36,0.624,0.001296,0.0096,0.624,0.0144,4.08,No (reported postion),anchor,2021-08-05 03:00:00
2021-08-05 04:00:00+00:00,11.8733983333,57.690515,0.0,219.36,0.624,0.001296,0.0096,0.624,0.0144,4.08,No (reported postion),anchor,2021-08-05 04:00:00
2021-08-05 05:00:00+00:00,11.8733216667,57.69052,0.0,219.36,0.624,0.001296,0.0096,0.624,0.0144,4.08,No (reported postion),anchor,2021-08-05 05:00:00
2021-08-05 06:00:00+00:00,11.8733783333,57.6904633333,0.0,219.36,0.624,0.001296,0.0096,0.624,0.0144,4.08,No (reported postion),anchor,2021-08-05 06:00:00
2021-08-05 07:00:00+00:00,11.8733316667,57.6904566667,0.0,219.36,0.624,0.001296,0.0096,0.624,0.0144,4.08,No (reported postion),anchor,2021-08-05 07:00:00
2021-08-05 08:00:00+00:00,11.87335,57.6904683333,0.0,219.36,0.624,0.001296,0.0096,0.624,0.0144,4.08,No (reported postion),anchor,2021-08-05 08:00:00
2021-08-05 09:00:00+00:00,11.8733016667,57.6904433333,0.0,219.36,0.624,0.001296,0.0096,0.624,0.0144,4.08,No (reported postion),anchor,2021-08-05 09:00:00
2021-08-05 10:00:00+00:00,11.8733583333,57.69048,0.0,219.36,0.624,0.001296,0.0096,0.624,0.0144,4.08,No (reported postion),anchor,2021-08-05 10:00:00
2021-08-05 11:00:00+00:00,11.8733583333,57.690455,0.0,219.36,0.624,0.001296,0.0096,0.624,0.0144,4.08,No (reported postion),anchor,2021-08-05 11:00:00
2021-08-05 12:00:00+00:00,11.8733733333,57.69046,0.0,219.36,0.624,0.001296,0.0096,0.624,0.0144,4.08,No (reported postion),anchor,2021-08-05 12:00:00
2021-08-05 13:00:00+00:00,11.8733833333,57.6905016667,0.0,219.36,0.624,0.001296,0.0096,0.624,0.0144,4.08,No (reported postion),anchor,2021-08-05 13:00:00
2021-08-05 14:00:00+00:00,11.8733683333,57.6905083333,0.0,219.36,0.624,0.001296,0.0096,0.624,0.0144,4.08,No (reported postion),anchor,2021-08-05 14:00:00
2021-08-05 15:00:00+00:00,11.8733083333,57.6904916667,0.0,219.36,0.624,0.001296,0.0096,0.624,0.0144,4.08,No (reported postion),anchor,2021-08-05 15:00:00
2021-08-05 16:00:00+00:00,11.8733783333,57.6904633333,0.0,219.36,0.624,0.001296,0.0096,0.624,0.0144,4.08,No (reported postion),anchor,2021-08-05 16:00:00
2021-08-05 17:00:00+00:00,11.8733516667,57.6904516667,0.0,219.36,0.624,0.001296,0.0096,0.624,0.0144,4.08,No (reported postion),anchor,2021-08-05 17:00:00
2021-08-05 18:00:00+00:00,11.8733516667,57.69047,0.0,219.36,0.624,0.001296,0.0096,0.624,0.0144,4.08,No (reported postion),anchor,2021-08-05 18:00:00
2021-08-05 19:00:00+00:00,11.8589916667,57.6858516667,6.8,582.632595953513,1.80680110713549,0.00344224947281069,0.025916107127903,1.68454696331369,0.0395011050191457,11.8136995466551,No (reported postion),cruise,2021-08-05 19:00:00
2021-08-05 20:00:00+00:00,11.5953233333,57.5486716667,15.0,2725.091,7.7519,0.016100100000000003,0.11926,7.7519,0.17889,50.6855,No (reported postion),cruise,2021-08-05 20:00:00
2021-08-05 21:00:00+00:00,11.5808816667,57.2907216667,15.3,2725.091,7.7519,0.016100100000000003,0.11926,7.7519,0.17889,50.6855,No (reported postion),cruise,2021-08-05 21:00:00
2021-08-05 22:00:00+00:00,11.664855,57.0505766667,14.9,2725.091,7.7519,0.016100100000000003,0.11926,7.7519,0.17889,50.6855,No (reported postion),cruise,2021-08-05 22:00:00
2021-08-05 23:00:00+00:00,11.8236283333,56.8180866667,14.6,2725.091,7.7519,0.016100100000000003,0.11926,7.7519,0.17889,50.6855,No (reported postion),cruise,2021-08-05 23:00:00
2021-08-06 00:00:00+00:00,11.7179433333,56.60282,14.5,2725.091,7.7519,0.016100100000000003,0.11926,7.7519,0.17889,50.6855,No (reported postion),cruise,2021-08-06 00:00:00
2021-08-06 01:00:00+00:00,11.476985,56.398745,14.7,2725.091,7.7519,0.016100100000000003,0.11926,7.7519,0.17889,50.6855,No (reported postion),cruise,2021-08-06 01:00:00
2021-08-06 02:00:00+00:00,11.2668583333,56.1878033333,14.4,2725.091,7.7519,0.016100100000000003,0.11926,7.7519,0.17889,50.6855,No (reported postion),cruise,2021-08-06 02:00:00
2021-08-06 03:00:00+00:00,11.0357283333,55.993575,13.8,2725.091,7.7519,0.016100100000000003,0.11926,7.7519,0.17889,50.6855,No (reported postion),cruise,2021-08-06 03:00:00
2021-08-06 04:00:00+00:00,10.8026633333,55.81159,13.3,2725.091,7.7519,0.016100100000000003,0.11926,7.7519,0.17889,50.6855,No (reported postion),cruise,2021-08-06 04:00:00
2021-08-06 05:00:00+00:00,10.80375,55.5936666667,12.9,2725.091,7.7519,0.016100100000000003,0.11926,7.7519,0.17889,50.6855,No (reported postion),cruise,2021-08-06 05:00:00
2021-08-06 06:00:00+00:00,10.996805,55.3990066667,13.3,2725.091,7.7519,0.016100100000000003,0.11926,7.7519,0.17889,50.6855,No (reported postion),cruise,2021-08-06 06:00:00
2021-08-06 07:00:00+00:00,11.082005,55.195045,13.4,2725.091,7.7519,0.016100100000000003,0.11926,7.7519,0.17889,50.6855,No (reported postion),cruise,2021-08-06 07:00:00
2021-08-06 08:00:00+00:00,11.00558,54.9881733333,13.0,2725.091,7.7519,0.016100100000000003,0.11926,7.7519,0.17889,50.6855,No (reported postion),cruise,2021-08-06 08:00:00
2021-08-06 09:00:00+00:00,10.8594983333,54.8227183333,12.4,2725.091,7.7519,0.016100100000000003,0.11926,7.7519,0.17889,50.6855,No (reported postion),cruise,2021-08-06 09:00:00
2021-08-06 10:00:00+00:00,11.01269,54.642695,14.6,2725.091,7.7519,0.016100100000000003,0.11926,7.7519,0.17889,50.6855,No (reported postion),cruise,2021-08-06 10:00:00
2021-08-06 11:00:00+00:00,11.375915,54.5252533333,14.4,2725.091,7.7519,0.016100100000000003,0.11926,7.7519,0.17889,50.6855,No (reported postion),cruise,2021-08-06 11:00:00
2021-08-06 12:00:00+00:00,11.7609016667,54.41652,14.5,2725.091,7.7519,0.016100100000000003,0.11926,7.7519,0.17889,50.6855,No (reported postion),cruise,2021-08-06 12:00:00
2021-08-06 13:00:00+00:00,12.1783316667,54.4147683333,14.8,2725.091,7.7519,0.016100100000000003,0.11926,7.7519,0.17889,50.6855,No (reported postion),cruise,2021-08-06 13:00:00
2021-08-06 14:00:00+00:00,12.3924366667,54.61369,14.0,2725.091,7.7519,0.016100100000000003,0.11926,7.7519,0.17889,50.6855,No (reported postion),cruise,2021-08-06 14:00:00
2021-08-06 15:00:00+00:00,12.7260733333,54.74959,14.0,2725.091,7.7519,0.016100100000000003,0.11926,7.7519,0.17889,50.6855,No (reported postion),cruise,2021-08-06 15:00:00
2021-08-06 16:00:00+00:00,13.118315,54.8310566667,14.5,2725.091,7.7519,0.016100100000000003,0.11926,7.7519,0.17889,50.6855,No (reported postion),cruise,2021-08-06 16:00:00
2021-08-06 17:00:00+00:00,13.5273783333,54.9056233333,15.3,2725.091,7.7519,0.016100100000000003,0.11926,7.7519,0.17889,50.6855,No (reported postion),cruise,2021-08-06 17:00:00
2021-08-06 18:00:00+00:00,13.946675,54.992725,15.7,2725.091,7.7519,0.016100100000000003,0.11926,7.7519,0.17889,50.6855,No (reported postion),cruise,2021-08-06 18:00:00
2021-08-06 19:00:00+00:00,14.290585,55.1576916667,15.9,2725.091,7.7519,0.016100100000000003,0.11926,7.7519,0.17889,50.6855,No (reported postion),cruise,2021-08-06 19:00:00
2021-08-06 20:00:00+00:00,14.5796916667,55.3617266667,16.1,2725.091,7.7519,0.016100100000000003,0.11926,7.7519,0.17889,50.6855,No (reported postion),cruise,2021-08-06 20:00:00
2021-08-06 21:00:00+00:00,14.9564833333,55.5131766667,15.8,2725.091,7.7519,0.016100100000000003,0.11926,7.7519,0.17889,50.6855,No (reported postion),cruise,2021-08-06 21:00:00
2021-08-06 22:00:00+00:00,15.3531283333,55.620635,14.0,2725.091,7.7519,0.016100100000000003,0.11926,7.7519,0.17889,50.6855,No (reported postion),cruise,2021-08-06 22:00:00
2021-08-06 23:00:00+00:00,15.9050433333,55.77661,14.9,2725.091,7.7519,0.016100100000000003,0.11926,7.7519,0.17889,50.6855,No (reported postion),cruise,2021-08-06 23:00:00
2021-08-07 00:00:00+00:00,16.1997083333,55.8768233333,15.1,2725.091,7.7519,0.016100100000000003,0.11926,7.7519,0.17889,50.6855,No (reported postion),cruise,2021-08-07 00:00:00
2021-08-07 01:00:00+00:00,16.5265938888667,56.1101605555333,15.3,2725.091,7.7519,0.016100100000000003,0.11926,7.7519,0.17889,50.6855,Linear (small gap),cruise,2021-08-07 01:00:00
2021-08-07 02:00:00+00:00,16.8534794444333,56.3434977777667,15.5,2725.091,7.7519,0.016100100000000003,0.11926,7.7519,0.17889,50.6855,Linear (small gap),cruise,2021-08-07 02:00:00
2021-08-07 03:00:00+00:00,17.180365,56.576835,15.7,2725.091,7.7519,0.016100100000000003,0.11926,7.7519,0.17889,50.6855,No (reported postion),cruise,2021-08-07 03:00:00
2021-08-07 04:00:00+00:00,17.2071316667,56.6159016667,15.7,2725.091,7.7519,0.016100100000000003,0.11926,7.7519,0.17889,50.6855,No (reported postion),cruise,2021-08-07 04:00:00
2021-08-07 05:00:00+00:00,17.3647666667,56.8433233333,16.0,2725.091,7.7519,0.016100100000000003,0.11926,7.7519,0.17889,50.6855,No (reported postion),cruise,2021-08-07 05:00:00
2021-08-07 06:00:00+00:00,17.53382,57.0899016667,15.5,2725.091,7.7519,0.016100100000000003,0.11926,7.7519,0.17889,50.6855,No (reported postion),cruise,2021-08-07 06:00:00
2021-08-07 07:00:00+00:00,17.68508,57.33295,15.4,2725.091,7.7519,0.016100100000000003,0.11926,7.7519,0.17889,50.6855,No (reported postion),cruise,2021-08-07 07:00:00
2021-08-07 08:00:00+00:00,18.0978916667,57.7469216667,15.1,2725.091,7.7519,0.016100100000000003,0.11926,7.7519,0.17889,50.6855,No (reported postion),cruise,2021-08-07 08:00:00
2021-08-07 09:00:00+00:00,18.13212,57.7812383333,15.0,2725.091,7.7519,0.016100100000000003,0.11926,7.7519,0.17889,50.6855,No (reported postion),cruise,2021-08-07 09:00:00
2021-08-07 10:00:00+00:00,18.34946,57.99369,15.0,2725.091,7.7519,0.016100100000000003,0.11926,7.7519,0.17889,50.6855,No (reported postion),cruise,2021-08-07 10:00:00
2021-08-07 11:00:00+00:00,18.7561866667,58.3839533333,15.3,2725.091,7.7519,0.016100100000000003,0.11926,7.7519,0.17889,50.6855,No (reported postion),cruise,2021-08-07 11:00:00
2021-08-07 12:00:00+00:00,18.8477166667,58.4730116667,15.3,2725.091,7.7519,0.016100100000000003,0.11926,7.7519,0.17889,50.6855,No (reported postion),cruise,2021-08-07 12:00:00
2021-08-07 13:00:00+00:00,19.0617883333,58.670445,15.1,2725.091,7.7519,0.016100100000000003,0.11926,7.7519,0.17889,50.6855,No (reported postion),cruise,2021-08-07 13:00:00
2021-08-07 14:00:00+00:00,19.3342275,58.8677225,14.55,2725.091,7.7519,0.016100100000000003,0.11926,7.7519,0.17889,50.6855,Linear (small gap),cruise,2021-08-07 14:00:00
2021-08-07 15:00:00+00:00,19.6066666667,59.065,14.0,2725.091,7.7519,0.016100100000000003,0.11926,7.7519,0.17889,50.6855,No (reported postion),cruise,2021-08-07 15:00:00
2021-08-07 16:00:00+00:00,19.8572,59.2531,14.0,2725.091,7.7519,0.016100100000000003,0.11926,7.7519,0.17889,50.6855,No (reported postion),cruise,2021-08-07 16:00:00
2021-08-07 17:00:00+00:00,20.1184,59.4514,14.4,2725.091,7.7519,0.016100100000000003,0.11926,7.7519,0.17889,50.6855,No (reported postion),cruise,2021-08-07 17:00:00
2021-08-07 18:00:00+00:00,20.051165,59.6431533333,15.8,2725.091,7.7519,0.016100100000000003,0.11926,7.7519,0.17889,50.6855,No (reported postion),cruise,2021-08-07 18:00:00
2021-08-07 19:00:00+00:00,19.6940333333,59.8280433333,15.4,2725.091,7.7519,0.016100100000000003,0.11926,7.7519,0.17889,50.6855,No (reported postion),cruise,2021-08-07 19:00:00
2021-08-07 20:00:00+00:00,19.36585,60.03212,16.0,2725.091,7.7519,0.016100100000000003,0.11926,7.7519,0.17889,50.6855,No (reported postion),cruise,2021-08-07 20:00:00
2021-08-07 21:00:00+00:00,19.0676233333,60.2458616667,15.6,2725.091,7.7519,0.016100100000000003,0.11926,7.7519,0.17889,50.6855,No (reported postion),cruise,2021-08-07 21:00:00
2021-08-07 22:00:00+00:00,19.0352,60.5,15.7,2725.091,7.7519,0.016100100000000003,0.11926,7.7519,0.17889,50.6855,No (reported postion),cruise,2021-08-07 22:00:00
2021-08-07 23:00:00+00:00,19.1493,60.7597,15.8,2725.091,7.7519,0.016100100000000003,0.11926,7.7519,0.17889,50.6855,No (reported postion),cruise,2021-08-07 23:00:00
2021-08-08 00:00:00+00:00,19.2751661111,61.0316138889,15.8333333333333,2725.091,7.7519,0.016100100000000003,0.11926,7.7519,0.17889,50.6855,Linear (small gap),cruise,2021-08-08 00:00:00
2021-08-08 01:00:00+00:00,19.4010322222,61.3035277778,15.8666666666667,2725.091,7.7519,0.016100100000000003,0.11926,7.7519,0.17889,50.6855,Linear (small gap),cruise,2021-08-08 01:00:00
2021-08-08 02:00:00+00:00,19.5268983333,61.5754416667,15.9,2725.091,7.7519,0.016100100000000003,0.11926,7.7519,0.17889,50.6855,No (reported postion),cruise,2021-08-08 02:00:00
2021-08-08 03:00:00+00:00,19.6358,61.7935,16.1,2725.091,7.7519,0.016100100000000003,0.11926,7.7519,0.17889,50.6855,No (reported postion),cruise,2021-08-08 03:00:00
2021-08-08 04:00:00+00:00,19.7705,62.0533,16.2,2725.091,7.7519,0.016100100000000003,0.11926,7.7519,0.17889,50.6855,No (reported postion),cruise,2021-08-08 04:00:00
2021-08-08 05:00:00+00:00,19.9061,62.3403,15.9,2725.091,7.7519,0.016100100000000003,0.11926,7.7519,0.17889,50.6855,No (reported postion),cruise,2021-08-08 05:00:00
2021-08-08 06:00:00+00:00,20.01,62.5668,15.9,2725.091,7.7519,0.016100100000000003,0.11926,7.7519,0.17889,50.6855,No (reported postion),cruise,2021-08-08 06:00:00
2021-08-08 07:00:00+00:00,20.1303,62.8321,15.8,2725.091,7.7519,0.016100100000000003,0.11926,7.7519,0.17889,50.6855,No (reported postion),cruise,2021-08-08 07:00:00
2021-08-08 08:00:00+00:00,20.2917,63.1492,16.1,2725.091,7.7519,0.016100100000000003,0.11926,7.7519,0.17889,50.6855,No (reported postion),cruise,2021-08-08 08:00:00
2021-08-08 09:00:00+00:00,20.4259333333,63.3346666667,16.0,2725.091,7.7519,0.016100100000000003,0.11926,7.7519,0.17889,50.6855,No (reported postion),cruise,2021-08-08 09:00:00
2021-08-08 10:00:00+00:00,20.7650533333,63.540485,15.2,2725.091,7.7519,0.016100100000000003,0.11926,7.7519,0.17889,50.6855,No (reported postion),cruise,2021-08-08 10:00:00
2021-08-08 11:00:00+00:00,21.2483633333,63.6655833333,15.9,2725.091,7.7519,0.016100100000000003,0.11926,7.7519,0.17889,50.6855,No (reported postion),cruise,2021-08-08 11:00:00
2021-08-08 12:00:00+00:00,21.6755,63.8652,15.8,2725.091,7.7519,0.016100100000000003,0.11926,7.7519,0.17889,50.6855,No (reported postion),cruise,2021-08-08 12:00:00
2021-08-08 13:00:00+00:00,22.1538,64.0853,15.6,2725.091,7.7519,0.016100100000000003,0.11926,7.7519,0.17889,50.6855,No (reported postion),cruise,2021-08-08 13:00:00
2021-08-08 14:00:00+00:00,22.4779,64.2366,15.6,2725.091,7.7519,0.016100100000000003,0.11926,7.7519,0.17889,50.6855,No (reported postion),cruise,2021-08-08 14:00:00
2021-08-08 15:00:00+00:00,22.8729,64.4194,15.7,2725.091,7.7519,0.016100100000000003,0.11926,7.7519,0.17889,50.6855,No (reported postion),cruise,2021-08-08 15:00:00
2021-08-08 16:00:00+00:00,23.2852,64.608,15.6,2725.091,7.7519,0.016100100000000003,0.11926,7.7519,0.17889,50.6855,No (reported postion),cruise,2021-08-08 16:00:00
2021-08-08 17:00:00+00:00,23.7429,64.8149,15.5,2725.091,7.7519,0.016100100000000003,0.11926,7.7519,0.17889,50.6855,No (reported postion),cruise,2021-08-08 17:00:00
2021-08-08 18:00:00+00:00,24.148505,64.9644033333,14.8,2725.091,7.7519,0.016100100000000003,0.11926,7.7519,0.17889,50.6855,No (reported postion),cruise,2021-08-08 18:00:00
2021-08-08 19:00:00+00:00,24.4494,65.1739,14.3,2725.091,7.7519,0.016100100000000003,0.11926,7.7519,0.17889,50.6855,No (reported postion),cruise,2021-08-08 19:00:00
2021-08-08 20:00:00+00:00,24.8885,65.1427,13.0,2725.091,7.7519,0.016100100000000003,0.11926,7.7519,0.17889,50.6855,No (reported postion),cruise,2021-08-08 20:00:00
2021-08-08 21:00:00+00:00,25.3183,65.0265,10.6,1913.88599017329,5.44431463287808,0.011307422699054501,0.0837586866596627,5.44431463287808,0.125638029989494,35.5974418303567,No (reported postion),cruise,2021-08-08 21:00:00
2021-08-08 22:00:00+00:00,25.3229294117647,65.0252882352941,10.0058823529412,2725.091,7.7519,0.016100100000000003,0.11926,7.7519,0.17889,50.6855,Linear (small gap),cruise,2021-08-08 22:00:00
2021-08-08 23:00:00+00:00,25.3275588235294,65.0240764705882,9.41176470588235,2725.091,7.7519,0.016100100000000003,0.11926,7.7519,0.17889,50.6855,Linear (small gap),cruise,2021-08-08 23:00:00
2021-08-09 00:00:00+00:00,25.3321882352941,65.0228647058824,8.81764705882353,2537.1574176831,7.21729681178999,0.014989770301409999,0.111035335566,7.21729681178999,0.166553003349,47.1900176155499,Linear (small gap),cruise,2021-08-09 00:00:00
2021-08-09 01:00:00+00:00,25.3368176470588,65.0216529411765,8.22352941176471,2077.93541369826,5.9109760127084,0.012276642487932801,0.09093809250320621,5.9109760127084,0.136407138754809,38.6486893138626,Linear (small gap),cruise,2021-08-09 01:00:00
2021-08-09 02:00:00+00:00,25.3414470588235,65.0204411764706,7.62941176470588,1680.49631246578,4.78040526521995,0.00992853401237989,0.0735446963879992,4.78040526521995,0.110317044581999,31.2564959648996,Linear (small gap),cruise,2021-08-09 02:00:00
2021-08-09 03:00:00+00:00,25.3460764705882,65.0192294117647,7.03529411764706,1340.37654232758,3.81288731953141,0.00791907366364217,0.058659804915867905,3.81288731953141,0.0879897073738019,24.9304170892439,Linear (small gap),cruise,2021-08-09 03:00:00
2021-08-09 04:00:00+00:00,25.3507058823529,65.0180176470588,6.44117647058823,1053.11253162559,2.9957249258495997,0.00622189023061071,0.046088075782301605,2.9957249258495997,0.0691321136734524,19.587432207478198,Linear (small gap),cruise,2021-08-09 04:00:00
2021-08-09 05:00:00+00:00,25.3553352941176,65.0168058823529,5.84705882352941,814.2407087017331,2.3162208343813,0.0048106125021765405,0.0356341666827892,2.3162208343813,0.0534512500241838,15.1445208401854,Linear (small gap),cruise,2021-08-09 05:00:00
2021-08-09 06:00:00+00:00,25.3599647058824,65.0155941176471,5.25294117647059,619.297501897933,1.76167779533329,0.0036588692672306798,0.0271027353128198,1.76167779533329,0.040654102969229694,11.5186625079484,Linear (small gap),cruise,2021-08-09 06:00:00
2021-08-09 07:00:00+00:00,25.3645941176471,65.0143823529412,4.65882352941176,463.81933955611703,1.73776196806644,0.00274028931466415,0.021554314517313197,1.40103044362536,0.033979807909597495,11.7625999950847,Linear (small gap),cruise,2021-08-09 07:00:00
2021-08-09 08:00:00+00:00,25.3692235294118,65.0131705882353,4.06470588235294,343.342650018212,1.7763552082092202,0.0020285014333679898,0.0178409394102026,1.15966106166317,0.0300455791264959,13.1211780380527,Linear (small gap),cruise,2021-08-09 08:00:00
2021-08-09 09:00:00+00:00,25.3738529411765,65.0119588235294,3.47058823529412,253.403861626142,1.67420653297941,0.00149713441223323,0.0149838152560975,0.9739479916463369,0.0267590466772864,13.9531740341939,Linear (small gap),cruise,2021-08-09 09:00:00
2021-08-09 10:00:00+00:00,25.3784823529412,65.0107470588235,2.87647058823529,255.50489787046502,1.6213460878480501,0.00150954753665264,0.016923889590382997,1.1000528233749,0.0316973504688635,18.318875193916302,Linear (small gap),anchor,2021-08-09 10:00:00
2021-08-09 11:00:00+00:00,25.3831117647059,65.0095352941176,2.28235294117647,237.41575284804702,1.12221234882685,0.00140267512623573,0.013258561736825299,0.861806512893642,0.0230406852250938,11.192860361562099,Linear (small gap),anchor,2021-08-09 11:00:00
2021-08-09 12:00:00+00:00,25.3877411764706,65.0083235294118,1.68823529411765,226.66745441411902,0.825634573658723,0.00133917314424096,0.0110806789469308,0.720244131550504,0.0178970246835181,6.95868931766693,Linear (small gap),anchor,2021-08-09 12:00:00
2021-08-09 13:00:00+00:00,25.3923705882353,65.0071117647059,1.09411764705882,221.349112090748,0.6788855655674759,0.0013077518657440299,0.0100030454695915,0.650197955523445,0.015351901125266201,4.863588292554541,Linear (small gap),anchor,2021-08-09 13:00:00
2021-08-09 14:00:00+00:00,25.397,65.0059,0.5,219.54983540000399,0.6292381277769269,0.0012971215658205998,0.009638465553698931,0.62650026099043,0.0144908468314682,4.1547835165487905,No (reported postion),anchor,2021-08-09 14:00:00
2021-08-09 15:00:00+00:00,25.1594,65.0888,11.7,2537.4527560581996,7.21813694283516,0.0149915151889653,0.111048260659002,7.21813694283516,0.166572390988504,47.195510780076,No (reported postion),cruise,2021-08-09 15:00:00
2021-08-09 16:00:00+00:00,24.6522333333,65.146815,11.5,2414.83731185375,6.86934027441986,0.0142670913391797,0.10568215806799801,6.86934027441986,0.158523237101997,44.9149171788991,No (reported postion),cruise,2021-08-09 16:00:00
2021-08-09 17:00:00+00:00,24.3319,65.1428,12.2,2725.091,7.7519,0.016100100000000003,0.11926,7.7519,0.17889,50.6855,No (reported postion),cruise,2021-08-09 17:00:00
2021-08-09 18:00:00+00:00,24.1719,64.9652,11.4,2457.37852759103,6.99035467367252,0.0145184289376275,0.1075439180565,6.99035467367252,0.16131587708475,45.706165174012604,No (reported postion),cruise,2021-08-09 18:00:00
2021-08-09 19:00:00+00:00,23.7989,64.8515,11.9,2725.091,7.7519,0.016100100000000003,0.11926,7.7519,0.17889,50.6855,No (reported postion),cruise,2021-08-09 19:00:00
2021-08-09 20:00:00+00:00,23.4808,64.7076,11.8,2713.77532713504,7.71971099622658,0.0160332459152398,0.11876478455733201,7.71971099622658,0.178147176835998,50.4750334368661,No (reported postion),cruise,2021-08-09 20:00:00
2021-08-09 21:00:00+00:00,23.1602,64.562,12.1,2725.091,7.7519,0.016100100000000003,0.11926,7.7519,0.17889,50.6855,No (reported postion),cruise,2021-08-09 21:00:00
2021-08-09 22:00:00+00:00,22.7817,64.3899,11.8,2713.77532713504,7.71971099622658,0.0160332459152398,0.11876478455733201,7.71971099622658,0.178147176835998,50.4750334368661,No (reported postion),cruise,2021-08-09 22:00:00
2021-08-09 23:00:00+00:00,22.5247,64.2709,11.5,2519.82491693801,7.16799210507531,0.014887368218233301,0.11027680161654299,7.16799210507531,0.165415202424815,46.8676406870309,No (reported postion),cruise,2021-08-09 23:00:00
2021-08-10 00:00:00+00:00,22.2365,64.1333,11.7,2648.01379042449,7.53264316750948,0.0156447204248274,0.115886817961684,7.53264316750948,0.173830226942526,49.2518976337158,No (reported postion),cruise,2021-08-10 00:00:00
2021-08-10 01:00:00+00:00,21.9247,63.9842,11.7,2648.01379042449,7.53264316750948,0.0156447204248274,0.115886817961684,7.53264316750948,0.173830226942526,49.2518976337158,No (reported postion),cruise,2021-08-10 01:00:00
2021-08-10 02:00:00+00:00,21.6315,63.8419,11.8,2713.77532713504,7.71971099622658,0.0160332459152398,0.11876478455733201,7.71971099622658,0.178147176835998,50.4750334368661,No (reported postion),cruise,2021-08-10 02:00:00
2021-08-10 03:00:00+00:00,21.3281716667,63.7001366667,11.7,2648.01379042449,7.53264316750948,0.0156447204248274,0.115886817961684,7.53264316750948,0.173830226942526,49.2518976337158,No (reported postion),cruise,2021-08-10 03:00:00
2021-08-10 04:00:00+00:00,20.959,63.5709,12.1,2725.091,7.7519,0.016100100000000003,0.11926,7.7519,0.17889,50.6855,No (reported postion),cruise,2021-08-10 04:00:00
2021-08-10 05:00:00+00:00,20.6421716667,63.4732883333,12.0,2725.091,7.7519,0.016100100000000003,0.11926,7.7519,0.17889,50.6855,No (reported postion),cruise,2021-08-10 05:00:00
2021-08-10 06:00:00+00:00,20.398825,63.307885,12.0,2725.091,7.7519,0.016100100000000003,0.11926,7.7519,0.17889,50.6855,No (reported postion),cruise,2021-08-10 06:00:00
2021-08-10 07:00:00+00:00,20.2689,63.1074,12.1,2725.091,7.7519,0.016100100000000003,0.11926,7.7519,0.17889,50.6855,No (reported postion),cruise,2021-08-10 07:00:00
2021-08-10 08:00:00+00:00,20.1707,62.9114,12.0,2725.091,7.7519,0.016100100000000003,0.11926,7.7519,0.17889,50.6855,No (reported postion),cruise,2021-08-10 08:00:00
2021-08-10 09:00:00+00:00,20.061,62.7173,11.6,2583.36682912065,7.348745903406679,0.0152627799532293,0.11305762928318,7.348745903406679,0.169586443924769,48.0494924453513,No (reported postion),cruise,2021-08-10 09:00:00
2021-08-10 10:00:00+00:00,19.9527,62.4948,11.3,2396.0181347941902,6.81580651035545,0.014155905829199799,0.10485856169777599,6.81580651035545,0.157287842546664,44.564888721554894,No (reported postion),cruise,2021-08-10 10:00:00
2021-08-10 11:00:00+00:00,19.879,62.3502,12.0,2725.091,7.7519,0.016100100000000003,0.11926,7.7519,0.17889,50.6855,No (reported postion),cruise,2021-08-10 11:00:00
2021-08-10 12:00:00+00:00,19.7907,62.1568,11.7,2648.01379042449,7.53264316750948,0.0156447204248274,0.115886817961684,7.53264316750948,0.173830226942526,49.2518976337158,No (reported postion),cruise,2021-08-10 12:00:00
2021-08-10 13:00:00+00:00,19.6912,61.9665,11.8,2713.77532713504,7.71971099622658,0.0160332459152398,0.11876478455733201,7.71971099622658,0.178147176835998,50.4750334368661,No (reported postion),cruise,2021-08-10 13:00:00
2021-08-10 14:00:00+00:00,19.5756,61.7353,12.0,2725.091,7.7519,0.016100100000000003,0.11926,7.7519,0.17889,50.6855,No (reported postion),cruise,2021-08-10 14:00:00
2021-08-10 15:00:00+00:00,19.4974,61.5786,12.0,2725.091,7.7519,0.016100100000000003,0.11926,7.7519,0.17889,50.6855,No (reported postion),cruise,2021-08-10 15:00:00
2021-08-10 16:00:00+00:00,19.3702,61.3313,12.1,2725.091,7.7519,0.016100100000000003,0.11926,7.7519,0.17889,50.6855,No (reported postion),cruise,2021-08-10 16:00:00
2021-08-10 17:00:00+00:00,19.2944,61.1881,12.1,2725.091,7.7519,0.016100100000000003,0.11926,7.7519,0.17889,50.6855,No (reported postion),cruise,2021-08-10 17:00:00
2021-08-10 18:00:00+00:00,19.1996,60.9619,12.2,2725.091,7.7519,0.016100100000000003,0.11926,7.7519,0.17889,50.6855,No (reported postion),cruise,2021-08-10 18:00:00
2021-08-10 19:00:00+00:00,19.1143,60.7902,12.3,2725.091,7.7519,0.016100100000000003,0.11926,7.7519,0.17889,50.6855,No (reported postion),cruise,2021-08-10 19:00:00
2021-08-10 20:00:00+00:00,19.0144,60.5851,12.2,2725.091,7.7519,0.016100100000000003,0.11926,7.7519,0.17889,50.6855,No (reported postion),cruise,2021-08-10 20:00:00
2021-08-10 21:00:00+00:00,18.994045,60.3906283333,12.1,2725.091,7.7519,0.016100100000000003,0.11926,7.7519,0.17889,50.6855,No (reported postion),cruise,2021-08-10 21:00:00
2021-08-10 22:00:00+00:00,19.0137033333,60.1980183333,11.8,2713.77532713504,7.71971099622658,0.0160332459152398,0.11876478455733201,7.71971099622658,0.178147176835998,50.4750334368661,No (reported postion),cruise,2021-08-10 22:00:00
2021-08-10 23:00:00+00:00,19.2445983333,60.0371983333,12.0,2725.091,7.7519,0.016100100000000003,0.11926,7.7519,0.17889,50.6855,No (reported postion),cruise,2021-08-10 23:00:00
2021-08-11 00:00:00+00:00,19.5064383333,59.88725,12.0,2725.091,7.7519,0.016100100000000003,0.11926,7.7519,0.17889,50.6855,No (reported postion),cruise,2021-08-11 00:00:00
2021-08-11 01:00:00+00:00,19.757435,59.73469,11.8,2713.77532713504,7.71971099622658,0.0160332459152398,0.11876478455733201,7.71971099622658,0.178147176835998,50.4750334368661,No (reported postion),cruise,2021-08-11 01:00:00
2021-08-11 02:00:00+00:00,19.9607033333,59.5726083333,12.2,2725.091,7.7519,0.016100100000000003,0.11926,7.7519,0.17889,50.6855,No (reported postion),cruise,2021-08-11 02:00:00
2021-08-11 03:00:00+00:00,19.7855,59.3679,12.5,2725.091,7.7519,0.016100100000000003,0.11926,7.7519,0.17889,50.6855,No (reported postion),cruise,2021-08-11 03:00:00
2021-08-11 04:00:00+00:00,19.5808085714286,59.1856533333286,12.5,2725.091,7.7519,0.016100100000000003,0.11926,7.7519,0.17889,50.6855,Linear (small gap),cruise,2021-08-11 04:00:00
2021-08-11 05:00:00+00:00,19.3761171428571,59.0034066666571,12.5,2725.091,7.7519,0.016100100000000003,0.11926,7.7519,0.17889,50.6855,Linear (small gap),cruise,2021-08-11 05:00:00
2021-08-11 06:00:00+00:00,19.1714257142857,58.8211599999857,12.5,2725.091,7.7519,0.016100100000000003,0.11926,7.7519,0.17889,50.6855,Linear (small gap),cruise,2021-08-11 06:00:00
2021-08-11 07:00:00+00:00,18.9667342857143,58.6389133333143,12.5,2725.091,7.7519,0.016100100000000003,0.11926,7.7519,0.17889,50.6855,Linear (small gap),cruise,2021-08-11 07:00:00
2021-08-11 08:00:00+00:00,18.7620428571429,58.4566666666429,12.5,2725.091,7.7519,0.016100100000000003,0.11926,7.7519,0.17889,50.6855,Linear (small gap),cruise,2021-08-11 08:00:00
2021-08-11 09:00:00+00:00,18.5573514285714,58.2744199999714,12.5,2725.091,7.7519,0.016100100000000003,0.11926,7.7519,0.17889,50.6855,Linear (small gap),cruise,2021-08-11 09:00:00
2021-08-11 10:00:00+00:00,18.35266,58.0921733333,12.5,2725.091,7.7519,0.016100100000000003,0.11926,7.7519,0.17889,50.6855,No (reported postion),cruise,2021-08-11 10:00:00
2021-08-11 11:00:00+00:00,18.18557,57.94696,12.5,2725.091,7.7519,0.016100100000000003,0.11926,7.7519,0.17889,50.6855,No (reported postion),cruise,2021-08-11 11:00:00
2021-08-11 12:00:00+00:00,18.01766,57.7988066667,9.3,1382.1990746731399,3.93185732401549,0.00816616521141679,0.0604901126771614,3.93185732401549,0.0907351690157421,25.7082978877936,No (reported postion),cruise,2021-08-11 12:00:00
2021-08-11 13:00:00+00:00,17.7764583333,57.5777033333,11.9,2725.091,7.7519,0.016100100000000003,0.11926,7.7519,0.17889,50.6855,No (reported postion),cruise,2021-08-11 13:00:00
2021-08-11 14:00:00+00:00,17.72302,57.5271683333,12.1,2725.091,7.7519,0.016100100000000003,0.11926,7.7519,0.17889,50.6855,No (reported postion),cruise,2021-08-11 14:00:00
2021-08-11 15:00:00+00:00,17.6040383333,57.3756466667,11.6,2583.36682912065,7.348745903406679,0.0152627799532293,0.11305762928318,7.348745903406679,0.169586443924769,48.0494924453513,No (reported postion),cruise,2021-08-11 15:00:00
2021-08-11 16:00:00+00:00,17.471885,57.1917216667,11.7,2648.01379042449,7.53264316750948,0.0156447204248274,0.115886817961684,7.53264316750948,0.173830226942526,49.2518976337158,No (reported postion),cruise,2021-08-11 16:00:00
2021-08-11 17:00:00+00:00,17.3323433333,56.9935733333,12.1,2725.091,7.7519,0.016100100000000003,0.11926,7.7519,0.17889,50.6855,No (reported postion),cruise,2021-08-11 17:00:00
2021-08-11 18:00:00+00:00,17.2136866667,56.8242716667,11.7,2648.01379042449,7.53264316750948,0.0156447204248274,0.115886817961684,7.53264316750948,0.173830226942526,49.2518976337158,No (reported postion),cruise,2021-08-11 18:00:00
2021-08-11 19:00:00+00:00,17.0773875,56.6340916667,11.7,2725.091,7.7519,0.016100100000000003,0.11926,7.7519,0.17889,50.6855,Linear (small gap),cruise,2021-08-11 19:00:00
2021-08-11 20:00:00+00:00,16.9410883333,56.4439116667,11.7,2648.01379042449,7.53264316750948,0.0156447204248274,0.115886817961684,7.53264316750948,0.173830226942526,49.2518976337158,No (reported postion),cruise,2021-08-11 20:00:00
2021-08-11 21:00:00+00:00,16.8303833333,56.274765,11.9,2725.091,7.7519,0.016100100000000003,0.11926,7.7519,0.17889,50.6855,No (reported postion),cruise,2021-08-11 21:00:00
2021-08-11 22:00:00+00:00,16.6304866667,56.1069733333,12.1,2725.091,7.7519,0.016100100000000003,0.11926,7.7519,0.17889,50.6855,No (reported postion),cruise,2021-08-11 22:00:00
2021-08-11 23:00:00+00:00,16.35011,56.007315,11.9,2725.091,7.7519,0.016100100000000003,0.11926,7.7519,0.17889,50.6855,No (reported postion),cruise,2021-08-11 23:00:00
2021-08-12 00:00:00+00:00,16.0459933333,55.903755,12.1,2725.091,7.7519,0.016100100000000003,0.11926,7.7519,0.17889,50.6855,No (reported postion),cruise,2021-08-12 00:00:00
2021-08-12 01:00:00+00:00,15.7405366667,55.7991433333,12.0,2725.091,7.7519,0.016100100000000003,0.11926,7.7519,0.17889,50.6855,No (reported postion),cruise,2021-08-12 01:00:00
2021-08-12 02:00:00+00:00,15.431065,55.6972616667,11.9,2725.091,7.7519,0.016100100000000003,0.11926,7.7519,0.17889,50.6855,No (reported postion),cruise,2021-08-12 02:00:00
2021-08-12 03:00:00+00:00,15.1303816667,55.596895,11.7,2648.01379042449,7.53264316750948,0.0156447204248274,0.115886817961684,7.53264316750948,0.173830226942526,49.2518976337158,No (reported postion),cruise,2021-08-12 03:00:00
2021-08-12 04:00:00+00:00,14.8148816667,55.51454,12.0,2725.091,7.7519,0.016100100000000003,0.11926,7.7519,0.17889,50.6855,No (reported postion),cruise,2021-08-12 04:00:00
2021-08-12 05:00:00+00:00,14.53168,55.4052266667,11.9,2725.091,7.7519,0.016100100000000003,0.11926,7.7519,0.17889,50.6855,No (reported postion),cruise,2021-08-12 05:00:00
2021-08-12 06:00:00+00:00,14.3048283333,55.2564983333,11.8,2713.77532713504,7.71971099622658,0.0160332459152398,0.11876478455733201,7.71971099622658,0.178147176835998,50.4750334368661,No (reported postion),cruise,2021-08-12 06:00:00
2021-08-12 07:00:00+00:00,13.981195,55.2208366667,11.8,2713.77532713504,7.71971099622658,0.0160332459152398,0.11876478455733201,7.71971099622658,0.178147176835998,50.4750334368661,No (reported postion),cruise,2021-08-12 07:00:00
2021-08-12 08:00:00+00:00,13.6320416667,55.2342816667,12.2,2725.091,7.7519,0.016100100000000003,0.11926,7.7519,0.17889,50.6855,No (reported postion),cruise,2021-08-12 08:00:00
2021-08-12 09:00:00+00:00,13.2817,55.2496883333,12.0,2725.091,7.7519,0.016100100000000003,0.11926,7.7519,0.17889,50.6855,No (reported postion),cruise,2021-08-12 09:00:00
2021-08-12 10:00:00+00:00,12.9353716667,55.26387,11.8,2713.77532713504,7.71971099622658,0.0160332459152398,0.11876478455733201,7.71971099622658,0.178147176835998,50.4750334368661,No (reported postion),cruise,2021-08-12 10:00:00
2021-08-12 11:00:00+00:00,12.6706166667,55.351155,12.6,2725.091,7.7519,0.016100100000000003,0.11926,7.7519,0.17889,50.6855,No (reported postion),cruise,2021-08-12 11:00:00
2021-08-12 12:00:00+00:00,12.71605,55.5117566667,6.5,522.178373809706,1.77014708661104,0.00308508010784728,0.023765067505478802,1.54472938785612,0.0364689612941673,11.7291844277942,No (reported postion),cruise,2021-08-12 12:00:00
2021-08-12 13:00:00+00:00,12.6949366667,55.6469466667,11.1,2182.10822354754,6.207310045102401,0.012892105478289602,0.09549707761696,6.207310045102401,0.14324561642544,40.586257987208,No (reported postion),cruise,2021-08-12 13:00:00
2021-08-12 14:00:00+00:00,12.7422283333,55.8556066667,5.9,417.01563694005904,1.75410463447747,0.0024637685333438897,0.0201611565037929,1.31047517274654,0.0322892553482936,12.165302688453599,No (reported postion),cruise,2021-08-12 14:00:00
2021-08-12 15:00:00+00:00,12.666215,56.037705,12.8,2725.091,7.7519,0.016100100000000003,0.11926,7.7519,0.17889,50.6855,No (reported postion),cruise,2021-08-12 15:00:00
2021-08-12 16:00:00+00:00,12.42951,56.1903783333,11.8,2600.3550955204696,7.39707138769499,0.0153631482667511,0.113801098272231,7.39707138769499,0.17070164740834598,48.365466765698,No (reported postion),cruise,2021-08-12 16:00:00
2021-08-12 17:00:00+00:00,12.2200866667,56.3491566667,12.0,2725.091,7.7519,0.016100100000000003,0.11926,7.7519,0.17889,50.6855,No (reported postion),cruise,2021-08-12 17:00:00
2021-08-12 18:00:00+00:00,11.8909416667,56.4253416667,12.2,2725.091,7.7519,0.016100100000000003,0.11926,7.7519,0.17889,50.6855,No (reported postion),cruise,2021-08-12 18:00:00
2021-08-12 19:00:00+00:00,11.5374483333,56.435035,11.8,2713.77532713504,7.71971099622658,0.0160332459152398,0.11876478455733201,7.71971099622658,0.178147176835998,50.4750334368661,No (reported postion),cruise,2021-08-12 19:00:00
2021-08-12 20:00:00+00:00,11.3477033333,56.2658066667,11.9,2725.091,7.7519,0.016100100000000003,0.11926,7.7519,0.17889,50.6855,No (reported postion),cruise,2021-08-12 20:00:00
2021-08-12 21:00:00+00:00,11.140835,56.1075783333,12.2,2725.091,7.7519,0.016100100000000003,0.11926,7.7519,0.17889,50.6855,No (reported postion),cruise,2021-08-12 21:00:00
2021-08-12 22:00:00+00:00,10.9659316667,55.931895,12.3,2725.091,7.7519,0.016100100000000003,0.11926,7.7519,0.17889,50.6855,No (reported postion),cruise,2021-08-12 22:00:00
2021-08-12 23:00:00+00:00,10.76946,55.8122533333,4.1,209.779164829636,1.74604547788542,0.00123939550336984,0.014723363425535901,0.957018622659833,0.028131578949031098,16.9648330790157,No (reported postion),cruise,2021-08-12 23:00:00
2021-08-13 00:00:00+00:00,10.74108,55.7998016667,0.0,219.36,0.624,0.001296,0.0096,0.624,0.0144,4.08,No (reported postion),anchor,2021-08-13 00:00:00
2021-08-13 01:00:00+00:00,10.741105,55.8000716667,0.0,219.36,0.624,0.001296,0.0096,0.624,0.0144,4.08,No (reported postion),anchor,2021-08-13 01:00:00
2021-08-13 02:00:00+00:00,10.741305,55.8001916667,0.0,219.36,0.624,0.001296,0.0096,0.624,0.0144,4.08,No (reported postion),anchor,2021-08-13 02:00:00
2021-08-13 03:00:00+00:00,10.741095,55.8002083333,0.0,219.36,0.624,0.001296,0.0096,0.624,0.0144,4.08,No (reported postion),anchor,2021-08-13 03:00:00
2021-08-13 04:00:00+00:00,10.74105,55.8001933333,0.0,219.36,0.624,0.001296,0.0096,0.624,0.0144,4.08,No (reported postion),anchor,2021-08-13 04:00:00
2021-08-13 05:00:00+00:00,10.7415716667,55.800395,0.0,219.36,0.624,0.001296,0.0096,0.624,0.0144,4.08,No (reported postion),anchor,2021-08-13 05:00:00
2021-08-13 06:00:00+00:00,10.7425916667,55.8004433333,0.2,219.3721494656,0.624335240177723,0.0012960717802125198,0.00960246179543673,0.624160016703388,0.014405814197214,4.08478614505912,No (reported postion),anchor,2021-08-13 06:00:00
2021-08-13 07:00:00+00:00,10.745205,55.7998266667,0.0,219.36,0.624,0.001296,0.0096,0.624,0.0144,4.08,No (reported postion),anchor,2021-08-13 07:00:00
2021-08-13 08:00:00+00:00,10.7449483333,55.7999583333,0.0,219.36,0.624,0.001296,0.0096,0.624,0.0144,4.08,No (reported postion),anchor,2021-08-13 08:00:00
2021-08-13 09:00:00+00:00,10.7448766667,55.7998733333,0.0,219.36,0.624,0.001296,0.0096,0.624,0.0144,4.08,No (reported postion),anchor,2021-08-13 09:00:00
2021-08-13 10:00:00+00:00,10.7441783333,55.8001683333,0.0,219.36,0.624,0.001296,0.0096,0.624,0.0144,4.08,No (reported postion),anchor,2021-08-13 10:00:00
2021-08-13 11:00:00+00:00,10.7441233333,55.8001683333,0.0,219.36,0.624,0.001296,0.0096,0.624,0.0144,4.08,No (reported postion),anchor,2021-08-13 11:00:00
2021-08-13 12:00:00+00:00,10.7437416667,55.8002533333,0.0,219.36,0.624,0.001296,0.0096,0.624,0.0144,4.08,No (reported postion),anchor,2021-08-13 12:00:00
2021-08-13 13:00:00+00:00,10.7442166667,55.8000966667,0.0,219.36,0.624,0.001296,0.0096,0.624,0.0144,4.08,No (reported postion),anchor,2021-08-13 13:00:00
2021-08-13 14:00:00+00:00,10.7438916667,55.80026,0.0,219.36,0.624,0.001296,0.0096,0.624,0.0144,4.08,No (reported postion),anchor,2021-08-13 14:00:00
2021-08-13 15:00:00+00:00,10.744565,55.8001833333,0.0,219.36,0.624,0.001296,0.0096,0.624,0.0144,4.08,No (reported postion),anchor,2021-08-13 15:00:00
2021-08-13 16:00:00+00:00,10.74522,55.7998433333,0.0,219.36,0.624,0.001296,0.0096,0.624,0.0144,4.08,No (reported postion),anchor,2021-08-13 16:00:00
2021-08-13 17:00:00+00:00,10.745815,55.7997,0.0,219.36,0.624,0.001296,0.0096,0.624,0.0144,4.08,No (reported postion),anchor,2021-08-13 17:00:00
2021-08-13 18:00:00+00:00,10.7457183333,55.7997683333,0.1,219.36151868320002,0.624041905022215,0.00129600897252656,0.00960030772442959,0.624020002087923,0.0144007267746517,4.08059826813239,No (reported postion),anchor,2021-08-13 18:00:00
2021-08-13 19:00:00+00:00,10.7457983333,55.7997116667,0.0,219.36,0.624,0.001296,0.0096,0.624,0.0144,4.08,No (reported postion),anchor,2021-08-13 19:00:00
2021-08-13 20:00:00+00:00,10.7459766667,55.7996083333,0.1,219.36151868320002,0.624041905022215,0.00129600897252656,0.00960030772442959,0.624020002087923,0.0144007267746517,4.08059826813239,No (reported postion),anchor,2021-08-13 20:00:00
2021-08-13 21:00:00+00:00,10.7462166667,55.7993733333,0.0,219.36,0.624,0.001296,0.0096,0.624,0.0144,4.08,No (reported postion),anchor,2021-08-13 21:00:00
2021-08-13 22:00:00+00:00,10.7462316667,55.7992716667,0.0,219.36,0.624,0.001296,0.0096,0.624,0.0144,4.08,No (reported postion),anchor,2021-08-13 22:00:00
2021-08-13 23:00:00+00:00,10.7463333333,55.7991116667,0.0,219.36,0.624,0.001296,0.0096,0.624,0.0144,4.08,No (reported postion),anchor,2021-08-13 23:00:00
2021-08-14 00:00:00+00:00,10.7462466667,55.79925,0.0,219.36,0.624,0.001296,0.0096,0.624,0.0144,4.08,No (reported postion),anchor,2021-08-14 00:00:00
2021-08-14 01:00:00+00:00,10.746245,55.7991583333,0.0,219.36,0.624,0.001296,0.0096,0.624,0.0144,4.08,No (reported postion),anchor,2021-08-14 01:00:00
2021-08-14 02:00:00+00:00,10.7458583333,55.79965,0.0,219.36,0.624,0.001296,0.0096,0.624,0.0144,4.08,No (reported postion),anchor,2021-08-14 02:00:00
2021-08-14 03:00:00+00:00,10.7457533333,55.799755,0.0,219.36,0.624,0.001296,0.0096,0.624,0.0144,4.08,No (reported postion),anchor,2021-08-14 03:00:00
2021-08-14 04:00:00+00:00,10.7455783333,55.7998916667,0.0,219.36,0.624,0.001296,0.0096,0.624,0.0144,4.08,No (reported postion),anchor,2021-08-14 04:00:00
2021-08-14 05:00:00+00:00,10.7451783333,55.80006,0.0,219.36,0.624,0.001296,0.0096,0.624,0.0144,4.08,No (reported postion),anchor,2021-08-14 05:00:00
2021-08-14 06:00:00+00:00,10.7450633333,55.8001116667,0.0,219.36,0.624,0.001296,0.0096,0.624,0.0144,4.08,No (reported postion),anchor,2021-08-14 06:00:00
2021-08-14 07:00:00+00:00,10.745135,55.8000933333,0.0,219.36,0.624,0.001296,0.0096,0.624,0.0144,4.08,No (reported postion),anchor,2021-08-14 07:00:00
2021-08-14 08:00:00+00:00,10.7454083333,55.8000033333,0.1,219.36151868320002,0.624041905022215,0.00129600897252656,0.00960030772442959,0.624020002087923,0.0144007267746517,4.08059826813239,No (reported postion),anchor,2021-08-14 08:00:00
2021-08-14 09:00:00+00:00,10.7455433333,55.799935,0.1,219.36151868320002,0.624041905022215,0.00129600897252656,0.00960030772442959,0.624020002087923,0.0144007267746517,4.08059826813239,No (reported postion),anchor,2021-08-14 09:00:00
2021-08-14 10:00:00+00:00,10.745565,55.79987,0.0,219.36,0.624,0.001296,0.0096,0.624,0.0144,4.08,No (reported postion),anchor,2021-08-14 10:00:00
2021-08-14 11:00:00+00:00,10.7458533333,55.7996616667,0.0,219.36,0.624,0.001296,0.0096,0.624,0.0144,4.08,No (reported postion),anchor,2021-08-14 11:00:00
2021-08-14 12:00:00+00:00,10.74609,55.7996216667,0.1,219.36151868320002,0.624041905022215,0.00129600897252656,0.00960030772442959,0.624020002087923,0.0144007267746517,4.08059826813239,No (reported postion),anchor,2021-08-14 12:00:00
2021-08-14 13:00:00+00:00,10.74593,55.799645,0.1,219.36151868320002,0.624041905022215,0.00129600897252656,0.00960030772442959,0.624020002087923,0.0144007267746517,4.08059826813239,No (reported postion),anchor,2021-08-14 13:00:00
2021-08-14 14:00:00+00:00,10.7460316667,55.7974466667,0.0,219.36,0.624,0.001296,0.0096,0.624,0.0144,4.08,No (reported postion),anchor,2021-08-14 14:00:00
2021-08-14 15:00:00+00:00,10.7460833333,55.79882,0.0,219.36,0.624,0.001296,0.0096,0.624,0.0144,4.08,No (reported postion),anchor,2021-08-14 15:00:00
2021-08-14 16:00:00+00:00,10.746345,55.79854,0.0,219.36,0.624,0.001296,0.0096,0.624,0.0144,4.08,No (reported postion),anchor,2021-08-14 16:00:00
2021-08-14 17:00:00+00:00,10.7464233333,55.799095,0.0,219.36,0.624,0.001296,0.0096,0.624,0.0144,4.08,No (reported postion),anchor,2021-08-14 17:00:00
2021-08-14 18:00:00+00:00,10.7467166667,55.798715,0.0,219.36,0.624,0.001296,0.0096,0.624,0.0144,4.08,No (reported postion),anchor,2021-08-14 18:00:00
2021-08-14 19:00:00+00:00,10.7465616667,55.7989433333,0.0,219.36,0.624,0.001296,0.0096,0.624,0.0144,4.08,No (reported postion),anchor,2021-08-14 19:00:00
2021-08-14 20:00:00+00:00,10.7466466667,55.7988716667,0.0,219.36,0.624,0.001296,0.0096,0.624,0.0144,4.08,No (reported postion),anchor,2021-08-14 20:00:00
2021-08-14 21:00:00+00:00,10.7465316667,55.7989916667,0.0,219.36,0.624,0.001296,0.0096,0.624,0.0144,4.08,No (reported postion),anchor,2021-08-14 21:00:00
2021-08-14 22:00:00+00:00,10.7465683333,55.7989216667,0.0,219.36,0.624,0.001296,0.0096,0.624,0.0144,4.08,No (reported postion),anchor,2021-08-14 22:00:00
2021-08-14 23:00:00+00:00,10.746555,55.7990366667,0.0,219.36,0.624,0.001296,0.0096,0.624,0.0144,4.08,No (reported postion),anchor,2021-08-14 23:00:00
2021-08-15 00:00:00+00:00,10.7466116667,55.7987866667,0.0,219.36,0.624,0.001296,0.0096,0.624,0.0144,4.08,No (reported postion),anchor,2021-08-15 00:00:00
2021-08-15 01:00:00+00:00,10.7466916667,55.7986766667,0.0,219.36,0.624,0.001296,0.0096,0.624,0.0144,4.08,No (reported postion),anchor,2021-08-15 01:00:00
2021-08-15 02:00:00+00:00,10.7452366667,55.7962766667,2.5,243.089425000552,1.27876597211589,0.00143619572757438,0.0144081942123657,0.936532623803772,0.0257558539335247,13.4279395685983,No (reported postion),anchor,2021-08-15 02:00:00
2021-08-15 03:00:00+00:00,10.9417033333,55.7070233333,11.8,2600.3550955204696,7.39707138769499,0.0153631482667511,0.113801098272231,7.39707138769499,0.17070164740834598,48.365466765698,No (reported postion),cruise,2021-08-15 03:00:00
2021-08-15 04:00:00+00:00,11.0932833333,55.6665533333,0.0,219.36,0.624,0.001296,0.0096,0.624,0.0144,4.08,No (reported postion),anchor,2021-08-15 04:00:00
2021-08-15 05:00:00+00:00,11.0932566667,55.6665616667,0.0,219.36,0.624,0.001296,0.0096,0.624,0.0144,4.08,No (reported postion),anchor,2021-08-15 05:00:00
2021-08-15 06:00:00+00:00,11.0932833333,55.6665716667,0.0,219.36,0.624,0.001296,0.0096,0.624,0.0144,4.08,No (reported postion),anchor,2021-08-15 06:00:00
2021-08-15 07:00:00+00:00,11.09327,55.6665616667,0.0,219.36,0.624,0.001296,0.0096,0.624,0.0144,4.08,No (reported postion),anchor,2021-08-15 07:00:00
2021-08-15 08:00:00+00:00,11.0932866667,55.6665583333,0.0,219.36,0.624,0.001296,0.0096,0.624,0.0144,4.08,No (reported postion),anchor,2021-08-15 08:00:00
2021-08-15 09:00:00+00:00,11.0932816667,55.6665516667,0.0,219.36,0.624,0.001296,0.0096,0.624,0.0144,4.08,No (reported postion),anchor,2021-08-15 09:00:00
2021-08-15 10:00:00+00:00,11.093275,55.6665533333,0.0,219.36,0.624,0.001296,0.0096,0.624,0.0144,4.08,No (reported postion),anchor,2021-08-15 10:00:00
2021-08-15 11:00:00+00:00,11.09327,55.666535,0.0,219.36,0.624,0.001296,0.0096,0.624,0.0144,4.08,No (reported postion),anchor,2021-08-15 11:00:00
2021-08-15 12:00:00+00:00,11.0932716667,55.6665283333,0.0,219.36,0.624,0.001296,0.0096,0.624,0.0144,4.08,No (reported postion),anchor,2021-08-15 12:00:00
2021-08-15 13:00:00+00:00,11.0932916667,55.66652,0.0,219.36,0.624,0.001296,0.0096,0.624,0.0144,4.08,No (reported postion),anchor,2021-08-15 13:00:00
2021-08-15 14:00:00+00:00,11.0932666667,55.6665933333,0.0,219.36,0.624,0.001296,0.0096,0.624,0.0144,4.08,No (reported postion),anchor,2021-08-15 14:00:00
2021-08-15 15:00:00+00:00,11.0933483333,55.666555,0.0,219.36,0.624,0.001296,0.0096,0.624,0.0144,4.08,No (reported postion),anchor,2021-08-15 15:00:00
2021-08-15 16:00:00+00:00,11.0932083333,55.6665833333,0.0,219.36,0.624,0.001296,0.0096,0.624,0.0144,4.08,No (reported postion),anchor,2021-08-15 16:00:00
2021-08-15 17:00:00+00:00,11.0932983333,55.6665516667,0.0,219.36,0.624,0.001296,0.0096,0.624,0.0144,4.08,No (reported postion),anchor,2021-08-15 17:00:00
2021-08-15 18:00:00+00:00,11.0933066667,55.6665466667,0.0,219.36,0.624,0.001296,0.0096,0.624,0.0144,4.08,No (reported postion),anchor,2021-08-15 18:00:00
2021-08-15 19:00:00+00:00,11.0932716667,55.666555,0.0,219.36,0.624,0.001296,0.0096,0.624,0.0144,4.08,No (reported postion),anchor,2021-08-15 19:00:00
2021-08-15 20:00:00+00:00,11.0933516667,55.6665716667,0.0,219.36,0.624,0.001296,0.0096,0.624,0.0144,4.08,No (reported postion),anchor,2021-08-15 20:00:00
2021-08-15 21:00:00+00:00,11.0933316667,55.6665266667,0.0,219.36,0.624,0.001296,0.0096,0.624,0.0144,4.08,No (reported postion),anchor,2021-08-15 21:00:00
2021-08-15 22:00:00+00:00,11.0933216667,55.6665666667,0.0,219.36,0.624,0.001296,0.0096,0.624,0.0144,4.08,No (reported postion),anchor,2021-08-15 22:00:00
2021-08-15 23:00:00+00:00,11.0933116667,55.6665816667,0.0,219.36,0.624,0.001296,0.0096,0.624,0.0144,4.08,No (reported postion),anchor,2021-08-15 23:00:00
2021-08-16 00:00:00+00:00,11.0059883333,55.6824466667,12.8,2725.091,7.7519,0.016100100000000003,0.11926,7.7519,0.17889,50.6855,No (reported postion),cruise,2021-08-16 00:00:00
2021-08-16 01:00:00+00:00,10.8159316667,55.8092433333,11.8,2600.3550955204696,7.39707138769499,0.0153631482667511,0.113801098272231,7.39707138769499,0.17070164740834598,48.365466765698,No (reported postion),cruise,2021-08-16 01:00:00
2021-08-16 02:00:00+00:00,11.0274316667,55.9697166667,10.4,1813.42205912456,5.1585310215797,0.0107138721217425,0.07936201571661079,5.1585310215797,0.119043023574916,33.7288566795596,No (reported postion),cruise,2021-08-16 02:00:00
2021-08-16 03:00:00+00:00,11.1833066667,56.1185933333,10.6,1996.1030806357198,5.67819257073617,0.011793169185375102,0.0873568087805564,5.67819257073617,0.131035213170835,37.1266437317365,No (reported postion),cruise,2021-08-16 03:00:00
2021-08-16 04:00:00+00:00,11.3881883333,56.2646033333,11.2,2335.7342122619502,6.64432051628125,0.013799742610738,0.102220315635096,6.64432051628125,0.15333047345264397,43.4436341449158,No (reported postion),cruise,2021-08-16 04:00:00
2021-08-16 05:00:00+00:00,11.5725983333,56.4213866667,11.1,2276.51723370879,6.475869592607051,0.013449883000030001,0.09962876296318539,6.475869592607051,0.149443144444778,42.342224259353806,No (reported postion),cruise,2021-08-16 05:00:00
2021-08-16 06:00:00+00:00,11.75906,56.5808616667,11.4,2457.37852759103,6.99035467367252,0.0145184289376275,0.1075439180565,6.99035467367252,0.16131587708475,45.706165174012604,No (reported postion),cruise,2021-08-16 06:00:00
2021-08-16 07:00:00+00:00,11.9504633333,56.734425,10.9,2161.2460033976,6.14796456108725,0.012768849473027399,0.0945840701705731,6.14796456108725,0.14187610525586,40.1982298224936,No (reported postion),cruise,2021-08-16 07:00:00
2021-08-16 08:00:00+00:00,11.8428083333,56.90861,11.3,2396.0181347941902,6.81580651035545,0.014155905829199799,0.10485856169777599,6.81580651035545,0.157287842546664,44.564888721554894,No (reported postion),cruise,2021-08-16 08:00:00
2021-08-16 09:00:00+00:00,11.7237816667,57.0868466667,11.9,2725.091,7.7519,0.016100100000000003,0.11926,7.7519,0.17889,50.6855,No (reported postion),cruise,2021-08-16 09:00:00
2021-08-16 10:00:00+00:00,11.6164233333,57.2680866667,11.2,2335.7342122619502,6.64432051628125,0.013799742610738,0.102220315635096,6.64432051628125,0.15333047345264397,43.4436341449158,No (reported postion),cruise,2021-08-16 10:00:00
2021-08-16 11:00:00+00:00,11.61254,57.4620633333,12.8,2725.091,7.7519,0.016100100000000003,0.11926,7.7519,0.17889,50.6855,No (reported postion),cruise,2021-08-16 11:00:00
2021-08-16 12:00:00+00:00,11.72578,57.65184,12.9,2725.091,7.7519,0.016100100000000003,0.11926,7.7519,0.17889,50.6855,No (reported postion),cruise,2021-08-16 12:00:00
2021-08-16 13:00:00+00:00,11.8773133333,57.6893633333,0.0,219.36,0.624,0.001296,0.0096,0.624,0.0144,4.08,No (reported postion),anchor,2021-08-16 13:00:00
2021-08-16 14:00:00+00:00,11.877355,57.68939,0.0,219.36,0.624,0.001296,0.0096,0.624,0.0144,4.08,No (reported postion),anchor,2021-08-16 14:00:00
2021-08-16 15:00:00+00:00,11.8773116667,57.6893733333,0.0,219.36,0.624,0.001296,0.0096,0.624,0.0144,4.08,No (reported postion),anchor,2021-08-16 15:00:00
2021-08-16 16:00:00+00:00,11.8773383333,57.68939,0.0,219.36,0.624,0.001296,0.0096,0.624,0.0144,4.08,No (reported postion),anchor,2021-08-16 16:00:00
2021-08-16 17:00:00+00:00,11.87736,57.6893616667,0.0,219.36,0.624,0.001296,0.0096,0.624,0.0144,4.08,No (reported postion),anchor,2021-08-16 17:00:00
2021-08-16 18:00:00+00:00,11.8773883333,57.6893816667,0.0,219.36,0.624,0.001296,0.0096,0.624,0.0144,4.08,No (reported postion),anchor,2021-08-16 18:00:00
2021-08-16 19:00:00+00:00,11.8772933333,57.68938,0.0,219.36,0.624,0.001296,0.0096,0.624,0.0144,4.08,No (reported postion),anchor,2021-08-16 19:00:00
2021-08-16 20:00:00+00:00,11.8772833333,57.689385,0.0,219.36,0.624,0.001296,0.0096,0.624,0.0144,4.08,No (reported postion),anchor,2021-08-16 20:00:00
2021-08-16 21:00:00+00:00,11.8772933333,57.6893616667,0.0,219.36,0.624,0.001296,0.0096,0.624,0.0144,4.08,No (reported postion),anchor,2021-08-16 21:00:00
2021-08-16 22:00:00+00:00,11.8772883333,57.6893983333,0.0,219.36,0.624,0.001296,0.0096,0.624,0.0144,4.08,No (reported postion),anchor,2021-08-16 22:00:00
2021-08-16 23:00:00+00:00,11.8773033333,57.68939,0.0,219.36,0.624,0.001296,0.0096,0.624,0.0144,4.08,No (reported postion),anchor,2021-08-16 23:00:00
2021-08-17 00:00:00+00:00,11.8773366667,57.6893833333,0.0,219.36,0.624,0.001296,0.0096,0.624,0.0144,4.08,No (reported postion),anchor,2021-08-17 00:00:00
2021-08-17 01:00:00+00:00,11.8773066667,57.6893483333,0.0,219.36,0.624,0.001296,0.0096,0.624,0.0144,4.08,No (reported postion),anchor,2021-08-17 01:00:00
2021-08-17 02:00:00+00:00,11.8773433333,57.6893966667,0.0,219.36,0.624,0.001296,0.0096,0.624,0.0144,4.08,No (reported postion),anchor,2021-08-17 02:00:00
2021-08-17 03:00:00+00:00,11.8773516667,57.6893816667,0.0,219.36,0.624,0.001296,0.0096,0.624,0.0144,4.08,No (reported postion),anchor,2021-08-17 03:00:00
2021-08-17 04:00:00+00:00,11.8773183333,57.6893866667,0.0,219.36,0.624,0.001296,0.0096,0.624,0.0144,4.08,No (reported postion),anchor,2021-08-17 04:00:00
2021-08-17 05:00:00+00:00,11.856225,57.6855683333,7.2,671.955467046791,1.9114706940061899,0.00396997759524363,0.029407241446249097,1.9114706940061899,0.0441108621693736,12.4980776146559,No (reported postion),cruise,2021-08-17 05:00:00
2021-08-17 06:00:00+00:00,11.612105,57.5517466667,12.0,2729.39456966107,7.764142101880511,0.0161255259039057,0.119448340028931,7.764142101880511,0.179172510043396,50.7655445122956,No (reported postion),cruise,2021-08-17 06:00:00
2021-08-17 07:00:00+00:00,11.591695,57.3514433333,12.1,2725.091,7.7519,0.016100100000000003,0.11926,7.7519,0.17889,50.6855,No (reported postion),cruise,2021-08-17 07:00:00
2021-08-17 08:00:00+00:00,11.60038,57.1473883333,12.2,2725.091,7.7519,0.016100100000000003,0.11926,7.7519,0.17889,50.6855,No (reported postion),cruise,2021-08-17 08:00:00
2021-08-17 09:00:00+00:00,11.729405,56.9546783333,12.5,2725.091,7.7519,0.016100100000000003,0.11926,7.7519,0.17889,50.6855,No (reported postion),cruise,2021-08-17 09:00:00
2021-08-17 10:00:00+00:00,11.8587633333,56.77084,11.7,2648.01379042449,7.53264316750948,0.0156447204248274,0.115886817961684,7.53264316750948,0.173830226942526,49.2518976337158,No (reported postion),cruise,2021-08-17 10:00:00
2021-08-17 11:00:00+00:00,11.7333233333,56.6055983333,10.6,1996.1030806357198,5.67819257073617,0.011793169185375102,0.0873568087805564,5.67819257073617,0.131035213170835,37.1266437317365,No (reported postion),cruise,2021-08-17 11:00:00
2021-08-17 12:00:00+00:00,11.5456383333,56.4533883333,12.3,2725.091,7.7519,0.016100100000000003,0.11926,7.7519,0.17889,50.6855,No (reported postion),cruise,2021-08-17 12:00:00
2021-08-17 13:00:00+00:00,11.356235,56.2660833333,12.2,2725.091,7.7519,0.016100100000000003,0.11926,7.7519,0.17889,50.6855,No (reported postion),cruise,2021-08-17 13:00:00
2021-08-17 14:00:00+00:00,11.1491733333,56.1140683333,11.8,2713.77532713504,7.71971099622658,0.0160332459152398,0.11876478455733201,7.71971099622658,0.178147176835998,50.4750334368661,No (reported postion),cruise,2021-08-17 14:00:00
2021-08-17 15:00:00+00:00,10.9778166667,55.9416533333,11.7,2537.4527560581996,7.21813694283516,0.0149915151889653,0.111048260659002,7.21813694283516,0.166572390988504,47.195510780076,No (reported postion),cruise,2021-08-17 15:00:00
2021-08-17 16:00:00+00:00,10.7982183333,55.782795,12.0,2729.39456966107,7.764142101880511,0.0161255259039057,0.119448340028931,7.764142101880511,0.179172510043396,50.7655445122956,No (reported postion),cruise,2021-08-17 16:00:00
2021-08-17 17:00:00+00:00,10.806335,55.5939216667,11.8,2600.3550955204696,7.39707138769499,0.0153631482667511,0.113801098272231,7.39707138769499,0.17070164740834598,48.365466765698,No (reported postion),cruise,2021-08-17 17:00:00
2021-08-17 18:00:00+00:00,10.9667983333,55.421325,11.8,2600.3550955204696,7.39707138769499,0.0153631482667511,0.113801098272231,7.39707138769499,0.17070164740834598,48.365466765698,No (reported postion),cruise,2021-08-17 18:00:00
2021-08-17 19:00:00+00:00,11.0931783333,55.2327733333,13.1,2725.091,7.7519,0.016100100000000003,0.11926,7.7519,0.17889,50.6855,No (reported postion),cruise,2021-08-17 19:00:00
2021-08-17 20:00:00+00:00,11.0253716667,55.0484933333,11.6,2475.61653220237,7.04223521195421,0.014626180824828,0.10834208018391099,7.04223521195421,0.16251312027586598,46.0453840781622,No (reported postion),cruise,2021-08-17 20:00:00
2021-08-17 21:00:00+00:00,10.8799416667,54.8880866667,11.7,2537.4527560581996,7.21813694283516,0.0149915151889653,0.111048260659002,7.21813694283516,0.166572390988504,47.195510780076,No (reported postion),cruise,2021-08-17 21:00:00
2021-08-17 22:00:00+00:00,10.864,54.6981066667,11.7,2648.01379042449,7.53264316750948,0.0156447204248274,0.115886817961684,7.53264316750948,0.173830226942526,49.2518976337158,No (reported postion),cruise,2021-08-17 22:00:00
2021-08-17 23:00:00+00:00,11.1504116667,54.5923766667,12.5,2725.091,7.7519,0.016100100000000003,0.11926,7.7519,0.17889,50.6855,No (reported postion),cruise,2021-08-17 23:00:00
2021-08-18 00:00:00+00:00,11.463735,54.4962666667,12.7,2725.091,7.7519,0.016100100000000003,0.11926,7.7519,0.17889,50.6855,No (reported postion),cruise,2021-08-18 00:00:00
2021-08-18 01:00:00+00:00,11.75569,54.4158633333,11.4,2457.37852759103,6.99035467367252,0.0145184289376275,0.1075439180565,6.99035467367252,0.16131587708475,45.706165174012604,No (reported postion),cruise,2021-08-18 01:00:00
2021-08-18 02:00:00+00:00,12.0896433333,54.407325,11.5,2519.82491693801,7.16799210507531,0.014887368218233301,0.11027680161654299,7.16799210507531,0.165415202424815,46.8676406870309,No (reported postion),cruise,2021-08-18 02:00:00
2021-08-18 03:00:00+00:00,12.293195,54.5351733333,11.8,2713.77532713504,7.71971099622658,0.0160332459152398,0.11876478455733201,7.71971099622658,0.178147176835998,50.4750334368661,No (reported postion),cruise,2021-08-18 03:00:00
2021-08-18 04:00:00+00:00,12.518015,54.6628766667,11.4,2457.37852759103,6.99035467367252,0.0145184289376275,0.1075439180565,6.99035467367252,0.16131587708475,45.706165174012604,No (reported postion),cruise,2021-08-18 04:00:00
2021-08-18 05:00:00+00:00,12.7995733333,54.7590083333,11.6,2583.36682912065,7.348745903406679,0.0152627799532293,0.11305762928318,7.348745903406679,0.169586443924769,48.0494924453513,No (reported postion),cruise,2021-08-18 05:00:00
2021-08-18 06:00:00+00:00,13.11399,54.822825,11.4,2457.37852759103,6.99035467367252,0.0145184289376275,0.1075439180565,6.99035467367252,0.16131587708475,45.706165174012604,No (reported postion),cruise,2021-08-18 06:00:00
2021-08-18 07:00:00+00:00,13.43073,54.8862816667,11.6,2583.36682912065,7.348745903406679,0.0152627799532293,0.11305762928318,7.348745903406679,0.169586443924769,48.0494924453513,No (reported postion),cruise,2021-08-18 07:00:00
2021-08-18 08:00:00+00:00,13.746715,54.94581,11.3,2396.0181347941902,6.81580651035545,0.014155905829199799,0.10485856169777599,6.81580651035545,0.157287842546664,44.564888721554894,No (reported postion),cruise,2021-08-18 08:00:00
2021-08-18 09:00:00+00:00,14.0563616667,55.0054916667,11.2,2335.7342122619502,6.64432051628125,0.013799742610738,0.102220315635096,6.64432051628125,0.15333047345264397,43.4436341449158,No (reported postion),cruise,2021-08-18 09:00:00
2021-08-18 10:00:00+00:00,14.3035016667,55.1374716667,12.5,2725.091,7.7519,0.016100100000000003,0.11926,7.7519,0.17889,50.6855,No (reported postion),cruise,2021-08-18 10:00:00
2021-08-18 11:00:00+00:00,14.522565,55.3088583333,13.5,2725.091,7.7519,0.016100100000000003,0.11926,7.7519,0.17889,50.6855,No (reported postion),cruise,2021-08-18 11:00:00
2021-08-18 12:00:00+00:00,14.7946883333,55.44495,11.6,2583.36682912065,7.348745903406679,0.0152627799532293,0.11305762928318,7.348745903406679,0.169586443924769,48.0494924453513,No (reported postion),cruise,2021-08-18 12:00:00
2021-08-18 13:00:00+00:00,15.1003083333,55.5403583333,12.0,2725.091,7.7519,0.016100100000000003,0.11926,7.7519,0.17889,50.6855,No (reported postion),cruise,2021-08-18 13:00:00
2021-08-18 14:00:00+00:00,15.4046383333,55.6362116667,11.7,2648.01379042449,7.53264316750948,0.0156447204248274,0.115886817961684,7.53264316750948,0.173830226942526,49.2518976337158,No (reported postion),cruise,2021-08-18 14:00:00
2021-08-18 15:00:00+00:00,15.7032116667,55.7276966667,11.1,2276.51723370879,6.475869592607051,0.013449883000030001,0.09962876296318539,6.475869592607051,0.149443144444778,42.342224259353806,No (reported postion),cruise,2021-08-18 15:00:00
2021-08-18 16:00:00+00:00,15.993795,55.8162283333,11.3,2396.0181347941902,6.81580651035545,0.014155905829199799,0.10485856169777599,6.81580651035545,0.157287842546664,44.564888721554894,No (reported postion),cruise,2021-08-18 16:00:00
2021-08-18 17:00:00+00:00,16.289155,55.906215,11.5,2519.82491693801,7.16799210507531,0.014887368218233301,0.11027680161654299,7.16799210507531,0.165415202424815,46.8676406870309,No (reported postion),cruise,2021-08-18 17:00:00
2021-08-18 18:00:00+00:00,16.5849766667,55.9973733333,11.5,2519.82491693801,7.16799210507531,0.014887368218233301,0.11027680161654299,7.16799210507531,0.165415202424815,46.8676406870309,No (reported postion),cruise,2021-08-18 18:00:00
2021-08-18 19:00:00+00:00,16.8716216667,56.102005,11.8,2713.77532713504,7.71971099622658,0.0160332459152398,0.11876478455733201,7.71971099622658,0.178147176835998,50.4750334368661,No (reported postion),cruise,2021-08-18 19:00:00
2021-08-18 20:00:00+00:00,17.0424775,56.3560025,11.4,2725.091,7.7519,0.016100100000000003,0.11926,7.7519,0.17889,50.6855,Linear (small gap),cruise,2021-08-18 20:00:00
2021-08-18 21:00:00+00:00,17.2133333333,56.61,11.0,2218.3576728491803,6.31042664049,0.0131062707148639,0.09708348677676931,6.31042664049,0.145625230165154,41.260481880127,No (reported postion),cruise,2021-08-18 21:00:00
2021-08-18 22:00:00+00:00,17.2407283333,56.6613983333,11.7,2648.01379042449,7.53264316750948,0.0156447204248274,0.115886817961684,7.53264316750948,0.173830226942526,49.2518976337158,No (reported postion),cruise,2021-08-18 22:00:00
2021-08-18 23:00:00+00:00,17.3476083333,56.8327916667,11.5,2519.82491693801,7.16799210507531,0.014887368218233301,0.11027680161654299,7.16799210507531,0.165415202424815,46.8676406870309,No (reported postion),cruise,2021-08-18 23:00:00
2021-08-19 00:00:00+00:00,17.4695733333,57.0142383333,11.4,2457.37852759103,6.99035467367252,0.0145184289376275,0.1075439180565,6.99035467367252,0.16131587708475,45.706165174012604,No (reported postion),cruise,2021-08-19 00:00:00
2021-08-19 01:00:00+00:00,17.5893616667,57.1876783333,10.8,2105.17269906851,5.9884562555559295,0.0124375629923085,0.092130096239322,5.9884562555559295,0.13819514435898297,39.1552909017119,No (reported postion),cruise,2021-08-19 01:00:00
2021-08-19 02:00:00+00:00,17.7095266667,57.3590383333,10.9,2161.2460033976,6.14796456108725,0.012768849473027399,0.0945840701705731,6.14796456108725,0.14187610525586,40.1982298224936,No (reported postion),cruise,2021-08-19 02:00:00
2021-08-19 03:00:00+00:00,17.8036883333,57.53371,11.1,2276.51723370879,6.475869592607051,0.013449883000030001,0.09962876296318539,6.475869592607051,0.149443144444778,42.342224259353806,No (reported postion),cruise,2021-08-19 03:00:00
2021-08-19 04:00:00+00:00,17.8173983333,57.7302183333,10.7,2050.12823357639,5.8318746250531905,0.0121123549904951,0.0897211480777414,5.8318746250531905,0.134581722116612,38.1314879330401,No (reported postion),cruise,2021-08-19 04:00:00
2021-08-19 05:00:00+00:00,17.81782,58.0383533333,10.0,1692.8242545824,4.81547380953419,0.0100013686813402,0.0740842124543722,4.81547380953419,0.111126318681558,31.4857902931082,No (reported postion),cruise,2021-08-19 05:00:00
2021-08-19 06:00:00+00:00,17.8192766667,58.0547,10.1,1740.9335842105,4.95232748243688,0.0102856032327535,0.07618965357595209,4.95232748243688,0.11428448036392799,32.3806027697796,No (reported postion),cruise,2021-08-19 06:00:00
2021-08-19 07:00:00+00:00,17.8548083333,58.3492483333,10.3,1840.04823426707,5.23427287647087,0.0108711821280549,0.0805272750226287,5.23427287647087,0.120790912533943,34.2240918846172,No (reported postion),cruise,2021-08-19 07:00:00
2021-08-19 08:00:00+00:00,17.86036,58.3989183333,10.2,1790.00506867688,5.091918138468159,0.0105755222875877,0.0783372021302793,5.091918138468159,0.117505803195419,33.2933109053687,No (reported postion),cruise,2021-08-19 08:00:00
2021-08-19 09:00:00+00:00,17.8738683333,58.5039916667,3.0,262.228284873725,1.8068644907170002,0.0015492699543961902,0.0182862213989211,1.18860439092987,0.0349148663060911,20.9674777370168,No (reported postion),anchor,2021-08-19 09:00:00
2021-08-19 10:00:00+00:00,17.87331,58.7004816667,8.7,1105.16744327287,3.1438023550431797,0.00652943566047431,0.0483661900775874,3.1438023550431797,0.0725492851163812,20.5556307829747,No (reported postion),cruise,2021-08-19 10:00:00
2021-08-19 11:00:00+00:00,17.718905,58.8573816667,12.6,2725.091,7.7519,0.016100100000000003,0.11926,7.7519,0.17889,50.6855,No (reported postion),cruise,2021-08-19 11:00:00
2021-08-19 12:00:00+00:00,17.71355,58.8858015151818,11.4545454545455,2725.091,7.7519,0.016100100000000003,0.11926,7.7519,0.17889,50.6855,Linear (small gap),cruise,2021-08-19 12:00:00
2021-08-19 13:00:00+00:00,17.708195,58.9142213636636,10.3090909090909,2725.091,7.7519,0.016100100000000003,0.11926,7.7519,0.17889,50.6855,Linear (small gap),cruise,2021-08-19 13:00:00
2021-08-19 14:00:00+00:00,17.70284,58.9426412121455,9.16363636363636,2725.091,7.7519,0.016100100000000003,0.11926,7.7519,0.17889,50.6855,Linear (small gap),cruise,2021-08-19 14:00:00
2021-08-19 15:00:00+00:00,17.697485,58.9710610606273,8.01818181818182,1933.80637351613,5.50098093122751,0.0114251142417802,0.0846304758650386,5.50098093122751,0.126945713797558,35.967952242641395,Linear (small gap),cruise,2021-08-19 15:00:00
2021-08-19 16:00:00+00:00,17.69213,58.9994809091091,6.87272727272727,1256.70888244748,3.57488303540858,0.00742475707354089,0.0549982005447474,3.57488303540858,0.082497300817121,23.3742352315176,Linear (small gap),cruise,2021-08-19 16:00:00
2021-08-19 17:00:00+00:00,17.686775,59.0279007575909,5.72727272727273,771.544538453401,2.19476564549108,0.00455835941755839,0.0337656253152473,2.19476564549108,0.050648437972871004,14.350390758980101,Linear (small gap),cruise,2021-08-19 17:00:00
2021-08-19 18:00:00+00:00,17.68142,59.0563206060727,4.58181818181818,446.32448368814096,1.77436065594697,0.00263692802178989,0.0211754081791614,1.37640153164549,0.033555048288110796,12.1093041097565,Linear (small gap),cruise,2021-08-19 18:00:00
2021-08-19 19:00:00+00:00,17.676065,59.0847404545545,3.43636363636364,249.059860305935,1.6339223369289901,0.0014714696341926099,0.0146796401089495,0.954176607081715,0.0261773117083659,13.6017091571377,Linear (small gap),cruise,2021-08-19 19:00:00
2021-08-19 20:00:00+00:00,17.67071,59.1131603030364,2.29090909090909,237.619578812646,1.12783651822201,0.00140387934965896,0.0132998621401553,0.8644910391100951,0.0231382273223754,11.2731553033711,Linear (small gap),anchor,2021-08-19 20:00:00
2021-08-19 21:00:00+00:00,17.665355,59.1415801515182,1.14545454545454,221.642447351581,0.686979564777752,0.00130948491870737,0.0100624827675194,0.654061379888762,0.0154922784152969,4.9791444129213795,Linear (small gap),anchor,2021-08-19 21:00:00
2021-08-19 22:00:00+00:00,17.66,59.17,0.0,219.36,0.624,0.001296,0.0096,0.624,0.0144,4.08,No (reported postion),anchor,2021-08-19 22:00:00
2021-08-19 23:00:00+00:00,17.6630545238071,59.1605740476214,0.714285714285714,219.913455976689,0.639271509553723,0.00129926987119707,0.00971214447142544,0.631289390642654,0.014664859566962701,4.29802774504019,Linear (small gap),anchor,2021-08-19 23:00:00
2021-08-20 00:00:00+00:00,17.6661090476143,59.1511480952429,1.42857142857143,223.78764781351398,0.746172076429788,0.00132215896957656,0.010497155771403501,0.682315125141229,0.016518876535701398,5.82422196032155,Linear (small gap),anchor,2021-08-20 00:00:00
2021-08-20 01:00:00+00:00,17.6691635714214,59.1417221428643,2.14285714285714,234.30331137061,1.0363307579505299,0.00138428652232089,0.0126279007284869,0.820813547351647,0.0215512083079922,9.96674911608522,Linear (small gap),anchor,2021-08-20 01:00:00
2021-08-20 02:00:00+00:00,17.6722180952286,59.1322961904857,2.85714285714286,254.781182508113,1.6013766114383,0.00150527175661248,0.0167772461712281,1.09052100112983,0.0313510122856112,18.0337756825724,Linear (small gap),anchor,2021-08-20 02:00:00
2021-08-20 03:00:00+00:00,17.6752726190357,59.1228702381071,3.57142857142857,266.70942446153197,1.58613764778988,0.00157574495852546,0.0148546680730512,0.9655534247483311,0.025888816397339698,12.5349885774377,Linear (small gap),cruise,2021-08-20 03:00:00
2021-08-20 04:00:00+00:00,17.6783271428429,59.1134442857286,4.28571428571429,384.353805469527,1.7208825718328,0.0022707992883319998,0.0188982604988773,1.22838693242702,0.0307304341647955,12.134872645781899,Linear (small gap),cruise,2021-08-20 04:00:00
2021-08-20 05:00:00+00:00,17.68138166665,59.10401833335,5.0,548.538820722443,1.7748320269558802,0.0032408201661938596,0.024588257564293902,1.5982367416791101,0.037755659735172205,11.687146765527599,Linear (small gap),cruise,2021-08-20 05:00:00
2021-08-20 06:00:00+00:00,17.6844361904571,59.0945923809714,5.71428571428571,767.0212425944339,2.18189850190977,0.0045316353501202895,0.033567669260150305,2.18189850190977,0.0503515038902254,14.2662594355639,Linear (small gap),cruise,2021-08-20 06:00:00
2021-08-20 07:00:00+00:00,17.6874907142643,59.0851664285929,6.42857142857143,1047.55784345965,2.97992384353949,0.00618907259812049,0.045844982208299905,2.97992384353949,0.0687674733124499,19.4841174385275,Linear (small gap),cruise,2021-08-20 07:00:00
2021-08-20 08:00:00+00:00,17.6905452380714,59.0757404762143,7.14285714285714,1397.90539569225,3.9765361365425203,0.00825895966820369,0.061177479023731,3.9765361365425203,0.0917662185355965,26.0004285850857,Linear (small gap),cruise,2021-08-20 08:00:00
2021-08-20 09:00:00+00:00,17.6935997618786,59.0663145238357,7.85714285714286,1825.8206716663901,5.19380059773809,0.0107871243183791,0.0799046245805859,5.19380059773809,0.11985693687087899,33.959465446749,Linear (small gap),cruise,2021-08-20 09:00:00
2021-08-20 10:00:00+00:00,17.6966542856857,59.0568885714571,8.57142857142857,2339.06044375621,6.65378244394546,0.013819394306656,0.102365883753007,6.65378244394546,0.153548825629511,43.505500595028,Linear (small gap),cruise,2021-08-20 10:00:00
2021-08-20 11:00:00+00:00,17.6997088094929,59.0474626190786,9.28571428571429,2725.091,7.7519,0.016100100000000003,0.11926,7.7519,0.17889,50.6855,Linear (small gap),cruise,2021-08-20 11:00:00
2021-08-20 12:00:00+00:00,17.7027633333,59.0380366667,10.0,1623.7932000353399,4.6191053830327,0.00959352656476023,0.0710631597389647,4.6191053830327,0.106594739608447,30.20184288906,No (reported postion),cruise,2021-08-20 12:00:00
2021-08-20 13:00:00+00:00,17.7136033333,58.9263766667,14.3,2725.091,7.7519,0.016100100000000003,0.11926,7.7519,0.17889,50.6855,No (reported postion),cruise,2021-08-20 13:00:00
2021-08-20 14:00:00+00:00,17.850735,58.7296883333,12.8,2725.091,7.7519,0.016100100000000003,0.11926,7.7519,0.17889,50.6855,No (reported postion),cruise,2021-08-20 14:00:00
2021-08-20 15:00:00+00:00,17.8529716667,58.5240683333,11.5,2519.82491693801,7.16799210507531,0.014887368218233301,0.11027680161654299,7.16799210507531,0.165415202424815,46.8676406870309,No (reported postion),cruise,2021-08-20 15:00:00
2021-08-20 16:00:00+00:00,17.8324,58.3452116667,11.4,2457.37852759103,6.99035467367252,0.0145184289376275,0.1075439180565,6.99035467367252,0.16131587708475,45.706165174012604,No (reported postion),cruise,2021-08-20 16:00:00
2021-08-20 17:00:00+00:00,17.8109816667,58.154775,11.7,2648.01379042449,7.53264316750948,0.0156447204248274,0.115886817961684,7.53264316750948,0.173830226942526,49.2518976337158,No (reported postion),cruise,2021-08-20 17:00:00
2021-08-20 18:00:00+00:00,17.7640883333,57.85349,11.2,2335.7342122619502,6.64432051628125,0.013799742610738,0.102220315635096,6.64432051628125,0.15333047345264397,43.4436341449158,No (reported postion),cruise,2021-08-20 18:00:00
2021-08-20 19:00:00+00:00,17.7416233333,57.7522983333,11.3,2396.0181347941902,6.81580651035545,0.014155905829199799,0.10485856169777599,6.81580651035545,0.157287842546664,44.564888721554894,No (reported postion),cruise,2021-08-20 19:00:00
2021-08-20 20:00:00+00:00,17.7039383333,57.5906033333,11.5,2519.82491693801,7.16799210507531,0.014887368218233301,0.11027680161654299,7.16799210507531,0.165415202424815,46.8676406870309,No (reported postion),cruise,2021-08-20 20:00:00
2021-08-20 21:00:00+00:00,17.6239166667,57.4032116667,11.6,2583.36682912065,7.348745903406679,0.0152627799532293,0.11305762928318,7.348745903406679,0.169586443924769,48.0494924453513,No (reported postion),cruise,2021-08-20 21:00:00
2021-08-20 22:00:00+00:00,17.4933116667,57.2248583333,11.3,2396.0181347941902,6.81580651035545,0.014155905829199799,0.10485856169777599,6.81580651035545,0.157287842546664,44.564888721554894,No (reported postion),cruise,2021-08-20 22:00:00
2021-08-20 23:00:00+00:00,17.36942,57.0507233333,11.3,2396.0181347941902,6.81580651035545,0.014155905829199799,0.10485856169777599,6.81580651035545,0.157287842546664,44.564888721554894,No (reported postion),cruise,2021-08-20 23:00:00
2021-08-21 00:00:00+00:00,17.2392816667,56.8732666667,11.5,2519.82491693801,7.16799210507531,0.014887368218233301,0.11027680161654299,7.16799210507531,0.165415202424815,46.8676406870309,No (reported postion),cruise,2021-08-21 00:00:00
2021-08-21 01:00:00+00:00,17.1129333333,56.69695,11.2,2335.7342122619502,6.64432051628125,0.013799742610738,0.102220315635096,6.64432051628125,0.15333047345264397,43.4436341449158,No (reported postion),cruise,2021-08-21 01:00:00
2021-08-21 02:00:00+00:00,16.9867633333,56.5187233333,11.4,2457.37852759103,6.99035467367252,0.0145184289376275,0.1075439180565,6.99035467367252,0.16131587708475,45.706165174012604,No (reported postion),cruise,2021-08-21 02:00:00
2021-08-21 03:00:00+00:00,16.868245,56.3440333333,11.6,2583.36682912065,7.348745903406679,0.0152627799532293,0.11305762928318,7.348745903406679,0.169586443924769,48.0494924453513,No (reported postion),cruise,2021-08-21 03:00:00
2021-08-21 04:00:00+00:00,16.7521916667,56.1680616667,11.2,2335.7342122619502,6.64432051628125,0.013799742610738,0.102220315635096,6.64432051628125,0.15333047345264397,43.4436341449158,No (reported postion),cruise,2021-08-21 04:00:00
2021-08-21 05:00:00+00:00,16.4841033333,56.0534733333,11.6,2583.36682912065,7.348745903406679,0.0152627799532293,0.11305762928318,7.348745903406679,0.169586443924769,48.0494924453513,No (reported postion),cruise,2021-08-21 05:00:00
2021-08-21 06:00:00+00:00,16.1816083333,55.9553816667,11.5,2519.82491693801,7.16799210507531,0.014887368218233301,0.11027680161654299,7.16799210507531,0.165415202424815,46.8676406870309,No (reported postion),cruise,2021-08-21 06:00:00
2021-08-21 07:00:00+00:00,15.8921283333,55.859285,11.5,2519.82491693801,7.16799210507531,0.014887368218233301,0.11027680161654299,7.16799210507531,0.165415202424815,46.8676406870309,No (reported postion),cruise,2021-08-21 07:00:00
2021-08-21 08:00:00+00:00,15.5984116667,55.7608733333,11.5,2519.82491693801,7.16799210507531,0.014887368218233301,0.11027680161654299,7.16799210507531,0.165415202424815,46.8676406870309,No (reported postion),cruise,2021-08-21 08:00:00
2021-08-21 09:00:00+00:00,15.3084916667,55.673115,10.0,1692.8242545824,4.81547380953419,0.0100013686813402,0.0740842124543722,4.81547380953419,0.111126318681558,31.4857902931082,No (reported postion),cruise,2021-08-21 09:00:00
2021-08-21 10:00:00+00:00,15.05214,55.593775,9.9,1645.6675535070501,4.68133002091722,0.00972276235113576,0.0720204618602648,4.68133002091722,0.108030692790397,30.6086962906126,No (reported postion),cruise,2021-08-21 10:00:00
2021-08-21 11:00:00+00:00,14.8057383333,55.5198233333,8.7,1150.62459978528,3.27311155299969,0.00679800091776859,0.0503555623538414,3.27311155299969,0.07553334353076209,21.4011140003826,No (reported postion),cruise,2021-08-21 11:00:00
2021-08-21 12:00:00+00:00,14.56524,55.4335083333,9.9,1645.6675535070501,4.68133002091722,0.00972276235113576,0.0720204618602648,4.68133002091722,0.108030692790397,30.6086962906126,No (reported postion),cruise,2021-08-21 12:00:00
2021-08-21 13:00:00+00:00,14.3710166667,55.2954483333,12.0,2725.091,7.7519,0.016100100000000003,0.11926,7.7519,0.17889,50.6855,No (reported postion),cruise,2021-08-21 13:00:00
2021-08-21 14:00:00+00:00,14.0911416667,55.2106033333,11.7,2648.01379042449,7.53264316750948,0.0156447204248274,0.115886817961684,7.53264316750948,0.173830226942526,49.2518976337158,No (reported postion),cruise,2021-08-21 14:00:00
2021-08-21 15:00:00+00:00,13.7532266667,55.2196416667,11.6,2583.36682912065,7.348745903406679,0.0152627799532293,0.11305762928318,7.348745903406679,0.169586443924769,48.0494924453513,No (reported postion),cruise,2021-08-21 15:00:00
2021-08-21 16:00:00+00:00,13.4106516667,55.233075,11.7,2648.01379042449,7.53264316750948,0.0156447204248274,0.115886817961684,7.53264316750948,0.173830226942526,49.2518976337158,No (reported postion),cruise,2021-08-21 16:00:00
2021-08-21 17:00:00+00:00,13.0646183333,55.2507666667,11.7,2648.01379042449,7.53264316750948,0.0156447204248274,0.115886817961684,7.53264316750948,0.173830226942526,49.2518976337158,No (reported postion),cruise,2021-08-21 17:00:00
2021-08-21 18:00:00+00:00,12.7330466667,55.2961466667,12.0,2725.091,7.7519,0.016100100000000003,0.11926,7.7519,0.17889,50.6855,No (reported postion),cruise,2021-08-21 18:00:00
2021-08-21 19:00:00+00:00,12.7049066667,55.4610316667,11.8,2713.77532713504,7.71971099622658,0.0160332459152398,0.11876478455733201,7.71971099622658,0.178147176835998,50.4750334368661,No (reported postion),cruise,2021-08-21 19:00:00
2021-08-21 20:00:00+00:00,12.8684433333,55.6021066667,10.9,2071.84878585857,5.89366175408346,0.012240682104634899,0.0906717192935917,5.89366175408346,0.13600757894038798,38.5354806997765,No (reported postion),cruise,2021-08-21 20:00:00
2021-08-21 21:00:00+00:00,12.8253983333,55.7619083333,13.4,2725.091,7.7519,0.016100100000000003,0.11926,7.7519,0.17889,50.6855,No (reported postion),cruise,2021-08-21 21:00:00
2021-08-21 22:00:00+00:00,12.7049466667,55.966925,12.8,2725.091,7.7519,0.016100100000000003,0.11926,7.7519,0.17889,50.6855,No (reported postion),cruise,2021-08-21 22:00:00
2021-08-21 23:00:00+00:00,12.5172133333,56.1341966667,10.8,2018.21345128292,5.7410885922708905,0.0119237993839472,0.08832443988109069,5.7410885922708905,0.13248665982163602,37.5378869494635,No (reported postion),cruise,2021-08-21 23:00:00
2021-08-22 00:00:00+00:00,12.3891166667,56.295405,11.1,2182.10822354754,6.207310045102401,0.012892105478289602,0.09549707761696,6.207310045102401,0.14324561642544,40.586257987208,No (reported postion),cruise,2021-08-22 00:00:00
2021-08-22 01:00:00+00:00,12.3113033333,56.48196,11.1,2276.51723370879,6.475869592607051,0.013449883000030001,0.09962876296318539,6.475869592607051,0.149443144444778,42.342224259353806,No (reported postion),cruise,2021-08-22 01:00:00
2021-08-22 02:00:00+00:00,12.2250766667,56.6599283333,11.6,2583.36682912065,7.348745903406679,0.0152627799532293,0.11305762928318,7.348745903406679,0.169586443924769,48.0494924453513,No (reported postion),cruise,2021-08-22 02:00:00
2021-08-22 03:00:00+00:00,12.1414533333,56.8438816667,11.7,2648.01379042449,7.53264316750948,0.0156447204248274,0.115886817961684,7.53264316750948,0.173830226942526,49.2518976337158,No (reported postion),cruise,2021-08-22 03:00:00
2021-08-22 04:00:00+00:00,12.034475,57.0296183333,12.0,2725.091,7.7519,0.016100100000000003,0.11926,7.7519,0.17889,50.6855,No (reported postion),cruise,2021-08-22 04:00:00
2021-08-22 05:00:00+00:00,11.903605,57.2211116667,12.5,2725.091,7.7519,0.016100100000000003,0.11926,7.7519,0.17889,50.6855,No (reported postion),cruise,2021-08-22 05:00:00
2021-08-22 06:00:00+00:00,11.7062483333,57.3932866667,12.1,2725.091,7.7519,0.016100100000000003,0.11926,7.7519,0.17889,50.6855,No (reported postion),cruise,2021-08-22 06:00:00
2021-08-22 07:00:00+00:00,11.63331,57.576535,12.9,2725.091,7.7519,0.016100100000000003,0.11926,7.7519,0.17889,50.6855,No (reported postion),cruise,2021-08-22 07:00:00
2021-08-22 08:00:00+00:00,11.8623733333,57.6854616667,3.4,164.800324494189,1.4009852686159199,0.000973656184101336,0.0122278226487104,0.794808472166175,0.0238666808573198,14.9222985028076,No (reported postion),cruise,2021-08-22 08:00:00
2021-08-22 09:00:00+00:00,11.8733316667,57.6904833333,0.0,219.36,0.624,0.001296,0.0096,0.624,0.0144,4.08,No (reported postion),anchor,2021-08-22 09:00:00
2021-08-22 10:00:00+00:00,11.873335,57.69047,0.0,219.36,0.624,0.001296,0.0096,0.624,0.0144,4.08,No (reported postion),anchor,2021-08-22 10:00:00
2021-08-22 11:00:00+00:00,11.8733116667,57.6904316667,0.0,219.36,0.624,0.001296,0.0096,0.624,0.0144,4.08,No (reported postion),anchor,2021-08-22 11:00:00
2021-08-22 12:00:00+00:00,11.8733583333,57.690465,0.0,219.36,0.624,0.001296,0.0096,0.624,0.0144,4.08,No (reported postion),anchor,2021-08-22 12:00:00
2021-08-22 13:00:00+00:00,11.8733666667,57.69046,0.0,219.36,0.624,0.001296,0.0096,0.624,0.0144,4.08,No (reported postion),anchor,2021-08-22 13:00:00
2021-08-22 14:00:00+00:00,11.8733583333,57.69046,0.0,219.36,0.624,0.001296,0.0096,0.624,0.0144,4.08,No (reported postion),anchor,2021-08-22 14:00:00
2021-08-22 15:00:00+00:00,11.8733266667,57.6904333333,0.0,219.36,0.624,0.001296,0.0096,0.624,0.0144,4.08,No (reported postion),anchor,2021-08-22 15:00:00
2021-08-22 16:00:00+00:00,11.873345,57.6904683333,0.0,219.36,0.624,0.001296,0.0096,0.624,0.0144,4.08,No (reported postion),anchor,2021-08-22 16:00:00
2021-08-22 17:00:00+00:00,11.87333,57.69047,0.0,219.36,0.624,0.001296,0.0096,0.624,0.0144,4.08,No (reported postion),anchor,2021-08-22 17:00:00
2021-08-22 18:00:00+00:00,11.8733266667,57.69047,0.0,219.36,0.624,0.001296,0.0096,0.624,0.0144,4.08,No (reported postion),anchor,2021-08-22 18:00:00
2021-08-22 19:00:00+00:00,11.8733433333,57.6904766667,0.0,219.36,0.624,0.001296,0.0096,0.624,0.0144,4.08,No (reported postion),anchor,2021-08-22 19:00:00
2021-08-22 20:00:00+00:00,11.8733383333,57.6904633333,0.0,219.36,0.624,0.001296,0.0096,0.624,0.0144,4.08,No (reported postion),anchor,2021-08-22 20:00:00
2021-08-22 21:00:00+00:00,11.8733316667,57.6904566667,0.0,219.36,0.624,0.001296,0.0096,0.624,0.0144,4.08,No (reported postion),anchor,2021-08-22 21:00:00
2021-08-22 22:00:00+00:00,11.87336,57.6904816667,0.0,219.36,0.624,0.001296,0.0096,0.624,0.0144,4.08,No (reported postion),anchor,2021-08-22 22:00:00
2021-08-22 23:00:00+00:00,11.8733133333,57.6904716667,0.0,219.36,0.624,0.001296,0.0096,0.624,0.0144,4.08,No (reported postion),anchor,2021-08-22 23:00:00
2021-08-23 00:00:00+00:00,11.873295,57.6904666667,0.0,219.36,0.624,0.001296,0.0096,0.624,0.0144,4.08,No (reported postion),anchor,2021-08-23 00:00:00
2021-08-23 01:00:00+00:00,11.87338,57.6905016667,0.0,219.36,0.624,0.001296,0.0096,0.624,0.0144,4.08,No (reported postion),anchor,2021-08-23 01:00:00
2021-08-23 02:00:00+00:00,11.87335,57.6904466667,0.0,219.36,0.624,0.001296,0.0096,0.624,0.0144,4.08,No (reported postion),anchor,2021-08-23 02:00:00
2021-08-23 03:00:00+00:00,11.8733633333,57.6904783333,0.0,219.36,0.624,0.001296,0.0096,0.624,0.0144,4.08,No (reported postion),anchor,2021-08-23 03:00:00
2021-08-23 04:00:00+00:00,11.8733233333,57.69048,0.0,219.36,0.624,0.001296,0.0096,0.624,0.0144,4.08,No (reported postion),anchor,2021-08-23 04:00:00
2021-08-23 05:00:00+00:00,11.8733716667,57.6904683333,0.0,219.36,0.624,0.001296,0.0096,0.624,0.0144,4.08,No (reported postion),anchor,2021-08-23 05:00:00
2021-08-23 06:00:00+00:00,11.8733716667,57.6904633333,0.0,219.36,0.624,0.001296,0.0096,0.624,0.0144,4.08,No (reported postion),anchor,2021-08-23 06:00:00
2021-08-23 07:00:00+00:00,11.8733383333,57.6904683333,0.0,219.36,0.624,0.001296,0.0096,0.624,0.0144,4.08,No (reported postion),anchor,2021-08-23 07:00:00
2021-08-23 08:00:00+00:00,11.87334,57.6904983333,0.0,219.36,0.624,0.001296,0.0096,0.624,0.0144,4.08,No (reported postion),anchor,2021-08-23 08:00:00
2021-08-23 09:00:00+00:00,11.8733683333,57.6904916667,0.0,219.36,0.624,0.001296,0.0096,0.624,0.0144,4.08,No (reported postion),anchor,2021-08-23 09:00:00
2021-08-23 10:00:00+00:00,11.8733466667,57.6904433333,0.0,219.36,0.624,0.001296,0.0096,0.624,0.0144,4.08,No (reported postion),anchor,2021-08-23 10:00:00
2021-08-23 11:00:00+00:00,11.7736166667,57.6608316667,11.3,2296.4134332813996,6.53246709686174,0.0135674316627128,0.100499493797873,6.53246709686174,0.150749240696809,42.712284864096,No (reported postion),cruise,2021-08-23 11:00:00
2021-08-23 12:00:00+00:00,11.6057,57.5224983333,11.3,2296.4134332813996,6.53246709686174,0.0135674316627128,0.100499493797873,6.53246709686174,0.150749240696809,42.712284864096,No (reported postion),cruise,2021-08-23 12:00:00
2021-08-23 13:00:00+00:00,11.57786,57.31208,13.4,2725.091,7.7519,0.016100100000000003,0.11926,7.7519,0.17889,50.6855,No (reported postion),cruise,2021-08-23 13:00:00
2021-08-23 14:00:00+00:00,11.6321416667,57.1096316667,11.3,2396.0181347941902,6.81580651035545,0.014155905829199799,0.10485856169777599,6.81580651035545,0.157287842546664,44.564888721554894,No (reported postion),cruise,2021-08-23 14:00:00
2021-08-23 15:00:00+00:00,11.7487683333,56.92887,11.8,2713.77532713504,7.71971099622658,0.0160332459152398,0.11876478455733201,7.71971099622658,0.178147176835998,50.4750334368661,No (reported postion),cruise,2021-08-23 15:00:00
2021-08-23 16:00:00+00:00,11.8761616667,56.751335,11.7,2648.01379042449,7.53264316750948,0.0156447204248274,0.115886817961684,7.53264316750948,0.173830226942526,49.2518976337158,No (reported postion),cruise,2021-08-23 16:00:00
2021-08-23 17:00:00+00:00,11.7051616667,56.5968016667,11.1,2276.51723370879,6.475869592607051,0.013449883000030001,0.09962876296318539,6.475869592607051,0.149443144444778,42.342224259353806,No (reported postion),cruise,2021-08-23 17:00:00
2021-08-23 18:00:00+00:00,11.5330466667,56.4423233333,11.0,2218.3576728491803,6.31042664049,0.0131062707148639,0.09708348677676931,6.31042664049,0.145625230165154,41.260481880127,No (reported postion),cruise,2021-08-23 18:00:00
2021-08-23 19:00:00+00:00,11.35826,56.280235,11.0,2218.3576728491803,6.31042664049,0.0131062707148639,0.09708348677676931,6.31042664049,0.145625230165154,41.260481880127,No (reported postion),cruise,2021-08-23 19:00:00
2021-08-23 20:00:00+00:00,11.1833283333,56.1317433333,10.5,1943.08771396095,5.5273829937620205,0.011479949294736499,0.0850366614424925,5.5273829937620205,0.127554992163739,36.1405811130593,No (reported postion),cruise,2021-08-23 20:00:00
2021-08-23 21:00:00+00:00,11.025155,55.982645,10.9,2071.84878585857,5.89366175408346,0.012240682104634899,0.0906717192935917,5.89366175408346,0.13600757894038798,38.5354806997765,No (reported postion),cruise,2021-08-23 21:00:00
2021-08-23 22:00:00+00:00,10.83339,55.8450716667,10.5,1863.17563944091,5.30006199403323,0.011007821064530599,0.081539415292819,5.30006199403323,0.12230912293922801,34.6542514994481,No (reported postion),cruise,2021-08-23 22:00:00
2021-08-23 23:00:00+00:00,10.7697666667,55.6749316667,10.4,1813.42205912456,5.1585310215797,0.0107138721217425,0.07936201571661079,5.1585310215797,0.119043023574916,33.7288566795596,No (reported postion),cruise,2021-08-23 23:00:00
2021-08-24 00:00:00+00:00,10.8576066667,55.51752,10.4,1813.42205912456,5.1585310215797,0.0107138721217425,0.07936201571661079,5.1585310215797,0.119043023574916,33.7288566795596,No (reported postion),cruise,2021-08-24 00:00:00
2021-08-24 01:00:00+00:00,11.0276316667,55.3651533333,9.7,1491.17115222586,4.2418435402486,0.00880998273743941,0.0652591313884401,4.2418435402486,0.0978886970826601,27.735130840087,No (reported postion),cruise,2021-08-24 01:00:00
2021-08-24 02:00:00+00:00,11.0882416667,55.2022983333,10.1,1669.81081967961,4.750008896243981,0.00986540309219903,0.073077059942215,4.750008896243981,0.109615589913323,31.0577504754414,No (reported postion),cruise,2021-08-24 02:00:00
2021-08-24 03:00:00+00:00,11.0272183333,55.0426383333,9.9,1578.68679031109,4.49079393305125,0.009327033553260288,0.0690891374315577,4.49079393305125,0.103633706147337,29.362883408412,No (reported postion),cruise,2021-08-24 03:00:00
2021-08-24 04:00:00+00:00,10.8926516667,54.909875,8.7,1105.16744327287,3.1438023550431797,0.00652943566047431,0.0483661900775874,3.1438023550431797,0.0725492851163812,20.5556307829747,No (reported postion),cruise,2021-08-24 04:00:00
2021-08-24 05:00:00+00:00,10.8548733333,54.7584233333,9.9,1578.68679031109,4.49079393305125,0.009327033553260288,0.0690891374315577,4.49079393305125,0.103633706147337,29.362883408412,No (reported postion),cruise,2021-08-24 05:00:00
2021-08-24 06:00:00+00:00,11.0176766667,54.6409833333,10.2,1790.00506867688,5.091918138468159,0.0105755222875877,0.0783372021302793,5.091918138468159,0.117505803195419,33.2933109053687,No (reported postion),cruise,2021-08-24 06:00:00
2021-08-24 07:00:00+00:00,11.258285,54.5573783333,10.0,1623.7932000353399,4.6191053830327,0.00959352656476023,0.0710631597389647,4.6191053830327,0.106594739608447,30.20184288906,No (reported postion),cruise,2021-08-24 07:00:00
2021-08-24 08:00:00+00:00,11.5582366667,54.4678583333,12.9,2725.091,7.7519,0.016100100000000003,0.11926,7.7519,0.17889,50.6855,No (reported postion),cruise,2021-08-24 08:00:00
2021-08-24 09:00:00+00:00,11.9056966667,54.4074083333,13.0,2725.091,7.7519,0.016100100000000003,0.11926,7.7519,0.17889,50.6855,No (reported postion),cruise,2021-08-24 09:00:00
2021-08-24 10:00:00+00:00,12.238775,54.4540216667,12.8,2725.091,7.7519,0.016100100000000003,0.11926,7.7519,0.17889,50.6855,No (reported postion),cruise,2021-08-24 10:00:00
2021-08-24 11:00:00+00:00,12.4267783333,54.632175,13.3,2725.091,7.7519,0.016100100000000003,0.11926,7.7519,0.17889,50.6855,No (reported postion),cruise,2021-08-24 11:00:00
2021-08-24 12:00:00+00:00,12.6838533333,54.7342966667,9.8,1599.45395469892,4.5498690177431,0.009449727959927991,0.0699979848883554,4.5498690177431,0.104996977332533,29.749143577551102,No (reported postion),cruise,2021-08-24 12:00:00
2021-08-24 13:00:00+00:00,12.9288383333,54.7939866667,9.3,1382.1990746731399,3.93185732401549,0.00816616521141679,0.0604901126771614,3.93185732401549,0.0907351690157421,25.7082978877936,No (reported postion),cruise,2021-08-24 13:00:00
2021-08-24 14:00:00+00:00,13.1870483333,54.840525,9.4,1423.84005642807,4.05031088261814,0.0084121841408223,0.0623124751172022,4.05031088261814,0.0934687126758033,26.4828019248109,No (reported postion),cruise,2021-08-24 14:00:00
2021-08-24 15:00:00+00:00,13.4476483333,54.8896883333,9.7,1554.1739318724901,4.4210637011689995,0.00918220922550484,0.06801636463336919,4.4210637011689995,0.102024546950054,28.9069549691819,No (reported postion),cruise,2021-08-24 15:00:00
2021-08-24 16:00:00+00:00,13.7380866667,54.9430183333,10.6,1996.1030806357198,5.67819257073617,0.011793169185375102,0.0873568087805564,5.67819257073617,0.131035213170835,37.1266437317365,No (reported postion),cruise,2021-08-24 16:00:00
2021-08-24 17:00:00+00:00,14.0271933333,54.9982783333,10.5,1943.08771396095,5.5273829937620205,0.011479949294736499,0.0850366614424925,5.5273829937620205,0.127554992163739,36.1405811130593,No (reported postion),cruise,2021-08-24 17:00:00
2021-08-24 18:00:00+00:00,14.2444683333,55.0986916667,11.6,2583.36682912065,7.348745903406679,0.0152627799532293,0.11305762928318,7.348745903406679,0.169586443924769,48.0494924453513,No (reported postion),cruise,2021-08-24 18:00:00
2021-08-24 19:00:00+00:00,14.4446583333,55.2399016667,10.5,1943.08771396095,5.5273829937620205,0.011479949294736499,0.0850366614424925,5.5273829937620205,0.127554992163739,36.1405811130593,No (reported postion),cruise,2021-08-24 19:00:00
2021-08-24 20:00:00+00:00,14.6344633333,55.3837083333,11.7,2648.01379042449,7.53264316750948,0.0156447204248274,0.115886817961684,7.53264316750948,0.173830226942526,49.2518976337158,No (reported postion),cruise,2021-08-24 20:00:00
2021-08-24 21:00:00+00:00,14.9184516667,55.480895,11.2,2335.7342122619502,6.64432051628125,0.013799742610738,0.102220315635096,6.64432051628125,0.15333047345264397,43.4436341449158,No (reported postion),cruise,2021-08-24 21:00:00
2021-08-24 22:00:00+00:00,15.2170733333,55.565035,11.4,2457.37852759103,6.99035467367252,0.0145184289376275,0.1075439180565,6.99035467367252,0.16131587708475,45.706165174012604,No (reported postion),cruise,2021-08-24 22:00:00
2021-08-24 23:00:00+00:00,15.5181333333,55.6543916667,11.4,2457.37852759103,6.99035467367252,0.0145184289376275,0.1075439180565,6.99035467367252,0.16131587708475,45.706165174012604,No (reported postion),cruise,2021-08-24 23:00:00
2021-08-25 00:00:00+00:00,15.807345,55.7507716667,11.3,2396.0181347941902,6.81580651035545,0.014155905829199799,0.10485856169777599,6.81580651035545,0.157287842546664,44.564888721554894,No (reported postion),cruise,2021-08-25 00:00:00
2021-08-25 01:00:00+00:00,16.1007933333,55.8488883333,11.6,2583.36682912065,7.348745903406679,0.0152627799532293,0.11305762928318,7.348745903406679,0.169586443924769,48.0494924453513,No (reported postion),cruise,2021-08-25 01:00:00
2021-08-25 02:00:00+00:00,16.3991716667,55.9386283333,11.0,2218.3576728491803,6.31042664049,0.0131062707148639,0.09708348677676931,6.31042664049,0.145625230165154,41.260481880127,No (reported postion),cruise,2021-08-25 02:00:00
2021-08-25 03:00:00+00:00,16.6897283333,56.02892,11.2,2335.7342122619502,6.64432051628125,0.013799742610738,0.102220315635096,6.64432051628125,0.15333047345264397,43.4436341449158,No (reported postion),cruise,2021-08-25 03:00:00
2021-08-25 04:00:00+00:00,16.9598533333,56.1344016667,11.4,2457.37852759103,6.99035467367252,0.0145184289376275,0.1075439180565,6.99035467367252,0.16131587708475,45.706165174012604,No (reported postion),cruise,2021-08-25 04:00:00
2021-08-25 05:00:00+00:00,17.2247233333,56.2493483333,11.0,2218.3576728491803,6.31042664049,0.0131062707148639,0.09708348677676931,6.31042664049,0.145625230165154,41.260481880127,No (reported postion),cruise,2021-08-25 05:00:00
2021-08-25 06:00:00+00:00,17.5141616667,56.3766433333,14.0,2725.091,7.7519,0.016100100000000003,0.11926,7.7519,0.17889,50.6855,No (reported postion),cruise,2021-08-25 06:00:00
2021-08-25 07:00:00+00:00,18.06503,56.6145733333,12.7,2725.091,7.7519,0.016100100000000003,0.11926,7.7519,0.17889,50.6855,No (reported postion),cruise,2021-08-25 07:00:00
2021-08-25 08:00:00+00:00,18.3448033333,56.7297866667,10.9,2161.2460033976,6.14796456108725,0.012768849473027399,0.0945840701705731,6.14796456108725,0.14187610525586,40.1982298224936,No (reported postion),cruise,2021-08-25 08:00:00
2021-08-25 09:00:00+00:00,18.41028,56.7563266667,10.8,2105.17269906851,5.9884562555559295,0.0124375629923085,0.092130096239322,5.9884562555559295,0.13819514435898297,39.1552909017119,No (reported postion),cruise,2021-08-25 09:00:00
2021-08-25 10:00:00+00:00,18.70806,56.90602,10.8,2105.17269906851,5.9884562555559295,0.0124375629923085,0.092130096239322,5.9884562555559295,0.13819514435898297,39.1552909017119,No (reported postion),cruise,2021-08-25 10:00:00
2021-08-25 11:00:00+00:00,18.8673,57.02274,11.2,2335.7342122619502,6.64432051628125,0.013799742610738,0.102220315635096,6.64432051628125,0.15333047345264397,43.4436341449158,No (reported postion),cruise,2021-08-25 11:00:00
2021-08-25 12:00:00+00:00,19.07977,57.1799533333,11.2,2335.7342122619502,6.64432051628125,0.013799742610738,0.102220315635096,6.64432051628125,0.15333047345264397,43.4436341449158,No (reported postion),cruise,2021-08-25 12:00:00
2021-08-25 13:00:00+00:00,19.25747,57.3175533333,11.0,2218.3576728491803,6.31042664049,0.0131062707148639,0.09708348677676931,6.31042664049,0.145625230165154,41.260481880127,No (reported postion),cruise,2021-08-25 13:00:00
2021-08-25 14:00:00+00:00,19.4712833333,57.4849783333,11.0,2218.3576728491803,6.31042664049,0.0131062707148639,0.09708348677676931,6.31042664049,0.145625230165154,41.260481880127,No (reported postion),cruise,2021-08-25 14:00:00
2021-08-25 15:00:00+00:00,19.6811033333,57.6355566667,10.9,2161.2460033976,6.14796456108725,0.012768849473027399,0.0945840701705731,6.14796456108725,0.14187610525586,40.1982298224936,No (reported postion),cruise,2021-08-25 15:00:00
2021-08-25 16:00:00+00:00,19.8771983333,57.7725816667,10.8,2105.17269906851,5.9884562555559295,0.0124375629923085,0.092130096239322,5.9884562555559295,0.13819514435898297,39.1552909017119,No (reported postion),cruise,2021-08-25 16:00:00
2021-08-25 17:00:00+00:00,20.1551133333,57.96534800002,10.88,2725.091,7.7519,0.016100100000000003,0.11926,7.7519,0.17889,50.6855,Linear (small gap),cruise,2021-08-25 17:00:00
2021-08-25 18:00:00+00:00,20.4330283333,58.15811433334,10.96,2725.091,7.7519,0.016100100000000003,0.11926,7.7519,0.17889,50.6855,Linear (small gap),cruise,2021-08-25 18:00:00
2021-08-25 19:00:00+00:00,20.7109433333,58.35088066666,11.04,2725.091,7.7519,0.016100100000000003,0.11926,7.7519,0.17889,50.6855,Linear (small gap),cruise,2021-08-25 19:00:00
2021-08-25 20:00:00+00:00,20.9888583333,58.54364699998,11.12,2725.091,7.7519,0.016100100000000003,0.11926,7.7519,0.17889,50.6855,Linear (small gap),cruise,2021-08-25 20:00:00
2021-08-25 21:00:00+00:00,21.2667733333,58.7364133333,11.2,2335.7342122619502,6.64432051628125,0.013799742610738,0.102220315635096,6.64432051628125,0.15333047345264397,43.4436341449158,No (reported postion),cruise,2021-08-25 21:00:00
2021-08-25 22:00:00+00:00,21.41373666665,58.84140666665,11.4,2725.091,7.7519,0.016100100000000003,0.11926,7.7519,0.17889,50.6855,Linear (small gap),cruise,2021-08-25 22:00:00
2021-08-25 23:00:00+00:00,21.5607,58.9464,11.6,2583.36682912065,7.348745903406679,0.0152627799532293,0.11305762928318,7.348745903406679,0.169586443924769,48.0494924453513,No (reported postion),cruise,2021-08-25 23:00:00
2021-08-26 00:00:00+00:00,21.7109,59.0506,11.3,2396.0181347941902,6.81580651035545,0.014155905829199799,0.10485856169777599,6.81580651035545,0.157287842546664,44.564888721554894,No (reported postion),cruise,2021-08-26 00:00:00
2021-08-26 01:00:00+00:00,21.9797,59.1741,11.0,2218.3576728491803,6.31042664049,0.0131062707148639,0.09708348677676931,6.31042664049,0.145625230165154,41.260481880127,No (reported postion),cruise,2021-08-26 01:00:00
2021-08-26 02:00:00+00:00,22.2644,59.2884,11.1,2276.51723370879,6.475869592607051,0.013449883000030001,0.09962876296318539,6.475869592607051,0.149443144444778,42.342224259353806,No (reported postion),cruise,2021-08-26 02:00:00
2021-08-26 03:00:00+00:00,22.5528,59.3995,11.0,2218.3576728491803,6.31042664049,0.0131062707148639,0.09708348677676931,6.31042664049,0.145625230165154,41.260481880127,No (reported postion),cruise,2021-08-26 03:00:00
2021-08-26 04:00:00+00:00,22.8981,59.47,10.5,1943.08771396095,5.5273829937620205,0.011479949294736499,0.0850366614424925,5.5273829937620205,0.127554992163739,36.1405811130593,No (reported postion),cruise,2021-08-26 04:00:00
2021-08-26 05:00:00+00:00,23.2049,59.5242,9.4,1423.84005642807,4.05031088261814,0.0084121841408223,0.0623124751172022,4.05031088261814,0.0934687126758033,26.4828019248109,No (reported postion),cruise,2021-08-26 05:00:00
2021-08-26 06:00:00+00:00,23.4791,59.569,9.4,1423.84005642807,4.05031088261814,0.0084121841408223,0.0623124751172022,4.05031088261814,0.0934687126758033,26.4828019248109,No (reported postion),cruise,2021-08-26 06:00:00
2021-08-26 07:00:00+00:00,23.7594,59.6128,8.9,1224.3993303386999,3.48297402503351,0.00723386912891575,0.0535842157697463,3.48297402503351,0.0803763236546194,22.7732917021422,No (reported postion),cruise,2021-08-26 07:00:00
2021-08-26 08:00:00+00:00,24.0939,59.6688,9.4,1423.84005642807,4.05031088261814,0.0084121841408223,0.0623124751172022,4.05031088261814,0.0934687126758033,26.4828019248109,No (reported postion),cruise,2021-08-26 08:00:00
2021-08-26 09:00:00+00:00,24.3413183333,59.7068316667,9.5,1466.37650902259,4.17131173244937,0.008663493598164089,0.0641740266530673,4.17131173244937,0.0962610399796009,27.2739613275536,No (reported postion),cruise,2021-08-26 09:00:00
2021-08-26 10:00:00+00:00,24.6474466667,59.744045,9.4,1423.84005642807,4.05031088261814,0.0084121841408223,0.0623124751172022,4.05031088261814,0.0934687126758033,26.4828019248109,No (reported postion),cruise,2021-08-26 10:00:00
2021-08-26 11:00:00+00:00,24.94495,59.7799416667,9.1,1301.5654185399198,3.70248368512449,0.00768977380756624,0.0569612874634537,3.70248368512449,0.0854419311951805,24.208547171967798,No (reported postion),cruise,2021-08-26 11:00:00
2021-08-26 12:00:00+00:00,25.266915,59.817055,10.9,2161.2460033976,6.14796456108725,0.012768849473027399,0.0945840701705731,6.14796456108725,0.14187610525586,40.1982298224936,No (reported postion),cruise,2021-08-26 12:00:00
2021-08-26 13:00:00+00:00,25.6326333333,59.8558466667,12.3,2725.091,7.7519,0.016100100000000003,0.11926,7.7519,0.17889,50.6855,No (reported postion),cruise,2021-08-26 13:00:00
2021-08-26 14:00:00+00:00,26.0180733333,59.924155,11.9,2725.091,7.7519,0.016100100000000003,0.11926,7.7519,0.17889,50.6855,No (reported postion),cruise,2021-08-26 14:00:00
2021-08-26 15:00:00+00:00,26.230945,60.0869616667,11.5,2519.82491693801,7.16799210507531,0.014887368218233301,0.11027680161654299,7.16799210507531,0.165415202424815,46.8676406870309,No (reported postion),cruise,2021-08-26 15:00:00
2021-08-26 16:00:00+00:00,26.4188116667,60.240315,7.2,671.955467046791,1.9114706940061899,0.00396997759524363,0.029407241446249097,1.9114706940061899,0.0441108621693736,12.4980776146559,No (reported postion),cruise,2021-08-26 16:00:00
2021-08-26 17:00:00+00:00,26.7009566667,60.3670433333,11.7,2537.4527560581996,7.21813694283516,0.0149915151889653,0.111048260659002,7.21813694283516,0.166572390988504,47.195510780076,No (reported postion),cruise,2021-08-26 17:00:00
2021-08-26 18:00:00+00:00,27.0921016667,60.342045,11.8,2600.3550955204696,7.39707138769499,0.0153631482667511,0.113801098272231,7.39707138769499,0.17070164740834598,48.365466765698,No (reported postion),cruise,2021-08-26 18:00:00
2021-08-26 19:00:00+00:00,27.2417183333,60.48119,10.3,1764.6161371250198,5.0196957948851795,0.0104255220355308,0.0772260891520797,5.0196957948851795,0.11583913372811899,32.8210878896339,No (reported postion),cruise,2021-08-26 19:00:00
2021-08-26 20:00:00+00:00,27.2379398484545,60.4828388636364,9.83181818181818,2725.091,7.7519,0.016100100000000003,0.11926,7.7519,0.17889,50.6855,Linear (small gap),cruise,2021-08-26 20:00:00
2021-08-26 21:00:00+00:00,27.2341613636091,60.4844877272727,9.36363636363637,2725.091,7.7519,0.016100100000000003,0.11926,7.7519,0.17889,50.6855,Linear (small gap),cruise,2021-08-26 21:00:00
2021-08-26 22:00:00+00:00,27.2303828787636,60.4861365909091,8.89545454545455,2602.10882639264,7.40206011884122,0.0153735094775933,0.113877847982173,7.40206011884122,0.170816771973259,48.398085392423404,Linear (small gap),cruise,2021-08-26 22:00:00
2021-08-26 23:00:00+00:00,27.2266043939182,60.4877854545455,8.42727272727273,2228.2324895060397,6.33851692857297,0.0131646120824208,0.0975156450549687,6.33851692857297,0.14627346758245302,41.444149148361696,Linear (small gap),cruise,2021-08-26 23:00:00
2021-08-27 00:00:00+00:00,27.2228259090727,60.4894343181818,7.95909090909091,1893.67323575843,5.3868166443894,0.0111880037998857,0.0828741022213754,5.3868166443894,0.124311153332063,35.2214934440845,Linear (small gap),cruise,2021-08-27 00:00:00
2021-08-27 01:00:00+00:00,27.2190474242273,60.4910831818182,7.49090909090909,1596.24678275321,4.54074577150804,0.00943077967928593,0.0698576272539698,4.54074577150804,0.104786440880955,29.6894915829372,Linear (small gap),cruise,2021-08-27 01:00:00
2021-08-27 02:00:00+00:00,27.2152689393818,60.4927320454545,7.02272727272727,1333.76884809377,3.79409081514639,0.00788003476991943,0.058370627925329106,3.79409081514639,0.08755594188799369,24.807516868264898,Linear (small gap),cruise,2021-08-27 02:00:00
2021-08-27 03:00:00+00:00,27.2114904545364,60.4943809090909,6.55454545454545,1104.0551493835,3.14063828052199,0.00652286412108412,0.0483175120080306,3.14063828052199,0.07247626801204579,20.534942603413,Linear (small gap),cruise,2021-08-27 03:00:00
2021-08-27 04:00:00+00:00,27.2077119696909,60.4960297727273,6.08636363636364,904.921404225782,2.57417467285233,0.00534636278207792,0.0396026872746513,2.57417467285233,0.0594040309119769,16.8311420917268,Linear (small gap),cruise,2021-08-27 04:00:00
2021-08-27 05:00:00+00:00,27.2039334848455,60.4976786363636,5.61818181818182,734.183330224011,2.08848649735495,0.0043376258021987505,0.032130561497768495,2.08848649735495,0.048195842246652805,13.655488636551599,Linear (small gap),cruise,2021-08-27 05:00:00
2021-08-27 06:00:00+00:00,27.200155,60.4993275,5.15,589.656644981573,1.7462782722097299,0.00348374823074452,0.026017597874458998,1.69114386183984,0.0393444799484379,11.4179733182944,Linear (small gap),cruise,2021-08-27 06:00:00
2021-08-27 07:00:00+00:00,27.1963765151545,60.5009763636364,4.68181818181818,469.157066101858,1.75917127388338,0.00277182511701317,0.0218066009361053,1.41742906084685,0.0343827653840571,11.908540680399799,Linear (small gap),cruise,2021-08-27 07:00:00
2021-08-27 08:00:00+00:00,27.1925980303091,60.5026252272727,4.21363636363636,370.500311188254,1.7862310436610902,0.0021889515103026,0.0187696358708827,1.2200263316073798,0.0309419231579732,12.7157931429286,Linear (small gap),cruise,2021-08-27 08:00:00
2021-08-27 09:00:00+00:00,27.1888195454636,60.5042740909091,3.74545454545455,291.502097844151,1.78361102002781,0.0017222224599107402,0.016427944939782002,1.0678164210858299,0.0288020911471136,14.1581762964924,Linear (small gap),cruise,2021-08-27 09:00:00
2021-08-27 10:00:00+00:00,27.1850410606182,60.5059229545455,3.27727272727273,229.978143672937,1.68429866175447,0.00135873301513552,0.014600380871837,0.949024756669404,0.026900761743674,14.9841847506434,Linear (small gap),cruise,2021-08-27 10:00:00
2021-08-27 11:00:00+00:00,27.1812625757727,60.5075718181818,2.80909090909091,253.023911121244,1.55288822590566,0.00149488962806862,0.0164211776145015,1.0673765449426,0.030510059873558,17.3415184226642,Linear (small gap),anchor,2021-08-27 11:00:00
2021-08-27 12:00:00+00:00,27.1774840909273,60.5092206818182,2.34090909090909,238.84143004701602,1.16155105665837,0.0014110981643915602,0.0135474407491328,0.880583648693633,0.0237229513157165,11.7544898279307,Linear (small gap),anchor,2021-08-27 12:00:00
2021-08-27 13:00:00+00:00,27.1737056060818,60.5108695454545,1.87272727272727,229.33449218407202,0.899226141009083,0.0013549302601684801,0.011621089663556001,0.75537082813114,0.0191733510736468,8.0093387919005,Linear (small gap),anchor,2021-08-27 13:00:00
2021-08-27 14:00:00+00:00,27.1699271212364,60.5125184090909,1.40454545454545,223.567988890155,0.7401110282382071,0.00132086120350858,0.010452647201812701,0.679422068117825,0.0164137574841948,5.73768980283302,Linear (small gap),anchor,2021-08-27 14:00:00
2021-08-27 15:00:00+00:00,27.1661486363909,60.5141672727273,0.936363636363637,220.60681152300901,0.658403267626136,0.00130336628252106,0.0098526362079445,0.640421353516393,0.014996668884205899,4.571167348987561,Linear (small gap),anchor,2021-08-27 15:00:00
2021-08-27 16:00:00+00:00,27.1623701515455,60.5158161363636,0.468181818181819,219.515851440376,0.628300408453267,0.0012969207853151302,0.00963157952599306,0.6260526691895489,0.0144745836105257,4.1413959186234495,Linear (small gap),anchor,2021-08-27 16:00:00
2021-08-27 17:00:00+00:00,27.1585916667,60.517465,0.0,219.36,0.624,0.001296,0.0096,0.624,0.0144,4.08,No (reported postion),anchor,2021-08-27 17:00:00
2021-08-27 18:00:00+00:00,27.1584966667,60.5173416667,0.5,219.54983540000399,0.6292381277769269,0.0012971215658205998,0.009638465553698931,0.62650026099043,0.0144908468314682,4.1547835165487905,No (reported postion),anchor,2021-08-27 18:00:00
2021-08-27 19:00:00+00:00,27.0970983333,60.3396983333,13.3,2725.091,7.7519,0.016100100000000003,0.11926,7.7519,0.17889,50.6855,No (reported postion),cruise,2021-08-27 19:00:00
2021-08-27 20:00:00+00:00,26.6631066667,60.3531383333,14.1,2725.091,7.7519,0.016100100000000003,0.11926,7.7519,0.17889,50.6855,No (reported postion),cruise,2021-08-27 20:00:00
2021-08-27 21:00:00+00:00,26.377425,60.1907816667,15.0,2725.091,7.7519,0.016100100000000003,0.11926,7.7519,0.17889,50.6855,No (reported postion),cruise,2021-08-27 21:00:00
2021-08-27 22:00:00+00:00,26.0351,60.0019,14.4,2725.091,7.7519,0.016100100000000003,0.11926,7.7519,0.17889,50.6855,No (reported postion),cruise,2021-08-27 22:00:00
2021-08-27 23:00:00+00:00,25.6637133333,59.904995,13.8,2725.091,7.7519,0.016100100000000003,0.11926,7.7519,0.17889,50.6855,No (reported postion),cruise,2021-08-27 23:00:00
2021-08-28 00:00:00+00:00,25.2150916667,59.87634,13.5,2725.091,7.7519,0.016100100000000003,0.11926,7.7519,0.17889,50.6855,No (reported postion),cruise,2021-08-28 00:00:00
2021-08-28 01:00:00+00:00,24.7670433333,59.8303733333,13.9,2725.091,7.7519,0.016100100000000003,0.11926,7.7519,0.17889,50.6855,No (reported postion),cruise,2021-08-28 01:00:00
2021-08-28 02:00:00+00:00,24.3201916667,59.7805916667,13.8,2725.091,7.7519,0.016100100000000003,0.11926,7.7519,0.17889,50.6855,No (reported postion),cruise,2021-08-28 02:00:00
2021-08-28 03:00:00+00:00,23.8802033333,59.7101166667,13.9,2725.091,7.7519,0.016100100000000003,0.11926,7.7519,0.17889,50.6855,No (reported postion),cruise,2021-08-28 03:00:00
2021-08-28 04:00:00+00:00,23.4128766667,59.632855,14.2,2725.091,7.7519,0.016100100000000003,0.11926,7.7519,0.17889,50.6855,No (reported postion),cruise,2021-08-28 04:00:00
2021-08-28 05:00:00+00:00,22.9887,59.5731,14.1,2725.091,7.7519,0.016100100000000003,0.11926,7.7519,0.17889,50.6855,No (reported postion),cruise,2021-08-28 05:00:00
2021-08-28 06:00:00+00:00,22.5524,59.4946,14.2,2725.091,7.7519,0.016100100000000003,0.11926,7.7519,0.17889,50.6855,No (reported postion),cruise,2021-08-28 06:00:00
2021-08-28 07:00:00+00:00,22.1062,59.3272,16.3,2725.091,7.7519,0.016100100000000003,0.11926,7.7519,0.17889,50.6855,No (reported postion),cruise,2021-08-28 07:00:00
2021-08-28 08:00:00+00:00,21.7154,59.1902,16.3,2725.091,7.7519,0.016100100000000003,0.11926,7.7519,0.17889,50.6855,No (reported postion),cruise,2021-08-28 08:00:00
2021-08-28 09:00:00+00:00,21.3847,58.9789,15.5,2725.091,7.7519,0.016100100000000003,0.11926,7.7519,0.17889,50.6855,No (reported postion),cruise,2021-08-28 09:00:00
2021-08-28 10:00:00+00:00,21.1087,58.7801,15.9,2725.091,7.7519,0.016100100000000003,0.11926,7.7519,0.17889,50.6855,No (reported postion),cruise,2021-08-28 10:00:00
2021-08-28 11:00:00+00:00,20.7519,58.5276,15.8,2725.091,7.7519,0.016100100000000003,0.11926,7.7519,0.17889,50.6855,No (reported postion),cruise,2021-08-28 11:00:00
2021-08-28 12:00:00+00:00,20.38345,58.26046666665,15.4,2725.091,7.7519,0.016100100000000003,0.11926,7.7519,0.17889,50.6855,Linear (small gap),cruise,2021-08-28 12:00:00
2021-08-28 13:00:00+00:00,20.015,57.9933333333,15.0,2725.091,7.7519,0.016100100000000003,0.11926,7.7519,0.17889,50.6855,No (reported postion),cruise,2021-08-28 13:00:00
2021-08-28 14:00:00+00:00,19.9451183333,57.940105,15.7,2725.091,7.7519,0.016100100000000003,0.11926,7.7519,0.17889,50.6855,No (reported postion),cruise,2021-08-28 14:00:00
2021-08-28 15:00:00+00:00,19.60947,57.69912,15.9,2725.091,7.7519,0.016100100000000003,0.11926,7.7519,0.17889,50.6855,No (reported postion),cruise,2021-08-28 15:00:00
2021-08-28 16:00:00+00:00,19.38182,57.531605,16.0,2725.091,7.7519,0.016100100000000003,0.11926,7.7519,0.17889,50.6855,No (reported postion),cruise,2021-08-28 16:00:00
2021-08-28 17:00:00+00:00,19.08759,57.3170533333,15.1,2725.091,7.7519,0.016100100000000003,0.11926,7.7519,0.17889,50.6855,No (reported postion),cruise,2021-08-28 17:00:00
2021-08-28 18:00:00+00:00,18.79692,57.1053866667,16.3,2725.091,7.7519,0.016100100000000003,0.11926,7.7519,0.17889,50.6855,No (reported postion),cruise,2021-08-28 18:00:00
2021-08-28 19:00:00+00:00,18.4904733333,56.87636,16.0,2725.091,7.7519,0.016100100000000003,0.11926,7.7519,0.17889,50.6855,No (reported postion),cruise,2021-08-28 19:00:00
2021-08-28 20:00:00+00:00,18.02386791665,56.683620833325,16.225,2725.091,7.7519,0.016100100000000003,0.11926,7.7519,0.17889,50.6855,Linear (small gap),cruise,2021-08-28 20:00:00
2021-08-28 21:00:00+00:00,17.5572625,56.49088166665,16.45,2725.091,7.7519,0.016100100000000003,0.11926,7.7519,0.17889,50.6855,Linear (small gap),cruise,2021-08-28 21:00:00
2021-08-28 22:00:00+00:00,17.09065708335,56.298142499975,16.675,2725.091,7.7519,0.016100100000000003,0.11926,7.7519,0.17889,50.6855,Linear (small gap),cruise,2021-08-28 22:00:00
2021-08-28 23:00:00+00:00,16.6240516667,56.1054033333,16.9,2725.091,7.7519,0.016100100000000003,0.11926,7.7519,0.17889,50.6855,No (reported postion),cruise,2021-08-28 23:00:00
2021-08-29 00:00:00+00:00,16.5597816667,56.07951,17.0,2725.091,7.7519,0.016100100000000003,0.11926,7.7519,0.17889,50.6855,No (reported postion),cruise,2021-08-29 00:00:00
2021-08-29 01:00:00+00:00,16.1187433333,55.93453,16.7,2725.091,7.7519,0.016100100000000003,0.11926,7.7519,0.17889,50.6855,No (reported postion),cruise,2021-08-29 01:00:00
2021-08-29 02:00:00+00:00,15.69609,55.786945,16.6,2725.091,7.7519,0.016100100000000003,0.11926,7.7519,0.17889,50.6855,No (reported postion),cruise,2021-08-29 02:00:00
2021-08-29 03:00:00+00:00,15.2740683333,55.6474466667,16.7,2725.091,7.7519,0.016100100000000003,0.11926,7.7519,0.17889,50.6855,No (reported postion),cruise,2021-08-29 03:00:00
2021-08-29 04:00:00+00:00,14.8631633333,55.505335,15.9,2725.091,7.7519,0.016100100000000003,0.11926,7.7519,0.17889,50.6855,No (reported postion),cruise,2021-08-29 04:00:00
2021-08-29 05:00:00+00:00,14.4695633333,55.36382,16.0,2725.091,7.7519,0.016100100000000003,0.11926,7.7519,0.17889,50.6855,No (reported postion),cruise,2021-08-29 05:00:00
2021-08-29 06:00:00+00:00,14.1153116667,55.2198583333,16.1,2725.091,7.7519,0.016100100000000003,0.11926,7.7519,0.17889,50.6855,No (reported postion),cruise,2021-08-29 06:00:00
2021-08-29 07:00:00+00:00,13.6432533333,55.2337933333,16.4,2725.091,7.7519,0.016100100000000003,0.11926,7.7519,0.17889,50.6855,No (reported postion),cruise,2021-08-29 07:00:00
2021-08-29 08:00:00+00:00,13.1864716667,55.2474266667,15.2,2725.091,7.7519,0.016100100000000003,0.11926,7.7519,0.17889,50.6855,No (reported postion),cruise,2021-08-29 08:00:00
2021-08-29 09:00:00+00:00,12.7587883333,55.2907283333,14.8,2725.091,7.7519,0.016100100000000003,0.11926,7.7519,0.17889,50.6855,No (reported postion),cruise,2021-08-29 09:00:00
2021-08-29 10:00:00+00:00,12.703185,55.462065,10.2,1790.00506867688,5.091918138468159,0.0105755222875877,0.0783372021302793,5.091918138468159,0.117505803195419,33.2933109053687,No (reported postion),cruise,2021-08-29 10:00:00
2021-08-29 11:00:00+00:00,12.872625,55.6044766667,10.9,2071.84878585857,5.89366175408346,0.012240682104634899,0.0906717192935917,5.89366175408346,0.13600757894038798,38.5354806997765,No (reported postion),cruise,2021-08-29 11:00:00
2021-08-29 12:00:00+00:00,12.8447166667,55.7432066667,10.8,2018.21345128292,5.7410885922708905,0.0119237993839472,0.08832443988109069,5.7410885922708905,0.13248665982163602,37.5378869494635,No (reported postion),cruise,2021-08-29 12:00:00
2021-08-29 13:00:00+00:00,12.7284833333,55.9348733333,15.1,2725.091,7.7519,0.016100100000000003,0.11926,7.7519,0.17889,50.6855,No (reported postion),cruise,2021-08-29 13:00:00
2021-08-29 14:00:00+00:00,12.5064183333,56.1394066667,14.8,2725.091,7.7519,0.016100100000000003,0.11926,7.7519,0.17889,50.6855,No (reported postion),cruise,2021-08-29 14:00:00
2021-08-29 15:00:00+00:00,12.3576216667,56.3576233333,14.6,2725.091,7.7519,0.016100100000000003,0.11926,7.7519,0.17889,50.6855,No (reported postion),cruise,2021-08-29 15:00:00
2021-08-29 16:00:00+00:00,12.2640733333,56.582665,13.7,2725.091,7.7519,0.016100100000000003,0.11926,7.7519,0.17889,50.6855,No (reported postion),cruise,2021-08-29 16:00:00
2021-08-29 17:00:00+00:00,12.157875,56.8163333333,12.6,2725.091,7.7519,0.016100100000000003,0.11926,7.7519,0.17889,50.6855,No (reported postion),cruise,2021-08-29 17:00:00
2021-08-29 18:00:00+00:00,12.0558716667,57.014985,12.1,2725.091,7.7519,0.016100100000000003,0.11926,7.7519,0.17889,50.6855,No (reported postion),cruise,2021-08-29 18:00:00
2021-08-29 19:00:00+00:00,11.8810816667,57.2439066667,15.6,2725.091,7.7519,0.016100100000000003,0.11926,7.7519,0.17889,50.6855,No (reported postion),cruise,2021-08-29 19:00:00
2021-08-29 20:00:00+00:00,11.6326883333,57.4633316667,13.6,2725.091,7.7519,0.016100100000000003,0.11926,7.7519,0.17889,50.6855,No (reported postion),cruise,2021-08-29 20:00:00
2021-08-29 21:00:00+00:00,11.66635,57.574405,0.7,219.880908337612,0.6383734226198879,0.00129907757661171,0.00970554947934985,0.63086071615774,0.0146492837055487,4.28520596940987,No (reported postion),anchor,2021-08-29 21:00:00
2021-08-29 22:00:00+00:00,11.66694,57.5751833333,0.0,219.36,0.624,0.001296,0.0096,0.624,0.0144,4.08,No (reported postion),anchor,2021-08-29 22:00:00
2021-08-29 23:00:00+00:00,11.6669733333,57.5751116667,0.0,219.36,0.624,0.001296,0.0096,0.624,0.0144,4.08,No (reported postion),anchor,2021-08-29 23:00:00
2021-08-30 00:00:00+00:00,11.6671766667,57.5740766667,0.1,219.36151868320002,0.624041905022215,0.00129600897252656,0.00960030772442959,0.624020002087923,0.0144007267746517,4.08059826813239,No (reported postion),anchor,2021-08-30 00:00:00
2021-08-30 01:00:00+00:00,11.6680766667,57.57327,0.0,219.36,0.624,0.001296,0.0096,0.624,0.0144,4.08,No (reported postion),anchor,2021-08-30 01:00:00
2021-08-30 02:00:00+00:00,11.6678716667,57.57338,0.1,219.36151868320002,0.624041905022215,0.00129600897252656,0.00960030772442959,0.624020002087923,0.0144007267746517,4.08059826813239,No (reported postion),anchor,2021-08-30 02:00:00
2021-08-30 03:00:00+00:00,11.67044,57.57694,5.2,318.649007390569,1.78723137535878,0.00188260901521781,0.0172160901521781,1.11904585989157,0.029468783494451898,13.6716096505876,No (reported postion),cruise,2021-08-30 03:00:00
2021-08-30 04:00:00+00:00,11.821125,57.6799433333,7.8,825.804149943172,2.34911464972894,0.0048789304263601,0.0361402253804452,2.34911464972894,0.054210338070667705,15.3595957866892,No (reported postion),cruise,2021-08-30 04:00:00
2021-08-30 05:00:00+00:00,11.8733566667,57.6904816667,0.0,219.36,0.624,0.001296,0.0096,0.624,0.0144,4.08,No (reported postion),anchor,2021-08-30 05:00:00
2021-08-30 06:00:00+00:00,11.8733266667,57.6904833333,0.0,219.36,0.624,0.001296,0.0096,0.624,0.0144,4.08,No (reported postion),anchor,2021-08-30 06:00:00
2021-08-30 07:00:00+00:00,11.8733866667,57.69048,0.0,219.36,0.624,0.001296,0.0096,0.624,0.0144,4.08,No (reported postion),anchor,2021-08-30 07:00:00
2021-08-30 08:00:00+00:00,11.8733533333,57.6905083333,0.0,219.36,0.624,0.001296,0.0096,0.624,0.0144,4.08,No (reported postion),anchor,2021-08-30 08:00:00
2021-08-30 09:00:00+00:00,11.8733333333,57.6905216667,0.0,219.36,0.624,0.001296,0.0096,0.624,0.0144,4.08,No (reported postion),anchor,2021-08-30 09:00:00
2021-08-30 10:00:00+00:00,11.8733583333,57.6905,0.0,219.36,0.624,0.001296,0.0096,0.624,0.0144,4.08,No (reported postion),anchor,2021-08-30 10:00:00
2021-08-30 11:00:00+00:00,11.8733583333,57.6905116667,0.0,219.36,0.624,0.001296,0.0096,0.624,0.0144,4.08,No (reported postion),anchor,2021-08-30 11:00:00
2021-08-30 12:00:00+00:00,11.87336,57.690485,0.0,219.36,0.624,0.001296,0.0096,0.624,0.0144,4.08,No (reported postion),anchor,2021-08-30 12:00:00
2021-08-30 13:00:00+00:00,11.87337,57.690505,0.0,219.36,0.624,0.001296,0.0096,0.624,0.0144,4.08,No (reported postion),anchor,2021-08-30 13:00:00
2021-08-30 14:00:00+00:00,11.8734133333,57.6905233333,0.0,219.36,0.624,0.001296,0.0096,0.624,0.0144,4.08,No (reported postion),anchor,2021-08-30 14:00:00
2021-08-30 15:00:00+00:00,11.87339,57.6904866667,0.0,219.36,0.624,0.001296,0.0096,0.624,0.0144,4.08,No (reported postion),anchor,2021-08-30 15:00:00
2021-08-30 16:00:00+00:00,11.8733316667,57.6904716667,0.0,219.36,0.624,0.001296,0.0096,0.624,0.0144,4.08,No (reported postion),anchor,2021-08-30 16:00:00
2021-08-30 17:00:00+00:00,11.87341,57.6904916667,0.0,219.36,0.624,0.001296,0.0096,0.624,0.0144,4.08,No (reported postion),anchor,2021-08-30 17:00:00
2021-08-30 18:00:00+00:00,11.873365,57.6905333333,0.0,219.36,0.624,0.001296,0.0096,0.624,0.0144,4.08,No (reported postion),anchor,2021-08-30 18:00:00
2021-08-30 19:00:00+00:00,11.8733466667,57.6904883333,0.0,219.36,0.624,0.001296,0.0096,0.624,0.0144,4.08,No (reported postion),anchor,2021-08-30 19:00:00
2021-08-30 20:00:00+00:00,11.8733816667,57.6904933333,0.0,219.36,0.624,0.001296,0.0096,0.624,0.0144,4.08,No (reported postion),anchor,2021-08-30 20:00:00
2021-08-30 21:00:00+00:00,11.8733883333,57.6904933333,0.0,219.36,0.624,0.001296,0.0096,0.624,0.0144,4.08,No (reported postion),anchor,2021-08-30 21:00:00
2021-08-30 22:00:00+00:00,11.8733583333,57.6905083333,0.0,219.36,0.624,0.001296,0.0096,0.624,0.0144,4.08,No (reported postion),anchor,2021-08-30 22:00:00
2021-08-30 23:00:00+00:00,11.873405,57.6904883333,0.0,219.36,0.624,0.001296,0.0096,0.624,0.0144,4.08,No (reported postion),anchor,2021-08-30 23:00:00
2021-08-31 00:00:00+00:00,11.873365,57.6904566667,0.0,219.36,0.624,0.001296,0.0096,0.624,0.0144,4.08,No (reported postion),anchor,2021-08-31 00:00:00
2021-08-31 01:00:00+00:00,11.8733633333,57.6904916667,0.0,219.36,0.624,0.001296,0.0096,0.624,0.0144,4.08,No (reported postion),anchor,2021-08-31 01:00:00
2021-08-31 02:00:00+00:00,11.8734083333,57.6905116667,0.0,219.36,0.624,0.001296,0.0096,0.624,0.0144,4.08,No (reported postion),anchor,2021-08-31 02:00:00
2021-08-31 03:00:00+00:00,11.8733983333,57.6905116667,0.0,219.36,0.624,0.001296,0.0096,0.624,0.0144,4.08,No (reported postion),anchor,2021-08-31 03:00:00
2021-08-31 04:00:00+00:00,11.87335,57.6905033333,0.0,219.36,0.624,0.001296,0.0096,0.624,0.0144,4.08,No (reported postion),anchor,2021-08-31 04:00:00
2021-08-31 05:00:00+00:00,11.8733833333,57.690475,0.0,219.36,0.624,0.001296,0.0096,0.624,0.0144,4.08,No (reported postion),anchor,2021-08-31 05:00:00
2021-08-31 06:00:00+00:00,11.87333,57.690485,0.0,219.36,0.624,0.001296,0.0096,0.624,0.0144,4.08,No (reported postion),anchor,2021-08-31 06:00:00
2021-08-31 07:00:00+00:00,11.8733283333,57.690455,0.0,219.36,0.624,0.001296,0.0096,0.624,0.0144,4.08,No (reported postion),anchor,2021-08-31 07:00:00
2021-08-31 08:00:00+00:00,11.8733933333,57.6904416667,0.0,219.36,0.624,0.001296,0.0096,0.624,0.0144,4.08,No (reported postion),anchor,2021-08-31 08:00:00
2021-08-31 09:00:00+00:00,11.873675,57.690275,0.5,219.54983540000399,0.6292381277769269,0.0012971215658205998,0.009638465553698931,0.62650026099043,0.0144908468314682,4.1547835165487905,No (reported postion),anchor,2021-08-31 09:00:00
2021-08-31 10:00:00+00:00,11.668155,57.6153666667,12.6,2725.091,7.7519,0.016100100000000003,0.11926,7.7519,0.17889,50.6855,No (reported postion),cruise,2021-08-31 10:00:00
2021-08-31 11:00:00+00:00,11.5939233333,57.4352966667,10.9,2161.2460033976,6.14796456108725,0.012768849473027399,0.0945840701705731,6.14796456108725,0.14187610525586,40.1982298224936,No (reported postion),cruise,2021-08-31 11:00:00
2021-08-31 12:00:00+00:00,11.5712766667,57.24482,11.8,2713.77532713504,7.71971099622658,0.0160332459152398,0.11876478455733201,7.71971099622658,0.178147176835998,50.4750334368661,No (reported postion),cruise,2021-08-31 12:00:00
2021-08-31 13:00:00+00:00,11.6626966667,57.0564266667,11.4,2457.37852759103,6.99035467367252,0.0145184289376275,0.1075439180565,6.99035467367252,0.16131587708475,45.706165174012604,No (reported postion),cruise,2021-08-31 13:00:00
2021-08-31 14:00:00+00:00,11.7761066667,56.8766683333,11.5,2519.82491693801,7.16799210507531,0.014887368218233301,0.11027680161654299,7.16799210507531,0.165415202424815,46.8676406870309,No (reported postion),cruise,2021-08-31 14:00:00
2021-08-31 15:00:00+00:00,11.8379716667,56.7030416667,10.9,2161.2460033976,6.14796456108725,0.012768849473027399,0.0945840701705731,6.14796456108725,0.14187610525586,40.1982298224936,No (reported postion),cruise,2021-08-31 15:00:00
2021-08-31 16:00:00+00:00,11.6507783333,56.5387283333,11.6,2583.36682912065,7.348745903406679,0.0152627799532293,0.11305762928318,7.348745903406679,0.169586443924769,48.0494924453513,No (reported postion),cruise,2021-08-31 16:00:00
2021-08-31 17:00:00+00:00,11.4651616667,56.373845,11.6,2583.36682912065,7.348745903406679,0.0152627799532293,0.11305762928318,7.348745903406679,0.169586443924769,48.0494924453513,No (reported postion),cruise,2021-08-31 17:00:00
2021-08-31 18:00:00+00:00,11.30097,56.2065333333,11.3,2396.0181347941902,6.81580651035545,0.014155905829199799,0.10485856169777599,6.81580651035545,0.157287842546664,44.564888721554894,No (reported postion),cruise,2021-08-31 18:00:00
2021-08-31 19:00:00+00:00,10.992005,55.9506333333,12.6,2725.091,7.7519,0.016100100000000003,0.11926,7.7519,0.17889,50.6855,No (reported postion),cruise,2021-08-31 19:00:00
2021-08-31 20:00:00+00:00,10.8726916667,55.8706066667,12.1,2725.091,7.7519,0.016100100000000003,0.11926,7.7519,0.17889,50.6855,No (reported postion),cruise,2021-08-31 20:00:00
2021-08-31 21:00:00+00:00,10.7714133333,55.6337483333,12.4,2725.091,7.7519,0.016100100000000003,0.11926,7.7519,0.17889,50.6855,No (reported postion),cruise,2021-08-31 21:00:00
2021-08-31 22:00:00+00:00,10.8866783333,55.4895133333,13.0,2725.091,7.7519,0.016100100000000003,0.11926,7.7519,0.17889,50.6855,No (reported postion),cruise,2021-08-31 22:00:00
2021-08-31 23:00:00+00:00,11.0402,55.3021116667,12.2,2725.091,7.7519,0.016100100000000003,0.11926,7.7519,0.17889,50.6855,No (reported postion),cruise,2021-08-31 23:00:00
2021-09-01 00:00:00+00:00,11.03727,55.1136766667,11.9,2664.33266268836,7.579064467166011,0.015741133893344802,0.11660099180255401,7.579064467166011,0.17490148770383102,49.5554215160854,No (reported postion),cruise,2021-09-01 00:00:00
2021-09-01 01:00:00+00:00,10.920935,54.934385,11.7,2537.4527560581996,7.21813694283516,0.0149915151889653,0.111048260659002,7.21813694283516,0.166572390988504,47.195510780076,No (reported postion),cruise,2021-09-01 01:00:00
2021-09-01 02:00:00+00:00,10.85634,54.7450166667,12.2,2725.091,7.7519,0.016100100000000003,0.11926,7.7519,0.17889,50.6855,No (reported postion),cruise,2021-09-01 02:00:00
2021-09-01 03:00:00+00:00,11.08605,54.61484,13.1,2725.091,7.7519,0.016100100000000003,0.11926,7.7519,0.17889,50.6855,No (reported postion),cruise,2021-09-01 03:00:00
2021-09-01 04:00:00+00:00,11.40989,54.5176483333,12.4,2725.091,7.7519,0.016100100000000003,0.11926,7.7519,0.17889,50.6855,No (reported postion),cruise,2021-09-01 04:00:00
2021-09-01 05:00:00+00:00,11.7511033333,54.423725,13.5,2725.091,7.7519,0.016100100000000003,0.11926,7.7519,0.17889,50.6855,No (reported postion),cruise,2021-09-01 05:00:00
2021-09-01 06:00:00+00:00,12.1274566667,54.4101933333,13.0,2725.091,7.7519,0.016100100000000003,0.11926,7.7519,0.17889,50.6855,No (reported postion),cruise,2021-09-01 06:00:00
2021-09-01 07:00:00+00:00,12.2921883333,54.5402766667,10.4,1891.07260726658,5.3794187952878705,0.0111726390363671,0.08276028915827491,5.3794187952878705,0.124140433737412,35.173122892266804,No (reported postion),cruise,2021-09-01 07:00:00
2021-09-01 08:00:00+00:00,12.5020066667,54.6542133333,10.7,2050.12823357639,5.8318746250531905,0.0121123549904951,0.0897211480777414,5.8318746250531905,0.134581722116612,38.1314879330401,No (reported postion),cruise,2021-09-01 08:00:00
2021-09-01 09:00:00+00:00,12.7642083333,54.7572316667,11.0,2218.3576728491803,6.31042664049,0.0131062707148639,0.09708348677676931,6.31042664049,0.145625230165154,41.260481880127,No (reported postion),cruise,2021-09-01 09:00:00
2021-09-01 10:00:00+00:00,13.0630316667,54.8075583333,10.7,2050.12823357639,5.8318746250531905,0.0121123549904951,0.0897211480777414,5.8318746250531905,0.134581722116612,38.1314879330401,No (reported postion),cruise,2021-09-01 10:00:00
2021-09-01 11:00:00+00:00,13.35304,54.86772,10.9,2161.2460033976,6.14796456108725,0.012768849473027399,0.0945840701705731,6.14796456108725,0.14187610525586,40.1982298224936,No (reported postion),cruise,2021-09-01 11:00:00
2021-09-01 12:00:00+00:00,13.6491566667,54.9280616667,10.9,2161.2460033976,6.14796456108725,0.012768849473027399,0.0945840701705731,6.14796456108725,0.14187610525586,40.1982298224936,No (reported postion),cruise,2021-09-01 12:00:00
2021-09-01 13:00:00+00:00,13.9529816667,54.98465,10.7,2050.12823357639,5.8318746250531905,0.0121123549904951,0.0897211480777414,5.8318746250531905,0.134581722116612,38.1314879330401,No (reported postion),cruise,2021-09-01 13:00:00
2021-09-01 14:00:00+00:00,14.2136966667,55.0649766667,10.5,1943.08771396095,5.5273829937620205,0.011479949294736499,0.0850366614424925,5.5273829937620205,0.127554992163739,36.1405811130593,No (reported postion),cruise,2021-09-01 14:00:00
2021-09-01 15:00:00+00:00,14.4072033333,55.20113,10.6,1996.1030806357198,5.67819257073617,0.011793169185375102,0.0873568087805564,5.67819257073617,0.131035213170835,37.1266437317365,No (reported postion),cruise,2021-09-01 15:00:00
2021-09-01 16:00:00+00:00,14.5951116667,55.3420433333,10.5,1943.08771396095,5.5273829937620205,0.011479949294736499,0.0850366614424925,5.5273829937620205,0.127554992163739,36.1405811130593,No (reported postion),cruise,2021-09-01 16:00:00
2021-09-01 17:00:00+00:00,14.8300116667,55.448405,10.5,1943.08771396095,5.5273829937620205,0.011479949294736499,0.0850366614424925,5.5273829937620205,0.127554992163739,36.1405811130593,No (reported postion),cruise,2021-09-01 17:00:00
2021-09-01 18:00:00+00:00,15.1014233333,55.5347533333,10.7,2050.12823357639,5.8318746250531905,0.0121123549904951,0.0897211480777414,5.8318746250531905,0.134581722116612,38.1314879330401,No (reported postion),cruise,2021-09-01 18:00:00
2021-09-01 19:00:00+00:00,15.3746133333,55.621155,10.6,1996.1030806357198,5.67819257073617,0.011793169185375102,0.0873568087805564,5.67819257073617,0.131035213170835,37.1266437317365,No (reported postion),cruise,2021-09-01 19:00:00
2021-09-01 20:00:00+00:00,15.64799,55.6992133333,10.3,1840.04823426707,5.23427287647087,0.0108711821280549,0.0805272750226287,5.23427287647087,0.120790912533943,34.2240918846172,No (reported postion),cruise,2021-09-01 20:00:00
2021-09-01 21:00:00+00:00,15.9142433333,55.788755,10.0,1692.8242545824,4.81547380953419,0.0100013686813402,0.0740842124543722,4.81547380953419,0.111126318681558,31.4857902931082,No (reported postion),cruise,2021-09-01 21:00:00
2021-09-01 22:00:00+00:00,16.1807616667,55.8759016667,10.6,1996.1030806357198,5.67819257073617,0.011793169185375102,0.0873568087805564,5.67819257073617,0.131035213170835,37.1266437317365,No (reported postion),cruise,2021-09-01 22:00:00
2021-09-01 23:00:00+00:00,16.4548933333,55.960175,10.5,1943.08771396095,5.5273829937620205,0.011479949294736499,0.0850366614424925,5.5273829937620205,0.127554992163739,36.1405811130593,No (reported postion),cruise,2021-09-01 23:00:00
2021-09-02 00:00:00+00:00,16.729375,56.0498916667,10.7,2050.12823357639,5.8318746250531905,0.0121123549904951,0.0897211480777414,5.8318746250531905,0.134581722116612,38.1314879330401,No (reported postion),cruise,2021-09-02 00:00:00
2021-09-02 01:00:00+00:00,16.9203,56.1989816667,10.2,1790.00506867688,5.091918138468159,0.0105755222875877,0.0783372021302793,5.091918138468159,0.117505803195419,33.2933109053687,No (reported postion),cruise,2021-09-02 01:00:00
2021-09-02 02:00:00+00:00,17.1080616667,56.48064,10.4,1891.07260726658,5.3794187952878705,0.0111726390363671,0.08276028915827491,5.3794187952878705,0.124140433737412,35.173122892266804,No (reported postion),cruise,2021-09-02 02:00:00
2021-09-02 03:00:00+00:00,17.1220116667,56.5041416667,10.5,1943.08771396095,5.5273829937620205,0.011479949294736499,0.0850366614424925,5.5273829937620205,0.127554992163739,36.1405811130593,No (reported postion),cruise,2021-09-02 03:00:00
2021-09-02 04:00:00+00:00,17.22547,56.6675683333,10.3,1840.04823426707,5.23427287647087,0.0108711821280549,0.0805272750226287,5.23427287647087,0.120790912533943,34.2240918846172,No (reported postion),cruise,2021-09-02 04:00:00
2021-09-02 05:00:00+00:00,17.3504466667,56.82459,10.5,1943.08771396095,5.5273829937620205,0.011479949294736499,0.0850366614424925,5.5273829937620205,0.127554992163739,36.1405811130593,No (reported postion),cruise,2021-09-02 05:00:00
2021-09-02 06:00:00+00:00,17.4662816667,57.0041283333,10.7,2050.12823357639,5.8318746250531905,0.0121123549904951,0.0897211480777414,5.8318746250531905,0.134581722116612,38.1314879330401,No (reported postion),cruise,2021-09-02 06:00:00
2021-09-02 07:00:00+00:00,17.5863083333,57.1567083333,10.5,1943.08771396095,5.5273829937620205,0.011479949294736499,0.0850366614424925,5.5273829937620205,0.127554992163739,36.1405811130593,No (reported postion),cruise,2021-09-02 07:00:00
2021-09-02 08:00:00+00:00,17.7059233333,57.3176083333,10.4,1891.07260726658,5.3794187952878705,0.0111726390363671,0.08276028915827491,5.3794187952878705,0.124140433737412,35.173122892266804,No (reported postion),cruise,2021-09-02 08:00:00
2021-09-02 09:00:00+00:00,17.8294016667,57.4828816667,10.6,1996.1030806357198,5.67819257073617,0.011793169185375102,0.0873568087805564,5.67819257073617,0.131035213170835,37.1266437317365,No (reported postion),cruise,2021-09-02 09:00:00
2021-09-02 10:00:00+00:00,18.00368,57.6488466667,10.4,1891.07260726658,5.3794187952878705,0.0111726390363671,0.08276028915827491,5.3794187952878705,0.124140433737412,35.173122892266804,No (reported postion),cruise,2021-09-02 10:00:00
2021-09-02 11:00:00+00:00,18.16365,57.7932266667,10.9,2161.2460033976,6.14796456108725,0.012768849473027399,0.0945840701705731,6.14796456108725,0.14187610525586,40.1982298224936,No (reported postion),cruise,2021-09-02 11:00:00
2021-09-02 12:00:00+00:00,18.30785,57.9381133333,10.5,1943.08771396095,5.5273829937620205,0.011479949294736499,0.0850366614424925,5.5273829937620205,0.127554992163739,36.1405811130593,No (reported postion),cruise,2021-09-02 12:00:00
2021-09-02 13:00:00+00:00,18.45385,58.0908866667,10.4,1891.07260726658,5.3794187952878705,0.0111726390363671,0.08276028915827491,5.3794187952878705,0.124140433737412,35.173122892266804,No (reported postion),cruise,2021-09-02 13:00:00
2021-09-02 14:00:00+00:00,18.6914666667,58.316025,10.7,2050.12823357639,5.8318746250531905,0.0121123549904951,0.0897211480777414,5.8318746250531905,0.134581722116612,38.1314879330401,No (reported postion),cruise,2021-09-02 14:00:00
2021-09-02 15:00:00+00:00,18.7815866667,58.3971916667,10.7,2050.12823357639,5.8318746250531905,0.0121123549904951,0.0897211480777414,5.8318746250531905,0.134581722116612,38.1314879330401,No (reported postion),cruise,2021-09-02 15:00:00
2021-09-02 16:00:00+00:00,19.0156533333,58.6097433333,10.6,1996.1030806357198,5.67819257073617,0.011793169185375102,0.0873568087805564,5.67819257073617,0.131035213170835,37.1266437317365,No (reported postion),cruise,2021-09-02 16:00:00
2021-09-02 17:00:00+00:00,19.1341083333,58.705705,10.5,1943.08771396095,5.5273829937620205,0.011479949294736499,0.0850366614424925,5.5273829937620205,0.127554992163739,36.1405811130593,No (reported postion),cruise,2021-09-02 17:00:00
2021-09-02 18:00:00+00:00,19.322625,58.8404833333,10.3,1840.04823426707,5.23427287647087,0.0108711821280549,0.0805272750226287,5.23427287647087,0.120790912533943,34.2240918846172,No (reported postion),cruise,2021-09-02 18:00:00
2021-09-02 19:00:00+00:00,19.541,58.9988,10.1,1740.9335842105,4.95232748243688,0.0102856032327535,0.07618965357595209,4.95232748243688,0.11428448036392799,32.3806027697796,No (reported postion),cruise,2021-09-02 19:00:00
2021-09-02 20:00:00+00:00,19.7081,59.1241,9.8,1599.45395469892,4.5498690177431,0.009449727959927991,0.0699979848883554,4.5498690177431,0.104996977332533,29.749143577551102,No (reported postion),cruise,2021-09-02 20:00:00
2021-09-02 21:00:00+00:00,19.772445,59.263323333325,9.9,2725.091,7.7519,0.016100100000000003,0.11926,7.7519,0.17889,50.6855,Linear (small gap),cruise,2021-09-02 21:00:00
2021-09-02 22:00:00+00:00,19.83679,59.40254666665,10.0,2725.091,7.7519,0.016100100000000003,0.11926,7.7519,0.17889,50.6855,Linear (small gap),cruise,2021-09-02 22:00:00
2021-09-02 23:00:00+00:00,19.901135,59.541769999975,10.1,2725.091,7.7519,0.016100100000000003,0.11926,7.7519,0.17889,50.6855,Linear (small gap),cruise,2021-09-02 23:00:00
2021-09-03 00:00:00+00:00,19.96548,59.6809933333,10.2,1790.00506867688,5.091918138468159,0.0105755222875877,0.0783372021302793,5.091918138468159,0.117505803195419,33.2933109053687,No (reported postion),cruise,2021-09-03 00:00:00
2021-09-03 01:00:00+00:00,19.7390366667,59.801725,9.2,1341.4440374722599,3.8159239577985598,0.007925380527735471,0.058706522427670105,3.8159239577985598,0.08805978364150521,24.9502720317598,No (reported postion),cruise,2021-09-03 01:00:00
2021-09-03 02:00:00+00:00,19.529565,59.9235783333,9.5,1466.37650902259,4.17131173244937,0.008663493598164089,0.0641740266530673,4.17131173244937,0.0962610399796009,27.2739613275536,No (reported postion),cruise,2021-09-03 02:00:00
2021-09-03 03:00:00+00:00,19.3200366667,60.0499883333,9.9,1645.6675535070501,4.68133002091722,0.00972276235113576,0.0720204618602648,4.68133002091722,0.108030692790397,30.6086962906126,No (reported postion),cruise,2021-09-03 03:00:00
2021-09-03 04:00:00+00:00,19.11745,60.1761733333,9.3,1382.1990746731399,3.93185732401549,0.00816616521141679,0.0604901126771614,3.93185732401549,0.0907351690157421,25.7082978877936,No (reported postion),cruise,2021-09-03 04:00:00
2021-09-03 05:00:00+00:00,19.0124083333,60.327065,9.5,1466.37650902259,4.17131173244937,0.008663493598164089,0.0641740266530673,4.17131173244937,0.0962610399796009,27.2739613275536,No (reported postion),cruise,2021-09-03 05:00:00
2021-09-03 06:00:00+00:00,19.0417,60.4795,9.3,1382.1990746731399,3.93185732401549,0.00816616521141679,0.0604901126771614,3.93185732401549,0.0907351690157421,25.7082978877936,No (reported postion),cruise,2021-09-03 06:00:00
2021-09-03 07:00:00+00:00,19.1138,60.6426,11.3,2396.0181347941902,6.81580651035545,0.014155905829199799,0.10485856169777599,6.81580651035545,0.157287842546664,44.564888721554894,No (reported postion),cruise,2021-09-03 07:00:00
2021-09-03 08:00:00+00:00,19.1894,60.8227,11.2,2335.7342122619502,6.64432051628125,0.013799742610738,0.102220315635096,6.64432051628125,0.15333047345264397,43.4436341449158,No (reported postion),cruise,2021-09-03 08:00:00
2021-09-03 09:00:00+00:00,19.31053333335,61.08301666665,10.6,2725.091,7.7519,0.016100100000000003,0.11926,7.7519,0.17889,50.6855,Linear (small gap),cruise,2021-09-03 09:00:00
2021-09-03 10:00:00+00:00,19.4316666667,61.3433333333,10.0,1692.8242545824,4.81547380953419,0.0100013686813402,0.0740842124543722,4.81547380953419,0.111126318681558,31.4857902931082,No (reported postion),cruise,2021-09-03 10:00:00
2021-09-03 11:00:00+00:00,19.4987777778,61.4725222222,10.1666666666667,2725.091,7.7519,0.016100100000000003,0.11926,7.7519,0.17889,50.6855,Linear (small gap),cruise,2021-09-03 11:00:00
2021-09-03 12:00:00+00:00,19.5658888889,61.6017111111,10.3333333333333,2725.091,7.7519,0.016100100000000003,0.11926,7.7519,0.17889,50.6855,Linear (small gap),cruise,2021-09-03 12:00:00
2021-09-03 13:00:00+00:00,19.633,61.7309,10.5,1943.08771396095,5.5273829937620205,0.011479949294736499,0.0850366614424925,5.5273829937620205,0.127554992163739,36.1405811130593,No (reported postion),cruise,2021-09-03 13:00:00
2021-09-03 14:00:00+00:00,19.7034,61.8795,10.6,1996.1030806357198,5.67819257073617,0.011793169185375102,0.0873568087805564,5.67819257073617,0.131035213170835,37.1266437317365,No (reported postion),cruise,2021-09-03 14:00:00
2021-09-03 15:00:00+00:00,19.7821,62.0554,10.8,2105.17269906851,5.9884562555559295,0.0124375629923085,0.092130096239322,5.9884562555559295,0.13819514435898297,39.1552909017119,No (reported postion),cruise,2021-09-03 15:00:00
2021-09-03 16:00:00+00:00,19.8789,62.2316,11.1,2276.51723370879,6.475869592607051,0.013449883000030001,0.09962876296318539,6.475869592607051,0.149443144444778,42.342224259353806,No (reported postion),cruise,2021-09-03 16:00:00
2021-09-03 17:00:00+00:00,19.9688,62.421,10.6,1996.1030806357198,5.67819257073617,0.011793169185375102,0.0873568087805564,5.67819257073617,0.131035213170835,37.1266437317365,No (reported postion),cruise,2021-09-03 17:00:00
2021-09-03 18:00:00+00:00,20.0193,62.5844,10.7,2050.12823357639,5.8318746250531905,0.0121123549904951,0.0897211480777414,5.8318746250531905,0.134581722116612,38.1314879330401,No (reported postion),cruise,2021-09-03 18:00:00
2021-09-03 19:00:00+00:00,20.0937,62.7557,10.5,1943.08771396095,5.5273829937620205,0.011479949294736499,0.0850366614424925,5.5273829937620205,0.127554992163739,36.1405811130593,No (reported postion),cruise,2021-09-03 19:00:00
2021-09-03 20:00:00+00:00,20.1833,62.9285,10.0,1692.8242545824,4.81547380953419,0.0100013686813402,0.0740842124543722,4.81547380953419,0.111126318681558,31.4857902931082,No (reported postion),cruise,2021-09-03 20:00:00
2021-09-03 21:00:00+00:00,20.2836616667,63.0844783333,10.4,1891.07260726658,5.3794187952878705,0.0111726390363671,0.08276028915827491,5.3794187952878705,0.124140433737412,35.173122892266804,No (reported postion),cruise,2021-09-03 21:00:00
2021-09-03 22:00:00+00:00,20.3747,63.2567,10.2,1790.00506867688,5.091918138468159,0.0105755222875877,0.0783372021302793,5.091918138468159,0.117505803195419,33.2933109053687,No (reported postion),cruise,2021-09-03 22:00:00
2021-09-03 23:00:00+00:00,20.5534183333,63.4004783333,10.0,1692.8242545824,4.81547380953419,0.0100013686813402,0.0740842124543722,4.81547380953419,0.111126318681558,31.4857902931082,No (reported postion),cruise,2021-09-03 23:00:00
2021-09-04 00:00:00+00:00,20.7613233333,63.53607,9.4,1366.50396701815,3.8872104094608297,0.00807343700426481,0.0598032370686282,3.8872104094608297,0.08970485560294231,25.416375754167,No (reported postion),cruise,2021-09-04 00:00:00
2021-09-04 01:00:00+00:00,21.1228016667,63.6038033333,10.5,1943.08771396095,5.5273829937620205,0.011479949294736499,0.0850366614424925,5.5273829937620205,0.127554992163739,36.1405811130593,No (reported postion),cruise,2021-09-04 01:00:00
2021-09-04 02:00:00+00:00,21.3994,63.7313,10.7,2050.12823357639,5.8318746250531905,0.0121123549904951,0.0897211480777414,5.8318746250531905,0.134581722116612,38.1314879330401,No (reported postion),cruise,2021-09-04 02:00:00
2021-09-04 03:00:00+00:00,21.6721,63.8564,10.9,2161.2460033976,6.14796456108725,0.012768849473027399,0.0945840701705731,6.14796456108725,0.14187610525586,40.1982298224936,No (reported postion),cruise,2021-09-04 03:00:00
2021-09-04 04:00:00+00:00,21.9504,63.9845,10.4,1891.07260726658,5.3794187952878705,0.0111726390363671,0.08276028915827491,5.3794187952878705,0.124140433737412,35.173122892266804,No (reported postion),cruise,2021-09-04 04:00:00
2021-09-04 05:00:00+00:00,22.2327,64.113,10.5,1943.08771396095,5.5273829937620205,0.011479949294736499,0.0850366614424925,5.5273829937620205,0.127554992163739,36.1405811130593,No (reported postion),cruise,2021-09-04 05:00:00
2021-09-04 06:00:00+00:00,22.4986,64.241,10.3,1840.04823426707,5.23427287647087,0.0108711821280549,0.0805272750226287,5.23427287647087,0.120790912533943,34.2240918846172,No (reported postion),cruise,2021-09-04 06:00:00
2021-09-04 07:00:00+00:00,22.7889,64.3809,10.3,1840.04823426707,5.23427287647087,0.0108711821280549,0.0805272750226287,5.23427287647087,0.120790912533943,34.2240918846172,No (reported postion),cruise,2021-09-04 07:00:00
2021-09-04 08:00:00+00:00,23.0375,64.4926,10.4,1891.07260726658,5.3794187952878705,0.0111726390363671,0.08276028915827491,5.3794187952878705,0.124140433737412,35.173122892266804,No (reported postion),cruise,2021-09-04 08:00:00
2021-09-04 09:00:00+00:00,23.3325,64.6203,10.4,1891.07260726658,5.3794187952878705,0.0111726390363671,0.08276028915827491,5.3794187952878705,0.124140433737412,35.173122892266804,No (reported postion),cruise,2021-09-04 09:00:00
2021-09-04 10:00:00+00:00,23.6171,64.7441,10.2,1790.00506867688,5.091918138468159,0.0105755222875877,0.0783372021302793,5.091918138468159,0.117505803195419,33.2933109053687,No (reported postion),cruise,2021-09-04 10:00:00
2021-09-04 11:00:00+00:00,23.87,64.8608,10.3,1840.04823426707,5.23427287647087,0.0108711821280549,0.0805272750226287,5.23427287647087,0.120790912533943,34.2240918846172,No (reported postion),cruise,2021-09-04 11:00:00
2021-09-04 12:00:00+00:00,24.1928,64.9748,9.4,1423.84005642807,4.05031088261814,0.0084121841408223,0.0623124751172022,4.05031088261814,0.0934687126758033,26.4828019248109,No (reported postion),cruise,2021-09-04 12:00:00
2021-09-04 13:00:00+00:00,24.2875,65.1253,12.0,2725.091,7.7519,0.016100100000000003,0.11926,7.7519,0.17889,50.6855,No (reported postion),cruise,2021-09-04 13:00:00
2021-09-04 14:00:00+00:00,24.7137,65.1349,11.5,2414.83731185375,6.86934027441986,0.0142670913391797,0.10568215806799801,6.86934027441986,0.158523237101997,44.9149171788991,No (reported postion),cruise,2021-09-04 14:00:00
2021-09-04 15:00:00+00:00,25.1518,65.0914,12.1,2725.091,7.7519,0.016100100000000003,0.11926,7.7519,0.17889,50.6855,No (reported postion),cruise,2021-09-04 15:00:00
2021-09-04 16:00:00+00:00,25.3971,65.0059,0.2,219.3721494656,0.624335240177723,0.0012960717802125198,0.00960246179543673,0.624160016703388,0.014405814197214,4.08478614505912,No (reported postion),anchor,2021-09-04 16:00:00
2021-09-04 17:00:00+00:00,25.3970647058824,65.0058882352941,0.270588235294118,219.39008804151402,0.62483021926366,0.0012961777630461399,0.0096060966141011,0.624396279916572,0.0144143988067377,4.09185284488792,Linear (small gap),anchor,2021-09-04 17:00:00
2021-09-04 18:00:00+00:00,25.3970294117647,65.0058764705882,0.341176470588235,219.420312093736,0.625664191470485,0.00129635632965665,0.0096122207874835,0.624794351186428,0.0144288627021884,4.1037592696615,Linear (small gap),anchor,2021-09-04 18:00:00
2021-09-04 19:00:00+00:00,25.3969941176471,65.0058647058823,0.411764705882353,219.466026529129,0.626925589786259,0.0012966264149423402,0.009621483712466891,0.625396441310348,0.0144507396103295,4.12176795632198,Linear (small gap),anchor,2021-09-04 19:00:00
2021-09-04 20:00:00+00:00,25.3969588235294,65.0058529411765,0.482352941176471,219.530436254557,0.628702847199037,0.00129700695380154,0.00963453478593425,0.626244761085726,0.0144815632579246,4.14714144181147,Linear (small gap),anchor,2021-09-04 20:00:00
2021-09-04 21:00:00+00:00,25.3969235294118,65.0058411764706,0.552941176470588,219.61674617688098,0.6310843966968801,0.00129751688113256,0.00965202340476852,0.627381521309954,0.0145228673717373,4.18114226307211,Linear (small gap),anchor,2021-09-04 21:00:00
2021-09-04 22:00:00+00:00,25.3968882352941,65.0058294117647,0.623529411764706,219.728161202966,0.6341586712678441,0.00129817513183372,0.009674598965852679,0.628848932780425,0.0145761856785311,4.22503295704599,Linear (small gap),anchor,2021-09-04 22:00:00
2021-09-04 23:00:00+00:00,25.3968529411765,65.0058176470588,0.694117647058824,219.867886239674,0.6380141038999879,0.0012990006408033301,0.0097029108660697,0.63068920629453,0.0146430519050696,4.28007606067525,Linear (small gap),anchor,2021-09-04 23:00:00
2021-09-05 00:00:00+00:00,25.3968176470588,65.0058058823529,0.764705882352941,220.03912619386898,0.64273912758137,0.00130001234293971,0.00973760850230253,0.6329445526496641,0.014724999778116199,4.34753411090199,Linear (small gap),anchor,2021-09-05 00:00:00
2021-09-05 01:00:00+00:00,25.3967823529412,65.0057941176471,0.835294117647059,220.24508597241302,0.648422175300048,0.0013012291731411701,0.00977934127143414,0.635657182643219,0.0148235630244346,4.42866964466833,Linear (small gap),anchor,2021-09-05 01:00:00
2021-09-05 02:00:00+00:00,25.3967470588235,65.0057823529412,0.905882352941176,220.48897048216799,0.655151680044081,0.00130267006630603,0.009828758570347491,0.638869307072587,0.014940275370788299,4.5247451989164,Linear (small gap),anchor,2021-09-05 02:00:00
2021-09-05 03:00:00+00:00,25.3967117647059,65.0057705882353,0.976470588235294,220.77398463,0.6630160748015249,0.0013043539573326,0.00988650979592556,0.642623136735161,0.0150766705439408,4.63702331058831,Linear (small gap),anchor,2021-09-05 03:00:00
2021-09-05 04:00:00+00:00,25.3966764705882,65.0057588235294,1.04705882352941,221.103333322769,0.67210379256044,0.00130629978111921,0.00995324434505129,0.646960882428334,0.015234282270655701,4.766766516626181,Linear (small gap),anchor,2021-09-05 04:00:00
2021-09-05 05:00:00+00:00,25.3966411764706,65.0057470588235,1.11764705882353,221.48022146734,0.682503266308884,0.0013085264725641499,0.0100296116146077,0.6519247549494981,0.0154146442776965,4.91523735397212,Linear (small gap),anchor,2021-09-05 05:00:00
2021-09-05 06:00:00+00:00,25.3966058823529,65.0057352941177,1.18823529411765,221.907853970575,0.694302929034914,0.00131105296656576,0.0101162610014776,0.657556965096047,0.0156192902918268,5.083698359568251,Linear (small gap),anchor,2021-09-05 06:00:00
2021-09-05 07:00:00+00:00,25.3965705882353,65.0057235294118,1.25882352941176,222.38943573933798,0.707591213726589,0.00131389819802235,0.0102138419025442,0.663899723665372,0.0158497540398101,5.273412070356679,Linear (small gap),anchor,2021-09-05 07:00:00
2021-09-05 08:00:00+00:00,25.3965352941176,65.0057117647059,1.32941176470588,222.928171680491,0.722456553371966,0.0013170811018322199,0.010323003714690299,0.670995241454866,0.0161075692484099,5.48564102327955,Linear (small gap),anchor,2021-09-05 08:00:00
2021-09-05 09:00:00+00:00,25.3965,65.0057,1.4,223.52726670089697,0.7389873809591051,0.0013206206128937,0.010444395834798802,0.6788857292619229,0.016394269644389902,5.72164775527896,No (reported postion),anchor,2021-09-05 09:00:00
2021-09-05 10:00:00+00:00,25.2175,65.0686,13.5,2725.091,7.7519,0.016100100000000003,0.11926,7.7519,0.17889,50.6855,No (reported postion),cruise,2021-09-05 10:00:00
2021-09-05 11:00:00+00:00,24.7762,65.1242,13.1,2725.091,7.7519,0.016100100000000003,0.11926,7.7519,0.17889,50.6855,No (reported postion),cruise,2021-09-05 11:00:00
2021-09-05 12:00:00+00:00,24.3187,65.1395,13.6,2725.091,7.7519,0.016100100000000003,0.11926,7.7519,0.17889,50.6855,No (reported postion),cruise,2021-09-05 12:00:00
2021-09-05 13:00:00+00:00,24.1492,64.9622,12.3,2725.091,7.7519,0.016100100000000003,0.11926,7.7519,0.17889,50.6855,No (reported postion),cruise,2021-09-05 13:00:00
2021-09-05 14:00:00+00:00,23.7715,64.8266,12.3,2725.091,7.7519,0.016100100000000003,0.11926,7.7519,0.17889,50.6855,No (reported postion),cruise,2021-09-05 14:00:00
2021-09-05 15:00:00+00:00,23.4285,64.6757,12.4,2725.091,7.7519,0.016100100000000003,0.11926,7.7519,0.17889,50.6855,No (reported postion),cruise,2021-09-05 15:00:00
2021-09-05 16:00:00+00:00,23.11534,64.5370583333,12.3,2725.091,7.7519,0.016100100000000003,0.11926,7.7519,0.17889,50.6855,No (reported postion),cruise,2021-09-05 16:00:00
2021-09-05 17:00:00+00:00,22.78249,64.3927933333,12.0,2725.091,7.7519,0.016100100000000003,0.11926,7.7519,0.17889,50.6855,No (reported postion),cruise,2021-09-05 17:00:00
2021-09-05 18:00:00+00:00,22.4726266667,64.2508483333,11.9,2725.091,7.7519,0.016100100000000003,0.11926,7.7519,0.17889,50.6855,No (reported postion),cruise,2021-09-05 18:00:00
2021-09-05 19:00:00+00:00,22.1645,64.1014,11.8,2713.77532713504,7.71971099622658,0.0160332459152398,0.11876478455733201,7.71971099622658,0.178147176835998,50.4750334368661,No (reported postion),cruise,2021-09-05 19:00:00
2021-09-05 20:00:00+00:00,21.8579266667,63.9546116667,11.9,2725.091,7.7519,0.016100100000000003,0.11926,7.7519,0.17889,50.6855,No (reported postion),cruise,2021-09-05 20:00:00
2021-09-05 21:00:00+00:00,21.5314,63.8017,11.8,2713.77532713504,7.71971099622658,0.0160332459152398,0.11876478455733201,7.71971099622658,0.178147176835998,50.4750334368661,No (reported postion),cruise,2021-09-05 21:00:00
2021-09-05 22:00:00+00:00,21.2396383333,63.6710916667,11.9,2725.091,7.7519,0.016100100000000003,0.11926,7.7519,0.17889,50.6855,No (reported postion),cruise,2021-09-05 22:00:00
2021-09-05 23:00:00+00:00,20.87768,63.555725,12.2,2725.091,7.7519,0.016100100000000003,0.11926,7.7519,0.17889,50.6855,No (reported postion),cruise,2021-09-05 23:00:00
2021-09-06 00:00:00+00:00,20.5774916667,63.426445,12.0,2725.091,7.7519,0.016100100000000003,0.11926,7.7519,0.17889,50.6855,No (reported postion),cruise,2021-09-06 00:00:00
2021-09-06 01:00:00+00:00,20.39367,63.24433,12.0,2725.091,7.7519,0.016100100000000003,0.11926,7.7519,0.17889,50.6855,No (reported postion),cruise,2021-09-06 01:00:00
2021-09-06 02:00:00+00:00,20.2765016667,63.0514866667,11.9,2725.091,7.7519,0.016100100000000003,0.11926,7.7519,0.17889,50.6855,No (reported postion),cruise,2021-09-06 02:00:00
2021-09-06 03:00:00+00:00,20.17412,62.8587466667,11.9,2725.091,7.7519,0.016100100000000003,0.11926,7.7519,0.17889,50.6855,No (reported postion),cruise,2021-09-06 03:00:00
2021-09-06 04:00:00+00:00,20.06911,62.6668983333,12.1,2725.091,7.7519,0.016100100000000003,0.11926,7.7519,0.17889,50.6855,No (reported postion),cruise,2021-09-06 04:00:00
2021-09-06 05:00:00+00:00,19.9646383333,62.472405,11.8,2713.77532713504,7.71971099622658,0.0160332459152398,0.11876478455733201,7.71971099622658,0.178147176835998,50.4750334368661,No (reported postion),cruise,2021-09-06 05:00:00
2021-09-06 06:00:00+00:00,19.8582,62.2775,11.9,2725.091,7.7519,0.016100100000000003,0.11926,7.7519,0.17889,50.6855,No (reported postion),cruise,2021-09-06 06:00:00
2021-09-06 07:00:00+00:00,19.7483,62.0759,11.9,2725.091,7.7519,0.016100100000000003,0.11926,7.7519,0.17889,50.6855,No (reported postion),cruise,2021-09-06 07:00:00
2021-09-06 08:00:00+00:00,19.646,61.887,11.7,2648.01379042449,7.53264316750948,0.0156447204248274,0.115886817961684,7.53264316750948,0.173830226942526,49.2518976337158,No (reported postion),cruise,2021-09-06 08:00:00
2021-09-06 09:00:00+00:00,19.5374,61.7023,12.1,2725.091,7.7519,0.016100100000000003,0.11926,7.7519,0.17889,50.6855,No (reported postion),cruise,2021-09-06 09:00:00
2021-09-06 10:00:00+00:00,19.4527,61.4941,11.9,2725.091,7.7519,0.016100100000000003,0.11926,7.7519,0.17889,50.6855,No (reported postion),cruise,2021-09-06 10:00:00
2021-09-06 11:00:00+00:00,19.3802,61.3141,12.0,2725.091,7.7519,0.016100100000000003,0.11926,7.7519,0.17889,50.6855,No (reported postion),cruise,2021-09-06 11:00:00
2021-09-06 12:00:00+00:00,19.2958,61.1169,12.1,2725.091,7.7519,0.016100100000000003,0.11926,7.7519,0.17889,50.6855,No (reported postion),cruise,2021-09-06 12:00:00
2021-09-06 13:00:00+00:00,19.1932,60.9239,12.0,2725.091,7.7519,0.016100100000000003,0.11926,7.7519,0.17889,50.6855,No (reported postion),cruise,2021-09-06 13:00:00
2021-09-06 14:00:00+00:00,19.0892,60.7307,11.8,2713.77532713504,7.71971099622658,0.0160332459152398,0.11876478455733201,7.71971099622658,0.178147176835998,50.4750334368661,No (reported postion),cruise,2021-09-06 14:00:00
2021-09-06 15:00:00+00:00,18.9945716667,60.5429333333,11.7,2648.01379042449,7.53264316750948,0.0156447204248274,0.115886817961684,7.53264316750948,0.173830226942526,49.2518976337158,No (reported postion),cruise,2021-09-06 15:00:00
2021-09-06 16:00:00+00:00,18.9948266667,60.3459533333,11.8,2713.77532713504,7.71971099622658,0.0160332459152398,0.11876478455733201,7.71971099622658,0.178147176835998,50.4750334368661,No (reported postion),cruise,2021-09-06 16:00:00
2021-09-06 17:00:00+00:00,19.0509333333,60.154785,11.8,2713.77532713504,7.71971099622658,0.0160332459152398,0.11876478455733201,7.71971099622658,0.178147176835998,50.4750334368661,No (reported postion),cruise,2021-09-06 17:00:00
2021-09-06 18:00:00+00:00,19.30645,60.0011166667,12.0,2725.091,7.7519,0.016100100000000003,0.11926,7.7519,0.17889,50.6855,No (reported postion),cruise,2021-09-06 18:00:00
2021-09-06 19:00:00+00:00,19.5674633333,59.8494166667,12.0,2725.091,7.7519,0.016100100000000003,0.11926,7.7519,0.17889,50.6855,No (reported postion),cruise,2021-09-06 19:00:00
2021-09-06 20:00:00+00:00,19.8283166667,59.6932916667,11.8,2713.77532713504,7.71971099622658,0.0160332459152398,0.11876478455733201,7.71971099622658,0.178147176835998,50.4750334368661,No (reported postion),cruise,2021-09-06 20:00:00
2021-09-06 21:00:00+00:00,19.9447466667,59.5194233333,12.1,2725.091,7.7519,0.016100100000000003,0.11926,7.7519,0.17889,50.6855,No (reported postion),cruise,2021-09-06 21:00:00
2021-09-06 22:00:00+00:00,19.7596,59.3162,12.0,2725.091,7.7519,0.016100100000000003,0.11926,7.7519,0.17889,50.6855,No (reported postion),cruise,2021-09-06 22:00:00
2021-09-06 23:00:00+00:00,19.5858,59.1606,12.0,2725.091,7.7519,0.016100100000000003,0.11926,7.7519,0.17889,50.6855,No (reported postion),cruise,2021-09-06 23:00:00
2021-09-07 00:00:00+00:00,19.3353255555667,58.9401566666667,11.8333333333333,2725.091,7.7519,0.016100100000000003,0.11926,7.7519,0.17889,50.6855,Linear (small gap),cruise,2021-09-07 00:00:00
2021-09-07 01:00:00+00:00,19.0848511111333,58.7197133333333,11.6666666666667,2725.091,7.7519,0.016100100000000003,0.11926,7.7519,0.17889,50.6855,Linear (small gap),cruise,2021-09-07 01:00:00
2021-09-07 02:00:00+00:00,18.8343766667,58.49927,11.5,2519.82491693801,7.16799210507531,0.014887368218233301,0.11027680161654299,7.16799210507531,0.165415202424815,46.8676406870309,No (reported postion),cruise,2021-09-07 02:00:00
2021-09-07 03:00:00+00:00,18.7849083333,58.4726133333,11.7,2648.01379042449,7.53264316750948,0.0156447204248274,0.115886817961684,7.53264316750948,0.173830226942526,49.2518976337158,No (reported postion),cruise,2021-09-07 03:00:00
2021-09-07 04:00:00+00:00,18.5757666667,58.3179933333,11.8,2713.77532713504,7.71971099622658,0.0160332459152398,0.11876478455733201,7.71971099622658,0.178147176835998,50.4750334368661,No (reported postion),cruise,2021-09-07 04:00:00
2021-09-07 05:00:00+00:00,18.4052833333,58.1452416667,11.9,2725.091,7.7519,0.016100100000000003,0.11926,7.7519,0.17889,50.6855,No (reported postion),cruise,2021-09-07 05:00:00
2021-09-07 06:00:00+00:00,18.2185,57.9616,12.2,2725.091,7.7519,0.016100100000000003,0.11926,7.7519,0.17889,50.6855,No (reported postion),cruise,2021-09-07 06:00:00
2021-09-07 07:00:00+00:00,18.0356766667,57.7948266667,11.9,2725.091,7.7519,0.016100100000000003,0.11926,7.7519,0.17889,50.6855,No (reported postion),cruise,2021-09-07 07:00:00
2021-09-07 08:00:00+00:00,17.8539533333,57.624215,11.9,2725.091,7.7519,0.016100100000000003,0.11926,7.7519,0.17889,50.6855,No (reported postion),cruise,2021-09-07 08:00:00
2021-09-07 09:00:00+00:00,17.6708583333,57.4494416667,12.4,2725.091,7.7519,0.016100100000000003,0.11926,7.7519,0.17889,50.6855,No (reported postion),cruise,2021-09-07 09:00:00
2021-09-07 10:00:00+00:00,17.5203383333,57.25629,12.2,2725.091,7.7519,0.016100100000000003,0.11926,7.7519,0.17889,50.6855,No (reported postion),cruise,2021-09-07 10:00:00
2021-09-07 11:00:00+00:00,17.3876666667,57.0794766667,11.9,2725.091,7.7519,0.016100100000000003,0.11926,7.7519,0.17889,50.6855,No (reported postion),cruise,2021-09-07 11:00:00
2021-09-07 12:00:00+00:00,17.2554183333,56.8921833333,12.1,2725.091,7.7519,0.016100100000000003,0.11926,7.7519,0.17889,50.6855,No (reported postion),cruise,2021-09-07 12:00:00
2021-09-07 13:00:00+00:00,17.1328683333,56.7052683333,11.8,2713.77532713504,7.71971099622658,0.0160332459152398,0.11876478455733201,7.71971099622658,0.178147176835998,50.4750334368661,No (reported postion),cruise,2021-09-07 13:00:00
2021-09-07 14:00:00+00:00,17.007455,56.5226183333,11.9,2725.091,7.7519,0.016100100000000003,0.11926,7.7519,0.17889,50.6855,No (reported postion),cruise,2021-09-07 14:00:00
2021-09-07 15:00:00+00:00,16.883255,56.3329683333,11.9,2725.091,7.7519,0.016100100000000003,0.11926,7.7519,0.17889,50.6855,No (reported postion),cruise,2021-09-07 15:00:00
2021-09-07 16:00:00+00:00,16.7471383333,56.150355,11.6,2583.36682912065,7.348745903406679,0.0152627799532293,0.11305762928318,7.348745903406679,0.169586443924769,48.0494924453513,No (reported postion),cruise,2021-09-07 16:00:00
2021-09-07 17:00:00+00:00,16.44923,56.0396283333,11.9,2725.091,7.7519,0.016100100000000003,0.11926,7.7519,0.17889,50.6855,No (reported postion),cruise,2021-09-07 17:00:00
2021-09-07 18:00:00+00:00,16.1421716667,55.9375883333,11.9,2725.091,7.7519,0.016100100000000003,0.11926,7.7519,0.17889,50.6855,No (reported postion),cruise,2021-09-07 18:00:00
2021-09-07 19:00:00+00:00,15.844665,55.8416066667,11.1,2276.51723370879,6.475869592607051,0.013449883000030001,0.09962876296318539,6.475869592607051,0.149443144444778,42.342224259353806,No (reported postion),cruise,2021-09-07 19:00:00
2021-09-07 20:00:00+00:00,15.5563133333,55.7558916667,11.1,2276.51723370879,6.475869592607051,0.013449883000030001,0.09962876296318539,6.475869592607051,0.149443144444778,42.342224259353806,No (reported postion),cruise,2021-09-07 20:00:00
2021-09-07 21:00:00+00:00,15.2808216667,55.6591233333,11.0,2218.3576728491803,6.31042664049,0.0131062707148639,0.09708348677676931,6.31042664049,0.145625230165154,41.260481880127,No (reported postion),cruise,2021-09-07 21:00:00
2021-09-07 22:00:00+00:00,14.9996033333,55.5696716667,11.2,2335.7342122619502,6.64432051628125,0.013799742610738,0.102220315635096,6.64432051628125,0.15333047345264397,43.4436341449158,No (reported postion),cruise,2021-09-07 22:00:00
2021-09-07 23:00:00+00:00,14.7066516667,55.48158,11.7,2648.01379042449,7.53264316750948,0.0156447204248274,0.115886817961684,7.53264316750948,0.173830226942526,49.2518976337158,No (reported postion),cruise,2021-09-07 23:00:00
2021-09-08 00:00:00+00:00,14.46229,55.363645,10.7,2050.12823357639,5.8318746250531905,0.0121123549904951,0.0897211480777414,5.8318746250531905,0.134581722116612,38.1314879330401,No (reported postion),cruise,2021-09-08 00:00:00
2021-09-08 01:00:00+00:00,14.2651733333,55.22287,10.6,1996.1030806357198,5.67819257073617,0.011793169185375102,0.0873568087805564,5.67819257073617,0.131035213170835,37.1266437317365,No (reported postion),cruise,2021-09-08 01:00:00
2021-09-08 02:00:00+00:00,13.9458633333,55.2226466667,10.8,2105.17269906851,5.9884562555559295,0.0124375629923085,0.092130096239322,5.9884562555559295,0.13819514435898297,39.1552909017119,No (reported postion),cruise,2021-09-08 02:00:00
2021-09-08 03:00:00+00:00,13.6224166667,55.2321166667,11.2,2335.7342122619502,6.64432051628125,0.013799742610738,0.102220315635096,6.64432051628125,0.15333047345264397,43.4436341449158,No (reported postion),cruise,2021-09-08 03:00:00
2021-09-08 04:00:00+00:00,13.2946433333,55.243085,11.2,2335.7342122619502,6.64432051628125,0.013799742610738,0.102220315635096,6.64432051628125,0.15333047345264397,43.4436341449158,No (reported postion),cruise,2021-09-08 04:00:00
2021-09-08 05:00:00+00:00,12.968945,55.254455,11.1,2276.51723370879,6.475869592607051,0.013449883000030001,0.09962876296318539,6.475869592607051,0.149443144444778,42.342224259353806,No (reported postion),cruise,2021-09-08 05:00:00
2021-09-08 06:00:00+00:00,12.6625833333,55.3192633333,11.5,2519.82491693801,7.16799210507531,0.014887368218233301,0.11027680161654299,7.16799210507531,0.165415202424815,46.8676406870309,No (reported postion),cruise,2021-09-08 06:00:00
2021-09-08 07:00:00+00:00,12.7292116667,55.5093366667,10.2,1716.74876134311,4.88353039331737,0.0101427169707361,0.0751312368202672,4.88353039331737,0.112696855230401,31.930775648613597,No (reported postion),cruise,2021-09-08 07:00:00
2021-09-08 08:00:00+00:00,12.9414383333,55.635085,12.5,2725.091,7.7519,0.016100100000000003,0.11926,7.7519,0.17889,50.6855,No (reported postion),cruise,2021-09-08 08:00:00
2021-09-08 09:00:00+00:00,12.789555,55.8063816667,12.0,2729.39456966107,7.764142101880511,0.0161255259039057,0.119448340028931,7.764142101880511,0.179172510043396,50.7655445122956,No (reported postion),cruise,2021-09-08 09:00:00
2021-09-08 10:00:00+00:00,12.68625,55.99382,12.1,2725.091,7.7519,0.016100100000000003,0.11926,7.7519,0.17889,50.6855,No (reported postion),cruise,2021-09-08 10:00:00
2021-09-08 11:00:00+00:00,12.48869,56.151435,11.9,2664.33266268836,7.579064467166011,0.015741133893344802,0.11660099180255401,7.579064467166011,0.17490148770383102,49.5554215160854,No (reported postion),cruise,2021-09-08 11:00:00
2021-09-08 12:00:00+00:00,12.367875,56.3363166667,12.3,2725.091,7.7519,0.016100100000000003,0.11926,7.7519,0.17889,50.6855,No (reported postion),cruise,2021-09-08 12:00:00
2021-09-08 13:00:00+00:00,12.2865916667,56.5322483333,12.1,2725.091,7.7519,0.016100100000000003,0.11926,7.7519,0.17889,50.6855,No (reported postion),cruise,2021-09-08 13:00:00
2021-09-08 14:00:00+00:00,12.20385,56.7306766667,11.9,2725.091,7.7519,0.016100100000000003,0.11926,7.7519,0.17889,50.6855,No (reported postion),cruise,2021-09-08 14:00:00
2021-09-08 15:00:00+00:00,12.1030483333,56.9223283333,11.8,2713.77532713504,7.71971099622658,0.0160332459152398,0.11876478455733201,7.71971099622658,0.178147176835998,50.4750334368661,No (reported postion),cruise,2021-09-08 15:00:00
2021-09-08 16:00:00+00:00,11.9791433333,57.1075816667,11.9,2725.091,7.7519,0.016100100000000003,0.11926,7.7519,0.17889,50.6855,No (reported postion),cruise,2021-09-08 16:00:00
2021-09-08 17:00:00+00:00,11.8284666667,57.28894,11.9,2664.33266268836,7.579064467166011,0.015741133893344802,0.11660099180255401,7.579064467166011,0.17490148770383102,49.5554215160854,No (reported postion),cruise,2021-09-08 17:00:00
2021-09-08 18:00:00+00:00,11.63826,57.4610866667,11.4,2355.10598291316,6.6994262095998005,0.013914192896861102,0.10306809553230499,6.6994262095998005,0.154602143298457,43.8039406012295,No (reported postion),cruise,2021-09-08 18:00:00
2021-09-08 19:00:00+00:00,11.6922583333,57.6520716667,11.4,2355.10598291316,6.6994262095998005,0.013914192896861102,0.10306809553230499,6.6994262095998005,0.154602143298457,43.8039406012295,No (reported postion),cruise,2021-09-08 19:00:00
2021-09-08 20:00:00+00:00,11.6908466667,57.6794916667,0.2,219.3721494656,0.624335240177723,0.0012960717802125198,0.00960246179543673,0.624160016703388,0.014405814197214,4.08478614505912,No (reported postion),anchor,2021-09-08 20:00:00
2021-09-08 21:00:00+00:00,11.6935733333,57.6783966667,0.0,219.36,0.624,0.001296,0.0096,0.624,0.0144,4.08,No (reported postion),anchor,2021-09-08 21:00:00
2021-09-08 22:00:00+00:00,11.6918933333,57.6796516667,0.0,219.36,0.624,0.001296,0.0096,0.624,0.0144,4.08,No (reported postion),anchor,2021-09-08 22:00:00
2021-09-08 23:00:00+00:00,11.6920766667,57.6795533333,0.0,219.36,0.624,0.001296,0.0096,0.624,0.0144,4.08,No (reported postion),anchor,2021-09-08 23:00:00
2021-09-09 00:00:00+00:00,11.6924866667,57.6796016667,0.0,219.36,0.624,0.001296,0.0096,0.624,0.0144,4.08,No (reported postion),anchor,2021-09-09 00:00:00
2021-09-09 01:00:00+00:00,11.6927,57.6795216667,0.0,219.36,0.624,0.001296,0.0096,0.624,0.0144,4.08,No (reported postion),anchor,2021-09-09 01:00:00
2021-09-09 02:00:00+00:00,11.692915,57.67943,0.0,219.36,0.624,0.001296,0.0096,0.624,0.0144,4.08,No (reported postion),anchor,2021-09-09 02:00:00
2021-09-09 03:00:00+00:00,11.6930683333,57.6793733333,0.0,219.36,0.624,0.001296,0.0096,0.624,0.0144,4.08,No (reported postion),anchor,2021-09-09 03:00:00
2021-09-09 04:00:00+00:00,11.6930516667,57.679355,0.0,219.36,0.624,0.001296,0.0096,0.624,0.0144,4.08,No (reported postion),anchor,2021-09-09 04:00:00
2021-09-09 05:00:00+00:00,11.693725,57.6788833333,0.0,219.36,0.624,0.001296,0.0096,0.624,0.0144,4.08,No (reported postion),anchor,2021-09-09 05:00:00
2021-09-09 06:00:00+00:00,11.6936783333,57.6788816667,0.0,219.36,0.624,0.001296,0.0096,0.624,0.0144,4.08,No (reported postion),anchor,2021-09-09 06:00:00
2021-09-09 07:00:00+00:00,11.6937683333,57.6787183333,0.0,219.36,0.624,0.001296,0.0096,0.624,0.0144,4.08,No (reported postion),anchor,2021-09-09 07:00:00
2021-09-09 08:00:00+00:00,11.693445,57.6780633333,0.0,219.36,0.624,0.001296,0.0096,0.624,0.0144,4.08,No (reported postion),anchor,2021-09-09 08:00:00
2021-09-09 09:00:00+00:00,11.6935916667,57.6786116667,0.0,219.36,0.624,0.001296,0.0096,0.624,0.0144,4.08,No (reported postion),anchor,2021-09-09 09:00:00
2021-09-09 10:00:00+00:00,11.69234,57.67961,0.0,219.36,0.624,0.001296,0.0096,0.624,0.0144,4.08,No (reported postion),anchor,2021-09-09 10:00:00
2021-09-09 11:00:00+00:00,11.6919266667,57.6796066667,0.0,219.36,0.624,0.001296,0.0096,0.624,0.0144,4.08,No (reported postion),anchor,2021-09-09 11:00:00
2021-09-09 12:00:00+00:00,11.6911266667,57.6796933333,0.0,219.36,0.624,0.001296,0.0096,0.624,0.0144,4.08,No (reported postion),anchor,2021-09-09 12:00:00
2021-09-09 13:00:00+00:00,11.6913383333,57.6796766667,0.0,219.36,0.624,0.001296,0.0096,0.624,0.0144,4.08,No (reported postion),anchor,2021-09-09 13:00:00
2021-09-09 14:00:00+00:00,11.691005,57.6796416667,0.0,219.36,0.624,0.001296,0.0096,0.624,0.0144,4.08,No (reported postion),anchor,2021-09-09 14:00:00
2021-09-09 15:00:00+00:00,11.69078,57.679625,0.0,219.36,0.624,0.001296,0.0096,0.624,0.0144,4.08,No (reported postion),anchor,2021-09-09 15:00:00
2021-09-09 16:00:00+00:00,11.69053,57.67952,0.0,219.36,0.624,0.001296,0.0096,0.624,0.0144,4.08,No (reported postion),anchor,2021-09-09 16:00:00
2021-09-09 17:00:00+00:00,11.68972,57.6791666667,0.0,219.36,0.624,0.001296,0.0096,0.624,0.0144,4.08,No (reported postion),anchor,2021-09-09 17:00:00
2021-09-09 18:00:00+00:00,11.6894533333,57.6788083333,0.0,219.36,0.624,0.001296,0.0096,0.624,0.0144,4.08,No (reported postion),anchor,2021-09-09 18:00:00
2021-09-09 19:00:00+00:00,11.6896666667,57.6790566667,0.0,219.36,0.624,0.001296,0.0096,0.624,0.0144,4.08,No (reported postion),anchor,2021-09-09 19:00:00
2021-09-09 20:00:00+00:00,11.689375,57.6786066667,0.0,219.36,0.624,0.001296,0.0096,0.624,0.0144,4.08,No (reported postion),anchor,2021-09-09 20:00:00
2021-09-09 21:00:00+00:00,11.689395,57.6784233333,0.0,219.36,0.624,0.001296,0.0096,0.624,0.0144,4.08,No (reported postion),anchor,2021-09-09 21:00:00
2021-09-09 22:00:00+00:00,11.6894083333,57.678565,0.0,219.36,0.624,0.001296,0.0096,0.624,0.0144,4.08,No (reported postion),anchor,2021-09-09 22:00:00
2021-09-09 23:00:00+00:00,11.6895216667,57.678855,0.0,219.36,0.624,0.001296,0.0096,0.624,0.0144,4.08,No (reported postion),anchor,2021-09-09 23:00:00
2021-09-10 00:00:00+00:00,11.6894816667,57.6789166667,0.0,219.36,0.624,0.001296,0.0096,0.624,0.0144,4.08,No (reported postion),anchor,2021-09-10 00:00:00
2021-09-10 01:00:00+00:00,11.6893533333,57.6787533333,0.0,219.36,0.624,0.001296,0.0096,0.624,0.0144,4.08,No (reported postion),anchor,2021-09-10 01:00:00
2021-09-10 02:00:00+00:00,11.6894333333,57.67885,0.0,219.36,0.624,0.001296,0.0096,0.624,0.0144,4.08,No (reported postion),anchor,2021-09-10 02:00:00
2021-09-10 03:00:00+00:00,11.68946,57.6788766667,0.0,219.36,0.624,0.001296,0.0096,0.624,0.0144,4.08,No (reported postion),anchor,2021-09-10 03:00:00
2021-09-10 04:00:00+00:00,11.6893416667,57.6787783333,0.0,219.36,0.624,0.001296,0.0096,0.624,0.0144,4.08,No (reported postion),anchor,2021-09-10 04:00:00
2021-09-10 05:00:00+00:00,11.6893733333,57.6788883333,0.0,219.36,0.624,0.001296,0.0096,0.624,0.0144,4.08,No (reported postion),anchor,2021-09-10 05:00:00
2021-09-10 06:00:00+00:00,11.6893283333,57.67856,0.0,219.36,0.624,0.001296,0.0096,0.624,0.0144,4.08,No (reported postion),anchor,2021-09-10 06:00:00
2021-09-10 07:00:00+00:00,11.6960533333,57.6788916667,5.1,306.564845167888,1.7030124329534402,0.00181121462134201,0.0165021462134201,1.07263950387231,0.0281916171151182,13.0085672704263,No (reported postion),cruise,2021-09-10 07:00:00
2021-09-10 08:00:00+00:00,11.864765,57.6859166667,2.3,237.83781849483,1.13385840529498,0.0014051687307134399,0.0133440831348386,0.8673654037645121,0.023242667187788498,11.3591283667927,No (reported postion),anchor,2021-09-10 08:00:00
2021-09-10 09:00:00+00:00,11.8733333333,57.6904616667,0.0,219.36,0.624,0.001296,0.0096,0.624,0.0144,4.08,No (reported postion),anchor,2021-09-10 09:00:00
2021-09-10 10:00:00+00:00,11.8733833333,57.69047,0.0,219.36,0.624,0.001296,0.0096,0.624,0.0144,4.08,No (reported postion),anchor,2021-09-10 10:00:00
2021-09-10 11:00:00+00:00,11.8733566667,57.6904933333,0.0,219.36,0.624,0.001296,0.0096,0.624,0.0144,4.08,No (reported postion),anchor,2021-09-10 11:00:00
2021-09-10 12:00:00+00:00,11.8733966667,57.6904366667,0.0,219.36,0.624,0.001296,0.0096,0.624,0.0144,4.08,No (reported postion),anchor,2021-09-10 12:00:00
2021-09-10 13:00:00+00:00,11.873355,57.69045,0.0,219.36,0.624,0.001296,0.0096,0.624,0.0144,4.08,No (reported postion),anchor,2021-09-10 13:00:00
2021-09-10 14:00:00+00:00,11.8733733333,57.690455,0.0,219.36,0.624,0.001296,0.0096,0.624,0.0144,4.08,No (reported postion),anchor,2021-09-10 14:00:00
2021-09-10 15:00:00+00:00,11.8733683333,57.6904883333,0.0,219.36,0.624,0.001296,0.0096,0.624,0.0144,4.08,No (reported postion),anchor,2021-09-10 15:00:00
2021-09-10 16:00:00+00:00,11.8733366667,57.6904833333,0.0,219.36,0.624,0.001296,0.0096,0.624,0.0144,4.08,No (reported postion),anchor,2021-09-10 16:00:00
2021-09-10 17:00:00+00:00,11.873345,57.690505,0.0,219.36,0.624,0.001296,0.0096,0.624,0.0144,4.08,No (reported postion),anchor,2021-09-10 17:00:00
2021-09-10 18:00:00+00:00,11.873385,57.6904733333,0.0,219.36,0.624,0.001296,0.0096,0.624,0.0144,4.08,No (reported postion),anchor,2021-09-10 18:00:00
2021-09-10 19:00:00+00:00,11.8733466667,57.6904566667,0.0,219.36,0.624,0.001296,0.0096,0.624,0.0144,4.08,No (reported postion),anchor,2021-09-10 19:00:00
2021-09-10 20:00:00+00:00,11.8733833333,57.690445,0.0,219.36,0.624,0.001296,0.0096,0.624,0.0144,4.08,No (reported postion),anchor,2021-09-10 20:00:00
2021-09-10 21:00:00+00:00,11.8733383333,57.69047,0.0,219.36,0.624,0.001296,0.0096,0.624,0.0144,4.08,No (reported postion),anchor,2021-09-10 21:00:00
2021-09-10 22:00:00+00:00,11.87339,57.6904983333,0.0,219.36,0.624,0.001296,0.0096,0.624,0.0144,4.08,No (reported postion),anchor,2021-09-10 22:00:00
2021-09-10 23:00:00+00:00,11.8733566667,57.6904716667,0.0,219.36,0.624,0.001296,0.0096,0.624,0.0144,4.08,No (reported postion),anchor,2021-09-10 23:00:00
2021-09-11 00:00:00+00:00,11.873365,57.6904833333,0.0,219.36,0.624,0.001296,0.0096,0.624,0.0144,4.08,No (reported postion),anchor,2021-09-11 00:00:00
2021-09-11 01:00:00+00:00,11.8734,57.6904983333,0.0,219.36,0.624,0.001296,0.0096,0.624,0.0144,4.08,No (reported postion),anchor,2021-09-11 01:00:00
2021-09-11 02:00:00+00:00,11.8733266667,57.6904483333,0.0,219.36,0.624,0.001296,0.0096,0.624,0.0144,4.08,No (reported postion),anchor,2021-09-11 02:00:00
2021-09-11 03:00:00+00:00,11.87329,57.6904983333,0.0,219.36,0.624,0.001296,0.0096,0.624,0.0144,4.08,No (reported postion),anchor,2021-09-11 03:00:00
2021-09-11 04:00:00+00:00,11.8733483333,57.6904533333,0.0,219.36,0.624,0.001296,0.0096,0.624,0.0144,4.08,No (reported postion),anchor,2021-09-11 04:00:00
2021-09-11 05:00:00+00:00,11.8732983333,57.6904766667,0.0,219.36,0.624,0.001296,0.0096,0.624,0.0144,4.08,No (reported postion),anchor,2021-09-11 05:00:00
2021-09-11 06:00:00+00:00,11.8733683333,57.69048,0.0,219.36,0.624,0.001296,0.0096,0.624,0.0144,4.08,No (reported postion),anchor,2021-09-11 06:00:00
2021-09-11 07:00:00+00:00,11.873385,57.6904366667,0.0,219.36,0.624,0.001296,0.0096,0.624,0.0144,4.08,No (reported postion),anchor,2021-09-11 07:00:00
2021-09-11 08:00:00+00:00,11.8733383333,57.6904783333,0.0,219.36,0.624,0.001296,0.0096,0.624,0.0144,4.08,No (reported postion),anchor,2021-09-11 08:00:00
2021-09-11 09:00:00+00:00,11.87333,57.6904383333,0.0,219.36,0.624,0.001296,0.0096,0.624,0.0144,4.08,No (reported postion),anchor,2021-09-11 09:00:00
2021-09-11 10:00:00+00:00,11.8733383333,57.69047,0.0,219.36,0.624,0.001296,0.0096,0.624,0.0144,4.08,No (reported postion),anchor,2021-09-11 10:00:00
2021-09-11 11:00:00+00:00,11.87334,57.69046,0.0,219.36,0.624,0.001296,0.0096,0.624,0.0144,4.08,No (reported postion),anchor,2021-09-11 11:00:00
2021-09-11 12:00:00+00:00,11.873325,57.6904716667,0.0,219.36,0.624,0.001296,0.0096,0.624,0.0144,4.08,No (reported postion),anchor,2021-09-11 12:00:00
2021-09-11 13:00:00+00:00,11.8733716667,57.6904583333,0.0,219.36,0.624,0.001296,0.0096,0.624,0.0144,4.08,No (reported postion),anchor,2021-09-11 13:00:00
2021-09-11 14:00:00+00:00,11.8733016667,57.69048,0.0,219.36,0.624,0.001296,0.0096,0.624,0.0144,4.08,No (reported postion),anchor,2021-09-11 14:00:00
2021-09-11 15:00:00+00:00,11.8733616667,57.6904516667,0.0,219.36,0.624,0.001296,0.0096,0.624,0.0144,4.08,No (reported postion),anchor,2021-09-11 15:00:00
2021-09-11 16:00:00+00:00,11.8734266667,57.6904616667,0.0,219.36,0.624,0.001296,0.0096,0.624,0.0144,4.08,No (reported postion),anchor,2021-09-11 16:00:00
2021-09-11 17:00:00+00:00,11.8733566667,57.6904583333,0.0,219.36,0.624,0.001296,0.0096,0.624,0.0144,4.08,No (reported postion),anchor,2021-09-11 17:00:00
2021-09-11 18:00:00+00:00,11.8733866667,57.6904833333,0.0,219.36,0.624,0.001296,0.0096,0.624,0.0144,4.08,No (reported postion),anchor,2021-09-11 18:00:00
2021-09-11 19:00:00+00:00,11.8733416667,57.6905033333,0.0,219.36,0.624,0.001296,0.0096,0.624,0.0144,4.08,No (reported postion),anchor,2021-09-11 19:00:00
2021-09-11 20:00:00+00:00,11.87333,57.6905016667,0.0,219.36,0.624,0.001296,0.0096,0.624,0.0144,4.08,No (reported postion),anchor,2021-09-11 20:00:00
2021-09-11 21:00:00+00:00,11.8733383333,57.6904683333,0.0,219.36,0.624,0.001296,0.0096,0.624,0.0144,4.08,No (reported postion),anchor,2021-09-11 21:00:00
2021-09-11 22:00:00+00:00,11.8733683333,57.6904616667,0.0,219.36,0.624,0.001296,0.0096,0.624,0.0144,4.08,No (reported postion),anchor,2021-09-11 22:00:00
2021-09-11 23:00:00+00:00,11.8733433333,57.69048,0.0,219.36,0.624,0.001296,0.0096,0.624,0.0144,4.08,No (reported postion),anchor,2021-09-11 23:00:00
2021-09-12 00:00:00+00:00,11.87336,57.6905166667,0.0,219.36,0.624,0.001296,0.0096,0.624,0.0144,4.08,No (reported postion),anchor,2021-09-12 00:00:00
2021-09-12 01:00:00+00:00,11.8733416667,57.6904633333,0.0,219.36,0.624,0.001296,0.0096,0.624,0.0144,4.08,No (reported postion),anchor,2021-09-12 01:00:00
2021-09-12 02:00:00+00:00,11.8732916667,57.6904566667,0.0,219.36,0.624,0.001296,0.0096,0.624,0.0144,4.08,No (reported postion),anchor,2021-09-12 02:00:00
2021-09-12 03:00:00+00:00,11.8733483333,57.69048,0.0,219.36,0.624,0.001296,0.0096,0.624,0.0144,4.08,No (reported postion),anchor,2021-09-12 03:00:00
2021-09-12 04:00:00+00:00,11.8733783333,57.6904583333,0.0,219.36,0.624,0.001296,0.0096,0.624,0.0144,4.08,No (reported postion),anchor,2021-09-12 04:00:00
2021-09-12 05:00:00+00:00,11.70061,57.644865,13.1,2725.091,7.7519,0.016100100000000003,0.11926,7.7519,0.17889,50.6855,No (reported postion),cruise,2021-09-12 05:00:00
2021-09-12 06:00:00+00:00,11.5999783333,57.4728083333,11.4,2355.10598291316,6.6994262095998005,0.013914192896861102,0.10306809553230499,6.6994262095998005,0.154602143298457,43.8039406012295,No (reported postion),cruise,2021-09-12 06:00:00
2021-09-12 07:00:00+00:00,11.5873083333,57.285725,11.5,2519.82491693801,7.16799210507531,0.014887368218233301,0.11027680161654299,7.16799210507531,0.165415202424815,46.8676406870309,No (reported postion),cruise,2021-09-12 07:00:00
2021-09-12 08:00:00+00:00,11.6365483333,57.096855,11.8,2713.77532713504,7.71971099622658,0.0160332459152398,0.11876478455733201,7.71971099622658,0.178147176835998,50.4750334368661,No (reported postion),cruise,2021-09-12 08:00:00
2021-09-12 09:00:00+00:00,11.75699,56.9164183333,11.3,2396.0181347941902,6.81580651035545,0.014155905829199799,0.10485856169777599,6.81580651035545,0.157287842546664,44.564888721554894,No (reported postion),cruise,2021-09-12 09:00:00
2021-09-12 10:00:00+00:00,11.866775,56.73433,11.8,2713.77532713504,7.71971099622658,0.0160332459152398,0.11876478455733201,7.71971099622658,0.178147176835998,50.4750334368661,No (reported postion),cruise,2021-09-12 10:00:00
2021-09-12 11:00:00+00:00,11.6844966667,56.5741933333,11.5,2519.82491693801,7.16799210507531,0.014887368218233301,0.11027680161654299,7.16799210507531,0.165415202424815,46.8676406870309,No (reported postion),cruise,2021-09-12 11:00:00
2021-09-12 12:00:00+00:00,11.4946666667,56.418125,11.2,2335.7342122619502,6.64432051628125,0.013799742610738,0.102220315635096,6.64432051628125,0.15333047345264397,43.4436341449158,No (reported postion),cruise,2021-09-12 12:00:00
2021-09-12 13:00:00+00:00,11.3396,56.2534816667,11.3,2396.0181347941902,6.81580651035545,0.014155905829199799,0.10485856169777599,6.81580651035545,0.157287842546664,44.564888721554894,No (reported postion),cruise,2021-09-12 13:00:00
2021-09-12 14:00:00+00:00,11.1374816667,56.10572,11.4,2457.37852759103,6.99035467367252,0.0145184289376275,0.1075439180565,6.99035467367252,0.16131587708475,45.706165174012604,No (reported postion),cruise,2021-09-12 14:00:00
2021-09-12 15:00:00+00:00,11.0290483333,55.9862533333,6.5,522.178373809706,1.77014708661104,0.00308508010784728,0.023765067505478802,1.54472938785612,0.0364689612941673,11.7291844277942,No (reported postion),cruise,2021-09-12 15:00:00
2021-09-12 16:00:00+00:00,10.8271166667,55.841075,13.2,2725.091,7.7519,0.016100100000000003,0.11926,7.7519,0.17889,50.6855,No (reported postion),cruise,2021-09-12 16:00:00
2021-09-12 17:00:00+00:00,10.7817433333,55.6302166667,11.4,2355.10598291316,6.6994262095998005,0.013914192896861102,0.10306809553230499,6.6994262095998005,0.154602143298457,43.8039406012295,No (reported postion),cruise,2021-09-12 17:00:00
2021-09-12 18:00:00+00:00,10.9244633333,55.4581083333,11.6,2583.36682912065,7.348745903406679,0.0152627799532293,0.11305762928318,7.348745903406679,0.169586443924769,48.0494924453513,No (reported postion),cruise,2021-09-12 18:00:00
2021-09-12 19:00:00+00:00,11.04201,55.3012216667,7.9,853.880046262225,2.4289804379450604,0.00504480552496282,0.037368929814539396,2.4289804379450604,0.0560533947218091,15.8817951711792,No (reported postion),cruise,2021-09-12 19:00:00
2021-09-12 20:00:00+00:00,11.0492033333,55.166755,11.3,2296.4134332813996,6.53246709686174,0.0135674316627128,0.100499493797873,6.53246709686174,0.150749240696809,42.712284864096,No (reported postion),cruise,2021-09-12 20:00:00
2021-09-12 21:00:00+00:00,10.9998533333,54.9836816667,11.4,2355.10598291316,6.6994262095998005,0.013914192896861102,0.10306809553230499,6.6994262095998005,0.154602143298457,43.8039406012295,No (reported postion),cruise,2021-09-12 21:00:00
2021-09-12 22:00:00+00:00,10.857615,54.8238716667,11.5,2414.83731185375,6.86934027441986,0.0142670913391797,0.10568215806799801,6.86934027441986,0.158523237101997,44.9149171788991,No (reported postion),cruise,2021-09-12 22:00:00
2021-09-12 23:00:00+00:00,10.9434583333,54.67294,10.3,1840.04823426707,5.23427287647087,0.0108711821280549,0.0805272750226287,5.23427287647087,0.120790912533943,34.2240918846172,No (reported postion),cruise,2021-09-12 23:00:00
2021-09-13 00:00:00+00:00,11.2199366667,54.5728283333,12.4,2725.091,7.7519,0.016100100000000003,0.11926,7.7519,0.17889,50.6855,No (reported postion),cruise,2021-09-13 00:00:00
2021-09-13 01:00:00+00:00,11.5267016667,54.4855483333,12.3,2725.091,7.7519,0.016100100000000003,0.11926,7.7519,0.17889,50.6855,No (reported postion),cruise,2021-09-13 01:00:00
2021-09-13 02:00:00+00:00,11.83687,54.4079616667,12.3,2725.091,7.7519,0.016100100000000003,0.11926,7.7519,0.17889,50.6855,No (reported postion),cruise,2021-09-13 02:00:00
2021-09-13 03:00:00+00:00,12.18091,54.41163,11.2,2335.7342122619502,6.64432051628125,0.013799742610738,0.102220315635096,6.64432051628125,0.15333047345264397,43.4436341449158,No (reported postion),cruise,2021-09-13 03:00:00
2021-09-13 04:00:00+00:00,12.3182066667,54.5803283333,11.1,2276.51723370879,6.475869592607051,0.013449883000030001,0.09962876296318539,6.475869592607051,0.149443144444778,42.342224259353806,No (reported postion),cruise,2021-09-13 04:00:00
2021-09-13 05:00:00+00:00,12.596045,54.6910566667,12.1,2725.091,7.7519,0.016100100000000003,0.11926,7.7519,0.17889,50.6855,No (reported postion),cruise,2021-09-13 05:00:00
2021-09-13 06:00:00+00:00,12.8967833333,54.781055,12.1,2725.091,7.7519,0.016100100000000003,0.11926,7.7519,0.17889,50.6855,No (reported postion),cruise,2021-09-13 06:00:00
2021-09-13 07:00:00+00:00,13.21993,54.8430683333,11.9,2725.091,7.7519,0.016100100000000003,0.11926,7.7519,0.17889,50.6855,No (reported postion),cruise,2021-09-13 07:00:00
2021-09-13 08:00:00+00:00,13.5565433333,54.90889,11.6,2583.36682912065,7.348745903406679,0.0152627799532293,0.11305762928318,7.348745903406679,0.169586443924769,48.0494924453513,No (reported postion),cruise,2021-09-13 08:00:00
2021-09-13 09:00:00+00:00,13.8561983333,54.9676366667,11.4,2457.37852759103,6.99035467367252,0.0145184289376275,0.1075439180565,6.99035467367252,0.16131587708475,45.706165174012604,No (reported postion),cruise,2021-09-13 09:00:00
2021-09-13 10:00:00+00:00,14.165455,55.0421616667,11.9,2725.091,7.7519,0.016100100000000003,0.11926,7.7519,0.17889,50.6855,No (reported postion),cruise,2021-09-13 10:00:00
2021-09-13 11:00:00+00:00,14.3763466667,55.1924316667,11.3,2396.0181347941902,6.81580651035545,0.014155905829199799,0.10485856169777599,6.81580651035545,0.157287842546664,44.564888721554894,No (reported postion),cruise,2021-09-13 11:00:00
2021-09-13 12:00:00+00:00,14.5833033333,55.3451666667,11.8,2713.77532713504,7.71971099622658,0.0160332459152398,0.11876478455733201,7.71971099622658,0.178147176835998,50.4750334368661,No (reported postion),cruise,2021-09-13 12:00:00
2021-09-13 13:00:00+00:00,14.8532166667,55.4633383333,11.9,2725.091,7.7519,0.016100100000000003,0.11926,7.7519,0.17889,50.6855,No (reported postion),cruise,2021-09-13 13:00:00
2021-09-13 14:00:00+00:00,15.1616466667,55.5608633333,12.1,2725.091,7.7519,0.016100100000000003,0.11926,7.7519,0.17889,50.6855,No (reported postion),cruise,2021-09-13 14:00:00
2021-09-13 15:00:00+00:00,15.4768983333,55.6549466667,12.1,2725.091,7.7519,0.016100100000000003,0.11926,7.7519,0.17889,50.6855,No (reported postion),cruise,2021-09-13 15:00:00
2021-09-13 16:00:00+00:00,15.782015,55.7484383333,11.4,2457.37852759103,6.99035467367252,0.0145184289376275,0.1075439180565,6.99035467367252,0.16131587708475,45.706165174012604,No (reported postion),cruise,2021-09-13 16:00:00
2021-09-13 17:00:00+00:00,16.0760066667,55.8393033333,11.0,2218.3576728491803,6.31042664049,0.0131062707148639,0.09708348677676931,6.31042664049,0.145625230165154,41.260481880127,No (reported postion),cruise,2021-09-13 17:00:00
2021-09-13 18:00:00+00:00,16.37052,55.930785,11.6,2583.36682912065,7.348745903406679,0.0152627799532293,0.11305762928318,7.348745903406679,0.169586443924769,48.0494924453513,No (reported postion),cruise,2021-09-13 18:00:00
2021-09-13 19:00:00+00:00,16.701065,56.0314783333,11.8,2713.77532713504,7.71971099622658,0.0160332459152398,0.11876478455733201,7.71971099622658,0.178147176835998,50.4750334368661,No (reported postion),cruise,2021-09-13 19:00:00
2021-09-13 20:00:00+00:00,16.9620633333,56.1392783333,11.5,2519.82491693801,7.16799210507531,0.014887368218233301,0.11027680161654299,7.16799210507531,0.165415202424815,46.8676406870309,No (reported postion),cruise,2021-09-13 20:00:00
2021-09-13 21:00:00+00:00,17.2394433333,56.2555733333,11.6,2583.36682912065,7.348745903406679,0.0152627799532293,0.11305762928318,7.348745903406679,0.169586443924769,48.0494924453513,No (reported postion),cruise,2021-09-13 21:00:00
2021-09-13 22:00:00+00:00,17.6147833333,56.41848,10.8,2105.17269906851,5.9884562555559295,0.0124375629923085,0.092130096239322,5.9884562555559295,0.13819514435898297,39.1552909017119,No (reported postion),cruise,2021-09-13 22:00:00
2021-09-13 23:00:00+00:00,17.781045,56.5000583333,11.1,2276.51723370879,6.475869592607051,0.013449883000030001,0.09962876296318539,6.475869592607051,0.149443144444778,42.342224259353806,No (reported postion),cruise,2021-09-13 23:00:00
2021-09-14 00:00:00+00:00,18.0304083333,56.6101916667,11.1,2276.51723370879,6.475869592607051,0.013449883000030001,0.09962876296318539,6.475869592607051,0.149443144444778,42.342224259353806,No (reported postion),cruise,2021-09-14 00:00:00
2021-09-14 01:00:00+00:00,18.31557,56.7339016667,11.5,2519.82491693801,7.16799210507531,0.014887368218233301,0.11027680161654299,7.16799210507531,0.165415202424815,46.8676406870309,No (reported postion),cruise,2021-09-14 01:00:00
2021-09-14 02:00:00+00:00,18.6216333333,56.8743183333,11.3,2396.0181347941902,6.81580651035545,0.014155905829199799,0.10485856169777599,6.81580651035545,0.157287842546664,44.564888721554894,No (reported postion),cruise,2021-09-14 02:00:00
2021-09-14 03:00:00+00:00,18.8122,56.9984566667,11.6,2583.36682912065,7.348745903406679,0.0152627799532293,0.11305762928318,7.348745903406679,0.169586443924769,48.0494924453513,No (reported postion),cruise,2021-09-14 03:00:00
2021-09-14 04:00:00+00:00,19.0140566667,57.143045,11.8,2713.77532713504,7.71971099622658,0.0160332459152398,0.11876478455733201,7.71971099622658,0.178147176835998,50.4750334368661,No (reported postion),cruise,2021-09-14 04:00:00
2021-09-14 05:00:00+00:00,19.24433,57.3104533333,11.9,2725.091,7.7519,0.016100100000000003,0.11926,7.7519,0.17889,50.6855,No (reported postion),cruise,2021-09-14 05:00:00
2021-09-14 06:00:00+00:00,19.46093,57.4675033333,11.8,2713.77532713504,7.71971099622658,0.0160332459152398,0.11876478455733201,7.71971099622658,0.178147176835998,50.4750334368661,No (reported postion),cruise,2021-09-14 06:00:00
2021-09-14 07:00:00+00:00,19.67144,57.61709,11.7,2648.01379042449,7.53264316750948,0.0156447204248274,0.115886817961684,7.53264316750948,0.173830226942526,49.2518976337158,No (reported postion),cruise,2021-09-14 07:00:00
2021-09-14 08:00:00+00:00,19.9007016667,57.7788733333,12.2,2725.091,7.7519,0.016100100000000003,0.11926,7.7519,0.17889,50.6855,No (reported postion),cruise,2021-09-14 08:00:00
2021-09-14 09:00:00+00:00,20.13839,57.95086,12.2,2725.091,7.7519,0.016100100000000003,0.11926,7.7519,0.17889,50.6855,No (reported postion),cruise,2021-09-14 09:00:00
2021-09-14 10:00:00+00:00,20.366695,58.11376333335,11.6,2725.091,7.7519,0.016100100000000003,0.11926,7.7519,0.17889,50.6855,Linear (small gap),cruise,2021-09-14 10:00:00
2021-09-14 11:00:00+00:00,20.595,58.2766666667,11.0,2218.3576728491803,6.31042664049,0.0131062707148639,0.09708348677676931,6.31042664049,0.145625230165154,41.260481880127,No (reported postion),cruise,2021-09-14 11:00:00
2021-09-14 12:00:00+00:00,20.8446,58.44898333335,11.5,2725.091,7.7519,0.016100100000000003,0.11926,7.7519,0.17889,50.6855,Linear (small gap),cruise,2021-09-14 12:00:00
2021-09-14 13:00:00+00:00,21.0942,58.6213,12.0,2725.091,7.7519,0.016100100000000003,0.11926,7.7519,0.17889,50.6855,No (reported postion),cruise,2021-09-14 13:00:00
2021-09-14 14:00:00+00:00,21.2791,58.7506,11.8,2713.77532713504,7.71971099622658,0.0160332459152398,0.11876478455733201,7.71971099622658,0.178147176835998,50.4750334368661,No (reported postion),cruise,2021-09-14 14:00:00
2021-09-14 15:00:00+00:00,21.498,58.9018,11.6,2583.36682912065,7.348745903406679,0.0152627799532293,0.11305762928318,7.348745903406679,0.169586443924769,48.0494924453513,No (reported postion),cruise,2021-09-14 15:00:00
2021-09-14 16:00:00+00:00,21.7178,59.0641,11.9,2725.091,7.7519,0.016100100000000003,0.11926,7.7519,0.17889,50.6855,No (reported postion),cruise,2021-09-14 16:00:00
2021-09-14 17:00:00+00:00,21.9998,59.1909,11.9,2725.091,7.7519,0.016100100000000003,0.11926,7.7519,0.17889,50.6855,No (reported postion),cruise,2021-09-14 17:00:00
2021-09-14 18:00:00+00:00,22.3038,59.3172,12.0,2725.091,7.7519,0.016100100000000003,0.11926,7.7519,0.17889,50.6855,No (reported postion),cruise,2021-09-14 18:00:00
2021-09-14 19:00:00+00:00,22.7185,59.4404,12.2,2725.091,7.7519,0.016100100000000003,0.11926,7.7519,0.17889,50.6855,No (reported postion),cruise,2021-09-14 19:00:00
2021-09-14 20:00:00+00:00,23.0428,59.497,12.0,2725.091,7.7519,0.016100100000000003,0.11926,7.7519,0.17889,50.6855,No (reported postion),cruise,2021-09-14 20:00:00
2021-09-14 21:00:00+00:00,23.4355566667,59.5646966667,12.2,2725.091,7.7519,0.016100100000000003,0.11926,7.7519,0.17889,50.6855,No (reported postion),cruise,2021-09-14 21:00:00
2021-09-14 22:00:00+00:00,23.7808,59.619,12.3,2725.091,7.7519,0.016100100000000003,0.11926,7.7519,0.17889,50.6855,No (reported postion),cruise,2021-09-14 22:00:00
2021-09-14 23:00:00+00:00,24.1624583333,59.67154,12.3,2725.091,7.7519,0.016100100000000003,0.11926,7.7519,0.17889,50.6855,No (reported postion),cruise,2021-09-14 23:00:00
2021-09-15 00:00:00+00:00,24.5565383333,59.7254183333,12.3,2725.091,7.7519,0.016100100000000003,0.11926,7.7519,0.17889,50.6855,No (reported postion),cruise,2021-09-15 00:00:00
2021-09-15 01:00:00+00:00,24.9509266667,59.77971,12.5,2725.091,7.7519,0.016100100000000003,0.11926,7.7519,0.17889,50.6855,No (reported postion),cruise,2021-09-15 01:00:00
2021-09-15 02:00:00+00:00,25.3551033333,59.8232,12.4,2725.091,7.7519,0.016100100000000003,0.11926,7.7519,0.17889,50.6855,No (reported postion),cruise,2021-09-15 02:00:00
2021-09-15 03:00:00+00:00,25.75607,59.8740966667,12.5,2725.091,7.7519,0.016100100000000003,0.11926,7.7519,0.17889,50.6855,No (reported postion),cruise,2021-09-15 03:00:00
2021-09-15 04:00:00+00:00,26.1043,59.9879,12.1,2725.091,7.7519,0.016100100000000003,0.11926,7.7519,0.17889,50.6855,No (reported postion),cruise,2021-09-15 04:00:00
2021-09-15 05:00:00+00:00,26.3225516667,60.1477166667,12.1,2725.091,7.7519,0.016100100000000003,0.11926,7.7519,0.17889,50.6855,No (reported postion),cruise,2021-09-15 05:00:00
2021-09-15 06:00:00+00:00,26.5621683333,60.3041783333,13.0,2725.091,7.7519,0.016100100000000003,0.11926,7.7519,0.17889,50.6855,No (reported postion),cruise,2021-09-15 06:00:00
2021-09-15 07:00:00+00:00,26.9505,60.3585116667,13.8,2725.091,7.7519,0.016100100000000003,0.11926,7.7519,0.17889,50.6855,No (reported postion),cruise,2021-09-15 07:00:00
2021-09-15 08:00:00+00:00,27.2667316667,60.430455,10.0,1623.7932000353399,4.6191053830327,0.00959352656476023,0.0710631597389647,4.6191053830327,0.106594739608447,30.20184288906,No (reported postion),cruise,2021-09-15 08:00:00
2021-09-15 09:00:00+00:00,27.1689,60.5158833333,2.7,249.252241426296,1.4488165522660599,0.00147260624037418,0.0156569399476477,1.0177010965971,0.0287051054703082,15.855711649838101,No (reported postion),anchor,2021-09-15 09:00:00
2021-09-15 10:00:00+00:00,27.1682951960765,60.5159744117353,2.54117647058824,244.281355766763,1.31165491513979,0.00144323776930035,0.014649710161930599,0.952231160525486,0.0263262593133284,13.8974872619045,Linear (small gap),anchor,2021-09-15 10:00:00
2021-09-15 11:00:00+00:00,27.1676903921529,60.5160654901706,2.38235294117647,239.894564383014,1.1906101900871,0.0014173201834445,0.0137608329581337,0.89445414227869,0.0242269348590047,12.169360231671801,Linear (small gap),anchor,2021-09-15 11:00:00
2021-09-15 12:00:00+00:00,27.1670855882294,60.5161565686059,2.22352941176471,236.055361382812,1.08467507010341,0.00139463780248051,0.0129829112998871,0.8438892344926591,0.0223896620009212,10.6569494742837,Linear (small gap),anchor,2021-09-15 12:00:00
2021-09-15 13:00:00+00:00,27.1664807843059,60.5162476470412,2.06470588235294,232.727240873921,0.992842248184109,0.00137497494608224,0.0123085481508207,0.800055629803343,0.0207969706326618,9.34587390488384,Linear (small gap),anchor,2021-09-15 13:00:00
2021-09-15 14:00:00+00:00,27.1658759803824,60.5163387254765,1.90588235294118,229.873696964103,0.914104417324597,0.00135811593392359,0.0117303464745645,0.762472520846689,0.0194313906478104,8.22175243861596,Linear (small gap),anchor,2021-09-15 14:00:00
2021-09-15 15:00:00+00:00,27.1652711764588,60.5164298039118,1.74705882352941,227.45822376112298,0.847454270520277,0.00134384508567841,0.0112409092347484,0.730659100258648,0.0182754519399512,7.27020399062375,Linear (small gap),anchor,2021-09-15 15:00:00
2021-09-15 16:00:00+00:00,27.1646663725353,60.5165208823471,1.58823529411765,225.44431537274502,0.7918845007665489,0.0013319467210205899,0.010832839395002599,0.704134560675167,0.0173116844026681,6.476847476050899,Linear (small gap),anchor,2021-09-15 16:00:00
2021-09-15 17:00:00+00:00,27.1640615686118,60.5166119607824,1.42941176470588,223.795465906731,0.7463878010588141,0.00132220515962401,0.0104987399189569,0.6824180947321971,0.016522617929545,5.82730181004111,Linear (small gap),anchor,2021-09-15 17:00:00
2021-09-15 18:00:00+00:00,27.1634567646882,60.5167030392176,1.27058823529412,222.475169470845,0.709956864392473,0.00131440472116254,0.0102312137702413,0.665028895065686,0.0158907824141661,5.30718590773806,Linear (small gap),anchor,2021-09-15 18:00:00
2021-09-15 19:00:00+00:00,27.1628519607647,60.5167941176529,1.11176470588235,221.446920172852,0.681584383762926,0.00130832972531006,0.0100228639124859,0.6514861543115821,0.015398707750115101,4.90211868428546,Linear (small gap),anchor,2021-09-15 19:00:00
2021-09-15 20:00:00+00:00,27.1622471568412,60.5168851960882,0.952941176470588,220.674212120513,0.660263052165575,0.00130376449174045,0.009866293309320559,0.641309065105836,0.0150289238309763,4.597719054827,Linear (small gap),anchor,2021-09-15 20:00:00
2021-09-15 21:00:00+00:00,27.1616423529176,60.5169762745235,0.794117647058823,220.120539421593,0.6449855625958191,0.00130049334012757,0.009754104924375319,0.6340168200843961,0.0147639605503335,4.37960593450636,Linear (small gap),anchor,2021-09-15 21:00:00
2021-09-15 22:00:00+00:00,27.1610375489941,60.5170673529588,0.635294117647059,219.749396183856,0.6347446080490591,0.00129830059014532,0.00967890172128017,0.629128611883211,0.0145863478017708,4.23339823846726,Linear (small gap),anchor,2021-09-15 22:00:00
2021-09-15 23:00:00+00:00,27.1604327450706,60.5171584313941,0.476470588235294,219.524276515064,0.628532881520697,0.0012969705614675599,0.00963328666366507,0.626163633138229,0.014478615478872,4.1447148818533694,Linear (small gap),anchor,2021-09-15 23:00:00
2021-09-16 00:00:00+00:00,27.1598279411471,60.5172495098294,0.317647058823529,219.408674522982,0.625343076006132,0.00129628757376816,0.00960986271516002,0.6246410764854009,0.0144232934752213,4.0991747798084095,Linear (small gap),anchor,2021-09-16 00:00:00
2021-09-16 01:00:00+00:00,27.1592231372235,60.5173405882647,0.158823529411765,219.366084315373,0.624167884500767,0.00129603594672102,0.009601232839395,0.624080134560675,0.014402911684402699,4.08239684747605,Linear (small gap),anchor,2021-09-16 01:00:00
2021-09-16 02:00:00+00:00,27.1586183333,60.5174316667,0.0,219.36,0.624,0.001296,0.0096,0.624,0.0144,4.08,No (reported postion),anchor,2021-09-16 02:00:00
2021-09-16 03:00:00+00:00,27.14363,60.45869,11.7,2537.4527560581996,7.21813694283516,0.0149915151889653,0.111048260659002,7.21813694283516,0.166572390988504,47.195510780076,No (reported postion),cruise,2021-09-16 03:00:00
2021-09-16 04:00:00+00:00,26.967905,60.3565683333,12.4,2725.091,7.7519,0.016100100000000003,0.11926,7.7519,0.17889,50.6855,No (reported postion),cruise,2021-09-16 04:00:00
2021-09-16 05:00:00+00:00,26.5984216667,60.325465,12.5,2725.091,7.7519,0.016100100000000003,0.11926,7.7519,0.17889,50.6855,No (reported postion),cruise,2021-09-16 05:00:00
2021-09-16 06:00:00+00:00,26.372025,60.1964366667,11.3,2296.4134332813996,6.53246709686174,0.0135674316627128,0.100499493797873,6.53246709686174,0.150749240696809,42.712284864096,No (reported postion),cruise,2021-09-16 06:00:00
2021-09-16 07:00:00+00:00,26.0969633333,60.0500933333,12.3,2725.091,7.7519,0.016100100000000003,0.11926,7.7519,0.17889,50.6855,No (reported postion),cruise,2021-09-16 07:00:00
2021-09-16 08:00:00+00:00,25.75933,59.9923283333,12.1,2725.091,7.7519,0.016100100000000003,0.11926,7.7519,0.17889,50.6855,No (reported postion),cruise,2021-09-16 08:00:00
2021-09-16 09:00:00+00:00,25.5800083333,60.1356983333,11.4,2355.10598291316,6.6994262095998005,0.013914192896861102,0.10306809553230499,6.6994262095998005,0.154602143298457,43.8039406012295,No (reported postion),cruise,2021-09-16 09:00:00
2021-09-16 10:00:00+00:00,25.5658416667,60.2534316667,5.2,318.649007390569,1.78723137535878,0.00188260901521781,0.0172160901521781,1.11904585989157,0.029468783494451898,13.6716096505876,No (reported postion),cruise,2021-09-16 10:00:00
2021-09-16 11:00:00+00:00,25.5745016667,60.236705,3.0,260.364446400954,1.75543559981626,0.00153825821724853,0.017908559598968,1.16405637393292,0.034022915597130596,20.2332395745378,No (reported postion),anchor,2021-09-16 11:00:00
2021-09-16 12:00:00+00:00,25.5566283333,60.310645,1.9,229.776648069042,0.911426547375547,0.00135754255970769,0.011710681862567499,0.761194321066885,0.0193849473363229,8.183521120065,No (reported postion),anchor,2021-09-16 12:00:00
2021-09-16 13:00:00+00:00,25.556551199968,60.3106232,1.896,229.710997119529,0.909615040869279,0.0013571546875770898,0.0116973792850512,0.760329653528326,0.019353529693744,8.15765866833437,Linear (small gap),anchor,2021-09-16 13:00:00
2021-09-16 14:00:00+00:00,25.556474066636,60.3106014,1.892,229.645622594657,0.907811161747536,0.00135676844858988,0.011684132718304699,0.7594686266898031,0.01932224433578,8.13190511097612,Linear (small gap),anchor,2021-09-16 14:00:00
2021-09-16 15:00:00+00:00,25.556396933304,60.3105796,1.888,229.58052391125202,0.9060148939187871,0.00135638383930061,0.0116709420441618,0.7586112328705139,0.0192910909833496,8.10626021825529,Linear (small gap),anchor,2021-09-16 15:00:00
2021-09-16 16:00:00+00:00,25.556319799972,60.3105578,1.884,229.515700486139,0.904226221291505,0.00135600085626384,0.011657807144456299,0.757757464389656,0.0192600693573713,8.08072376043693,Linear (small gap),anchor,2021-09-16 16:00:00
2021-09-16 17:00:00+00:00,25.55624266664,60.310536,1.88,229.451151736145,0.9024451277741611,0.00135561949603412,0.011644727901021999,0.756907313566429,0.0192291791787636,8.05529550778606,Linear (small gap),anchor,2021-09-16 17:00:00
2021-09-16 18:00:00+00:00,25.556165533308,60.3105142,1.876,229.386877078095,0.9006715972752259,0.0013552397551659901,0.0116317041956928,0.7560607727200309,0.019198420168445002,8.02997523056772,Linear (small gap),anchor,2021-09-16 18:00:00
2021-09-16 19:00:00+00:00,25.556088399976,60.3104924,1.872,229.322875928814,0.898905613703172,0.0013548616302139999,0.0116187359103024,0.755217834169659,0.0191677920473342,8.00476269904695,Linear (small gap),anchor,2021-09-16 19:00:00
2021-09-16 20:00:00+00:00,25.556011266644,60.3104706,1.868,229.259147705129,0.897147160966471,0.00135448511773271,0.0116058229266848,0.754378490234511,0.019137294536349502,7.9796576834887905,Linear (small gap),anchor,2021-09-16 20:00:00
2021-09-16 21:00:00+00:00,25.555934133312,60.3104488,1.864,229.195691823865,0.895396222973593,0.00135411021427666,0.0115929651266737,0.753542733233787,0.0191069273564096,7.95465995415828,Linear (small gap),anchor,2021-09-16 21:00:00
2021-09-16 22:00:00+00:00,25.55585699998,60.310427,1.86,229.132507701847,0.893652783633011,0.0013537369164004101,0.0115801623921028,0.752710555486684,0.019076690228432898,7.92976928132045,Linear (small gap),anchor,2021-09-16 22:00:00
2021-09-16 23:00:00+00:00,25.555779866648,60.3104052,1.856,229.069594755901,0.891916826853195,0.0013533652206585,0.0115674146048062,0.751881949312401,0.0190465828733381,7.90498543524034,Linear (small gap),anchor,2021-09-16 23:00:00
2021-09-17 00:00:00+00:00,25.555702733316,60.3103834,1.852,229.006952402853,0.890188336542618,0.00135299512360548,0.0115547216466175,0.7510569070301361,0.019016605012043702,7.880308186182989,Linear (small gap),anchor,2021-09-17 00:00:00
2021-09-17 01:00:00+00:00,25.555625599984,60.3103616,1.848,228.944580059529,0.88846729660975,0.0013526266217959,0.0115420833993706,0.750235420959087,0.0189867563654681,7.85573730441343,Linear (small gap),anchor,2021-09-17 01:00:00
2021-09-17 02:00:00+00:00,25.555548466652,60.3103398,1.844,228.882477142753,0.886753690963064,0.00135225971178432,0.0115294997448993,0.7494174834184519,0.018957036654529903,7.831272560196701,Linear (small gap),anchor,2021-09-17 02:00:00
2021-09-17 03:00:00+00:00,25.55547133332,60.310318,1.84,228.82064306935303,0.885047503511031,0.00135189439012528,0.0115169705650374,0.7486030867274299,0.0189274456001477,7.80691372379784,Linear (small gap),anchor,2021-09-17 03:00:00
2021-09-17 04:00:00+00:00,25.555394199988,60.3102962,1.836,228.75907725615298,0.883348718162121,0.00135153065337333,0.011504495741618699,0.747792223205219,0.01889798292324,7.782660565481891,Linear (small gap),anchor,2021-09-17 04:00:00
2021-09-17 05:00:00+00:00,25.555317066656,60.3102744,1.832,228.697779119979,0.881657318824807,0.0013511684980830301,0.0114920751564772,0.746984885171016,0.0188686483447252,7.75851285551388,Linear (small gap),anchor,2021-09-17 05:00:00
2021-09-17 06:00:00+00:00,25.555239933324,60.3102526,1.828,228.636748077657,0.8799732894075599,0.0013508079208089101,0.0114797086914465,0.746181064944021,0.018839441585522098,7.734470364158851,Linear (small gap),anchor,2021-09-17 06:00:00
2021-09-17 07:00:00+00:00,25.555162799992,60.3102308,1.824,228.575983546012,0.878296613818852,0.00135044891810554,0.0114673962283605,0.7453807548434309,0.018810362366549,7.71053286168183,Linear (small gap),anchor,2021-09-17 07:00:00
2021-09-17 08:00:00+00:00,25.55508566666,60.310209,1.82,228.515484941871,0.876627275967153,0.0013500914865274601,0.011455137649053,0.744583947188445,0.0187814104087245,7.686700118347869,Linear (small gap),anchor,2021-09-17 08:00:00
2021-09-17 09:00:00+00:00,25.555008533328,60.3101872,1.816,228.45525168205802,0.874965259760937,0.00134973562262923,0.011442932835357899,0.743790634298261,0.018752585432967202,7.662971904422,Linear (small gap),anchor,2021-09-17 09:00:00
2021-09-17 10:00:00+00:00,25.554931399996,60.3101654,1.812,228.39528318339902,0.873310549108672,0.00134938132296538,0.0114307816691089,0.7430008084920781,0.018723887160195598,7.63934799016926,Linear (small gap),anchor,2021-09-17 10:00:00
2021-09-17 11:00:00+00:00,25.554854266664,60.3101436,1.808,228.335578862721,0.8716631279188329,0.0013490285840904702,0.0114186840321399,0.742214462089093,0.0186953153113282,7.61582814585468,Linear (small gap),anchor,2021-09-17 11:00:00
2021-09-17 12:00:00+00:00,25.554777133332,60.3101218,1.804,228.276138136848,0.87002298009989,0.00134867740255906,0.0114066398062847,0.741431587408504,0.0186668696072836,7.59241214174331,Linear (small gap),anchor,2021-09-17 12:00:00
2021-09-17 13:00:00+00:00,25.5547,60.3101,1.8,228.216960422606,0.8683900895603129,0.00134832777492568,0.0113946488733771,0.74065217676951,0.018638549768980203,7.56909974810017,No (reported postion),anchor,2021-09-17 13:00:00
2021-09-17 14:00:00+00:00,25.5537866667,60.2970616667,8.0,882.675798418095,2.51089395611274,0.00521493360115724,0.0386291377863499,2.51089395611274,0.0579437066795249,16.4173835591987,No (reported postion),cruise,2021-09-17 14:00:00
2021-09-17 15:00:00+00:00,25.6399566667,60.1108666667,12.9,2725.091,7.7519,0.016100100000000003,0.11926,7.7519,0.17889,50.6855,No (reported postion),cruise,2021-09-17 15:00:00
2021-09-17 16:00:00+00:00,25.4157533333,59.9567133333,12.7,2725.091,7.7519,0.016100100000000003,0.11926,7.7519,0.17889,50.6855,No (reported postion),cruise,2021-09-17 16:00:00
2021-09-17 17:00:00+00:00,25.0452633333,59.8660533333,12.5,2725.091,7.7519,0.016100100000000003,0.11926,7.7519,0.17889,50.6855,No (reported postion),cruise,2021-09-17 17:00:00
2021-09-17 18:00:00+00:00,24.6459833333,59.8180966667,12.2,2725.091,7.7519,0.016100100000000003,0.11926,7.7519,0.17889,50.6855,No (reported postion),cruise,2021-09-17 18:00:00
2021-09-17 19:00:00+00:00,24.2467133333,59.77155,12.5,2725.091,7.7519,0.016100100000000003,0.11926,7.7519,0.17889,50.6855,No (reported postion),cruise,2021-09-17 19:00:00
2021-09-17 20:00:00+00:00,23.8604,59.7158,11.9,2725.091,7.7519,0.016100100000000003,0.11926,7.7519,0.17889,50.6855,No (reported postion),cruise,2021-09-17 20:00:00
2021-09-17 21:00:00+00:00,23.4783716667,59.664985,11.7,2648.01379042449,7.53264316750948,0.0156447204248274,0.115886817961684,7.53264316750948,0.173830226942526,49.2518976337158,No (reported postion),cruise,2021-09-17 21:00:00
2021-09-17 22:00:00+00:00,23.0947366667,59.6109583333,11.7,2648.01379042449,7.53264316750948,0.0156447204248274,0.115886817961684,7.53264316750948,0.173830226942526,49.2518976337158,No (reported postion),cruise,2021-09-17 22:00:00
2021-09-17 23:00:00+00:00,22.72132,59.5568283333,12.1,2725.091,7.7519,0.016100100000000003,0.11926,7.7519,0.17889,50.6855,No (reported postion),cruise,2021-09-17 23:00:00
2021-09-18 00:00:00+00:00,22.359,59.456,11.9,2725.091,7.7519,0.016100100000000003,0.11926,7.7519,0.17889,50.6855,No (reported postion),cruise,2021-09-18 00:00:00
2021-09-18 01:00:00+00:00,22.0632,59.3405,12.0,2725.091,7.7519,0.016100100000000003,0.11926,7.7519,0.17889,50.6855,No (reported postion),cruise,2021-09-18 01:00:00
2021-09-18 02:00:00+00:00,21.7086,59.1966,11.9,2725.091,7.7519,0.016100100000000003,0.11926,7.7519,0.17889,50.6855,No (reported postion),cruise,2021-09-18 02:00:00
2021-09-18 03:00:00+00:00,21.5044,59.0688,11.9,2725.091,7.7519,0.016100100000000003,0.11926,7.7519,0.17889,50.6855,No (reported postion),cruise,2021-09-18 03:00:00
2021-09-18 04:00:00+00:00,21.2599666666667,58.8963,11.8666666666667,2725.091,7.7519,0.016100100000000003,0.11926,7.7519,0.17889,50.6855,Linear (small gap),cruise,2021-09-18 04:00:00
2021-09-18 05:00:00+00:00,21.0155333333333,58.7238,11.8333333333333,2725.091,7.7519,0.016100100000000003,0.11926,7.7519,0.17889,50.6855,Linear (small gap),cruise,2021-09-18 05:00:00
2021-09-18 06:00:00+00:00,20.7711,58.5513,11.8,2713.77532713504,7.71971099622658,0.0160332459152398,0.11876478455733201,7.71971099622658,0.178147176835998,50.4750334368661,No (reported postion),cruise,2021-09-18 06:00:00
2021-09-18 07:00:00+00:00,20.569425,58.40567,11.825,2725.091,7.7519,0.016100100000000003,0.11926,7.7519,0.17889,50.6855,Linear (small gap),cruise,2021-09-18 07:00:00
2021-09-18 08:00:00+00:00,20.36775,58.26004,11.85,2725.091,7.7519,0.016100100000000003,0.11926,7.7519,0.17889,50.6855,Linear (small gap),cruise,2021-09-18 08:00:00
2021-09-18 09:00:00+00:00,20.166075,58.11441,11.875,2725.091,7.7519,0.016100100000000003,0.11926,7.7519,0.17889,50.6855,Linear (small gap),cruise,2021-09-18 09:00:00
2021-09-18 10:00:00+00:00,19.9644,57.96878,11.9,2725.091,7.7519,0.016100100000000003,0.11926,7.7519,0.17889,50.6855,No (reported postion),cruise,2021-09-18 10:00:00
2021-09-18 11:00:00+00:00,19.7411733333,57.80616,11.6,2583.36682912065,7.348745903406679,0.0152627799532293,0.11305762928318,7.348745903406679,0.169586443924769,48.0494924453513,No (reported postion),cruise,2021-09-18 11:00:00
2021-09-18 12:00:00+00:00,19.5,57.62336,11.6,2583.36682912065,7.348745903406679,0.0152627799532293,0.11305762928318,7.348745903406679,0.169586443924769,48.0494924453513,No (reported postion),cruise,2021-09-18 12:00:00
2021-09-18 13:00:00+00:00,19.3018366667,57.4763683333,11.5,2519.82491693801,7.16799210507531,0.014887368218233301,0.11027680161654299,7.16799210507531,0.165415202424815,46.8676406870309,No (reported postion),cruise,2021-09-18 13:00:00
2021-09-18 14:00:00+00:00,19.10255,57.3294466667,12.2,2725.091,7.7519,0.016100100000000003,0.11926,7.7519,0.17889,50.6855,No (reported postion),cruise,2021-09-18 14:00:00
2021-09-18 15:00:00+00:00,18.88838,57.1741133333,11.7,2648.01379042449,7.53264316750948,0.0156447204248274,0.115886817961684,7.53264316750948,0.173830226942526,49.2518976337158,No (reported postion),cruise,2021-09-18 15:00:00
2021-09-18 16:00:00+00:00,18.67318,57.0143666667,12.2,2725.091,7.7519,0.016100100000000003,0.11926,7.7519,0.17889,50.6855,No (reported postion),cruise,2021-09-18 16:00:00
2021-09-18 17:00:00+00:00,18.4217,56.85208,11.8,2713.77532713504,7.71971099622658,0.0160332459152398,0.11876478455733201,7.71971099622658,0.178147176835998,50.4750334368661,No (reported postion),cruise,2021-09-18 17:00:00
2021-09-18 18:00:00+00:00,18.10835,56.72020666665,11.4,2725.091,7.7519,0.016100100000000003,0.11926,7.7519,0.17889,50.6855,Linear (small gap),cruise,2021-09-18 18:00:00
2021-09-18 19:00:00+00:00,17.795,56.5883333333,11.0,2218.3576728491803,6.31042664049,0.0131062707148639,0.09708348677676931,6.31042664049,0.145625230165154,41.260481880127,No (reported postion),cruise,2021-09-18 19:00:00
2021-09-18 20:00:00+00:00,17.515959166675,56.4730433333,11.15,2725.091,7.7519,0.016100100000000003,0.11926,7.7519,0.17889,50.6855,Linear (small gap),cruise,2021-09-18 20:00:00
2021-09-18 21:00:00+00:00,17.23691833335,56.3577533333,11.3,2725.091,7.7519,0.016100100000000003,0.11926,7.7519,0.17889,50.6855,Linear (small gap),cruise,2021-09-18 21:00:00
2021-09-18 22:00:00+00:00,16.957877500025,56.2424633333,11.45,2725.091,7.7519,0.016100100000000003,0.11926,7.7519,0.17889,50.6855,Linear (small gap),cruise,2021-09-18 22:00:00
2021-09-18 23:00:00+00:00,16.6788366667,56.1271733333,11.6,2583.36682912065,7.348745903406679,0.0152627799532293,0.11305762928318,7.348745903406679,0.169586443924769,48.0494924453513,No (reported postion),cruise,2021-09-18 23:00:00
2021-09-19 00:00:00+00:00,16.4757416667,56.0524716667,12.4,2725.091,7.7519,0.016100100000000003,0.11926,7.7519,0.17889,50.6855,No (reported postion),cruise,2021-09-19 00:00:00
2021-09-19 01:00:00+00:00,16.1636333333,55.95,12.0,2725.091,7.7519,0.016100100000000003,0.11926,7.7519,0.17889,50.6855,No (reported postion),cruise,2021-09-19 01:00:00
2021-09-19 02:00:00+00:00,15.859465,55.84885,11.9,2725.091,7.7519,0.016100100000000003,0.11926,7.7519,0.17889,50.6855,No (reported postion),cruise,2021-09-19 02:00:00
2021-09-19 03:00:00+00:00,15.5653383333,55.7500966667,11.9,2725.091,7.7519,0.016100100000000003,0.11926,7.7519,0.17889,50.6855,No (reported postion),cruise,2021-09-19 03:00:00
2021-09-19 04:00:00+00:00,15.2692433333,55.6430333333,11.4,2457.37852759103,6.99035467367252,0.0145184289376275,0.1075439180565,6.99035467367252,0.16131587708475,45.706165174012604,No (reported postion),cruise,2021-09-19 04:00:00
2021-09-19 05:00:00+00:00,14.9733466667,55.5478433333,11.8,2713.77532713504,7.71971099622658,0.0160332459152398,0.11876478455733201,7.71971099622658,0.178147176835998,50.4750334368661,No (reported postion),cruise,2021-09-19 05:00:00
2021-09-19 06:00:00+00:00,14.66891,55.4588066667,11.5,2519.82491693801,7.16799210507531,0.014887368218233301,0.11027680161654299,7.16799210507531,0.165415202424815,46.8676406870309,No (reported postion),cruise,2021-09-19 06:00:00
2021-09-19 07:00:00+00:00,14.4150833333,55.3272166667,11.9,2725.091,7.7519,0.016100100000000003,0.11926,7.7519,0.17889,50.6855,No (reported postion),cruise,2021-09-19 07:00:00
2021-09-19 08:00:00+00:00,14.2163566667,55.165755,11.9,2725.091,7.7519,0.016100100000000003,0.11926,7.7519,0.17889,50.6855,No (reported postion),cruise,2021-09-19 08:00:00
2021-09-19 09:00:00+00:00,13.965135,55.0497266667,11.6,2583.36682912065,7.348745903406679,0.0152627799532293,0.11305762928318,7.348745903406679,0.169586443924769,48.0494924453513,No (reported postion),cruise,2021-09-19 09:00:00
2021-09-19 10:00:00+00:00,13.6438933333,54.9828333333,11.9,2725.091,7.7519,0.016100100000000003,0.11926,7.7519,0.17889,50.6855,No (reported postion),cruise,2021-09-19 10:00:00
2021-09-19 11:00:00+00:00,13.2530166667,54.9023883333,12.1,2725.091,7.7519,0.016100100000000003,0.11926,7.7519,0.17889,50.6855,No (reported postion),cruise,2021-09-19 11:00:00
2021-09-19 12:00:00+00:00,12.9858133333,54.8496216667,11.8,2713.77532713504,7.71971099622658,0.0160332459152398,0.11876478455733201,7.71971099622658,0.178147176835998,50.4750334368661,No (reported postion),cruise,2021-09-19 12:00:00
2021-09-19 13:00:00+00:00,12.665415,54.7764283333,12.2,2725.091,7.7519,0.016100100000000003,0.11926,7.7519,0.17889,50.6855,No (reported postion),cruise,2021-09-19 13:00:00
2021-09-19 14:00:00+00:00,12.367165,54.6627566667,12.5,2725.091,7.7519,0.016100100000000003,0.11926,7.7519,0.17889,50.6855,No (reported postion),cruise,2021-09-19 14:00:00
2021-09-19 15:00:00+00:00,12.21043,54.4896966667,12.9,2725.091,7.7519,0.016100100000000003,0.11926,7.7519,0.17889,50.6855,No (reported postion),cruise,2021-09-19 15:00:00
2021-09-19 16:00:00+00:00,11.90991,54.4334483333,12.2,2725.091,7.7519,0.016100100000000003,0.11926,7.7519,0.17889,50.6855,No (reported postion),cruise,2021-09-19 16:00:00
2021-09-19 17:00:00+00:00,11.5793516667,54.4864166667,12.1,2725.091,7.7519,0.016100100000000003,0.11926,7.7519,0.17889,50.6855,No (reported postion),cruise,2021-09-19 17:00:00
2021-09-19 18:00:00+00:00,11.2879816667,54.5676233333,11.2,2238.7505508592503,6.36843701557337,0.0132267538015755,0.09797595408574411,6.36843701557337,0.146963931128616,41.639780486441204,No (reported postion),cruise,2021-09-19 18:00:00
2021-09-19 19:00:00+00:00,10.9630866667,54.67426,12.9,2725.091,7.7519,0.016100100000000003,0.11926,7.7519,0.17889,50.6855,No (reported postion),cruise,2021-09-19 19:00:00
2021-09-19 20:00:00+00:00,10.887305,54.8654483333,13.1,2725.091,7.7519,0.016100100000000003,0.11926,7.7519,0.17889,50.6855,No (reported postion),cruise,2021-09-19 20:00:00
2021-09-19 21:00:00+00:00,11.040135,55.0470683333,12.6,2725.091,7.7519,0.016100100000000003,0.11926,7.7519,0.17889,50.6855,No (reported postion),cruise,2021-09-19 21:00:00
2021-09-19 22:00:00+00:00,11.0919483333,55.2489216667,12.5,2725.091,7.7519,0.016100100000000003,0.11926,7.7519,0.17889,50.6855,No (reported postion),cruise,2021-09-19 22:00:00
2021-09-19 23:00:00+00:00,10.9822033333,55.449055,12.8,2725.091,7.7519,0.016100100000000003,0.11926,7.7519,0.17889,50.6855,No (reported postion),cruise,2021-09-19 23:00:00
2021-09-20 00:00:00+00:00,10.8196383333,55.6348533333,12.8,2725.091,7.7519,0.016100100000000003,0.11926,7.7519,0.17889,50.6855,No (reported postion),cruise,2021-09-20 00:00:00
2021-09-20 01:00:00+00:00,10.84562,55.8396033333,12.4,2725.091,7.7519,0.016100100000000003,0.11926,7.7519,0.17889,50.6855,No (reported postion),cruise,2021-09-20 01:00:00
2021-09-20 02:00:00+00:00,11.07571,56.0060183333,12.6,2725.091,7.7519,0.016100100000000003,0.11926,7.7519,0.17889,50.6855,No (reported postion),cruise,2021-09-20 02:00:00
2021-09-20 03:00:00+00:00,11.2837716667,56.177155,12.3,2725.091,7.7519,0.016100100000000003,0.11926,7.7519,0.17889,50.6855,No (reported postion),cruise,2021-09-20 03:00:00
2021-09-20 04:00:00+00:00,11.4802233333,56.3377433333,11.4,2457.37852759103,6.99035467367252,0.0145184289376275,0.1075439180565,6.99035467367252,0.16131587708475,45.706165174012604,No (reported postion),cruise,2021-09-20 04:00:00
2021-09-20 05:00:00+00:00,11.6633216667,56.4976583333,11.1,2276.51723370879,6.475869592607051,0.013449883000030001,0.09962876296318539,6.475869592607051,0.149443144444778,42.342224259353806,No (reported postion),cruise,2021-09-20 05:00:00
2021-09-20 06:00:00+00:00,11.85654,56.650215,11.3,2396.0181347941902,6.81580651035545,0.014155905829199799,0.10485856169777599,6.81580651035545,0.157287842546664,44.564888721554894,No (reported postion),cruise,2021-09-20 06:00:00
2021-09-20 07:00:00+00:00,11.903535,56.8227616667,11.9,2725.091,7.7519,0.016100100000000003,0.11926,7.7519,0.17889,50.6855,No (reported postion),cruise,2021-09-20 07:00:00
2021-09-20 08:00:00+00:00,11.7842433333,57.0078616667,11.8,2713.77532713504,7.71971099622658,0.0160332459152398,0.11876478455733201,7.71971099622658,0.178147176835998,50.4750334368661,No (reported postion),cruise,2021-09-20 08:00:00
2021-09-20 09:00:00+00:00,11.6557033333,57.1953016667,12.1,2725.091,7.7519,0.016100100000000003,0.11926,7.7519,0.17889,50.6855,No (reported postion),cruise,2021-09-20 09:00:00
2021-09-20 10:00:00+00:00,11.63917,57.3873683333,11.7,2648.01379042449,7.53264316750948,0.0156447204248274,0.115886817961684,7.53264316750948,0.173830226942526,49.2518976337158,No (reported postion),cruise,2021-09-20 10:00:00
2021-09-20 11:00:00+00:00,11.63464,57.572295,9.9,1578.68679031109,4.49079393305125,0.009327033553260288,0.0690891374315577,4.49079393305125,0.103633706147337,29.362883408412,No (reported postion),cruise,2021-09-20 11:00:00
2021-09-20 12:00:00+00:00,11.8495216667,57.6834183333,7.3,695.903582428149,1.9795944357912298,0.00411146536664333,0.030455299012172803,1.9795944357912298,0.0456829485182592,12.9435020801734,No (reported postion),cruise,2021-09-20 12:00:00
2021-09-20 13:00:00+00:00,11.888915,57.6897566667,0.0,219.36,0.624,0.001296,0.0096,0.624,0.0144,4.08,No (reported postion),anchor,2021-09-20 13:00:00
2021-09-20 14:00:00+00:00,11.8889033333,57.6897566667,0.0,219.36,0.624,0.001296,0.0096,0.624,0.0144,4.08,No (reported postion),anchor,2021-09-20 14:00:00
2021-09-20 15:00:00+00:00,11.8888883333,57.6897366667,0.0,219.36,0.624,0.001296,0.0096,0.624,0.0144,4.08,No (reported postion),anchor,2021-09-20 15:00:00
2021-09-20 16:00:00+00:00,11.88894,57.6897683333,0.0,219.36,0.624,0.001296,0.0096,0.624,0.0144,4.08,No (reported postion),anchor,2021-09-20 16:00:00
2021-09-20 17:00:00+00:00,11.8889533333,57.689715,0.0,219.36,0.624,0.001296,0.0096,0.624,0.0144,4.08,No (reported postion),anchor,2021-09-20 17:00:00
2021-09-20 18:00:00+00:00,11.8889066667,57.6897183333,0.0,219.36,0.624,0.001296,0.0096,0.624,0.0144,4.08,No (reported postion),anchor,2021-09-20 18:00:00
2021-09-20 19:00:00+00:00,11.8889,57.6897466667,0.0,219.36,0.624,0.001296,0.0096,0.624,0.0144,4.08,No (reported postion),anchor,2021-09-20 19:00:00
2021-09-20 20:00:00+00:00,11.88899,57.6897566667,0.0,219.36,0.624,0.001296,0.0096,0.624,0.0144,4.08,No (reported postion),anchor,2021-09-20 20:00:00
2021-09-20 21:00:00+00:00,11.8888866667,57.6897566667,0.0,219.36,0.624,0.001296,0.0096,0.624,0.0144,4.08,No (reported postion),anchor,2021-09-20 21:00:00
2021-09-20 22:00:00+00:00,11.8888866667,57.6897583333,0.0,219.36,0.624,0.001296,0.0096,0.624,0.0144,4.08,No (reported postion),anchor,2021-09-20 22:00:00
2021-09-20 23:00:00+00:00,11.8889,57.6897083333,0.0,219.36,0.624,0.001296,0.0096,0.624,0.0144,4.08,No (reported postion),anchor,2021-09-20 23:00:00
2021-09-21 00:00:00+00:00,11.88894,57.68974,0.0,219.36,0.624,0.001296,0.0096,0.624,0.0144,4.08,No (reported postion),anchor,2021-09-21 00:00:00
2021-09-21 01:00:00+00:00,11.88897,57.6897183333,0.0,219.36,0.624,0.001296,0.0096,0.624,0.0144,4.08,No (reported postion),anchor,2021-09-21 01:00:00
2021-09-21 02:00:00+00:00,11.8888883333,57.6896966667,0.0,219.36,0.624,0.001296,0.0096,0.624,0.0144,4.08,No (reported postion),anchor,2021-09-21 02:00:00
2021-09-21 03:00:00+00:00,11.8889166667,57.6897466667,0.0,219.36,0.624,0.001296,0.0096,0.624,0.0144,4.08,No (reported postion),anchor,2021-09-21 03:00:00
2021-09-21 04:00:00+00:00,11.88894,57.6897416667,0.0,219.36,0.624,0.001296,0.0096,0.624,0.0144,4.08,No (reported postion),anchor,2021-09-21 04:00:00
2021-09-21 05:00:00+00:00,11.8889466667,57.689745,0.0,219.36,0.624,0.001296,0.0096,0.624,0.0144,4.08,No (reported postion),anchor,2021-09-21 05:00:00
2021-09-21 06:00:00+00:00,11.888935,57.68975,0.0,219.36,0.624,0.001296,0.0096,0.624,0.0144,4.08,No (reported postion),anchor,2021-09-21 06:00:00
2021-09-21 07:00:00+00:00,11.8889516667,57.68973,0.0,219.36,0.624,0.001296,0.0096,0.624,0.0144,4.08,No (reported postion),anchor,2021-09-21 07:00:00
2021-09-21 08:00:00+00:00,11.888955,57.68971,0.0,219.36,0.624,0.001296,0.0096,0.624,0.0144,4.08,No (reported postion),anchor,2021-09-21 08:00:00
2021-09-21 09:00:00+00:00,11.8889166667,57.68976,0.0,219.36,0.624,0.001296,0.0096,0.624,0.0144,4.08,No (reported postion),anchor,2021-09-21 09:00:00
2021-09-21 10:00:00+00:00,11.888885,57.6896983333,0.0,219.36,0.624,0.001296,0.0096,0.624,0.0144,4.08,No (reported postion),anchor,2021-09-21 10:00:00
2021-09-21 11:00:00+00:00,11.888915,57.68972,0.0,219.36,0.624,0.001296,0.0096,0.624,0.0144,4.08,No (reported postion),anchor,2021-09-21 11:00:00
2021-09-21 12:00:00+00:00,11.8889183333,57.6897216667,0.0,219.36,0.624,0.001296,0.0096,0.624,0.0144,4.08,No (reported postion),anchor,2021-09-21 12:00:00
2021-09-21 13:00:00+00:00,11.88883,57.6897266667,0.0,219.36,0.624,0.001296,0.0096,0.624,0.0144,4.08,No (reported postion),anchor,2021-09-21 13:00:00
2021-09-21 14:00:00+00:00,11.8889083333,57.6897383333,0.0,219.36,0.624,0.001296,0.0096,0.624,0.0144,4.08,No (reported postion),anchor,2021-09-21 14:00:00
2021-09-21 15:00:00+00:00,11.8889516667,57.6897366667,0.0,219.36,0.624,0.001296,0.0096,0.624,0.0144,4.08,No (reported postion),anchor,2021-09-21 15:00:00
2021-09-21 16:00:00+00:00,11.8889366667,57.6897266667,0.0,219.36,0.624,0.001296,0.0096,0.624,0.0144,4.08,No (reported postion),anchor,2021-09-21 16:00:00
2021-09-21 17:00:00+00:00,11.8889333333,57.6897166667,0.0,219.36,0.624,0.001296,0.0096,0.624,0.0144,4.08,No (reported postion),anchor,2021-09-21 17:00:00
2021-09-21 18:00:00+00:00,11.8888966667,57.6897233333,0.0,219.36,0.624,0.001296,0.0096,0.624,0.0144,4.08,No (reported postion),anchor,2021-09-21 18:00:00
2021-09-21 19:00:00+00:00,11.8888916667,57.6897833333,0.0,219.36,0.624,0.001296,0.0096,0.624,0.0144,4.08,No (reported postion),anchor,2021-09-21 19:00:00
2021-09-21 20:00:00+00:00,11.8889,57.6897616667,0.0,219.36,0.624,0.001296,0.0096,0.624,0.0144,4.08,No (reported postion),anchor,2021-09-21 20:00:00
2021-09-21 21:00:00+00:00,11.8888483333,57.6897483333,0.0,219.36,0.624,0.001296,0.0096,0.624,0.0144,4.08,No (reported postion),anchor,2021-09-21 21:00:00
2021-09-21 22:00:00+00:00,11.8889533333,57.68974,0.0,219.36,0.624,0.001296,0.0096,0.624,0.0144,4.08,No (reported postion),anchor,2021-09-21 22:00:00
2021-09-21 23:00:00+00:00,11.88891,57.6897116667,0.0,219.36,0.624,0.001296,0.0096,0.624,0.0144,4.08,No (reported postion),anchor,2021-09-21 23:00:00
2021-09-22 00:00:00+00:00,11.8888783333,57.6896983333,0.0,219.36,0.624,0.001296,0.0096,0.624,0.0144,4.08,No (reported postion),anchor,2021-09-22 00:00:00
2021-09-22 01:00:00+00:00,11.8889483333,57.689725,0.0,219.36,0.624,0.001296,0.0096,0.624,0.0144,4.08,No (reported postion),anchor,2021-09-22 01:00:00
2021-09-22 02:00:00+00:00,11.8733733333,57.6904916667,0.0,219.36,0.624,0.001296,0.0096,0.624,0.0144,4.08,No (reported postion),anchor,2021-09-22 02:00:00
2021-09-22 03:00:00+00:00,11.873355,57.6904733333,0.0,219.36,0.624,0.001296,0.0096,0.624,0.0144,4.08,No (reported postion),anchor,2021-09-22 03:00:00
2021-09-22 04:00:00+00:00,11.87338,57.690515,0.0,219.36,0.624,0.001296,0.0096,0.624,0.0144,4.08,No (reported postion),anchor,2021-09-22 04:00:00
2021-09-22 05:00:00+00:00,11.873315,57.690465,0.0,219.36,0.624,0.001296,0.0096,0.624,0.0144,4.08,No (reported postion),anchor,2021-09-22 05:00:00
2021-09-22 06:00:00+00:00,11.8733466667,57.6904816667,0.0,219.36,0.624,0.001296,0.0096,0.624,0.0144,4.08,No (reported postion),anchor,2021-09-22 06:00:00
2021-09-22 07:00:00+00:00,11.8733683333,57.6904966667,0.0,219.36,0.624,0.001296,0.0096,0.624,0.0144,4.08,No (reported postion),anchor,2021-09-22 07:00:00
2021-09-22 08:00:00+00:00,11.873375,57.6904783333,0.0,219.36,0.624,0.001296,0.0096,0.624,0.0144,4.08,No (reported postion),anchor,2021-09-22 08:00:00
2021-09-22 09:00:00+00:00,11.8733666667,57.6905033333,0.0,219.36,0.624,0.001296,0.0096,0.624,0.0144,4.08,No (reported postion),anchor,2021-09-22 09:00:00
2021-09-22 10:00:00+00:00,11.87333,57.6904983333,0.0,219.36,0.624,0.001296,0.0096,0.624,0.0144,4.08,No (reported postion),anchor,2021-09-22 10:00:00
2021-09-22 11:00:00+00:00,11.873325,57.6904833333,0.0,219.36,0.624,0.001296,0.0096,0.624,0.0144,4.08,No (reported postion),anchor,2021-09-22 11:00:00
2021-09-22 12:00:00+00:00,11.8733466667,57.6904566667,0.0,219.36,0.624,0.001296,0.0096,0.624,0.0144,4.08,No (reported postion),anchor,2021-09-22 12:00:00
2021-09-22 13:00:00+00:00,11.87334,57.6904966667,0.0,219.36,0.624,0.001296,0.0096,0.624,0.0144,4.08,No (reported postion),anchor,2021-09-22 13:00:00
2021-09-22 14:00:00+00:00,11.873375,57.6904566667,0.0,219.36,0.624,0.001296,0.0096,0.624,0.0144,4.08,No (reported postion),anchor,2021-09-22 14:00:00
2021-09-22 15:00:00+00:00,11.87338,57.6904583333,0.0,219.36,0.624,0.001296,0.0096,0.624,0.0144,4.08,No (reported postion),anchor,2021-09-22 15:00:00
2021-09-22 16:00:00+00:00,11.8733616667,57.6904666667,0.0,219.36,0.624,0.001296,0.0096,0.624,0.0144,4.08,No (reported postion),anchor,2021-09-22 16:00:00
2021-09-22 17:00:00+00:00,11.8733666667,57.6905,0.0,219.36,0.624,0.001296,0.0096,0.624,0.0144,4.08,No (reported postion),anchor,2021-09-22 17:00:00
2021-09-22 18:00:00+00:00,11.8733683333,57.6904816667,0.0,219.36,0.624,0.001296,0.0096,0.624,0.0144,4.08,No (reported postion),anchor,2021-09-22 18:00:00
2021-09-22 19:00:00+00:00,11.873345,57.690435,0.0,219.36,0.624,0.001296,0.0096,0.624,0.0144,4.08,No (reported postion),anchor,2021-09-22 19:00:00
2021-09-22 20:00:00+00:00,11.8733366667,57.6904883333,0.0,219.36,0.624,0.001296,0.0096,0.624,0.0144,4.08,No (reported postion),anchor,2021-09-22 20:00:00
2021-09-22 21:00:00+00:00,11.87333,57.690485,0.0,219.36,0.624,0.001296,0.0096,0.624,0.0144,4.08,No (reported postion),anchor,2021-09-22 21:00:00
2021-09-22 22:00:00+00:00,11.8734016667,57.6904916667,0.0,219.36,0.624,0.001296,0.0096,0.624,0.0144,4.08,No (reported postion),anchor,2021-09-22 22:00:00
2021-09-22 23:00:00+00:00,11.8733883333,57.6904966667,0.0,219.36,0.624,0.001296,0.0096,0.624,0.0144,4.08,No (reported postion),anchor,2021-09-22 23:00:00
2021-09-23 00:00:00+00:00,11.87338,57.6904383333,0.0,219.36,0.624,0.001296,0.0096,0.624,0.0144,4.08,No (reported postion),anchor,2021-09-23 00:00:00
2021-09-23 01:00:00+00:00,11.8733683333,57.690495,0.0,219.36,0.624,0.001296,0.0096,0.624,0.0144,4.08,No (reported postion),anchor,2021-09-23 01:00:00
2021-09-23 02:00:00+00:00,11.8733033333,57.6905066667,0.0,219.36,0.624,0.001296,0.0096,0.624,0.0144,4.08,No (reported postion),anchor,2021-09-23 02:00:00
2021-09-23 03:00:00+00:00,11.8733066667,57.69048,0.0,219.36,0.624,0.001296,0.0096,0.624,0.0144,4.08,No (reported postion),anchor,2021-09-23 03:00:00
2021-09-23 04:00:00+00:00,11.8732666667,57.6904683333,0.0,219.36,0.624,0.001296,0.0096,0.624,0.0144,4.08,No (reported postion),anchor,2021-09-23 04:00:00
2021-09-23 05:00:00+00:00,11.8500966667,57.6849116667,7.4,720.516881051122,2.04961038373404,0.0042568831046784,0.0315324674420622,2.04961038373404,0.0472987011630933,13.4012986628764,No (reported postion),cruise,2021-09-23 05:00:00
2021-09-23 06:00:00+00:00,11.643535,57.582815,12.5,2725.091,7.7519,0.016100100000000003,0.11926,7.7519,0.17889,50.6855,No (reported postion),cruise,2021-09-23 06:00:00
2021-09-23 07:00:00+00:00,11.5826533333,57.3567033333,13.7,2725.091,7.7519,0.016100100000000003,0.11926,7.7519,0.17889,50.6855,No (reported postion),cruise,2021-09-23 07:00:00
2021-09-23 08:00:00+00:00,11.6187833333,57.1276383333,14.0,2725.091,7.7519,0.016100100000000003,0.11926,7.7519,0.17889,50.6855,No (reported postion),cruise,2021-09-23 08:00:00
2021-09-23 09:00:00+00:00,11.76151,56.904335,14.6,2725.091,7.7519,0.016100100000000003,0.11926,7.7519,0.17889,50.6855,No (reported postion),cruise,2021-09-23 09:00:00
2021-09-23 10:00:00+00:00,11.81741,56.68638,13.3,2725.091,7.7519,0.016100100000000003,0.11926,7.7519,0.17889,50.6855,No (reported postion),cruise,2021-09-23 10:00:00
2021-09-23 11:00:00+00:00,11.59468,56.507775,13.0,2725.091,7.7519,0.016100100000000003,0.11926,7.7519,0.17889,50.6855,No (reported postion),cruise,2021-09-23 11:00:00
2021-09-23 12:00:00+00:00,11.399885,56.31294,13.4,2725.091,7.7519,0.016100100000000003,0.11926,7.7519,0.17889,50.6855,No (reported postion),cruise,2021-09-23 12:00:00
2021-09-23 13:00:00+00:00,11.17939,56.1314083333,13.8,2725.091,7.7519,0.016100100000000003,0.11926,7.7519,0.17889,50.6855,No (reported postion),cruise,2021-09-23 13:00:00
2021-09-23 14:00:00+00:00,10.9689183333,55.9315733333,14.0,2725.091,7.7519,0.016100100000000003,0.11926,7.7519,0.17889,50.6855,No (reported postion),cruise,2021-09-23 14:00:00
2021-09-23 15:00:00+00:00,10.7989583333,55.747115,15.4,2725.091,7.7519,0.016100100000000003,0.11926,7.7519,0.17889,50.6855,No (reported postion),cruise,2021-09-23 15:00:00
2021-09-23 16:00:00+00:00,10.8793616667,55.4961366667,16.4,2725.091,7.7519,0.016100100000000003,0.11926,7.7519,0.17889,50.6855,No (reported postion),cruise,2021-09-23 16:00:00
2021-09-23 17:00:00+00:00,11.0779466667,55.2550116667,17.0,2725.091,7.7519,0.016100100000000003,0.11926,7.7519,0.17889,50.6855,No (reported postion),cruise,2021-09-23 17:00:00
2021-09-23 18:00:00+00:00,11.0122483333,54.9933316667,15.7,2725.091,7.7519,0.016100100000000003,0.11926,7.7519,0.17889,50.6855,No (reported postion),cruise,2021-09-23 18:00:00
2021-09-23 19:00:00+00:00,10.86155,54.74204,16.5,2725.091,7.7519,0.016100100000000003,0.11926,7.7519,0.17889,50.6855,No (reported postion),cruise,2021-09-23 19:00:00
2021-09-23 20:00:00+00:00,11.2229466667,54.5726033333,18.3,2226.09622960257,6.3324400404449595,0.0131519908532318,0.0974221544683839,6.3324400404449595,0.146133231702576,41.4044156490632,No (reported postion),cruise,2021-09-23 20:00:00
2021-09-23 21:00:00+00:00,11.663735,54.4399016667,16.4,2725.091,7.7519,0.016100100000000003,0.11926,7.7519,0.17889,50.6855,No (reported postion),cruise,2021-09-23 21:00:00
2021-09-23 22:00:00+00:00,12.0986366667,54.3996566667,15.6,2725.091,7.7519,0.016100100000000003,0.11926,7.7519,0.17889,50.6855,No (reported postion),cruise,2021-09-23 22:00:00
2021-09-23 23:00:00+00:00,12.3410933333,54.5941066667,15.4,2725.091,7.7519,0.016100100000000003,0.11926,7.7519,0.17889,50.6855,No (reported postion),cruise,2021-09-23 23:00:00
2021-09-24 00:00:00+00:00,12.6891666667,54.7360733333,14.4,2725.091,7.7519,0.016100100000000003,0.11926,7.7519,0.17889,50.6855,No (reported postion),cruise,2021-09-24 00:00:00
2021-09-24 01:00:00+00:00,13.069765,54.8226016667,13.6,2725.091,7.7519,0.016100100000000003,0.11926,7.7519,0.17889,50.6855,No (reported postion),cruise,2021-09-24 01:00:00
2021-09-24 02:00:00+00:00,13.4514633333,54.8956266667,13.8,2725.091,7.7519,0.016100100000000003,0.11926,7.7519,0.17889,50.6855,No (reported postion),cruise,2021-09-24 02:00:00
2021-09-24 03:00:00+00:00,13.8235283333,54.9608316667,13.5,2725.091,7.7519,0.016100100000000003,0.11926,7.7519,0.17889,50.6855,No (reported postion),cruise,2021-09-24 03:00:00
2021-09-24 04:00:00+00:00,14.1761583333,55.0493116667,13.5,2725.091,7.7519,0.016100100000000003,0.11926,7.7519,0.17889,50.6855,No (reported postion),cruise,2021-09-24 04:00:00
2021-09-24 05:00:00+00:00,14.4379633333,55.2144966667,13.3,2725.091,7.7519,0.016100100000000003,0.11926,7.7519,0.17889,50.6855,No (reported postion),cruise,2021-09-24 05:00:00
2021-09-24 06:00:00+00:00,14.6712166667,55.3910616667,14.1,2725.091,7.7519,0.016100100000000003,0.11926,7.7519,0.17889,50.6855,No (reported postion),cruise,2021-09-24 06:00:00
2021-09-24 07:00:00+00:00,15.0351766667,55.5166816667,14.2,2725.091,7.7519,0.016100100000000003,0.11926,7.7519,0.17889,50.6855,No (reported postion),cruise,2021-09-24 07:00:00
2021-09-24 08:00:00+00:00,15.3718383333,55.6185816667,12.1,2725.091,7.7519,0.016100100000000003,0.11926,7.7519,0.17889,50.6855,No (reported postion),cruise,2021-09-24 08:00:00
2021-09-24 09:00:00+00:00,15.67482,55.7104916667,11.7,2648.01379042449,7.53264316750948,0.0156447204248274,0.115886817961684,7.53264316750948,0.173830226942526,49.2518976337158,No (reported postion),cruise,2021-09-24 09:00:00
2021-09-24 10:00:00+00:00,15.9755766667,55.806605,11.6,2583.36682912065,7.348745903406679,0.0152627799532293,0.11305762928318,7.348745903406679,0.169586443924769,48.0494924453513,No (reported postion),cruise,2021-09-24 10:00:00
2021-09-24 11:00:00+00:00,16.2730566667,55.9029566667,11.5,2519.82491693801,7.16799210507531,0.014887368218233301,0.11027680161654299,7.16799210507531,0.165415202424815,46.8676406870309,No (reported postion),cruise,2021-09-24 11:00:00
2021-09-24 12:00:00+00:00,16.5598566667,55.99293,10.3,1840.04823426707,5.23427287647087,0.0108711821280549,0.0805272750226287,5.23427287647087,0.120790912533943,34.2240918846172,No (reported postion),cruise,2021-09-24 12:00:00
2021-09-24 13:00:00+00:00,16.8286733333,56.1006066667,11.3,2396.0181347941902,6.81580651035545,0.014155905829199799,0.10485856169777599,6.81580651035545,0.157287842546664,44.564888721554894,No (reported postion),cruise,2021-09-24 13:00:00
2021-09-24 14:00:00+00:00,16.9499566667,56.279815,11.3,2396.0181347941902,6.81580651035545,0.014155905829199799,0.10485856169777599,6.81580651035545,0.157287842546664,44.564888721554894,No (reported postion),cruise,2021-09-24 14:00:00
2021-09-24 15:00:00+00:00,17.085705,56.464255,11.65,2725.091,7.7519,0.016100100000000003,0.11926,7.7519,0.17889,50.6855,Linear (small gap),cruise,2021-09-24 15:00:00
2021-09-24 16:00:00+00:00,17.2214533333,56.648695,12.0,2725.091,7.7519,0.016100100000000003,0.11926,7.7519,0.17889,50.6855,No (reported postion),cruise,2021-09-24 16:00:00
2021-09-24 17:00:00+00:00,17.3504983333,56.8249233333,11.6,2583.36682912065,7.348745903406679,0.0152627799532293,0.11305762928318,7.348745903406679,0.169586443924769,48.0494924453513,No (reported postion),cruise,2021-09-24 17:00:00
2021-09-24 18:00:00+00:00,17.5034483333,57.0297383333,11.5,2519.82491693801,7.16799210507531,0.014887368218233301,0.11027680161654299,7.16799210507531,0.165415202424815,46.8676406870309,No (reported postion),cruise,2021-09-24 18:00:00
2021-09-24 19:00:00+00:00,17.6078716667,57.1866383333,11.6,2583.36682912065,7.348745903406679,0.0152627799532293,0.11305762928318,7.348745903406679,0.169586443924769,48.0494924453513,No (reported postion),cruise,2021-09-24 19:00:00
2021-09-24 20:00:00+00:00,17.7423666667,57.366315,11.9,2725.091,7.7519,0.016100100000000003,0.11926,7.7519,0.17889,50.6855,No (reported postion),cruise,2021-09-24 20:00:00
2021-09-24 21:00:00+00:00,18.0034,57.6598866667,11.4,2457.37852759103,6.99035467367252,0.0145184289376275,0.1075439180565,6.99035467367252,0.16131587708475,45.706165174012604,No (reported postion),cruise,2021-09-24 21:00:00
2021-09-24 22:00:00+00:00,18.06227,57.7142933333,11.5,2519.82491693801,7.16799210507531,0.014887368218233301,0.11027680161654299,7.16799210507531,0.165415202424815,46.8676406870309,No (reported postion),cruise,2021-09-24 22:00:00
2021-09-24 23:00:00+00:00,18.23885,57.8847,11.5,2519.82491693801,7.16799210507531,0.014887368218233301,0.11027680161654299,7.16799210507531,0.165415202424815,46.8676406870309,No (reported postion),cruise,2021-09-24 23:00:00
2021-09-25 00:00:00+00:00,18.41213,58.0456066667,11.6,2583.36682912065,7.348745903406679,0.0152627799532293,0.11305762928318,7.348745903406679,0.169586443924769,48.0494924453513,No (reported postion),cruise,2021-09-25 00:00:00
2021-09-25 01:00:00+00:00,18.6333625,58.25791333335,11.55,2725.091,7.7519,0.016100100000000003,0.11926,7.7519,0.17889,50.6855,Linear (small gap),cruise,2021-09-25 01:00:00
2021-09-25 02:00:00+00:00,18.854595,58.47022,11.5,2519.82491693801,7.16799210507531,0.014887368218233301,0.11027680161654299,7.16799210507531,0.165415202424815,46.8676406870309,No (reported postion),cruise,2021-09-25 02:00:00
2021-09-25 03:00:00+00:00,19.0802855555667,58.6490355555667,11.3333333333333,2725.091,7.7519,0.016100100000000003,0.11926,7.7519,0.17889,50.6855,Linear (small gap),cruise,2021-09-25 03:00:00
2021-09-25 04:00:00+00:00,19.3059761111333,58.8278511111333,11.1666666666667,2725.091,7.7519,0.016100100000000003,0.11926,7.7519,0.17889,50.6855,Linear (small gap),cruise,2021-09-25 04:00:00
2021-09-25 05:00:00+00:00,19.5316666667,59.0066666667,11.0,2218.3576728491803,6.31042664049,0.0131062707148639,0.09708348677676931,6.31042664049,0.145625230165154,41.260481880127,No (reported postion),cruise,2021-09-25 05:00:00
2021-09-25 06:00:00+00:00,19.7466666667,59.16,11.0,2218.3576728491803,6.31042664049,0.0131062707148639,0.09708348677676931,6.31042664049,0.145625230165154,41.260481880127,No (reported postion),cruise,2021-09-25 06:00:00
2021-09-25 07:00:00+00:00,19.8416,59.2279,11.4,2457.37852759103,6.99035467367252,0.0145184289376275,0.1075439180565,6.99035467367252,0.16131587708475,45.706165174012604,No (reported postion),cruise,2021-09-25 07:00:00
2021-09-25 08:00:00+00:00,20.0404,59.3677,11.7,2648.01379042449,7.53264316750948,0.0156447204248274,0.115886817961684,7.53264316750948,0.173830226942526,49.2518976337158,No (reported postion),cruise,2021-09-25 08:00:00
2021-09-25 09:00:00+00:00,20.17868,59.5730283333,11.1,2276.51723370879,6.475869592607051,0.013449883000030001,0.09962876296318539,6.475869592607051,0.149443144444778,42.342224259353806,No (reported postion),cruise,2021-09-25 09:00:00
2021-09-25 10:00:00+00:00,19.9836433333,59.6655333333,11.1,2276.51723370879,6.475869592607051,0.013449883000030001,0.09962876296318539,6.475869592607051,0.149443144444778,42.342224259353806,No (reported postion),cruise,2021-09-25 10:00:00
2021-09-25 11:00:00+00:00,19.7312,59.8036,11.4,2457.37852759103,6.99035467367252,0.0145184289376275,0.1075439180565,6.99035467367252,0.16131587708475,45.706165174012604,No (reported postion),cruise,2021-09-25 11:00:00
2021-09-25 12:00:00+00:00,19.5352016667,59.9516533333,11.6,2583.36682912065,7.348745903406679,0.0152627799532293,0.11305762928318,7.348745903406679,0.169586443924769,48.0494924453513,No (reported postion),cruise,2021-09-25 12:00:00
2021-09-25 13:00:00+00:00,19.2497,60.0855183333,11.7,2648.01379042449,7.53264316750948,0.0156447204248274,0.115886817961684,7.53264316750948,0.173830226942526,49.2518976337158,No (reported postion),cruise,2021-09-25 13:00:00
2021-09-25 14:00:00+00:00,19.0613383333,60.2500983333,11.6,2583.36682912065,7.348745903406679,0.0152627799532293,0.11305762928318,7.348745903406679,0.169586443924769,48.0494924453513,No (reported postion),cruise,2021-09-25 14:00:00
2021-09-25 15:00:00+00:00,19.0409383333,60.4376333333,11.3,2396.0181347941902,6.81580651035545,0.014155905829199799,0.10485856169777599,6.81580651035545,0.157287842546664,44.564888721554894,No (reported postion),cruise,2021-09-25 15:00:00
2021-09-25 16:00:00+00:00,19.2852,60.597,11.9,2725.091,7.7519,0.016100100000000003,0.11926,7.7519,0.17889,50.6855,No (reported postion),cruise,2021-09-25 16:00:00
2021-09-25 17:00:00+00:00,19.5671,60.7439,12.2,2725.091,7.7519,0.016100100000000003,0.11926,7.7519,0.17889,50.6855,No (reported postion),cruise,2021-09-25 17:00:00
2021-09-25 18:00:00+00:00,19.8521,60.8977,11.9,2725.091,7.7519,0.016100100000000003,0.11926,7.7519,0.17889,50.6855,No (reported postion),cruise,2021-09-25 18:00:00
2021-09-25 19:00:00+00:00,20.1152,61.0348,12.1,2725.091,7.7519,0.016100100000000003,0.11926,7.7519,0.17889,50.6855,No (reported postion),cruise,2021-09-25 19:00:00
2021-09-25 20:00:00+00:00,20.4193,61.1901,11.9,2725.091,7.7519,0.016100100000000003,0.11926,7.7519,0.17889,50.6855,No (reported postion),cruise,2021-09-25 20:00:00
2021-09-25 21:00:00+00:00,20.7038,61.3275,12.1,2725.091,7.7519,0.016100100000000003,0.11926,7.7519,0.17889,50.6855,No (reported postion),cruise,2021-09-25 21:00:00
2021-09-25 22:00:00+00:00,21.004,61.476,12.2,2725.091,7.7519,0.016100100000000003,0.11926,7.7519,0.17889,50.6855,No (reported postion),cruise,2021-09-25 22:00:00
2021-09-25 23:00:00+00:00,21.2666,61.6027,8.0,882.675798418095,2.51089395611274,0.00521493360115724,0.0386291377863499,2.51089395611274,0.0579437066795249,16.4173835591987,No (reported postion),cruise,2021-09-25 23:00:00
2021-09-26 00:00:00+00:00,21.2743666666667,61.6048277777778,7.59444444444444,2230.26308522084,6.344293240234331,0.0131766090374098,0.0976045113882205,6.344293240234331,0.146406767082331,41.4819173399937,Linear (small gap),cruise,2021-09-26 00:00:00
2021-09-26 01:00:00+00:00,21.2821333333333,61.6069555555556,7.18888888888889,1907.66076762139,5.42660612233657,0.011270643484852901,0.0834862480359473,5.42660612233657,0.12522937205392098,35.4816554152776,Linear (small gap),cruise,2021-09-26 01:00:00
2021-09-26 02:00:00+00:00,21.2899,61.6090833333333,6.78333333333333,1619.47885082791,4.60683261723476,0.0095680369742568,0.0708743479574578,4.60683261723476,0.10631152193618701,30.121597881919598,Linear (small gap),cruise,2021-09-26 02:00:00
2021-09-26 03:00:00+00:00,21.2976666666667,61.6112111111111,6.37777777777778,1363.7755347949198,3.87944900488707,0.00805731716399622,0.059683830844416495,3.87944900488707,0.0895257462666247,25.365628108877,Linear (small gap),cruise,2021-09-26 03:00:00
2021-09-26 04:00:00+00:00,21.3054333333333,61.6133388888889,5.97222222222222,1138.60901947695,3.23893156525171,0.00672701171244586,0.0498297163884878,3.23893156525171,0.0747445745827318,21.1776294651073,Linear (small gap),cruise,2021-09-26 04:00:00
2021-09-26 05:00:00+00:00,21.3132,61.6154666666667,5.56666666666667,942.0375048285331,2.67975657828686,0.00556564827798039,0.0412270242813362,2.67975657828686,0.0618405364220044,17.521485319567898,Linear (small gap),cruise,2021-09-26 05:00:00
2021-09-26 06:00:00+00:00,21.3209666666667,61.6175944444444,5.16111111111111,772.119190804209,2.1964003239507,0.00456175451897454,0.033790774214626194,2.1964003239507,0.0506861613219393,14.361079041216101,Linear (small gap),cruise,2021-09-26 06:00:00
2021-09-26 07:00:00+00:00,21.3287333333333,61.6197222222222,4.75555555555556,626.912277358505,1.78333908220144,0.00370385809380298,0.0274359858800221,1.78333908220144,0.041153978820033105,11.6602939990094,Linear (small gap),cruise,2021-09-26 07:00:00
2021-09-26 08:00:00+00:00,21.3365,61.62185,4.35,504.474964445955,1.79858485555636,0.0029804866608404298,0.0231263397073397,1.50321208097708,0.0360003354836987,12.0570984441909,Linear (small gap),cruise,2021-09-26 08:00:00
2021-09-26 09:00:00+00:00,21.3442666666667,61.6239777777778,3.94444444444444,402.865452021091,1.6880910803259601,0.00238016787846159,0.0194551954181201,1.2645877021778,0.0311374241032485,11.7020931339946,Linear (small gap),cruise,2021-09-26 09:00:00
2021-09-26 10:00:00+00:00,21.3520333333333,61.6261055555556,3.53888888888889,320.141940038445,1.63248034588393,0.00189142940504114,0.0165514469955722,1.0758440547122,0.0277915057717877,12.0337399466597,Linear (small gap),cruise,2021-09-26 10:00:00
2021-09-26 11:00:00+00:00,21.3598,61.6282333333333,3.13333333333333,254.362628452551,1.68309767917267,0.0015027988989538,0.0150509499135265,0.978311744379224,0.0268874417096195,14.0307460328951,Linear (small gap),cruise,2021-09-26 11:00:00
2021-09-26 12:00:00+00:00,21.3675666666667,61.6303611111111,2.72777777777778,250.184365790969,1.4745366578208299,0.00147811332086568,0.0158458124119119,1.02997780677427,0.0291511789901201,16.222911539054998,Linear (small gap),anchor,2021-09-26 12:00:00
2021-09-26 13:00:00+00:00,21.3753333333333,61.6324888888889,2.32222222222222,238.378598875028,1.14878015714246,0.0014083637132660302,0.0134536592031238,0.87448784820305,0.0235014607745484,11.5721627034383,Linear (small gap),anchor,2021-09-26 13:00:00
2021-09-26 14:00:00+00:00,21.3831,61.6346166666667,1.91666666666667,230.053181999323,0.91905694750867,0.0013591763487925,0.011766714777105699,0.7648364605118699,0.0195172842521924,8.29245854559761,Linear (small gap),anchor,2021-09-26 14:00:00
2021-09-26 15:00:00+00:00,21.3908666666667,61.6367444444444,1.51111111111111,224.60030283625298,0.768595664693971,0.0013269602136934,0.0106618206622254,0.6930183430446479,0.0169077773091651,6.14435824860075,Linear (small gap),anchor,2021-09-26 15:00:00
2021-09-26 16:00:00+00:00,21.3986333333333,61.6388722222222,1.10555555555556,221.412149058216,0.680624944472873,0.00130812429421703,0.010015818386850799,0.6510281951452991,0.015382067831579499,4.88842099551557,Linear (small gap),anchor,2021-09-26 16:00:00
2021-09-26 17:00:00+00:00,21.4064,61.641,0.7,219.880908337612,0.6383734226198879,0.00129907757661171,0.00970554947934985,0.63086071615774,0.0146492837055487,4.28520596940987,No (reported postion),anchor,2021-09-26 17:00:00
2021-09-26 18:00:00+00:00,21.3469,61.6357,9.6,1448.74369966647,4.12115275616282,0.00855931726279971,0.0634023500948126,4.12115275616282,0.095103525142219,26.945998790295402,No (reported postion),cruise,2021-09-26 18:00:00
2021-09-26 19:00:00+00:00,21.0627583333,61.5088133333,11.6,2583.36682912065,7.348745903406679,0.0152627799532293,0.11305762928318,7.348745903406679,0.169586443924769,48.0494924453513,No (reported postion),cruise,2021-09-26 19:00:00
2021-09-26 20:00:00+00:00,20.78933,61.372785,11.8,2713.77532713504,7.71971099622658,0.0160332459152398,0.11876478455733201,7.71971099622658,0.178147176835998,50.4750334368661,No (reported postion),cruise,2021-09-26 20:00:00
2021-09-26 21:00:00+00:00,20.491765,61.23402,12.0,2725.091,7.7519,0.016100100000000003,0.11926,7.7519,0.17889,50.6855,No (reported postion),cruise,2021-09-26 21:00:00
2021-09-26 22:00:00+00:00,20.1905366667,61.0991133333,11.8,2713.77532713504,7.71971099622658,0.0160332459152398,0.11876478455733201,7.71971099622658,0.178147176835998,50.4750334368661,No (reported postion),cruise,2021-09-26 22:00:00
2021-09-26 23:00:00+00:00,19.901505,60.9663233333,11.6,2583.36682912065,7.348745903406679,0.0152627799532293,0.11305762928318,7.348745903406679,0.169586443924769,48.0494924453513,No (reported postion),cruise,2021-09-26 23:00:00
2021-09-27 00:00:00+00:00,19.6199116667,60.8289016667,11.7,2648.01379042449,7.53264316750948,0.0156447204248274,0.115886817961684,7.53264316750948,0.173830226942526,49.2518976337158,No (reported postion),cruise,2021-09-27 00:00:00
2021-09-27 01:00:00+00:00,19.3408983333,60.6878166667,11.8,2713.77532713504,7.71971099622658,0.0160332459152398,0.11876478455733201,7.71971099622658,0.178147176835998,50.4750334368661,No (reported postion),cruise,2021-09-27 01:00:00
2021-09-27 02:00:00+00:00,19.0536,60.543,11.8,2713.77532713504,7.71971099622658,0.0160332459152398,0.11876478455733201,7.71971099622658,0.178147176835998,50.4750334368661,No (reported postion),cruise,2021-09-27 02:00:00
2021-09-27 03:00:00+00:00,18.99515,60.3656266667,11.7,2648.01379042449,7.53264316750948,0.0156447204248274,0.115886817961684,7.53264316750948,0.173830226942526,49.2518976337158,No (reported postion),cruise,2021-09-27 03:00:00
2021-09-27 04:00:00+00:00,19.0327,60.1733083333,11.8,2713.77532713504,7.71971099622658,0.0160332459152398,0.11876478455733201,7.71971099622658,0.178147176835998,50.4750334368661,No (reported postion),cruise,2021-09-27 04:00:00
2021-09-27 05:00:00+00:00,19.275125,60.021935,11.4,2457.37852759103,6.99035467367252,0.0145184289376275,0.1075439180565,6.99035467367252,0.16131587708475,45.706165174012604,No (reported postion),cruise,2021-09-27 05:00:00
2021-09-27 06:00:00+00:00,19.5205816667,59.87595,11.7,2648.01379042449,7.53264316750948,0.0156447204248274,0.115886817961684,7.53264316750948,0.173830226942526,49.2518976337158,No (reported postion),cruise,2021-09-27 06:00:00
2021-09-27 07:00:00+00:00,19.77833,59.7313666667,11.5,2519.82491693801,7.16799210507531,0.014887368218233301,0.11027680161654299,7.16799210507531,0.165415202424815,46.8676406870309,No (reported postion),cruise,2021-09-27 07:00:00
2021-09-27 08:00:00+00:00,19.9635616667,59.5702883333,11.7,2648.01379042449,7.53264316750948,0.0156447204248274,0.115886817961684,7.53264316750948,0.173830226942526,49.2518976337158,No (reported postion),cruise,2021-09-27 08:00:00
2021-09-27 09:00:00+00:00,19.8009,59.3894,11.7,2648.01379042449,7.53264316750948,0.0156447204248274,0.115886817961684,7.53264316750948,0.173830226942526,49.2518976337158,No (reported postion),cruise,2021-09-27 09:00:00
2021-09-27 10:00:00+00:00,19.6078983333,59.226755,11.7,2648.01379042449,7.53264316750948,0.0156447204248274,0.115886817961684,7.53264316750948,0.173830226942526,49.2518976337158,No (reported postion),cruise,2021-09-27 10:00:00
2021-09-27 11:00:00+00:00,19.36545,59.01189,11.8,2713.77532713504,7.71971099622658,0.0160332459152398,0.11876478455733201,7.71971099622658,0.178147176835998,50.4750334368661,No (reported postion),cruise,2021-09-27 11:00:00
2021-09-27 12:00:00+00:00,19.1816333333333,58.8449933333333,11.8333333333333,2725.091,7.7519,0.016100100000000003,0.11926,7.7519,0.17889,50.6855,Linear (small gap),cruise,2021-09-27 12:00:00
2021-09-27 13:00:00+00:00,18.9978166666667,58.6780966666667,11.8666666666667,2725.091,7.7519,0.016100100000000003,0.11926,7.7519,0.17889,50.6855,Linear (small gap),cruise,2021-09-27 13:00:00
2021-09-27 14:00:00+00:00,18.814,58.5112,11.9,2725.091,7.7519,0.016100100000000003,0.11926,7.7519,0.17889,50.6855,No (reported postion),cruise,2021-09-27 14:00:00
2021-09-27 15:00:00+00:00,18.6864,58.4013,8.9,1224.3993303386999,3.48297402503351,0.00723386912891575,0.0535842157697463,3.48297402503351,0.0803763236546194,22.7732917021422,No (reported postion),cruise,2021-09-27 15:00:00
2021-09-27 16:00:00+00:00,18.5477133333,58.276135,8.8,1187.09280849878,3.37685043993088,0.007013458606010299,0.0519515452297059,3.37685043993088,0.0779273178445589,22.079406722625002,No (reported postion),cruise,2021-09-27 16:00:00
2021-09-27 17:00:00+00:00,18.3940733333,58.1348783333,8.9,1224.3993303386999,3.48297402503351,0.00723386912891575,0.0535842157697463,3.48297402503351,0.0803763236546194,22.7732917021422,No (reported postion),cruise,2021-09-27 17:00:00
2021-09-27 18:00:00+00:00,18.26342,58.0143666667,9.5,1466.37650902259,4.17131173244937,0.008663493598164089,0.0641740266530673,4.17131173244937,0.0962610399796009,27.2739613275536,No (reported postion),cruise,2021-09-27 18:00:00
2021-09-27 19:00:00+00:00,18.0929,57.869,9.3,1382.1990746731399,3.93185732401549,0.00816616521141679,0.0604901126771614,3.93185732401549,0.0907351690157421,25.7082978877936,No (reported postion),cruise,2021-09-27 19:00:00
2021-09-27 20:00:00+00:00,17.8664183333,57.664105,12.0,2725.091,7.7519,0.016100100000000003,0.11926,7.7519,0.17889,50.6855,No (reported postion),cruise,2021-09-27 20:00:00
2021-09-27 21:00:00+00:00,17.7100366667,57.5190466667,12.0,2725.091,7.7519,0.016100100000000003,0.11926,7.7519,0.17889,50.6855,No (reported postion),cruise,2021-09-27 21:00:00
2021-09-27 22:00:00+00:00,17.5932016667,57.3639766667,11.7,2648.01379042449,7.53264316750948,0.0156447204248274,0.115886817961684,7.53264316750948,0.173830226942526,49.2518976337158,No (reported postion),cruise,2021-09-27 22:00:00
2021-09-27 23:00:00+00:00,17.4620533333,57.17588,11.4,2457.37852759103,6.99035467367252,0.0145184289376275,0.1075439180565,6.99035467367252,0.16131587708475,45.706165174012604,No (reported postion),cruise,2021-09-27 23:00:00
2021-09-28 00:00:00+00:00,17.3327583333,57.0082383333,11.4,2457.37852759103,6.99035467367252,0.0145184289376275,0.1075439180565,6.99035467367252,0.16131587708475,45.706165174012604,No (reported postion),cruise,2021-09-28 00:00:00
2021-09-28 01:00:00+00:00,17.2177016667,56.829025,11.2,2335.7342122619502,6.64432051628125,0.013799742610738,0.102220315635096,6.64432051628125,0.15333047345264397,43.4436341449158,No (reported postion),cruise,2021-09-28 01:00:00
2021-09-28 02:00:00+00:00,17.0842066667,56.6481233333,12.0,2725.091,7.7519,0.016100100000000003,0.11926,7.7519,0.17889,50.6855,No (reported postion),cruise,2021-09-28 02:00:00
2021-09-28 03:00:00+00:00,16.9241633333,56.424885,11.9,2725.091,7.7519,0.016100100000000003,0.11926,7.7519,0.17889,50.6855,No (reported postion),cruise,2021-09-28 03:00:00
2021-09-28 04:00:00+00:00,16.7385516667,56.166515,12.1,2725.091,7.7519,0.016100100000000003,0.11926,7.7519,0.17889,50.6855,No (reported postion),cruise,2021-09-28 04:00:00
2021-09-28 05:00:00+00:00,16.61403,56.115045,12.5,2725.091,7.7519,0.016100100000000003,0.11926,7.7519,0.17889,50.6855,No (reported postion),cruise,2021-09-28 05:00:00
2021-09-28 06:00:00+00:00,16.3126416667,56.0037966667,11.9,2725.091,7.7519,0.016100100000000003,0.11926,7.7519,0.17889,50.6855,No (reported postion),cruise,2021-09-28 06:00:00
2021-09-28 07:00:00+00:00,16.0053233333,55.90147,11.9,2725.091,7.7519,0.016100100000000003,0.11926,7.7519,0.17889,50.6855,No (reported postion),cruise,2021-09-28 07:00:00
2021-09-28 08:00:00+00:00,15.7024216667,55.7981366667,12.0,2725.091,7.7519,0.016100100000000003,0.11926,7.7519,0.17889,50.6855,No (reported postion),cruise,2021-09-28 08:00:00
2021-09-28 09:00:00+00:00,15.4039916667,55.6957533333,11.8,2713.77532713504,7.71971099622658,0.0160332459152398,0.11876478455733201,7.71971099622658,0.178147176835998,50.4750334368661,No (reported postion),cruise,2021-09-28 09:00:00
2021-09-28 10:00:00+00:00,15.109545,55.5912533333,11.7,2648.01379042449,7.53264316750948,0.0156447204248274,0.115886817961684,7.53264316750948,0.173830226942526,49.2518976337158,No (reported postion),cruise,2021-09-28 10:00:00
2021-09-28 11:00:00+00:00,14.7995116667,55.50616,11.6,2583.36682912065,7.348745903406679,0.0152627799532293,0.11305762928318,7.348745903406679,0.169586443924769,48.0494924453513,No (reported postion),cruise,2021-09-28 11:00:00
2021-09-28 12:00:00+00:00,14.52032,55.400385,11.9,2725.091,7.7519,0.016100100000000003,0.11926,7.7519,0.17889,50.6855,No (reported postion),cruise,2021-09-28 12:00:00
2021-09-28 13:00:00+00:00,14.296105,55.2467333333,11.9,2725.091,7.7519,0.016100100000000003,0.11926,7.7519,0.17889,50.6855,No (reported postion),cruise,2021-09-28 13:00:00
2021-09-28 14:00:00+00:00,13.97777,55.221945,11.7,2648.01379042449,7.53264316750948,0.0156447204248274,0.115886817961684,7.53264316750948,0.173830226942526,49.2518976337158,No (reported postion),cruise,2021-09-28 14:00:00
2021-09-28 15:00:00+00:00,13.631505,55.2319616667,12.2,2725.091,7.7519,0.016100100000000003,0.11926,7.7519,0.17889,50.6855,No (reported postion),cruise,2021-09-28 15:00:00
2021-09-28 16:00:00+00:00,13.2767116667,55.24436,12.2,2725.091,7.7519,0.016100100000000003,0.11926,7.7519,0.17889,50.6855,No (reported postion),cruise,2021-09-28 16:00:00
2021-09-28 17:00:00+00:00,12.9266083333,55.2559716667,12.2,2725.091,7.7519,0.016100100000000003,0.11926,7.7519,0.17889,50.6855,No (reported postion),cruise,2021-09-28 17:00:00
2021-09-28 18:00:00+00:00,12.66982,55.3513283333,12.0,2725.091,7.7519,0.016100100000000003,0.11926,7.7519,0.17889,50.6855,No (reported postion),cruise,2021-09-28 18:00:00
2021-09-28 19:00:00+00:00,12.7157333333,55.5160883333,6.9,604.01109936041,1.78915317423843,0.00356855572926282,0.026652083604114397,1.7323854342674398,0.040305631598311895,11.6983092161743,No (reported postion),cruise,2021-09-28 19:00:00
2021-09-28 20:00:00+00:00,12.6892,55.6722933333,11.7,2537.4527560581996,7.21813694283516,0.0149915151889653,0.111048260659002,7.21813694283516,0.166572390988504,47.195510780076,No (reported postion),cruise,2021-09-28 20:00:00
2021-09-28 21:00:00+00:00,12.745045,55.8624233333,11.4,2355.10598291316,6.6994262095998005,0.013914192896861102,0.10306809553230499,6.6994262095998005,0.154602143298457,43.8039406012295,No (reported postion),cruise,2021-09-28 21:00:00
2021-09-28 22:00:00+00:00,12.6582866667,56.0466566667,12.0,2729.39456966107,7.764142101880511,0.0161255259039057,0.119448340028931,7.764142101880511,0.179172510043396,50.7655445122956,No (reported postion),cruise,2021-09-28 22:00:00
2021-09-28 23:00:00+00:00,12.4351416667,56.2016783333,11.5,2414.83731185375,6.86934027441986,0.0142670913391797,0.10568215806799801,6.86934027441986,0.158523237101997,44.9149171788991,No (reported postion),cruise,2021-09-28 23:00:00
2021-09-29 00:00:00+00:00,12.349085,56.3880366667,11.8,2713.77532713504,7.71971099622658,0.0160332459152398,0.11876478455733201,7.71971099622658,0.178147176835998,50.4750334368661,No (reported postion),cruise,2021-09-29 00:00:00
2021-09-29 01:00:00+00:00,12.2654866667,56.582035,12.0,2725.091,7.7519,0.016100100000000003,0.11926,7.7519,0.17889,50.6855,No (reported postion),cruise,2021-09-29 01:00:00
2021-09-29 02:00:00+00:00,12.1767766667,56.7743016667,12.0,2725.091,7.7519,0.016100100000000003,0.11926,7.7519,0.17889,50.6855,No (reported postion),cruise,2021-09-29 02:00:00
2021-09-29 03:00:00+00:00,12.082255,56.9692383333,12.2,2725.091,7.7519,0.016100100000000003,0.11926,7.7519,0.17889,50.6855,No (reported postion),cruise,2021-09-29 03:00:00
2021-09-29 04:00:00+00:00,11.9480516667,57.15468,11.5,2519.82491693801,7.16799210507531,0.014887368218233301,0.11027680161654299,7.16799210507531,0.165415202424815,46.8676406870309,No (reported postion),cruise,2021-09-29 04:00:00
2021-09-29 05:00:00+00:00,11.787,57.3227033333,11.3,2296.4134332813996,6.53246709686174,0.0135674316627128,0.100499493797873,6.53246709686174,0.150749240696809,42.712284864096,No (reported postion),cruise,2021-09-29 05:00:00
2021-09-29 06:00:00+00:00,11.6206883333,57.4889316667,11.1,2182.10822354754,6.207310045102401,0.012892105478289602,0.09549707761696,6.207310045102401,0.14324561642544,40.586257987208,No (reported postion),cruise,2021-09-29 06:00:00
2021-09-29 07:00:00+00:00,11.7406883333,57.6546166667,11.6,2475.61653220237,7.04223521195421,0.014626180824828,0.10834208018391099,7.04223521195421,0.16251312027586598,46.0453840781622,No (reported postion),cruise,2021-09-29 07:00:00
2021-09-29 08:00:00+00:00,11.873365,57.6905166667,0.0,219.36,0.624,0.001296,0.0096,0.624,0.0144,4.08,No (reported postion),anchor,2021-09-29 08:00:00
2021-09-29 09:00:00+00:00,11.8733616667,57.6904766667,0.0,219.36,0.624,0.001296,0.0096,0.624,0.0144,4.08,No (reported postion),anchor,2021-09-29 09:00:00
2021-09-29 10:00:00+00:00,11.873445,57.6905266667,0.0,219.36,0.624,0.001296,0.0096,0.624,0.0144,4.08,No (reported postion),anchor,2021-09-29 10:00:00
2021-09-29 11:00:00+00:00,11.8733966667,57.69046,0.0,219.36,0.624,0.001296,0.0096,0.624,0.0144,4.08,No (reported postion),anchor,2021-09-29 11:00:00
2021-09-29 12:00:00+00:00,11.87335,57.690505,0.0,219.36,0.624,0.001296,0.0096,0.624,0.0144,4.08,No (reported postion),anchor,2021-09-29 12:00:00
2021-09-29 13:00:00+00:00,11.87339,57.6904833333,0.0,219.36,0.624,0.001296,0.0096,0.624,0.0144,4.08,No (reported postion),anchor,2021-09-29 13:00:00
2021-09-29 14:00:00+00:00,11.8734083333,57.6904766667,0.0,219.36,0.624,0.001296,0.0096,0.624,0.0144,4.08,No (reported postion),anchor,2021-09-29 14:00:00
2021-09-29 15:00:00+00:00,11.873345,57.690475,0.0,219.36,0.624,0.001296,0.0096,0.624,0.0144,4.08,No (reported postion),anchor,2021-09-29 15:00:00
2021-09-29 16:00:00+00:00,11.8733883333,57.6905133333,0.0,219.36,0.624,0.001296,0.0096,0.624,0.0144,4.08,No (reported postion),anchor,2021-09-29 16:00:00
2021-09-29 17:00:00+00:00,11.8733466667,57.690465,0.0,219.36,0.624,0.001296,0.0096,0.624,0.0144,4.08,No (reported postion),anchor,2021-09-29 17:00:00
2021-09-29 18:00:00+00:00,11.873375,57.69047,0.0,219.36,0.624,0.001296,0.0096,0.624,0.0144,4.08,No (reported postion),anchor,2021-09-29 18:00:00
2021-09-29 19:00:00+00:00,11.8733666667,57.6904716667,0.0,219.36,0.624,0.001296,0.0096,0.624,0.0144,4.08,No (reported postion),anchor,2021-09-29 19:00:00
2021-09-29 20:00:00+00:00,11.8733383333,57.6904666667,0.0,219.36,0.624,0.001296,0.0096,0.624,0.0144,4.08,No (reported postion),anchor,2021-09-29 20:00:00
2021-09-29 21:00:00+00:00,11.8732966667,57.690485,0.0,219.36,0.624,0.001296,0.0096,0.624,0.0144,4.08,No (reported postion),anchor,2021-09-29 21:00:00
2021-09-29 22:00:00+00:00,11.873395,57.69046,0.0,219.36,0.624,0.001296,0.0096,0.624,0.0144,4.08,No (reported postion),anchor,2021-09-29 22:00:00
2021-09-29 23:00:00+00:00,11.8733616667,57.69045,0.0,219.36,0.624,0.001296,0.0096,0.624,0.0144,4.08,No (reported postion),anchor,2021-09-29 23:00:00
2021-09-30 00:00:00+00:00,11.873405,57.6904816667,0.0,219.36,0.624,0.001296,0.0096,0.624,0.0144,4.08,No (reported postion),anchor,2021-09-30 00:00:00
2021-09-30 01:00:00+00:00,11.873385,57.690495,0.0,219.36,0.624,0.001296,0.0096,0.624,0.0144,4.08,No (reported postion),anchor,2021-09-30 01:00:00
2021-09-30 02:00:00+00:00,11.8733033333,57.6904933333,0.0,219.36,0.624,0.001296,0.0096,0.624,0.0144,4.08,No (reported postion),anchor,2021-09-30 02:00:00
2021-09-30 03:00:00+00:00,11.873315,57.6905333333,0.0,219.36,0.624,0.001296,0.0096,0.624,0.0144,4.08,No (reported postion),anchor,2021-09-30 03:00:00
2021-09-30 04:00:00+00:00,11.873355,57.6905166667,0.0,219.36,0.624,0.001296,0.0096,0.624,0.0144,4.08,No (reported postion),anchor,2021-09-30 04:00:00
2021-09-30 05:00:00+00:00,11.87337,57.6904816667,0.0,219.36,0.624,0.001296,0.0096,0.624,0.0144,4.08,No (reported postion),anchor,2021-09-30 05:00:00
2021-09-30 06:00:00+00:00,11.8733783333,57.69047,0.0,219.36,0.624,0.001296,0.0096,0.624,0.0144,4.08,No (reported postion),anchor,2021-09-30 06:00:00
2021-09-30 07:00:00+00:00,11.87336,57.6904916667,0.0,219.36,0.624,0.001296,0.0096,0.624,0.0144,4.08,No (reported postion),anchor,2021-09-30 07:00:00
2021-09-30 08:00:00+00:00,11.873315,57.6904983333,0.0,219.36,0.624,0.001296,0.0096,0.624,0.0144,4.08,No (reported postion),anchor,2021-09-30 08:00:00
2021-09-30 09:00:00+00:00,11.8733466667,57.6904616667,0.0,219.36,0.624,0.001296,0.0096,0.624,0.0144,4.08,No (reported postion),anchor,2021-09-30 09:00:00
2021-09-30 10:00:00+00:00,11.8733633333,57.690475,0.0,219.36,0.624,0.001296,0.0096,0.624,0.0144,4.08,No (reported postion),anchor,2021-09-30 10:00:00
2021-09-30 11:00:00+00:00,11.8733666667,57.6904716667,0.0,219.36,0.624,0.001296,0.0096,0.624,0.0144,4.08,No (reported postion),anchor,2021-09-30 11:00:00
2021-09-30 12:00:00+00:00,11.873375,57.69049,0.0,219.36,0.624,0.001296,0.0096,0.624,0.0144,4.08,No (reported postion),anchor,2021-09-30 12:00:00
2021-09-30 13:00:00+00:00,11.69268,57.6395766667,11.4,2355.10598291316,6.6994262095998005,0.013914192896861102,0.10306809553230499,6.6994262095998005,0.154602143298457,43.8039406012295,No (reported postion),cruise,2021-09-30 13:00:00
2021-09-30 14:00:00+00:00,11.599655,57.4562266667,12.8,2725.091,7.7519,0.016100100000000003,0.11926,7.7519,0.17889,50.6855,No (reported postion),cruise,2021-09-30 14:00:00
2021-09-30 15:00:00+00:00,11.5765283333,57.240975,13.0,2725.091,7.7519,0.016100100000000003,0.11926,7.7519,0.17889,50.6855,No (reported postion),cruise,2021-09-30 15:00:00
2021-09-30 16:00:00+00:00,11.6818416667,57.0328216667,13.1,2725.091,7.7519,0.016100100000000003,0.11926,7.7519,0.17889,50.6855,No (reported postion),cruise,2021-09-30 16:00:00
2021-09-30 17:00:00+00:00,11.8086716667,56.8271266667,12.7,2725.091,7.7519,0.016100100000000003,0.11926,7.7519,0.17889,50.6855,No (reported postion),cruise,2021-09-30 17:00:00
2021-09-30 18:00:00+00:00,11.7482066667,56.6403266667,11.6,2583.36682912065,7.348745903406679,0.0152627799532293,0.11305762928318,7.348745903406679,0.169586443924769,48.0494924453513,No (reported postion),cruise,2021-09-30 18:00:00
2021-09-30 19:00:00+00:00,11.572,56.4684016667,12.0,2725.091,7.7519,0.016100100000000003,0.11926,7.7519,0.17889,50.6855,No (reported postion),cruise,2021-09-30 19:00:00
2021-09-30 20:00:00+00:00,11.3749316667,56.293705,12.5,2725.091,7.7519,0.016100100000000003,0.11926,7.7519,0.17889,50.6855,No (reported postion),cruise,2021-09-30 20:00:00
2021-09-30 21:00:00+00:00,11.1763783333,56.1287566667,11.9,2725.091,7.7519,0.016100100000000003,0.11926,7.7519,0.17889,50.6855,No (reported postion),cruise,2021-09-30 21:00:00
2021-09-30 22:00:00+00:00,11.001535,55.959815,12.0,2729.39456966107,7.764142101880511,0.0161255259039057,0.119448340028931,7.764142101880511,0.179172510043396,50.7655445122956,No (reported postion),cruise,2021-09-30 22:00:00
2021-09-30 23:00:00+00:00,10.8021266667,55.7950016667,11.7,2537.4527560581996,7.21813694283516,0.0149915151889653,0.111048260659002,7.21813694283516,0.166572390988504,47.195510780076,No (reported postion),cruise,2021-09-30 23:00:00
2021-10-01 00:00:00+00:00,10.80443,55.59479,12.3,2725.091,7.7519,0.016100100000000003,0.11926,7.7519,0.17889,50.6855,No (reported postion),cruise,2021-10-01 00:00:00
2021-10-01 01:00:00+00:00,10.972915,55.41693,11.9,2664.33266268836,7.579064467166011,0.015741133893344802,0.11660099180255401,7.579064467166011,0.17490148770383102,49.5554215160854,No (reported postion),cruise,2021-10-01 01:00:00
2021-10-01 02:00:00+00:00,11.0950066667,55.2332566667,12.4,2725.091,7.7519,0.016100100000000003,0.11926,7.7519,0.17889,50.6855,No (reported postion),cruise,2021-10-01 02:00:00
2021-10-01 03:00:00+00:00,11.0250533333,55.0459716667,11.9,2664.33266268836,7.579064467166011,0.015741133893344802,0.11660099180255401,7.579064467166011,0.17490148770383102,49.5554215160854,No (reported postion),cruise,2021-10-01 03:00:00
2021-10-01 04:00:00+00:00,10.8777983333,54.8768916667,11.8,2600.3550955204696,7.39707138769499,0.0153631482667511,0.113801098272231,7.39707138769499,0.17070164740834598,48.365466765698,No (reported postion),cruise,2021-10-01 04:00:00
2021-10-01 05:00:00+00:00,10.8546483333,54.6923083333,11.5,2519.82491693801,7.16799210507531,0.014887368218233301,0.11027680161654299,7.16799210507531,0.165415202424815,46.8676406870309,No (reported postion),cruise,2021-10-01 05:00:00
2021-10-01 06:00:00+00:00,11.1582433333,54.5922133333,12.3,2725.091,7.7519,0.016100100000000003,0.11926,7.7519,0.17889,50.6855,No (reported postion),cruise,2021-10-01 06:00:00
2021-10-01 07:00:00+00:00,11.4592266667,54.505015,12.3,2725.091,7.7519,0.016100100000000003,0.11926,7.7519,0.17889,50.6855,No (reported postion),cruise,2021-10-01 07:00:00
2021-10-01 08:00:00+00:00,11.7771916667,54.4147933333,12.7,2725.091,7.7519,0.016100100000000003,0.11926,7.7519,0.17889,50.6855,No (reported postion),cruise,2021-10-01 08:00:00
2021-10-01 09:00:00+00:00,12.1310616667,54.4066433333,12.6,2725.091,7.7519,0.016100100000000003,0.11926,7.7519,0.17889,50.6855,No (reported postion),cruise,2021-10-01 09:00:00
2021-10-01 10:00:00+00:00,12.3104616667,54.5752233333,12.5,2725.091,7.7519,0.016100100000000003,0.11926,7.7519,0.17889,50.6855,No (reported postion),cruise,2021-10-01 10:00:00
2021-10-01 11:00:00+00:00,12.6060816667,54.698295,12.7,2725.091,7.7519,0.016100100000000003,0.11926,7.7519,0.17889,50.6855,No (reported postion),cruise,2021-10-01 11:00:00
2021-10-01 12:00:00+00:00,12.933795,54.7859783333,12.6,2725.091,7.7519,0.016100100000000003,0.11926,7.7519,0.17889,50.6855,No (reported postion),cruise,2021-10-01 12:00:00
2021-10-01 13:00:00+00:00,13.28415,54.855605,12.7,2725.091,7.7519,0.016100100000000003,0.11926,7.7519,0.17889,50.6855,No (reported postion),cruise,2021-10-01 13:00:00
2021-10-01 14:00:00+00:00,13.633555,54.9244766667,12.7,2725.091,7.7519,0.016100100000000003,0.11926,7.7519,0.17889,50.6855,No (reported postion),cruise,2021-10-01 14:00:00
2021-10-01 15:00:00+00:00,13.9825183333,54.9937433333,12.9,2725.091,7.7519,0.016100100000000003,0.11926,7.7519,0.17889,50.6855,No (reported postion),cruise,2021-10-01 15:00:00
2021-10-01 16:00:00+00:00,14.2727133333,55.1240033333,13.3,2725.091,7.7519,0.016100100000000003,0.11926,7.7519,0.17889,50.6855,No (reported postion),cruise,2021-10-01 16:00:00
2021-10-01 17:00:00+00:00,14.4908366667,55.2800983333,11.0,2218.3576728491803,6.31042664049,0.0131062707148639,0.09708348677676931,6.31042664049,0.145625230165154,41.260481880127,No (reported postion),cruise,2021-10-01 17:00:00
2021-10-01 18:00:00+00:00,14.74387,55.42663,13.2,2725.091,7.7519,0.016100100000000003,0.11926,7.7519,0.17889,50.6855,No (reported postion),cruise,2021-10-01 18:00:00
2021-10-01 19:00:00+00:00,15.07708,55.5349066667,13.2,2725.091,7.7519,0.016100100000000003,0.11926,7.7519,0.17889,50.6855,No (reported postion),cruise,2021-10-01 19:00:00
2021-10-01 20:00:00+00:00,15.41904,55.63812,13.1,2725.091,7.7519,0.016100100000000003,0.11926,7.7519,0.17889,50.6855,No (reported postion),cruise,2021-10-01 20:00:00
2021-10-01 21:00:00+00:00,15.753535,55.7381633333,12.6,2725.091,7.7519,0.016100100000000003,0.11926,7.7519,0.17889,50.6855,No (reported postion),cruise,2021-10-01 21:00:00
2021-10-01 22:00:00+00:00,16.08515,55.841415,13.0,2725.091,7.7519,0.016100100000000003,0.11926,7.7519,0.17889,50.6855,No (reported postion),cruise,2021-10-01 22:00:00
2021-10-01 23:00:00+00:00,16.42235,55.95099,13.0,2725.091,7.7519,0.016100100000000003,0.11926,7.7519,0.17889,50.6855,No (reported postion),cruise,2021-10-01 23:00:00
2021-10-02 00:00:00+00:00,16.7725833333,56.064125,12.9,2725.091,7.7519,0.016100100000000003,0.11926,7.7519,0.17889,50.6855,No (reported postion),cruise,2021-10-02 00:00:00
2021-10-02 01:00:00+00:00,17.352565,56.32223,13.0,2725.091,7.7519,0.016100100000000003,0.11926,7.7519,0.17889,50.6855,No (reported postion),cruise,2021-10-02 01:00:00
2021-10-02 02:00:00+00:00,17.36832,56.3302816667,13.0,2725.091,7.7519,0.016100100000000003,0.11926,7.7519,0.17889,50.6855,No (reported postion),cruise,2021-10-02 02:00:00
2021-10-02 03:00:00+00:00,17.82197,56.5246416667,12.9,2725.091,7.7519,0.016100100000000003,0.11926,7.7519,0.17889,50.6855,No (reported postion),cruise,2021-10-02 03:00:00
2021-10-02 04:00:00+00:00,17.9820466667,56.5889816667,12.7,2725.091,7.7519,0.016100100000000003,0.11926,7.7519,0.17889,50.6855,No (reported postion),cruise,2021-10-02 04:00:00
2021-10-02 05:00:00+00:00,18.3102133333,56.723765,12.7,2725.091,7.7519,0.016100100000000003,0.11926,7.7519,0.17889,50.6855,No (reported postion),cruise,2021-10-02 05:00:00
2021-10-02 06:00:00+00:00,18.60377,56.8462133333,12.8,2725.091,7.7519,0.016100100000000003,0.11926,7.7519,0.17889,50.6855,No (reported postion),cruise,2021-10-02 06:00:00
2021-10-02 07:00:00+00:00,18.77679,56.9633266667,9.0,1262.55369159057,3.59150940715042,0.00745928876869703,0.0552539908792373,3.59150940715042,0.0828809863188559,23.4829461236758,No (reported postion),cruise,2021-10-02 07:00:00
2021-10-02 08:00:00+00:00,18.94034,57.0944183333,8.6,1114.98517791267,3.17173026539708,0.00658743978197855,0.0487958502368781,3.17173026539708,0.0731937753553172,20.7382363506732,No (reported postion),cruise,2021-10-02 08:00:00
2021-10-02 09:00:00+00:00,19.09222,57.2102533333,8.4,1046.15458954801,2.97593209280615,0.006180782038905089,0.0457835706585562,2.97593209280615,0.0686753559878343,19.4580175298864,No (reported postion),cruise,2021-10-02 09:00:00
2021-10-02 10:00:00+00:00,19.23811,57.32244,8.6,1114.98517791267,3.17173026539708,0.00658743978197855,0.0487958502368781,3.17173026539708,0.0731937753553172,20.7382363506732,No (reported postion),cruise,2021-10-02 10:00:00
2021-10-02 11:00:00+00:00,19.4033866667,57.44312,8.7,1150.62459978528,3.27311155299969,0.00679800091776859,0.0503555623538414,3.27311155299969,0.07553334353076209,21.4011140003826,No (reported postion),cruise,2021-10-02 11:00:00
2021-10-02 12:00:00+00:00,19.5558383333,57.5599716667,8.4,1046.15458954801,2.97593209280615,0.006180782038905089,0.0457835706585562,2.97593209280615,0.0686753559878343,19.4580175298864,No (reported postion),cruise,2021-10-02 12:00:00
2021-10-02 13:00:00+00:00,19.72322,57.6857266667,8.5,1080.16501659542,3.07267947828018,0.0063817189164280695,0.047271991973541296,3.07267947828018,0.0709079879603119,20.090596588755,No (reported postion),cruise,2021-10-02 13:00:00
2021-10-02 14:00:00+00:00,19.8770833333,57.7994933333,8.3,1012.94437048491,2.88146101013213,0.00598457286719749,0.044330169386648105,2.88146101013213,0.0664952540799721,18.8403219893254,No (reported postion),cruise,2021-10-02 14:00:00
2021-10-02 15:00:00+00:00,20.15198,57.9899466667,11.5,2519.82491693801,7.16799210507531,0.014887368218233301,0.11027680161654299,7.16799210507531,0.165415202424815,46.8676406870309,No (reported postion),cruise,2021-10-02 15:00:00
2021-10-02 16:00:00+00:00,20.348235,58.128960000025,11.425,2725.091,7.7519,0.016100100000000003,0.11926,7.7519,0.17889,50.6855,Linear (small gap),cruise,2021-10-02 16:00:00
2021-10-02 17:00:00+00:00,20.54449,58.26797333335,11.35,2725.091,7.7519,0.016100100000000003,0.11926,7.7519,0.17889,50.6855,Linear (small gap),cruise,2021-10-02 17:00:00
2021-10-02 18:00:00+00:00,20.740745,58.406986666675,11.275,2725.091,7.7519,0.016100100000000003,0.11926,7.7519,0.17889,50.6855,Linear (small gap),cruise,2021-10-02 18:00:00
2021-10-02 19:00:00+00:00,20.937,58.546,11.2,2335.7342122619502,6.64432051628125,0.013799742610738,0.102220315635096,6.64432051628125,0.15333047345264397,43.4436341449158,No (reported postion),cruise,2021-10-02 19:00:00
2021-10-02 20:00:00+00:00,21.1871,58.70765,11.2,2725.091,7.7519,0.016100100000000003,0.11926,7.7519,0.17889,50.6855,Linear (small gap),cruise,2021-10-02 20:00:00
2021-10-02 21:00:00+00:00,21.4372,58.8693,11.2,2335.7342122619502,6.64432051628125,0.013799742610738,0.102220315635096,6.64432051628125,0.15333047345264397,43.4436341449158,No (reported postion),cruise,2021-10-02 21:00:00
2021-10-02 22:00:00+00:00,21.604,58.9821,11.2,2335.7342122619502,6.64432051628125,0.013799742610738,0.102220315635096,6.64432051628125,0.15333047345264397,43.4436341449158,No (reported postion),cruise,2021-10-02 22:00:00
2021-10-02 23:00:00+00:00,21.8015,59.1115,11.0,2218.3576728491803,6.31042664049,0.0131062707148639,0.09708348677676931,6.31042664049,0.145625230165154,41.260481880127,No (reported postion),cruise,2021-10-02 23:00:00
2021-10-03 00:00:00+00:00,22.0757,59.2343,11.5,2519.82491693801,7.16799210507531,0.014887368218233301,0.11027680161654299,7.16799210507531,0.165415202424815,46.8676406870309,No (reported postion),cruise,2021-10-03 00:00:00
2021-10-03 01:00:00+00:00,22.3622,59.3534,11.3,2396.0181347941902,6.81580651035545,0.014155905829199799,0.10485856169777599,6.81580651035545,0.157287842546664,44.564888721554894,No (reported postion),cruise,2021-10-03 01:00:00
2021-10-03 02:00:00+00:00,22.6569433333,59.4502566667,11.3,2396.0181347941902,6.81580651035545,0.014155905829199799,0.10485856169777599,6.81580651035545,0.157287842546664,44.564888721554894,No (reported postion),cruise,2021-10-03 02:00:00
2021-10-03 03:00:00+00:00,23.00103,59.51293,11.2,2335.7342122619502,6.64432051628125,0.013799742610738,0.102220315635096,6.64432051628125,0.15333047345264397,43.4436341449158,No (reported postion),cruise,2021-10-03 03:00:00
2021-10-03 04:00:00+00:00,23.358725,59.5740966667,11.9,2725.091,7.7519,0.016100100000000003,0.11926,7.7519,0.17889,50.6855,No (reported postion),cruise,2021-10-03 04:00:00
2021-10-03 05:00:00+00:00,23.7225,59.6347,11.3,2396.0181347941902,6.81580651035545,0.014155905829199799,0.10485856169777599,6.81580651035545,0.157287842546664,44.564888721554894,No (reported postion),cruise,2021-10-03 05:00:00
2021-10-03 06:00:00+00:00,24.0086,59.7424,11.2,2335.7342122619502,6.64432051628125,0.013799742610738,0.102220315635096,6.64432051628125,0.15333047345264397,43.4436341449158,No (reported postion),cruise,2021-10-03 06:00:00
2021-10-03 07:00:00+00:00,24.1862416667,59.8964083333,9.9,1645.6675535070501,4.68133002091722,0.00972276235113576,0.0720204618602648,4.68133002091722,0.108030692790397,30.6086962906126,No (reported postion),cruise,2021-10-03 07:00:00
2021-10-03 08:00:00+00:00,23.9646,60.0076,3.4,164.800324494189,1.4009852686159199,0.000973656184101336,0.0122278226487104,0.794808472166175,0.0238666808573198,14.9222985028076,No (reported postion),cruise,2021-10-03 08:00:00
2021-10-03 09:00:00+00:00,23.9645256410256,60.0076769230769,3.424,299.871656419507,1.65636515469613,0.00177167061779578,0.0161067061779578,1.0469359015672501,0.0274842188294578,12.6413206448997,Linear (small gap),cruise,2021-10-03 09:00:00
2021-10-03 10:00:00+00:00,23.9644512820513,60.0077538461538,3.448,303.99588534570995,1.68510841318618,0.0017960369593729,0.016350369593729,1.06277402359239,0.027920105606559702,12.867611761583499,Linear (small gap),cruise,2021-10-03 10:00:00
2021-10-03 11:00:00+00:00,23.9643769230769,60.0078307692308,3.472,308.17792962502,1.71425460799932,0.00182074487962265,0.016597448796226502,1.07883417175473,0.028362102846583,13.097075132051101,Linear (small gap),cruise,2021-10-03 11:00:00
2021-10-03 12:00:00+00:00,23.9643025641026,60.0079076923077,3.496,312.41819168449,1.74380654379672,0.0018457967561227998,0.0168479675612281,1.0951178914798199,0.0288102530817524,13.3297328369553,Linear (small gap),cruise,2021-10-03 12:00:00
2021-10-03 13:00:00+00:00,23.9642282051282,60.0079846153846,3.52,316.717073951171,1.77376702523956,0.00187119496645112,0.017101949664511198,1.1116267281932302,0.029264598844292198,13.5656069569488,Linear (small gap),cruise,2021-10-03 13:00:00
2021-10-03 14:00:00+00:00,23.9641538461538,60.0080615384615,3.544,321.074978852115,1.63826641152493,0.00189694188818536,0.0166033051703364,1.07921483607187,0.0278821554946038,12.0774723129372,Linear (small gap),cruise,2021-10-03 14:00:00
2021-10-03 15:00:00+00:00,23.9640794871795,60.0081384615385,3.568,325.492308814375,1.6656596568488802,0.00192303989890331,0.016848819789682997,1.0951732863293901,0.0283113227819655,12.2845165312996,Linear (small gap),cruise,2021-10-03 15:00:00
2021-10-03 16:00:00+00:00,23.9640051282051,60.0082153846154,3.592,329.96946626500096,1.69342391114883,0.00194949137618272,0.0170976596129782,1.11134787484358,0.0287463026305603,12.4943649177163,Linear (small gap),cruise,2021-10-03 16:00:00
2021-10-03 17:00:00+00:00,23.9639307692308,60.0082923076923,3.616,334.506853631046,1.72156167000084,0.00197629869760137,0.0173498470070647,1.12774005545921,0.0291871341383336,12.7070363343042,Linear (small gap),cruise,2021-10-03 17:00:00
2021-10-03 18:00:00+00:00,23.9638564102564,60.0083692307692,3.64,339.104873339562,1.7500754289809999,0.0020034642407370197,0.0176054043387853,1.1443512820210402,0.0296338564032309,12.9225496431803,Linear (small gap),cruise,2021-10-03 18:00:00
2021-10-03 19:00:00+00:00,23.9637820512821,60.0084461538462,3.664,343.763927817599,1.77896768366538,0.00203099038316744,0.0178643539749825,1.1611830083738701,0.0300865085231978,13.140923706461699,Linear (small gap),cruise,2021-10-03 19:00:00
2021-10-03 20:00:00+00:00,23.9637076923077,60.0085230769231,3.688,348.48441949221103,1.66285533549136,0.00205887950247039,0.0175941703186213,1.14362107071039,0.028947485704546,11.8231137706579,Linear (small gap),cruise,2021-10-03 20:00:00
2021-10-03 21:00:00+00:00,23.9636333333333,60.0086,3.712,353.266750790448,1.68965522707733,0.0020871339762236598,0.017849507044391602,1.16021795788545,0.029380720968762698,12.017023177564601,Linear (small gap),cruise,2021-10-03 21:00:00
2021-10-03 22:00:00+00:00,23.963558974359,60.0086769230769,3.736,358.11132413936303,1.7168039193017701,0.00211575618200499,0.018108166978119202,1.1770308535777498,0.029819594790743198,12.213456315760201,Linear (small gap),cruise,2021-10-03 22:00:00
2021-10-03 23:00:00+00:00,23.9634846153846,60.0087538461538,3.76,363.018541966008,1.74430366734124,0.00214474849739217,0.018370171606062597,1.19406115439407,0.0302641436266799,12.4124295024729,Linear (small gap),cruise,2021-10-03 23:00:00
2021-10-04 00:00:00+00:00,23.9634102564103,60.0088307692308,3.784,367.988806697434,1.77215672637227,0.00217411329996296,0.01863554241448,1.2113102569412,0.0307144039327653,12.6139590549309,Linear (small gap),cruise,2021-10-04 00:00:00
2021-10-04 01:00:00+00:00,23.9633358974359,60.0089076923077,3.808,373.02252076069203,1.66318476107249,0.00220385296729512,0.018318059049891002,1.19067383824292,0.029763431749818298,11.7217890500506,Linear (small gap),cruise,2021-10-04 01:00:00
2021-10-04 02:00:00+00:00,23.9632615384615,60.0089846153846,3.832,378.12008658283503,1.68914107544477,0.00223396987696642,0.0185790722670423,1.2076396973577501,0.030198453778403897,11.9076215371336,Linear (small gap),cruise,2021-10-04 02:00:00
2021-10-04 03:00:00+00:00,23.9631871794872,60.0090615384615,3.856,383.281906590915,1.71542456594543,0.00226446640655464,0.0188433755234736,1.22481940902578,0.0306389592057893,12.0957964197038,Linear (small gap),cruise,2021-10-04 03:00:00
2021-10-04 04:00:00+00:00,23.9631128205128,60.0091384615385,3.88,388.508383211984,1.74203728169428,0.00229534493363754,0.019110989424858702,1.24221431261581,0.0310849823747645,12.2863283682968,Linear (small gap),cruise,2021-10-04 04:00:00
2021-10-04 05:00:00+00:00,23.9630384615385,60.0092153846154,3.904,393.799918873092,1.76898127181113,0.0023266078357928903,0.0193819345768717,1.2598257474966599,0.0315365576281195,12.479232053448001,Linear (small gap),cruise,2021-10-04 05:00:00
2021-10-04 06:00:00+00:00,23.9629641025641,60.0092923076923,3.928,399.156916001293,1.79625858541577,0.0023582574905984498,0.0196562315851865,1.27765505303713,0.0319937193086442,12.674522145692599,Linear (small gap),cruise,2021-10-04 06:00:00
2021-10-04 07:00:00+00:00,23.9628897435897,60.0093692307692,3.952,404.579777023637,1.6960887628323702,0.00239029627563199,0.0195407241053368,1.2701470668468902,0.0312769709087074,11.758211956835002,Linear (small gap),cruise,2021-10-04 07:00:00
2021-10-04 08:00:00+00:00,23.9628153846154,60.0094461538461,3.976,410.068904367176,1.72169668295584,0.00242272656847128,0.0198145799115353,1.28794769424979,0.0317237882767155,11.937899801603901,Linear (small gap),cruise,2021-10-04 08:00:00
2021-10-04 23:00:00+00:00,23.9617,60.0106,4.0,202.305724802262,1.6427255783384902,0.00119524170014465,0.0140005493134792,0.910035705376146,0.0266156317049665,15.8931221551778,No (reported postion),cruise,2021-10-04 23:00:00
2021-10-05 00:00:00+00:00,24.1726,59.9288,11.8,2600.3550955204696,7.39707138769499,0.0153631482667511,0.113801098272231,7.39707138769499,0.17070164740834598,48.365466765698,No (reported postion),cruise,2021-10-05 00:00:00
2021-10-05 01:00:00+00:00,24.01867,59.7583816667,12.4,2725.091,7.7519,0.016100100000000003,0.11926,7.7519,0.17889,50.6855,No (reported postion),cruise,2021-10-05 01:00:00
2021-10-05 02:00:00+00:00,23.6471883333,59.6894233333,12.6,2725.091,7.7519,0.016100100000000003,0.11926,7.7519,0.17889,50.6855,No (reported postion),cruise,2021-10-05 02:00:00
2021-10-05 03:00:00+00:00,23.2548383333,59.633555,12.4,2725.091,7.7519,0.016100100000000003,0.11926,7.7519,0.17889,50.6855,No (reported postion),cruise,2021-10-05 03:00:00
2021-10-05 04:00:00+00:00,22.8503766667,59.5815816667,13.0,2725.091,7.7519,0.016100100000000003,0.11926,7.7519,0.17889,50.6855,No (reported postion),cruise,2021-10-05 04:00:00
2021-10-05 05:00:00+00:00,22.4547,59.4865,12.8,2725.091,7.7519,0.016100100000000003,0.11926,7.7519,0.17889,50.6855,No (reported postion),cruise,2021-10-05 05:00:00
2021-10-05 06:00:00+00:00,22.1236,59.3629,12.9,2725.091,7.7519,0.016100100000000003,0.11926,7.7519,0.17889,50.6855,No (reported postion),cruise,2021-10-05 06:00:00
2021-10-05 07:00:00+00:00,21.7534,59.2289,13.1,2725.091,7.7519,0.016100100000000003,0.11926,7.7519,0.17889,50.6855,No (reported postion),cruise,2021-10-05 07:00:00
2021-10-05 08:00:00+00:00,21.4769,59.0879,13.0,2725.091,7.7519,0.016100100000000003,0.11926,7.7519,0.17889,50.6855,No (reported postion),cruise,2021-10-05 08:00:00
2021-10-05 09:00:00+00:00,21.2287,58.9237,12.8,2725.091,7.7519,0.016100100000000003,0.11926,7.7519,0.17889,50.6855,No (reported postion),cruise,2021-10-05 09:00:00
2021-10-05 10:00:00+00:00,21.039,58.7848,9.6,1509.8179587422198,4.29488697235204,0.00892014986565423,0.06607518419003139,4.29488697235204,0.09911277628504711,28.0819532807633,No (reported postion),cruise,2021-10-05 10:00:00
2021-10-05 11:00:00+00:00,20.87253333334,58.65784,9.08,2725.091,7.7519,0.016100100000000003,0.11926,7.7519,0.17889,50.6855,Linear (small gap),cruise,2021-10-05 11:00:00
2021-10-05 12:00:00+00:00,20.70606666668,58.53088,8.56,2725.091,7.7519,0.016100100000000003,0.11926,7.7519,0.17889,50.6855,Linear (small gap),cruise,2021-10-05 12:00:00
2021-10-05 13:00:00+00:00,20.53960000002,58.40392,8.04,2741.2926228372903,7.797987767370859,0.0161958207476164,0.119969042574936,7.797987767370859,0.179953563862404,50.986843094347904,Linear (small gap),cruise,2021-10-05 13:00:00
2021-10-05 14:00:00+00:00,20.37313333336,58.27696,7.52,2262.16326007934,6.43503772013816,0.0133650783418254,0.09900058030981791,6.43503772013816,0.14850087046472701,42.0752466316726,Linear (small gap),cruise,2021-10-05 14:00:00
2021-10-05 15:00:00+00:00,20.2066666667,58.15,7.0,649.6959893217639,1.84815051667023,0.0038384664576996998,0.0284330848718496,1.84815051667023,0.0426496273077745,12.0840610705361,No (reported postion),cruise,2021-10-05 15:00:00
2021-10-05 16:00:00+00:00,20.1215,58.0787533333,9.0,1262.55369159057,3.59150940715042,0.00745928876869703,0.0552539908792373,3.59150940715042,0.0828809863188559,23.4829461236758,No (reported postion),cruise,2021-10-05 16:00:00
2021-10-05 17:00:00+00:00,19.9455133333,57.9291,9.0,1262.55369159057,3.59150940715042,0.00745928876869703,0.0552539908792373,3.59150940715042,0.0828809863188559,23.4829461236758,No (reported postion),cruise,2021-10-05 17:00:00
2021-10-05 18:00:00+00:00,19.79305,57.8154266667,8.9,1224.3993303386999,3.48297402503351,0.00723386912891575,0.0535842157697463,3.48297402503351,0.0803763236546194,22.7732917021422,No (reported postion),cruise,2021-10-05 18:00:00
2021-10-05 19:00:00+00:00,19.63204,57.7000666667,9.7,1554.1739318724901,4.4210637011689995,0.00918220922550484,0.06801636463336919,4.4210637011689995,0.102024546950054,28.9069549691819,No (reported postion),cruise,2021-10-05 19:00:00
2021-10-05 20:00:00+00:00,19.41409,57.5406933333,11.9,2725.091,7.7519,0.016100100000000003,0.11926,7.7519,0.17889,50.6855,No (reported postion),cruise,2021-10-05 20:00:00
2021-10-05 21:00:00+00:00,19.19965,57.3838533333,11.4,2457.37852759103,6.99035467367252,0.0145184289376275,0.1075439180565,6.99035467367252,0.16131587708475,45.706165174012604,No (reported postion),cruise,2021-10-05 21:00:00
2021-10-05 22:00:00+00:00,18.99616,57.2411933333,10.9,2161.2460033976,6.14796456108725,0.012768849473027399,0.0945840701705731,6.14796456108725,0.14187610525586,40.1982298224936,No (reported postion),cruise,2021-10-05 22:00:00
2021-10-05 23:00:00+00:00,18.79055,57.10138,10.7,2050.12823357639,5.8318746250531905,0.0121123549904951,0.0897211480777414,5.8318746250531905,0.134581722116612,38.1314879330401,No (reported postion),cruise,2021-10-05 23:00:00
2021-10-06 00:00:00+00:00,18.57597,56.955,10.7,2050.12823357639,5.8318746250531905,0.0121123549904951,0.0897211480777414,5.8318746250531905,0.134581722116612,38.1314879330401,No (reported postion),cruise,2021-10-06 00:00:00
2021-10-06 01:00:00+00:00,18.36043,56.8328866667,11.2,2335.7342122619502,6.64432051628125,0.013799742610738,0.102220315635096,6.64432051628125,0.15333047345264397,43.4436341449158,No (reported postion),cruise,2021-10-06 01:00:00
2021-10-06 02:00:00+00:00,18.044858,56.69916133336,11.48,2725.091,7.7519,0.016100100000000003,0.11926,7.7519,0.17889,50.6855,Linear (small gap),cruise,2021-10-06 02:00:00
2021-10-06 03:00:00+00:00,17.729286,56.56543600002,11.76,2725.091,7.7519,0.016100100000000003,0.11926,7.7519,0.17889,50.6855,Linear (small gap),cruise,2021-10-06 03:00:00
2021-10-06 04:00:00+00:00,17.413714,56.43171066668,12.04,2725.091,7.7519,0.016100100000000003,0.11926,7.7519,0.17889,50.6855,Linear (small gap),cruise,2021-10-06 04:00:00
2021-10-06 05:00:00+00:00,17.098142,56.29798533334,12.32,2725.091,7.7519,0.016100100000000003,0.11926,7.7519,0.17889,50.6855,Linear (small gap),cruise,2021-10-06 05:00:00
2021-10-06 06:00:00+00:00,16.78257,56.16426,12.6,2725.091,7.7519,0.016100100000000003,0.11926,7.7519,0.17889,50.6855,No (reported postion),cruise,2021-10-06 06:00:00
2021-10-06 07:00:00+00:00,16.6246516667,56.103625,12.5,2725.091,7.7519,0.016100100000000003,0.11926,7.7519,0.17889,50.6855,No (reported postion),cruise,2021-10-06 07:00:00
2021-10-06 08:00:00+00:00,16.3182016667,55.9941316667,12.5,2725.091,7.7519,0.016100100000000003,0.11926,7.7519,0.17889,50.6855,No (reported postion),cruise,2021-10-06 08:00:00
2021-10-06 09:00:00+00:00,15.9967466667,55.8918216667,12.5,2725.091,7.7519,0.016100100000000003,0.11926,7.7519,0.17889,50.6855,No (reported postion),cruise,2021-10-06 09:00:00
2021-10-06 10:00:00+00:00,15.679455,55.784905,12.5,2725.091,7.7519,0.016100100000000003,0.11926,7.7519,0.17889,50.6855,No (reported postion),cruise,2021-10-06 10:00:00
2021-10-06 11:00:00+00:00,15.35656,55.6762516667,12.7,2725.091,7.7519,0.016100100000000003,0.11926,7.7519,0.17889,50.6855,No (reported postion),cruise,2021-10-06 11:00:00
2021-10-06 12:00:00+00:00,15.034205,55.5740883333,12.4,2725.091,7.7519,0.016100100000000003,0.11926,7.7519,0.17889,50.6855,No (reported postion),cruise,2021-10-06 12:00:00
2021-10-06 13:00:00+00:00,14.706305,55.4849533333,12.2,2725.091,7.7519,0.016100100000000003,0.11926,7.7519,0.17889,50.6855,No (reported postion),cruise,2021-10-06 13:00:00
2021-10-06 14:00:00+00:00,14.443985,55.35157,12.3,2725.091,7.7519,0.016100100000000003,0.11926,7.7519,0.17889,50.6855,No (reported postion),cruise,2021-10-06 14:00:00
2021-10-06 15:00:00+00:00,14.179955,55.2246383333,12.6,2725.091,7.7519,0.016100100000000003,0.11926,7.7519,0.17889,50.6855,No (reported postion),cruise,2021-10-06 15:00:00
2021-10-06 16:00:00+00:00,13.80842,55.2265116667,13.2,2725.091,7.7519,0.016100100000000003,0.11926,7.7519,0.17889,50.6855,No (reported postion),cruise,2021-10-06 16:00:00
2021-10-06 17:00:00+00:00,13.4312016667,55.2454666667,13.0,2725.091,7.7519,0.016100100000000003,0.11926,7.7519,0.17889,50.6855,No (reported postion),cruise,2021-10-06 17:00:00
2021-10-06 18:00:00+00:00,13.051745,55.2512866667,12.9,2725.091,7.7519,0.016100100000000003,0.11926,7.7519,0.17889,50.6855,No (reported postion),cruise,2021-10-06 18:00:00
2021-10-06 19:00:00+00:00,12.6876016667,55.302975,13.1,2725.091,7.7519,0.016100100000000003,0.11926,7.7519,0.17889,50.6855,No (reported postion),cruise,2021-10-06 19:00:00
2021-10-06 20:00:00+00:00,12.7141166667,55.49864,8.5,1037.7713202217,2.95208471835496,0.00613125287658338,0.0454166879746917,2.95208471835496,0.0681250319620375,19.302092389244,No (reported postion),cruise,2021-10-06 20:00:00
2021-10-06 21:00:00+00:00,12.6954366667,55.6438016667,11.4,2355.10598291316,6.6994262095998005,0.013914192896861102,0.10306809553230499,6.6994262095998005,0.154602143298457,43.8039406012295,No (reported postion),cruise,2021-10-06 21:00:00
2021-10-06 22:00:00+00:00,12.751745,55.8507033333,12.2,2725.091,7.7519,0.016100100000000003,0.11926,7.7519,0.17889,50.6855,No (reported postion),cruise,2021-10-06 22:00:00
2021-10-06 23:00:00+00:00,12.65639,56.0484333333,12.9,2725.091,7.7519,0.016100100000000003,0.11926,7.7519,0.17889,50.6855,No (reported postion),cruise,2021-10-06 23:00:00
2021-10-07 00:00:00+00:00,12.429845,56.2176033333,12.8,2725.091,7.7519,0.016100100000000003,0.11926,7.7519,0.17889,50.6855,No (reported postion),cruise,2021-10-07 00:00:00
2021-10-07 01:00:00+00:00,12.352495,56.425415,12.5,2725.091,7.7519,0.016100100000000003,0.11926,7.7519,0.17889,50.6855,No (reported postion),cruise,2021-10-07 01:00:00
2021-10-07 02:00:00+00:00,12.255605,56.6310316667,12.7,2725.091,7.7519,0.016100100000000003,0.11926,7.7519,0.17889,50.6855,No (reported postion),cruise,2021-10-07 02:00:00
2021-10-07 03:00:00+00:00,12.163715,56.835085,12.5,2725.091,7.7519,0.016100100000000003,0.11926,7.7519,0.17889,50.6855,No (reported postion),cruise,2021-10-07 03:00:00
2021-10-07 04:00:00+00:00,12.0512183333,57.03264,12.2,2725.091,7.7519,0.016100100000000003,0.11926,7.7519,0.17889,50.6855,No (reported postion),cruise,2021-10-07 04:00:00
2021-10-07 05:00:00+00:00,11.9164633333,57.222065,11.5,2519.82491693801,7.16799210507531,0.014887368218233301,0.11027680161654299,7.16799210507531,0.165415202424815,46.8676406870309,No (reported postion),cruise,2021-10-07 05:00:00
2021-10-07 06:00:00+00:00,11.7043683333,57.3903,12.3,2725.091,7.7519,0.016100100000000003,0.11926,7.7519,0.17889,50.6855,No (reported postion),cruise,2021-10-07 06:00:00
2021-10-07 07:00:00+00:00,11.6393916667,57.577915,12.6,2725.091,7.7519,0.016100100000000003,0.11926,7.7519,0.17889,50.6855,No (reported postion),cruise,2021-10-07 07:00:00
2021-10-07 08:00:00+00:00,11.8715733333,57.687095,2.2,235.530938713976,1.0702046765497601,0.00139153946286157,0.0128766497262893,0.836982232208804,0.0221386964917869,10.4503590736918,No (reported postion),anchor,2021-10-07 08:00:00
2021-10-07 09:00:00+00:00,11.878375,57.6900333333,0.0,219.36,0.624,0.001296,0.0096,0.624,0.0144,4.08,No (reported postion),anchor,2021-10-07 09:00:00
2021-10-07 10:00:00+00:00,11.8783483333,57.6900083333,0.0,219.36,0.624,0.001296,0.0096,0.624,0.0144,4.08,No (reported postion),anchor,2021-10-07 10:00:00
2021-10-07 11:00:00+00:00,11.878335,57.6899883333,0.0,219.36,0.624,0.001296,0.0096,0.624,0.0144,4.08,No (reported postion),anchor,2021-10-07 11:00:00
2021-10-07 12:00:00+00:00,11.87833,57.6900383333,0.0,219.36,0.624,0.001296,0.0096,0.624,0.0144,4.08,No (reported postion),anchor,2021-10-07 12:00:00
2021-10-07 13:00:00+00:00,11.8783533333,57.6900283333,0.0,219.36,0.624,0.001296,0.0096,0.624,0.0144,4.08,No (reported postion),anchor,2021-10-07 13:00:00
2021-10-07 14:00:00+00:00,11.8783266667,57.69004,0.0,219.36,0.624,0.001296,0.0096,0.624,0.0144,4.08,No (reported postion),anchor,2021-10-07 14:00:00
2021-10-07 15:00:00+00:00,11.8783366667,57.6899733333,0.0,219.36,0.624,0.001296,0.0096,0.624,0.0144,4.08,No (reported postion),anchor,2021-10-07 15:00:00
2021-10-07 16:00:00+00:00,11.878325,57.69001,0.0,219.36,0.624,0.001296,0.0096,0.624,0.0144,4.08,No (reported postion),anchor,2021-10-07 16:00:00
2021-10-07 17:00:00+00:00,11.8782683333,57.6900216667,0.0,219.36,0.624,0.001296,0.0096,0.624,0.0144,4.08,No (reported postion),anchor,2021-10-07 17:00:00
2021-10-07 18:00:00+00:00,11.878345,57.689975,0.0,219.36,0.624,0.001296,0.0096,0.624,0.0144,4.08,No (reported postion),anchor,2021-10-07 18:00:00
2021-10-07 19:00:00+00:00,11.8783733333,57.69002,0.0,219.36,0.624,0.001296,0.0096,0.624,0.0144,4.08,No (reported postion),anchor,2021-10-07 19:00:00
2021-10-07 20:00:00+00:00,11.8783,57.6900816667,0.0,219.36,0.624,0.001296,0.0096,0.624,0.0144,4.08,No (reported postion),anchor,2021-10-07 20:00:00
2021-10-07 21:00:00+00:00,11.8783383333,57.6900066667,0.0,219.36,0.624,0.001296,0.0096,0.624,0.0144,4.08,No (reported postion),anchor,2021-10-07 21:00:00
2021-10-07 22:00:00+00:00,11.87828,57.68998,0.0,219.36,0.624,0.001296,0.0096,0.624,0.0144,4.08,No (reported postion),anchor,2021-10-07 22:00:00
2021-10-07 23:00:00+00:00,11.878245,57.690035,0.0,219.36,0.624,0.001296,0.0096,0.624,0.0144,4.08,No (reported postion),anchor,2021-10-07 23:00:00
2021-10-08 00:00:00+00:00,11.8783416667,57.689985,0.0,219.36,0.624,0.001296,0.0096,0.624,0.0144,4.08,No (reported postion),anchor,2021-10-08 00:00:00
2021-10-08 01:00:00+00:00,11.87828,57.6900133333,0.0,219.36,0.624,0.001296,0.0096,0.624,0.0144,4.08,No (reported postion),anchor,2021-10-08 01:00:00
2021-10-08 02:00:00+00:00,11.878305,57.6900266667,0.0,219.36,0.624,0.001296,0.0096,0.624,0.0144,4.08,No (reported postion),anchor,2021-10-08 02:00:00
2021-10-08 03:00:00+00:00,11.8782816667,57.6900766667,0.0,219.36,0.624,0.001296,0.0096,0.624,0.0144,4.08,No (reported postion),anchor,2021-10-08 03:00:00
2021-10-08 04:00:00+00:00,11.8783233333,57.6900066667,0.0,219.36,0.624,0.001296,0.0096,0.624,0.0144,4.08,No (reported postion),anchor,2021-10-08 04:00:00
2021-10-08 05:00:00+00:00,11.8783416667,57.6900216667,0.0,219.36,0.624,0.001296,0.0096,0.624,0.0144,4.08,No (reported postion),anchor,2021-10-08 05:00:00
2021-10-08 06:00:00+00:00,11.878365,57.690035,0.0,219.36,0.624,0.001296,0.0096,0.624,0.0144,4.08,No (reported postion),anchor,2021-10-08 06:00:00
2021-10-08 07:00:00+00:00,11.8776866667,57.6896583333,2.0,231.509465600283,0.959240177723338,0.00136778021251808,0.0120617954367313,0.784016703387531,0.0202141972139646,8.86614505912232,No (reported postion),anchor,2021-10-08 07:00:00
2021-10-08 08:00:00+00:00,11.6463033333,57.5914933333,10.5,1863.17563944091,5.30006199403323,0.011007821064530599,0.081539415292819,5.30006199403323,0.12230912293922801,34.6542514994481,No (reported postion),cruise,2021-10-08 08:00:00
2021-10-08 09:00:00+00:00,11.6018583333,57.3951516667,11.7,2648.01379042449,7.53264316750948,0.0156447204248274,0.115886817961684,7.53264316750948,0.173830226942526,49.2518976337158,No (reported postion),cruise,2021-10-08 09:00:00
2021-10-08 10:00:00+00:00,11.58304,57.2037383333,11.6,2583.36682912065,7.348745903406679,0.0152627799532293,0.11305762928318,7.348745903406679,0.169586443924769,48.0494924453513,No (reported postion),cruise,2021-10-08 10:00:00
2021-10-08 11:00:00+00:00,11.684295,57.02241,11.2,2335.7342122619502,6.64432051628125,0.013799742610738,0.102220315635096,6.64432051628125,0.15333047345264397,43.4436341449158,No (reported postion),cruise,2021-10-08 11:00:00
2021-10-08 12:00:00+00:00,11.805745,56.8423983333,11.9,2725.091,7.7519,0.016100100000000003,0.11926,7.7519,0.17889,50.6855,No (reported postion),cruise,2021-10-08 12:00:00
2021-10-08 13:00:00+00:00,11.7916183333,56.6617533333,12.1,2725.091,7.7519,0.016100100000000003,0.11926,7.7519,0.17889,50.6855,No (reported postion),cruise,2021-10-08 13:00:00
2021-10-08 14:00:00+00:00,11.5965983333,56.49726,11.7,2648.01379042449,7.53264316750948,0.0156447204248274,0.115886817961684,7.53264316750948,0.173830226942526,49.2518976337158,No (reported postion),cruise,2021-10-08 14:00:00
2021-10-08 15:00:00+00:00,11.4254933333,56.3460383333,11.7,2648.01379042449,7.53264316750948,0.0156447204248274,0.115886817961684,7.53264316750948,0.173830226942526,49.2518976337158,No (reported postion),cruise,2021-10-08 15:00:00
2021-10-08 16:00:00+00:00,11.2648233333,56.1732266667,11.5,2519.82491693801,7.16799210507531,0.014887368218233301,0.11027680161654299,7.16799210507531,0.165415202424815,46.8676406870309,No (reported postion),cruise,2021-10-08 16:00:00
2021-10-08 17:00:00+00:00,11.0633066667,56.0197366667,11.5,2519.82491693801,7.16799210507531,0.014887368218233301,0.11027680161654299,7.16799210507531,0.165415202424815,46.8676406870309,No (reported postion),cruise,2021-10-08 17:00:00
2021-10-08 18:00:00+00:00,10.8727116667,55.8700983333,10.8,2105.17269906851,5.9884562555559295,0.0124375629923085,0.092130096239322,5.9884562555559295,0.13819514435898297,39.1552909017119,No (reported postion),cruise,2021-10-08 18:00:00
2021-10-08 19:00:00+00:00,10.7824016667,55.696355,11.4,2355.10598291316,6.6994262095998005,0.013914192896861102,0.10306809553230499,6.6994262095998005,0.154602143298457,43.8039406012295,No (reported postion),cruise,2021-10-08 19:00:00
2021-10-08 20:00:00+00:00,10.8562266667,55.52494,10.3,1764.6161371250198,5.0196957948851795,0.0104255220355308,0.0772260891520797,5.0196957948851795,0.11583913372811899,32.8210878896339,No (reported postion),cruise,2021-10-08 20:00:00
2021-10-08 21:00:00+00:00,11.027195,55.3707633333,10.1,1669.81081967961,4.750008896243981,0.00986540309219903,0.073077059942215,4.750008896243981,0.109615589913323,31.0577504754414,No (reported postion),cruise,2021-10-08 21:00:00
2021-10-08 22:00:00+00:00,11.0871816667,55.1998316667,10.6,1913.88599017329,5.44431463287808,0.011307422699054501,0.0837586866596627,5.44431463287808,0.125638029989494,35.5974418303567,No (reported postion),cruise,2021-10-08 22:00:00
2021-10-08 23:00:00+00:00,11.021955,55.029685,10.6,1913.88599017329,5.44431463287808,0.011307422699054501,0.0837586866596627,5.44431463287808,0.125638029989494,35.5974418303567,No (reported postion),cruise,2021-10-08 23:00:00
2021-10-09 00:00:00+00:00,10.8816,54.888035,10.1,1669.81081967961,4.750008896243981,0.00986540309219903,0.073077059942215,4.750008896243981,0.109615589913323,31.0577504754414,No (reported postion),cruise,2021-10-09 00:00:00
2021-10-09 01:00:00+00:00,10.846285,54.712065,10.9,2071.84878585857,5.89366175408346,0.012240682104634899,0.0906717192935917,5.89366175408346,0.13600757894038798,38.5354806997765,No (reported postion),cruise,2021-10-09 01:00:00
2021-10-09 02:00:00+00:00,11.099945,54.6099,11.1,2182.10822354754,6.207310045102401,0.012892105478289602,0.09549707761696,6.207310045102401,0.14324561642544,40.586257987208,No (reported postion),cruise,2021-10-09 02:00:00
2021-10-09 03:00:00+00:00,11.38634,54.52675,11.3,2396.0181347941902,6.81580651035545,0.014155905829199799,0.10485856169777599,6.81580651035545,0.157287842546664,44.564888721554894,No (reported postion),cruise,2021-10-09 03:00:00
2021-10-09 04:00:00+00:00,11.675085,54.4413133333,11.6,2583.36682912065,7.348745903406679,0.0152627799532293,0.11305762928318,7.348745903406679,0.169586443924769,48.0494924453513,No (reported postion),cruise,2021-10-09 04:00:00
2021-10-09 05:00:00+00:00,11.9925016667,54.4094833333,11.2,2335.7342122619502,6.64432051628125,0.013799742610738,0.102220315635096,6.64432051628125,0.15333047345264397,43.4436341449158,No (reported postion),cruise,2021-10-09 05:00:00
2021-10-09 06:00:00+00:00,12.241565,54.4854966667,11.3,2396.0181347941902,6.81580651035545,0.014155905829199799,0.10485856169777599,6.81580651035545,0.157287842546664,44.564888721554894,No (reported postion),cruise,2021-10-09 06:00:00
2021-10-09 07:00:00+00:00,12.435515,54.6289733333,11.9,2725.091,7.7519,0.016100100000000003,0.11926,7.7519,0.17889,50.6855,No (reported postion),cruise,2021-10-09 07:00:00
2021-10-09 08:00:00+00:00,12.7132783333,54.7404466667,12.2,2725.091,7.7519,0.016100100000000003,0.11926,7.7519,0.17889,50.6855,No (reported postion),cruise,2021-10-09 08:00:00
2021-10-09 09:00:00+00:00,13.0412766667,54.8086566667,12.1,2725.091,7.7519,0.016100100000000003,0.11926,7.7519,0.17889,50.6855,No (reported postion),cruise,2021-10-09 09:00:00
2021-10-09 10:00:00+00:00,13.362655,54.8717416667,11.6,2583.36682912065,7.348745903406679,0.0152627799532293,0.11305762928318,7.348745903406679,0.169586443924769,48.0494924453513,No (reported postion),cruise,2021-10-09 10:00:00
2021-10-09 11:00:00+00:00,13.6805683333,54.9390166667,11.7,2648.01379042449,7.53264316750948,0.0156447204248274,0.115886817961684,7.53264316750948,0.173830226942526,49.2518976337158,No (reported postion),cruise,2021-10-09 11:00:00
2021-10-09 12:00:00+00:00,14.0035433333,55.0015633333,11.7,2648.01379042449,7.53264316750948,0.0156447204248274,0.115886817961684,7.53264316750948,0.173830226942526,49.2518976337158,No (reported postion),cruise,2021-10-09 12:00:00
2021-10-09 13:00:00+00:00,14.27678,55.11186,12.0,2725.091,7.7519,0.016100100000000003,0.11926,7.7519,0.17889,50.6855,No (reported postion),cruise,2021-10-09 13:00:00
2021-10-09 14:00:00+00:00,14.4983416667,55.2654116667,12.2,2725.091,7.7519,0.016100100000000003,0.11926,7.7519,0.17889,50.6855,No (reported postion),cruise,2021-10-09 14:00:00
2021-10-09 15:00:00+00:00,14.734225,55.4140933333,12.2,2725.091,7.7519,0.016100100000000003,0.11926,7.7519,0.17889,50.6855,No (reported postion),cruise,2021-10-09 15:00:00
2021-10-09 16:00:00+00:00,15.0435216667,55.5209216667,12.0,2725.091,7.7519,0.016100100000000003,0.11926,7.7519,0.17889,50.6855,No (reported postion),cruise,2021-10-09 16:00:00
2021-10-09 17:00:00+00:00,15.3556666667,55.6180866667,11.9,2725.091,7.7519,0.016100100000000003,0.11926,7.7519,0.17889,50.6855,No (reported postion),cruise,2021-10-09 17:00:00
2021-10-09 18:00:00+00:00,15.6562666667,55.7143933333,12.1,2725.091,7.7519,0.016100100000000003,0.11926,7.7519,0.17889,50.6855,No (reported postion),cruise,2021-10-09 18:00:00
2021-10-09 19:00:00+00:00,15.9713566667,55.81243,12.1,2725.091,7.7519,0.016100100000000003,0.11926,7.7519,0.17889,50.6855,No (reported postion),cruise,2021-10-09 19:00:00
2021-10-09 20:00:00+00:00,16.2882433333,55.9059283333,12.1,2725.091,7.7519,0.016100100000000003,0.11926,7.7519,0.17889,50.6855,No (reported postion),cruise,2021-10-09 20:00:00
2021-10-09 21:00:00+00:00,16.609375,56.001035,12.3,2725.091,7.7519,0.016100100000000003,0.11926,7.7519,0.17889,50.6855,No (reported postion),cruise,2021-10-09 21:00:00
2021-10-09 22:00:00+00:00,16.8735066667,56.1346816667,12.1,2725.091,7.7519,0.016100100000000003,0.11926,7.7519,0.17889,50.6855,No (reported postion),cruise,2021-10-09 22:00:00
2021-10-09 23:00:00+00:00,17.0625666667,56.3044266667,12.1,2725.091,7.7519,0.016100100000000003,0.11926,7.7519,0.17889,50.6855,No (reported postion),cruise,2021-10-09 23:00:00
2021-10-10 00:00:00+00:00,17.1812333333,56.4946066667,12.2,2725.091,7.7519,0.016100100000000003,0.11926,7.7519,0.17889,50.6855,No (reported postion),cruise,2021-10-10 00:00:00
2021-10-10 01:00:00+00:00,17.2999533333,56.6874516667,12.0,2725.091,7.7519,0.016100100000000003,0.11926,7.7519,0.17889,50.6855,No (reported postion),cruise,2021-10-10 01:00:00
2021-10-10 02:00:00+00:00,17.42792,56.8806933333,12.4,2725.091,7.7519,0.016100100000000003,0.11926,7.7519,0.17889,50.6855,No (reported postion),cruise,2021-10-10 02:00:00
2021-10-10 03:00:00+00:00,17.5515283333,57.0775566667,12.4,2725.091,7.7519,0.016100100000000003,0.11926,7.7519,0.17889,50.6855,No (reported postion),cruise,2021-10-10 03:00:00
2021-10-10 04:00:00+00:00,17.6746883333,57.2730733333,12.3,2725.091,7.7519,0.016100100000000003,0.11926,7.7519,0.17889,50.6855,No (reported postion),cruise,2021-10-10 04:00:00
2021-10-10 05:00:00+00:00,17.8158083333,57.4631983333,12.4,2725.091,7.7519,0.016100100000000003,0.11926,7.7519,0.17889,50.6855,No (reported postion),cruise,2021-10-10 05:00:00
2021-10-10 06:00:00+00:00,17.99676,57.6475916667,12.2,2725.091,7.7519,0.016100100000000003,0.11926,7.7519,0.17889,50.6855,No (reported postion),cruise,2021-10-10 06:00:00
2021-10-10 07:00:00+00:00,18.1992,57.8506,12.3,2725.091,7.7519,0.016100100000000003,0.11926,7.7519,0.17889,50.6855,No (reported postion),cruise,2021-10-10 07:00:00
2021-10-10 08:00:00+00:00,18.3831,58.01632,12.2,2725.091,7.7519,0.016100100000000003,0.11926,7.7519,0.17889,50.6855,No (reported postion),cruise,2021-10-10 08:00:00
2021-10-10 09:00:00+00:00,18.5593783333,58.187805,12.1,2725.091,7.7519,0.016100100000000003,0.11926,7.7519,0.17889,50.6855,No (reported postion),cruise,2021-10-10 09:00:00
2021-10-10 10:00:00+00:00,18.7440666667,58.3560716667,12.0,2725.091,7.7519,0.016100100000000003,0.11926,7.7519,0.17889,50.6855,No (reported postion),cruise,2021-10-10 10:00:00
2021-10-10 11:00:00+00:00,18.926,58.5332,12.3,2725.091,7.7519,0.016100100000000003,0.11926,7.7519,0.17889,50.6855,No (reported postion),cruise,2021-10-10 11:00:00
2021-10-10 12:00:00+00:00,19.1406833333,58.7095466667,12.2,2725.091,7.7519,0.016100100000000003,0.11926,7.7519,0.17889,50.6855,No (reported postion),cruise,2021-10-10 12:00:00
2021-10-10 13:00:00+00:00,19.3837,58.8845,12.2,2725.091,7.7519,0.016100100000000003,0.11926,7.7519,0.17889,50.6855,No (reported postion),cruise,2021-10-10 13:00:00
2021-10-10 14:00:00+00:00,19.6403,59.0756,12.4,2725.091,7.7519,0.016100100000000003,0.11926,7.7519,0.17889,50.6855,No (reported postion),cruise,2021-10-10 14:00:00
2021-10-10 15:00:00+00:00,19.8285,59.2141,12.2,2725.091,7.7519,0.016100100000000003,0.11926,7.7519,0.17889,50.6855,No (reported postion),cruise,2021-10-10 15:00:00
2021-10-10 16:00:00+00:00,20.0668,59.386,12.3,2725.091,7.7519,0.016100100000000003,0.11926,7.7519,0.17889,50.6855,No (reported postion),cruise,2021-10-10 16:00:00
2021-10-10 17:00:00+00:00,20.1232,59.5847,10.7,2050.12823357639,5.8318746250531905,0.0121123549904951,0.0897211480777414,5.8318746250531905,0.134581722116612,38.1314879330401,No (reported postion),cruise,2021-10-10 17:00:00
2021-10-10 18:00:00+00:00,19.9152,59.6961,11.3,2396.0181347941902,6.81580651035545,0.014155905829199799,0.10485856169777599,6.81580651035545,0.157287842546664,44.564888721554894,No (reported postion),cruise,2021-10-10 18:00:00
2021-10-10 19:00:00+00:00,19.6817066667,59.833805,11.9,2725.091,7.7519,0.016100100000000003,0.11926,7.7519,0.17889,50.6855,No (reported postion),cruise,2021-10-10 19:00:00
2021-10-10 20:00:00+00:00,19.4538,59.985325,11.3,2396.0181347941902,6.81580651035545,0.014155905829199799,0.10485856169777599,6.81580651035545,0.157287842546664,44.564888721554894,No (reported postion),cruise,2021-10-10 20:00:00
2021-10-10 21:00:00+00:00,19.2113,60.1292033333,11.5,2414.83731185375,6.86934027441986,0.0142670913391797,0.10568215806799801,6.86934027441986,0.158523237101997,44.9149171788991,No (reported postion),cruise,2021-10-10 21:00:00
2021-10-10 22:00:00+00:00,19.025405,60.2936183333,11.3,2396.0181347941902,6.81580651035545,0.014155905829199799,0.10485856169777599,6.81580651035545,0.157287842546664,44.564888721554894,No (reported postion),cruise,2021-10-10 22:00:00
2021-10-10 23:00:00+00:00,19.0677,60.4988,11.3,2396.0181347941902,6.81580651035545,0.014155905829199799,0.10485856169777599,6.81580651035545,0.157287842546664,44.564888721554894,No (reported postion),cruise,2021-10-10 23:00:00
2021-10-11 00:00:00+00:00,19.3358,60.635,11.4,2457.37852759103,6.99035467367252,0.0145184289376275,0.1075439180565,6.99035467367252,0.16131587708475,45.706165174012604,No (reported postion),cruise,2021-10-11 00:00:00
2021-10-11 01:00:00+00:00,19.5792,60.7553,11.3,2396.0181347941902,6.81580651035545,0.014155905829199799,0.10485856169777599,6.81580651035545,0.157287842546664,44.564888721554894,No (reported postion),cruise,2021-10-11 01:00:00
2021-10-11 02:00:00+00:00,19.8497,60.8886,11.2,2335.7342122619502,6.64432051628125,0.013799742610738,0.102220315635096,6.64432051628125,0.15333047345264397,43.4436341449158,No (reported postion),cruise,2021-10-11 02:00:00
2021-10-11 03:00:00+00:00,20.1192,61.0284,11.1,2276.51723370879,6.475869592607051,0.013449883000030001,0.09962876296318539,6.475869592607051,0.149443144444778,42.342224259353806,No (reported postion),cruise,2021-10-11 03:00:00
2021-10-11 04:00:00+00:00,20.3905,61.1727,10.9,2161.2460033976,6.14796456108725,0.012768849473027399,0.0945840701705731,6.14796456108725,0.14187610525586,40.1982298224936,No (reported postion),cruise,2021-10-11 04:00:00
2021-10-11 05:00:00+00:00,20.6608,61.3074,11.1,2276.51723370879,6.475869592607051,0.013449883000030001,0.09962876296318539,6.475869592607051,0.149443144444778,42.342224259353806,No (reported postion),cruise,2021-10-11 05:00:00
2021-10-11 06:00:00+00:00,20.8893,61.4207,10.7,2050.12823357639,5.8318746250531905,0.0121123549904951,0.0897211480777414,5.8318746250531905,0.134581722116612,38.1314879330401,No (reported postion),cruise,2021-10-11 06:00:00
2021-10-11 07:00:00+00:00,21.1553,61.5499,11.0,2218.3576728491803,6.31042664049,0.0131062707148639,0.09708348677676931,6.31042664049,0.145625230165154,41.260481880127,No (reported postion),cruise,2021-10-11 07:00:00
2021-10-11 08:00:00+00:00,21.3943,61.6424,3.1,150.353091212253,1.5473925168194902,0.000888300538890772,0.0137674184819576,0.894882201327243,0.0285513436501525,19.7780059320391,No (reported postion),cruise,2021-10-11 08:00:00
2021-10-11 09:00:00+00:00,21.395,61.6423133333333,2.91333333333333,256.912402090678,1.66018334871653,0.00151786320710029,0.017209086287958003,1.1185906087172701,0.0323709197751233,18.873345620098,Linear (small gap),anchor,2021-10-11 09:00:00
2021-10-11 10:00:00+00:00,21.3957,61.6422266666667,2.72666666666667,250.146713882522,1.47349772879343,0.0014778908697654501,0.0158381831630668,1.02948190559934,0.0291331604510011,16.2080789940271,Linear (small gap),anchor,2021-10-11 10:00:00
2021-10-11 11:00:00+00:00,21.3964,61.64214,2.54,244.246758794704,1.31070028096546,0.0014430333670584301,0.0146426999220779,0.9517754949350611,0.026309702731732502,13.8838581746402,Linear (small gap),anchor,2021-10-11 11:00:00
2021-10-11 12:00:00+00:00,21.3971,61.6420533333333,2.35333333333333,239.15326903414498,1.17015562914787,0.00141294053915141,0.013610627379785299,0.884690779686043,0.0238721836712639,11.877335282751,Linear (small gap),anchor,2021-10-11 12:00:00
2021-10-11 13:00:00+00:00,21.3978,61.6419666666667,2.16666666666667,234.806976807767,1.0502283972558901,0.00138726222621657,0.012729956350983,0.827447162813893,0.021792240323541802,10.1651624391735,Linear (small gap),anchor,2021-10-11 13:00:00
2021-10-11 14:00:00+00:00,21.3985,61.64188,1.98,231.148614322489,0.949283209204777,0.00136564826842608,0.0119886776504649,0.779264047280218,0.020041509742512703,8.72399176472133,Linear (small gap),anchor,2021-10-11 14:00:00
2021-10-11 15:00:00+00:00,21.3992,61.6417933333333,1.79333333333333,228.118913785232,0.8656846889097829,0.00134774850595213,0.0113747820930251,0.7393608360466281,0.0185916289821229,7.53047538020843,Linear (small gap),anchor,2021-10-11 15:00:00
2021-10-11 16:00:00+00:00,21.3999,61.6417066666667,1.60666666666667,225.658607402916,0.797797460286154,0.0013332127789669,0.0108762604934574,0.706956932074731,0.0174142350963189,6.561265406448549,Linear (small gap),anchor,2021-10-11 16:00:00
2021-10-11 17:00:00+00:00,21.4006,61.64162,1.42,223.70842738246301,0.7439861472491379,0.00132169092764256,0.0104811036665559,0.6812717383261351,0.016480965139047298,5.79301396425553,Linear (small gap),anchor,2021-10-11 17:00:00
2021-10-11 18:00:00+00:00,21.4013,61.6415333333333,1.23333333333333,222.209105930792,0.702615373713983,0.00131283279215129,0.0101773024271146,0.661524657762447,0.0157634561642544,5.20237317444316,Linear (small gap),anchor,2021-10-11 18:00:00
2021-10-11 19:00:00+00:00,21.402,61.6414466666667,1.04666666666667,221.101375254825,0.6720497635959369,0.00130628821266527,0.009952847589927339,0.646935093345277,0.015233345225886699,4.765995157825261,Linear (small gap),anchor,2021-10-11 19:00:00
2021-10-11 20:00:00+00:00,21.4027,61.64136,0.86,220.32596756148197,0.650653940810249,0.0013017070293566799,0.00979572996978819,0.636722448036232,0.014862269377890699,4.46053203521564,Linear (small gap),anchor,2021-10-11 20:00:00
2021-10-11 21:00:00+00:00,21.4034,61.6412733333333,0.673333333333333,219.82361505768299,0.636792529272168,0.0012987390823976902,0.009693940381491099,0.630106124796921,0.014621865674212801,4.2626359274281,Linear (small gap),anchor,2021-10-11 21:00:00
2021-10-11 22:00:00+00:00,21.4041,61.6411866666667,0.486666666666667,219.535049950349,0.628830152896941,0.00129703421196049,0.00963546963983003,0.626305526588952,0.014483771168799401,4.14895895527647,Linear (small gap),anchor,2021-10-11 22:00:00
2021-10-11 23:00:00+00:00,21.4048,61.6411,0.3,219.401004446401,0.625131435599816,0.0012962422582172498,0.00960830855959897,0.624540056373933,0.014419622915597102,4.09615323957454,No (reported postion),anchor,2021-10-11 23:00:00
2021-10-12 00:00:00+00:00,21.399,61.6441,0.8,220.13756579841802,0.645455371374294,0.00130059393360116,0.0097575549079508,0.634241069016802,0.0147721086216937,4.386313283783831,No (reported postion),anchor,2021-10-12 00:00:00
2021-10-12 01:00:00+00:00,21.0873,61.521,12.2,2725.091,7.7519,0.016100100000000003,0.11926,7.7519,0.17889,50.6855,No (reported postion),cruise,2021-10-12 01:00:00
2021-10-12 02:00:00+00:00,20.7951,61.3808,12.2,2725.091,7.7519,0.016100100000000003,0.11926,7.7519,0.17889,50.6855,No (reported postion),cruise,2021-10-12 02:00:00
2021-10-12 03:00:00+00:00,20.4985,61.2366,12.3,2725.091,7.7519,0.016100100000000003,0.11926,7.7519,0.17889,50.6855,No (reported postion),cruise,2021-10-12 03:00:00
2021-10-12 04:00:00+00:00,20.1774,61.0905,12.2,2725.091,7.7519,0.016100100000000003,0.11926,7.7519,0.17889,50.6855,No (reported postion),cruise,2021-10-12 04:00:00
2021-10-12 05:00:00+00:00,19.8878,60.9518,12.3,2725.091,7.7519,0.016100100000000003,0.11926,7.7519,0.17889,50.6855,No (reported postion),cruise,2021-10-12 05:00:00
2021-10-12 06:00:00+00:00,19.5862,60.8084,12.3,2725.091,7.7519,0.016100100000000003,0.11926,7.7519,0.17889,50.6855,No (reported postion),cruise,2021-10-12 06:00:00
2021-10-12 07:00:00+00:00,19.2703,60.6553,12.4,2725.091,7.7519,0.016100100000000003,0.11926,7.7519,0.17889,50.6855,No (reported postion),cruise,2021-10-12 07:00:00
2021-10-12 08:00:00+00:00,19.0121,60.5257,10.6,1996.1030806357198,5.67819257073617,0.011793169185375102,0.0873568087805564,5.67819257073617,0.131035213170835,37.1266437317365,No (reported postion),cruise,2021-10-12 08:00:00
2021-10-12 09:00:00+00:00,18.9950966667,60.3538466667,9.9,1645.6675535070501,4.68133002091722,0.00972276235113576,0.0720204618602648,4.68133002091722,0.108030692790397,30.6086962906126,No (reported postion),cruise,2021-10-12 09:00:00
2021-10-12 10:00:00+00:00,19.0139,60.193,9.7,1554.1739318724901,4.4210637011689995,0.00918220922550484,0.06801636463336919,4.4210637011689995,0.102024546950054,28.9069549691819,No (reported postion),cruise,2021-10-12 10:00:00
2021-10-12 11:00:00+00:00,19.2164733333,60.0506533333,9.6,1509.8179587422198,4.29488697235204,0.00892014986565423,0.06607518419003139,4.29488697235204,0.09911277628504711,28.0819532807633,No (reported postion),cruise,2021-10-12 11:00:00
2021-10-12 12:00:00+00:00,19.3912,59.9476,9.4,1423.84005642807,4.05031088261814,0.0084121841408223,0.0623124751172022,4.05031088261814,0.0934687126758033,26.4828019248109,No (reported postion),cruise,2021-10-12 12:00:00
2021-10-12 13:00:00+00:00,19.6788,59.7763,9.0,1262.55369159057,3.59150940715042,0.00745928876869703,0.0552539908792373,3.59150940715042,0.0828809863188559,23.4829461236758,No (reported postion),cruise,2021-10-12 13:00:00
2021-10-12 14:00:00+00:00,19.7963,59.7076,8.8,1187.09280849878,3.37685043993088,0.007013458606010299,0.0519515452297059,3.37685043993088,0.0779273178445589,22.079406722625002,No (reported postion),cruise,2021-10-12 14:00:00
2021-10-12 15:00:00+00:00,19.9703,59.5914,8.6,1114.98517791267,3.17173026539708,0.00658743978197855,0.0487958502368781,3.17173026539708,0.0731937753553172,20.7382363506732,No (reported postion),cruise,2021-10-12 15:00:00
2021-10-12 16:00:00+00:00,19.8686,59.445,8.5,1080.16501659542,3.07267947828018,0.0063817189164280695,0.047271991973541296,3.07267947828018,0.0709079879603119,20.090596588755,No (reported postion),cruise,2021-10-12 16:00:00
2021-10-12 17:00:00+00:00,19.7387,59.3224,8.6,1114.98517791267,3.17173026539708,0.00658743978197855,0.0487958502368781,3.17173026539708,0.0731937753553172,20.7382363506732,No (reported postion),cruise,2021-10-12 17:00:00
2021-10-12 18:00:00+00:00,19.55185,59.1662,8.3,2725.091,7.7519,0.016100100000000003,0.11926,7.7519,0.17889,50.6855,Linear (small gap),cruise,2021-10-12 18:00:00
2021-10-12 19:00:00+00:00,19.365,59.01,8.0,918.01969834619,2.6114345904815,0.0054237487648462,0.0401759167766385,2.6114345904815,0.060263875164957806,17.0747646300714,No (reported postion),cruise,2021-10-12 19:00:00
2021-10-12 20:00:00+00:00,19.2411111111,58.8988888889,8.33333333333333,2725.091,7.7519,0.016100100000000003,0.11926,7.7519,0.17889,50.6855,Linear (small gap),cruise,2021-10-12 20:00:00
2021-10-12 21:00:00+00:00,19.1172222222,58.7877777778,8.66666666666667,2725.091,7.7519,0.016100100000000003,0.11926,7.7519,0.17889,50.6855,Linear (small gap),cruise,2021-10-12 21:00:00
2021-10-12 22:00:00+00:00,18.9933333333,58.6766666667,9.0,1262.55369159057,3.59150940715042,0.00745928876869703,0.0552539908792373,3.59150940715042,0.0828809863188559,23.4829461236758,No (reported postion),cruise,2021-10-12 22:00:00
2021-10-12 23:00:00+00:00,18.832404999975,58.5322366667,9.125,2725.091,7.7519,0.016100100000000003,0.11926,7.7519,0.17889,50.6855,Linear (small gap),cruise,2021-10-12 23:00:00
2021-10-13 00:00:00+00:00,18.67147666665,58.3878066667,9.25,2725.091,7.7519,0.016100100000000003,0.11926,7.7519,0.17889,50.6855,Linear (small gap),cruise,2021-10-13 00:00:00
2021-10-13 01:00:00+00:00,18.510548333325,58.2433766667,9.375,2725.091,7.7519,0.016100100000000003,0.11926,7.7519,0.17889,50.6855,Linear (small gap),cruise,2021-10-13 01:00:00
2021-10-13 02:00:00+00:00,18.34962,58.0989466667,9.5,1466.37650902259,4.17131173244937,0.008663493598164089,0.0641740266530673,4.17131173244937,0.0962610399796009,27.2739613275536,No (reported postion),cruise,2021-10-13 02:00:00
2021-10-13 03:00:00+00:00,18.27855,58.0295933333,9.3,1382.1990746731399,3.93185732401549,0.00816616521141679,0.0604901126771614,3.93185732401549,0.0907351690157421,25.7082978877936,No (reported postion),cruise,2021-10-13 03:00:00
2021-10-13 04:00:00+00:00,18.14457,57.8977666667,9.4,1423.84005642807,4.05031088261814,0.0084121841408223,0.0623124751172022,4.05031088261814,0.0934687126758033,26.4828019248109,No (reported postion),cruise,2021-10-13 04:00:00
2021-10-13 05:00:00+00:00,18.00218,57.7634666667,9.3,1382.1990746731399,3.93185732401549,0.00816616521141679,0.0604901126771614,3.93185732401549,0.0907351690157421,25.7082978877936,No (reported postion),cruise,2021-10-13 05:00:00
2021-10-13 06:00:00+00:00,17.82183416665,57.59398083335,9.3,2725.091,7.7519,0.016100100000000003,0.11926,7.7519,0.17889,50.6855,Linear (small gap),cruise,2021-10-13 06:00:00
2021-10-13 07:00:00+00:00,17.6414883333,57.424495,9.3,1382.1990746731399,3.93185732401549,0.00816616521141679,0.0604901126771614,3.93185732401549,0.0907351690157421,25.7082978877936,No (reported postion),cruise,2021-10-13 07:00:00
2021-10-13 08:00:00+00:00,17.5825233333,57.3383133333,8.8,1187.09280849878,3.37685043993088,0.007013458606010299,0.0519515452297059,3.37685043993088,0.0779273178445589,22.079406722625002,No (reported postion),cruise,2021-10-13 08:00:00
2021-10-13 09:00:00+00:00,17.49794,57.2215333333,8.9,1224.3993303386999,3.48297402503351,0.00723386912891575,0.0535842157697463,3.48297402503351,0.0803763236546194,22.7732917021422,No (reported postion),cruise,2021-10-13 09:00:00
2021-10-13 10:00:00+00:00,17.3916083333,57.08224,9.4,1423.84005642807,4.05031088261814,0.0084121841408223,0.0623124751172022,4.05031088261814,0.0934687126758033,26.4828019248109,No (reported postion),cruise,2021-10-13 10:00:00
2021-10-13 11:00:00+00:00,17.2816133333,56.9270033333,8.8,1187.09280849878,3.37685043993088,0.007013458606010299,0.0519515452297059,3.37685043993088,0.0779273178445589,22.079406722625002,No (reported postion),cruise,2021-10-13 11:00:00
2021-10-13 12:00:00+00:00,17.19365,56.8085366667,7.9,887.915048365053,2.52579773057893,0.00524588759427931,0.0388584266242912,2.52579773057893,0.0582876399364368,16.5148313153238,No (reported postion),cruise,2021-10-13 12:00:00
2021-10-13 13:00:00+00:00,17.1361566667,56.7199883333,3.1,312.359595358264,2.05913763122038,0.00184545056338581,0.021184119322046602,1.37696775593303,0.0400354956342504,23.5631425653137,No (reported postion),maneuver,2021-10-13 13:00:00
2021-10-13 14:00:00+00:00,17.0032188889,56.5315494444333,5.06666666666667,764.852324583228,2.1757287132564502,0.00451882117368647,0.0334727494347146,2.1757287132564502,0.0502091241520719,14.225918509753699,Linear (small gap),cruise,2021-10-13 14:00:00
2021-10-13 15:00:00+00:00,16.8702811111,56.3431105555667,7.03333333333333,1869.89152419337,5.31916626138156,0.011047499158254,0.08183332709817791,5.31916626138156,0.122749990647267,34.779164016725595,Linear (small gap),cruise,2021-10-13 15:00:00
2021-10-13 16:00:00+00:00,16.7373433333,56.1546716667,9.0,1262.55369159057,3.59150940715042,0.00745928876869703,0.0552539908792373,3.59150940715042,0.0828809863188559,23.4829461236758,No (reported postion),cruise,2021-10-13 16:00:00
2021-10-13 17:00:00+00:00,16.5890466667,56.09478,9.1,1301.5654185399198,3.70248368512449,0.00768977380756624,0.0569612874634537,3.70248368512449,0.0854419311951805,24.208547171967798,No (reported postion),cruise,2021-10-13 17:00:00
2021-10-13 18:00:00+00:00,16.3666266667,56.0059233333,9.3,1382.1990746731399,3.93185732401549,0.00816616521141679,0.0604901126771614,3.93185732401549,0.0907351690157421,25.7082978877936,No (reported postion),cruise,2021-10-13 18:00:00
2021-10-13 19:00:00+00:00,16.1334266667,55.91623,9.4,1423.84005642807,4.05031088261814,0.0084121841408223,0.0623124751172022,4.05031088261814,0.0934687126758033,26.4828019248109,No (reported postion),cruise,2021-10-13 19:00:00
2021-10-13 20:00:00+00:00,15.885845,55.8382116667,9.0,1262.55369159057,3.59150940715042,0.00745928876869703,0.0552539908792373,3.59150940715042,0.0828809863188559,23.4829461236758,No (reported postion),cruise,2021-10-13 20:00:00
2021-10-13 21:00:00+00:00,15.6678716667,55.7684866667,8.7,1150.62459978528,3.27311155299969,0.00679800091776859,0.0503555623538414,3.27311155299969,0.07553334353076209,21.4011140003826,No (reported postion),cruise,2021-10-13 21:00:00
2021-10-13 22:00:00+00:00,15.445555,55.6943316667,8.8,1187.09280849878,3.37685043993088,0.007013458606010299,0.0519515452297059,3.37685043993088,0.0779273178445589,22.079406722625002,No (reported postion),cruise,2021-10-13 22:00:00
2021-10-13 23:00:00+00:00,15.2162633333,55.61731,8.9,1224.3993303386999,3.48297402503351,0.00723386912891575,0.0535842157697463,3.48297402503351,0.0803763236546194,22.7732917021422,No (reported postion),cruise,2021-10-13 23:00:00
2021-10-14 00:00:00+00:00,14.98333,55.5533866667,8.6,1114.98517791267,3.17173026539708,0.00658743978197855,0.0487958502368781,3.17173026539708,0.0731937753553172,20.7382363506732,No (reported postion),cruise,2021-10-14 00:00:00
2021-10-14 01:00:00+00:00,14.75596,55.4890783333,8.5,1080.16501659542,3.07267947828018,0.0063817189164280695,0.047271991973541296,3.07267947828018,0.0709079879603119,20.090596588755,No (reported postion),cruise,2021-10-14 01:00:00
2021-10-14 02:00:00+00:00,14.5381366667,55.41799,8.5,1080.16501659542,3.07267947828018,0.0063817189164280695,0.047271991973541296,3.07267947828018,0.0709079879603119,20.090596588755,No (reported postion),cruise,2021-10-14 02:00:00
2021-10-14 03:00:00+00:00,14.3797266667,55.3021033333,9.1,1301.5654185399198,3.70248368512449,0.00768977380756624,0.0569612874634537,3.70248368512449,0.0854419311951805,24.208547171967798,No (reported postion),cruise,2021-10-14 03:00:00
2021-10-14 04:00:00+00:00,14.1810083333,55.2248,8.8,1187.09280849878,3.37685043993088,0.007013458606010299,0.0519515452297059,3.37685043993088,0.0779273178445589,22.079406722625002,No (reported postion),cruise,2021-10-14 04:00:00
2021-10-14 05:00:00+00:00,13.932515,55.2269333333,8.4,1046.15458954801,2.97593209280615,0.006180782038905089,0.0457835706585562,2.97593209280615,0.0686753559878343,19.4580175298864,No (reported postion),cruise,2021-10-14 05:00:00
2021-10-14 06:00:00+00:00,13.681525,55.23392,8.7,1150.62459978528,3.27311155299969,0.00679800091776859,0.0503555623538414,3.27311155299969,0.07553334353076209,21.4011140003826,No (reported postion),cruise,2021-10-14 06:00:00
2021-10-14 07:00:00+00:00,13.4310816667,55.2390216667,8.5,1080.16501659542,3.07267947828018,0.0063817189164280695,0.047271991973541296,3.07267947828018,0.0709079879603119,20.090596588755,No (reported postion),cruise,2021-10-14 07:00:00
2021-10-14 08:00:00+00:00,13.1751866667,55.249915,8.7,1150.62459978528,3.27311155299969,0.00679800091776859,0.0503555623538414,3.27311155299969,0.07553334353076209,21.4011140003826,No (reported postion),cruise,2021-10-14 08:00:00
2021-10-14 09:00:00+00:00,12.9158066667,55.2598166667,9.1,1301.5654185399198,3.70248368512449,0.00768977380756624,0.0569612874634537,3.70248368512449,0.0854419311951805,24.208547171967798,No (reported postion),cruise,2021-10-14 09:00:00
2021-10-14 10:00:00+00:00,12.6673966667,55.3124283333,9.0,1262.55369159057,3.59150940715042,0.00745928876869703,0.0552539908792373,3.59150940715042,0.0828809863188559,23.4829461236758,No (reported postion),cruise,2021-10-14 10:00:00
2021-10-14 11:00:00+00:00,12.708915,55.469765,9.7,1491.17115222586,4.2418435402486,0.00880998273743941,0.0652591313884401,4.2418435402486,0.0978886970826601,27.735130840087,No (reported postion),cruise,2021-10-14 11:00:00
2021-10-14 12:00:00+00:00,12.697685,55.6179216667,7.9,853.880046262225,2.4289804379450604,0.00504480552496282,0.037368929814539396,2.4289804379450604,0.0560533947218091,15.8817951711792,No (reported postion),cruise,2021-10-14 12:00:00
2021-10-14 13:00:00+00:00,12.6990583333,55.7646983333,9.3,1326.6734627308301,3.77390700558004,0.00783811455005084,0.0580601077781544,3.77390700558004,0.0870901616672316,24.6755458057156,No (reported postion),cruise,2021-10-14 13:00:00
2021-10-14 14:00:00+00:00,12.745775,55.906265,8.4,1005.23960739375,2.85954374094502,0.0059390523850396506,0.0439929806299233,2.85954374094502,0.065989470944885,18.6970167677174,No (reported postion),cruise,2021-10-14 14:00:00
2021-10-14 15:00:00+00:00,12.6648766667,56.0354816667,8.0,882.675798418095,2.51089395611274,0.00521493360115724,0.0386291377863499,2.51089395611274,0.0579437066795249,16.4173835591987,No (reported postion),cruise,2021-10-14 15:00:00
2021-10-14 16:00:00+00:00,12.49636,56.1431916667,9.0,1212.2300528257601,3.44835682423084,0.00716197186571021,0.053051643449705206,3.44835682423084,0.0795774651745579,22.5469484661247,No (reported postion),cruise,2021-10-14 16:00:00
2021-10-14 17:00:00+00:00,12.338435,56.2620233333,9.2,1287.6903836691201,3.66301422050297,0.00760779876566001,0.0563540649308149,3.66301422050297,0.0845310973962224,23.9504775955963,No (reported postion),cruise,2021-10-14 17:00:00
2021-10-14 18:00:00+00:00,12.1661416667,56.3826933333,9.1,1301.5654185399198,3.70248368512449,0.00768977380756624,0.0569612874634537,3.70248368512449,0.0854419311951805,24.208547171967798,No (reported postion),cruise,2021-10-14 18:00:00
2021-10-14 19:00:00+00:00,11.920925,56.42941,8.7,1150.62459978528,3.27311155299969,0.00679800091776859,0.0503555623538414,3.27311155299969,0.07553334353076209,21.4011140003826,No (reported postion),cruise,2021-10-14 19:00:00
2021-10-14 20:00:00+00:00,11.6699,56.4682516667,8.6,1114.98517791267,3.17173026539708,0.00658743978197855,0.0487958502368781,3.17173026539708,0.0731937753553172,20.7382363506732,No (reported postion),cruise,2021-10-14 20:00:00
2021-10-14 21:00:00+00:00,11.483815,56.39892,8.4,1046.15458954801,2.97593209280615,0.006180782038905089,0.0457835706585562,2.97593209280615,0.0686753559878343,19.4580175298864,No (reported postion),cruise,2021-10-14 21:00:00
2021-10-14 22:00:00+00:00,11.3653316667,56.27667,8.4,1046.15458954801,2.97593209280615,0.006180782038905089,0.0457835706585562,2.97593209280615,0.0686753559878343,19.4580175298864,No (reported postion),cruise,2021-10-14 22:00:00
2021-10-14 23:00:00+00:00,11.2372333333,56.158635,8.7,1150.62459978528,3.27311155299969,0.00679800091776859,0.0503555623538414,3.27311155299969,0.07553334353076209,21.4011140003826,No (reported postion),cruise,2021-10-14 23:00:00
2021-10-15 00:00:00+00:00,11.0856966667,56.040615,9.2,1341.4440374722599,3.8159239577985598,0.007925380527735471,0.058706522427670105,3.8159239577985598,0.08805978364150521,24.9502720317598,No (reported postion),cruise,2021-10-15 00:00:00
2021-10-15 01:00:00+00:00,10.9407383333,55.91747,9.3,1326.6734627308301,3.77390700558004,0.00783811455005084,0.0580601077781544,3.77390700558004,0.0870901616672316,24.6755458057156,No (reported postion),cruise,2021-10-15 01:00:00
2021-10-15 02:00:00+00:00,10.801825,55.7949883333,9.1,1249.5456177338299,3.5545061335973402,0.00738243581593293,0.0546847097476513,3.5545061335973402,0.08202706462147699,23.241001642751797,No (reported postion),cruise,2021-10-15 02:00:00
2021-10-15 03:00:00+00:00,10.7246283333,55.69211,0.8,220.13756579841802,0.645455371374294,0.00130059393360116,0.0097575549079508,0.634241069016802,0.0147721086216937,4.386313283783831,No (reported postion),anchor,2021-10-15 03:00:00
2021-10-15 04:00:00+00:00,10.7256566667,55.6915583333,0.0,219.36,0.624,0.001296,0.0096,0.624,0.0144,4.08,No (reported postion),anchor,2021-10-15 04:00:00
2021-10-15 05:00:00+00:00,10.7256716667,55.6915333333,0.0,219.36,0.624,0.001296,0.0096,0.624,0.0144,4.08,No (reported postion),anchor,2021-10-15 05:00:00
2021-10-15 06:00:00+00:00,10.724715,55.691355,0.0,219.36,0.624,0.001296,0.0096,0.624,0.0144,4.08,No (reported postion),anchor,2021-10-15 06:00:00
2021-10-15 07:00:00+00:00,10.724825,55.691355,0.1,219.36151868320002,0.624041905022215,0.00129600897252656,0.00960030772442959,0.624020002087923,0.0144007267746517,4.08059826813239,No (reported postion),anchor,2021-10-15 07:00:00
2021-10-15 08:00:00+00:00,10.7253783333,55.6914433333,0.0,219.36,0.624,0.001296,0.0096,0.624,0.0144,4.08,No (reported postion),anchor,2021-10-15 08:00:00
2021-10-15 09:00:00+00:00,10.7263683333,55.691815,0.2,219.3721494656,0.624335240177723,0.0012960717802125198,0.00960246179543673,0.624160016703388,0.014405814197214,4.08478614505912,No (reported postion),anchor,2021-10-15 09:00:00
2021-10-15 10:00:00+00:00,10.7265,55.6917866667,0.0,219.36,0.624,0.001296,0.0096,0.624,0.0144,4.08,No (reported postion),anchor,2021-10-15 10:00:00
2021-10-15 11:00:00+00:00,10.7264816667,55.6919083333,0.3,219.401004446401,0.625131435599816,0.0012962422582172498,0.00960830855959897,0.624540056373933,0.014419622915597102,4.09615323957454,No (reported postion),anchor,2021-10-15 11:00:00
2021-10-15 12:00:00+00:00,10.725955,55.6915966667,0.0,219.36,0.624,0.001296,0.0096,0.624,0.0144,4.08,No (reported postion),anchor,2021-10-15 12:00:00
2021-10-15 13:00:00+00:00,10.7256583333,55.6915283333,0.0,219.36,0.624,0.001296,0.0096,0.624,0.0144,4.08,No (reported postion),anchor,2021-10-15 13:00:00
2021-10-15 14:00:00+00:00,10.725455,55.6914483333,0.0,219.36,0.624,0.001296,0.0096,0.624,0.0144,4.08,No (reported postion),anchor,2021-10-15 14:00:00
2021-10-15 15:00:00+00:00,10.72539,55.6914083333,0.2,219.3721494656,0.624335240177723,0.0012960717802125198,0.00960246179543673,0.624160016703388,0.014405814197214,4.08478614505912,No (reported postion),anchor,2021-10-15 15:00:00
2021-10-15 16:00:00+00:00,10.7251616667,55.6913533333,0.0,219.36,0.624,0.001296,0.0096,0.624,0.0144,4.08,No (reported postion),anchor,2021-10-15 16:00:00
2021-10-15 17:00:00+00:00,10.7250316667,55.6913216667,0.1,219.36151868320002,0.624041905022215,0.00129600897252656,0.00960030772442959,0.624020002087923,0.0144007267746517,4.08059826813239,No (reported postion),anchor,2021-10-15 17:00:00
2021-10-15 18:00:00+00:00,10.72519,55.6913166667,0.2,219.3721494656,0.624335240177723,0.0012960717802125198,0.00960246179543673,0.624160016703388,0.014405814197214,4.08478614505912,No (reported postion),anchor,2021-10-15 18:00:00
2021-10-15 19:00:00+00:00,10.6615416667,55.6741,11.6,2475.61653220237,7.04223521195421,0.014626180824828,0.10834208018391099,7.04223521195421,0.16251312027586598,46.0453840781622,No (reported postion),cruise,2021-10-15 19:00:00
2021-10-15 20:00:00+00:00,10.3229883333,55.670555,12.4,2725.091,7.7519,0.016100100000000003,0.11926,7.7519,0.17889,50.6855,No (reported postion),cruise,2021-10-15 20:00:00
2021-10-15 21:00:00+00:00,9.98054,55.6089,12.7,2725.091,7.7519,0.016100100000000003,0.11926,7.7519,0.17889,50.6855,No (reported postion),cruise,2021-10-15 21:00:00
2021-10-15 22:00:00+00:00,9.7623433333,55.5567,0.1,219.36151868320002,0.624041905022215,0.00129600897252656,0.00960030772442959,0.624020002087923,0.0144007267746517,4.08059826813239,No (reported postion),anchor,2021-10-15 22:00:00
2021-10-15 23:00:00+00:00,9.7626316667,55.5567066667,0.0,219.36,0.624,0.001296,0.0096,0.624,0.0144,4.08,No (reported postion),anchor,2021-10-15 23:00:00
2021-10-16 00:00:00+00:00,9.76262,55.55667,0.0,219.36,0.624,0.001296,0.0096,0.624,0.0144,4.08,No (reported postion),anchor,2021-10-16 00:00:00
2021-10-16 01:00:00+00:00,9.7626266667,55.556705,0.0,219.36,0.624,0.001296,0.0096,0.624,0.0144,4.08,No (reported postion),anchor,2021-10-16 01:00:00
2021-10-16 02:00:00+00:00,9.7626233333,55.556705,0.0,219.36,0.624,0.001296,0.0096,0.624,0.0144,4.08,No (reported postion),anchor,2021-10-16 02:00:00
2021-10-16 03:00:00+00:00,9.7625933333,55.5566866667,0.0,219.36,0.624,0.001296,0.0096,0.624,0.0144,4.08,No (reported postion),anchor,2021-10-16 03:00:00
2021-10-16 04:00:00+00:00,9.762605,55.55669,0.0,219.36,0.624,0.001296,0.0096,0.624,0.0144,4.08,No (reported postion),anchor,2021-10-16 04:00:00
2021-10-16 05:00:00+00:00,9.76262,55.5566766667,0.0,219.36,0.624,0.001296,0.0096,0.624,0.0144,4.08,No (reported postion),anchor,2021-10-16 05:00:00
2021-10-16 06:00:00+00:00,9.7626516667,55.5567,0.0,219.36,0.624,0.001296,0.0096,0.624,0.0144,4.08,No (reported postion),anchor,2021-10-16 06:00:00
2021-10-16 07:00:00+00:00,9.7625916667,55.556745,0.0,219.36,0.624,0.001296,0.0096,0.624,0.0144,4.08,No (reported postion),anchor,2021-10-16 07:00:00
2021-10-16 08:00:00+00:00,9.76254,55.5566833333,0.0,219.36,0.624,0.001296,0.0096,0.624,0.0144,4.08,No (reported postion),anchor,2021-10-16 08:00:00
2021-10-16 09:00:00+00:00,9.7626333333,55.55673,0.0,219.36,0.624,0.001296,0.0096,0.624,0.0144,4.08,No (reported postion),anchor,2021-10-16 09:00:00
2021-10-16 10:00:00+00:00,9.7626183333,55.5567133333,0.0,219.36,0.624,0.001296,0.0096,0.624,0.0144,4.08,No (reported postion),anchor,2021-10-16 10:00:00
2021-10-16 11:00:00+00:00,9.76266,55.5567316667,0.0,219.36,0.624,0.001296,0.0096,0.624,0.0144,4.08,No (reported postion),anchor,2021-10-16 11:00:00
2021-10-16 12:00:00+00:00,9.762605,55.5566916667,0.0,219.36,0.624,0.001296,0.0096,0.624,0.0144,4.08,No (reported postion),anchor,2021-10-16 12:00:00
2021-10-16 13:00:00+00:00,9.7626333333,55.5566966667,0.0,219.36,0.624,0.001296,0.0096,0.624,0.0144,4.08,No (reported postion),anchor,2021-10-16 13:00:00
2021-10-16 14:00:00+00:00,9.762655,55.5566483333,0.0,219.36,0.624,0.001296,0.0096,0.624,0.0144,4.08,No (reported postion),anchor,2021-10-16 14:00:00
2021-10-16 15:00:00+00:00,9.7626283333,55.5567183333,0.0,219.36,0.624,0.001296,0.0096,0.624,0.0144,4.08,No (reported postion),anchor,2021-10-16 15:00:00
2021-10-16 16:00:00+00:00,9.76262,55.5566966667,0.0,219.36,0.624,0.001296,0.0096,0.624,0.0144,4.08,No (reported postion),anchor,2021-10-16 16:00:00
2021-10-16 17:00:00+00:00,9.762595,55.5566766667,0.0,219.36,0.624,0.001296,0.0096,0.624,0.0144,4.08,No (reported postion),anchor,2021-10-16 17:00:00
2021-10-16 18:00:00+00:00,9.7626583333,55.556705,0.0,219.36,0.624,0.001296,0.0096,0.624,0.0144,4.08,No (reported postion),anchor,2021-10-16 18:00:00
2021-10-16 19:00:00+00:00,9.7626166667,55.5567266667,0.0,219.36,0.624,0.001296,0.0096,0.624,0.0144,4.08,No (reported postion),anchor,2021-10-16 19:00:00
2021-10-16 20:00:00+00:00,9.7626283333,55.5567,0.0,219.36,0.624,0.001296,0.0096,0.624,0.0144,4.08,No (reported postion),anchor,2021-10-16 20:00:00
2021-10-16 21:00:00+00:00,9.7626,55.5567033333,0.0,219.36,0.624,0.001296,0.0096,0.624,0.0144,4.08,No (reported postion),anchor,2021-10-16 21:00:00
2021-10-16 22:00:00+00:00,9.762575,55.5566916667,0.0,219.36,0.624,0.001296,0.0096,0.624,0.0144,4.08,No (reported postion),anchor,2021-10-16 22:00:00
2021-10-16 23:00:00+00:00,9.7626366667,55.556775,0.0,219.36,0.624,0.001296,0.0096,0.624,0.0144,4.08,No (reported postion),anchor,2021-10-16 23:00:00
2021-10-17 00:00:00+00:00,9.7626033333,55.5567,0.0,219.36,0.624,0.001296,0.0096,0.624,0.0144,4.08,No (reported postion),anchor,2021-10-17 00:00:00
2021-10-17 01:00:00+00:00,9.762585,55.556695,0.0,219.36,0.624,0.001296,0.0096,0.624,0.0144,4.08,No (reported postion),anchor,2021-10-17 01:00:00
2021-10-17 02:00:00+00:00,9.7626216667,55.556725,0.0,219.36,0.624,0.001296,0.0096,0.624,0.0144,4.08,No (reported postion),anchor,2021-10-17 02:00:00
2021-10-17 03:00:00+00:00,9.762585,55.5567066667,0.0,219.36,0.624,0.001296,0.0096,0.624,0.0144,4.08,No (reported postion),anchor,2021-10-17 03:00:00
2021-10-17 04:00:00+00:00,9.8198666667,55.569005,12.4,2725.091,7.7519,0.016100100000000003,0.11926,7.7519,0.17889,50.6855,No (reported postion),cruise,2021-10-17 04:00:00
2021-10-17 05:00:00+00:00,10.1520183333,55.6638033333,12.8,2725.091,7.7519,0.016100100000000003,0.11926,7.7519,0.17889,50.6855,No (reported postion),cruise,2021-10-17 05:00:00
2021-10-17 06:00:00+00:00,10.5272816667,55.6450283333,12.9,2725.091,7.7519,0.016100100000000003,0.11926,7.7519,0.17889,50.6855,No (reported postion),cruise,2021-10-17 06:00:00
2021-10-17 07:00:00+00:00,10.8018583333,55.7331233333,11.7,2537.4527560581996,7.21813694283516,0.0149915151889653,0.111048260659002,7.21813694283516,0.166572390988504,47.195510780076,No (reported postion),cruise,2021-10-17 07:00:00
2021-10-17 08:00:00+00:00,10.9481166667,55.909455,12.1,2725.091,7.7519,0.016100100000000003,0.11926,7.7519,0.17889,50.6855,No (reported postion),cruise,2021-10-17 08:00:00
2021-10-17 09:00:00+00:00,11.1534616667,56.0854933333,13.0,2725.091,7.7519,0.016100100000000003,0.11926,7.7519,0.17889,50.6855,No (reported postion),cruise,2021-10-17 09:00:00
2021-10-17 10:00:00+00:00,11.3878933333,56.2542816667,12.6,2725.091,7.7519,0.016100100000000003,0.11926,7.7519,0.17889,50.6855,No (reported postion),cruise,2021-10-17 10:00:00
2021-10-17 11:00:00+00:00,11.6044816667,56.429775,12.8,2725.091,7.7519,0.016100100000000003,0.11926,7.7519,0.17889,50.6855,No (reported postion),cruise,2021-10-17 11:00:00
2021-10-17 12:00:00+00:00,11.8254066667,56.6124633333,13.3,2725.091,7.7519,0.016100100000000003,0.11926,7.7519,0.17889,50.6855,No (reported postion),cruise,2021-10-17 12:00:00
2021-10-17 13:00:00+00:00,11.93684,56.7782766667,10.2,1790.00506867688,5.091918138468159,0.0105755222875877,0.0783372021302793,5.091918138468159,0.117505803195419,33.2933109053687,No (reported postion),cruise,2021-10-17 13:00:00
2021-10-17 14:00:00+00:00,11.8334033333,56.940995,10.2,1790.00506867688,5.091918138468159,0.0105755222875877,0.0783372021302793,5.091918138468159,0.117505803195419,33.2933109053687,No (reported postion),cruise,2021-10-17 14:00:00
2021-10-17 15:00:00+00:00,11.730485,57.0994616667,10.1,1740.9335842105,4.95232748243688,0.0102856032327535,0.07618965357595209,4.95232748243688,0.11428448036392799,32.3806027697796,No (reported postion),cruise,2021-10-17 15:00:00
2021-10-17 16:00:00+00:00,11.6248533333,57.2604733333,10.2,1790.00506867688,5.091918138468159,0.0105755222875877,0.0783372021302793,5.091918138468159,0.117505803195419,33.2933109053687,No (reported postion),cruise,2021-10-17 16:00:00
2021-10-17 17:00:00+00:00,11.607345,57.43422,10.4,1891.07260726658,5.3794187952878705,0.0111726390363671,0.08276028915827491,5.3794187952878705,0.124140433737412,35.173122892266804,No (reported postion),cruise,2021-10-17 17:00:00
2021-10-17 18:00:00+00:00,11.66235,57.5839766667,5.7,386.35949786414506,1.73109536439796,0.0022826491121076403,0.0190009589715996,1.23506233315397,0.0309015982859993,12.2079904473012,No (reported postion),cruise,2021-10-17 18:00:00
2021-10-17 19:00:00+00:00,11.6797583333,57.5985016667,0.0,219.36,0.624,0.001296,0.0096,0.624,0.0144,4.08,No (reported postion),anchor,2021-10-17 19:00:00
2021-10-17 20:00:00+00:00,11.6789366667,57.5990483333,0.0,219.36,0.624,0.001296,0.0096,0.624,0.0144,4.08,No (reported postion),anchor,2021-10-17 20:00:00
2021-10-17 21:00:00+00:00,11.6786833333,57.5999116667,0.0,219.36,0.624,0.001296,0.0096,0.624,0.0144,4.08,No (reported postion),anchor,2021-10-17 21:00:00
2021-10-17 22:00:00+00:00,11.68037,57.6000083333,0.4,219.457195724802,0.626681921421787,0.00129657424170014,0.00961969436349385,0.6252801336271,0.0144465135777117,4.1182891604729805,No (reported postion),anchor,2021-10-17 22:00:00
2021-10-17 23:00:00+00:00,11.393375,57.6509616667,12.7,2725.091,7.7519,0.016100100000000003,0.11926,7.7519,0.17889,50.6855,No (reported postion),cruise,2021-10-17 23:00:00
2021-10-18 00:00:00+00:00,11.070235,57.7608666667,12.0,2725.091,7.7519,0.016100100000000003,0.11926,7.7519,0.17889,50.6855,No (reported postion),cruise,2021-10-18 00:00:00
2021-10-18 01:00:00+00:00,10.769215,57.8533816667,11.9,2725.091,7.7519,0.016100100000000003,0.11926,7.7519,0.17889,50.6855,No (reported postion),cruise,2021-10-18 01:00:00
2021-10-18 02:00:00+00:00,10.4053483333,57.8511383333,11.8,2713.77532713504,7.71971099622658,0.0160332459152398,0.11876478455733201,7.71971099622658,0.178147176835998,50.4750334368661,No (reported postion),cruise,2021-10-18 02:00:00
2021-10-18 03:00:00+00:00,10.0379566667,57.83694,12.0,2725.091,7.7519,0.016100100000000003,0.11926,7.7519,0.17889,50.6855,No (reported postion),cruise,2021-10-18 03:00:00
2021-10-18 04:00:00+00:00,9.670605,57.8330083333,11.5,2519.82491693801,7.16799210507531,0.014887368218233301,0.11027680161654299,7.16799210507531,0.165415202424815,46.8676406870309,No (reported postion),cruise,2021-10-18 04:00:00
2021-10-18 05:00:00+00:00,9.3177516667,57.8413666667,11.2,2335.7342122619502,6.64432051628125,0.013799742610738,0.102220315635096,6.64432051628125,0.15333047345264397,43.4436341449158,No (reported postion),cruise,2021-10-18 05:00:00
2021-10-18 06:00:00+00:00,8.9685533333,57.8185766667,11.3,2396.0181347941902,6.81580651035545,0.014155905829199799,0.10485856169777599,6.81580651035545,0.157287842546664,44.564888721554894,No (reported postion),cruise,2021-10-18 06:00:00
2021-10-18 07:00:00+00:00,8.6122316667,57.799165,11.6,2583.36682912065,7.348745903406679,0.0152627799532293,0.11305762928318,7.348745903406679,0.169586443924769,48.0494924453513,No (reported postion),cruise,2021-10-18 07:00:00
2021-10-18 08:00:00+00:00,8.24791,57.7833766667,12.0,2725.091,7.7519,0.016100100000000003,0.11926,7.7519,0.17889,50.6855,No (reported postion),cruise,2021-10-18 08:00:00
2021-10-18 09:00:00+00:00,7.8707666667,57.7699783333,12.1,2725.091,7.7519,0.016100100000000003,0.11926,7.7519,0.17889,50.6855,No (reported postion),cruise,2021-10-18 09:00:00
2021-10-18 10:00:00+00:00,7.48645,57.7787166667,12.2,2725.091,7.7519,0.016100100000000003,0.11926,7.7519,0.17889,50.6855,No (reported postion),cruise,2021-10-18 10:00:00
2021-10-18 11:00:00+00:00,7.1032616667,57.791815,12.8,2725.091,7.7519,0.016100100000000003,0.11926,7.7519,0.17889,50.6855,No (reported postion),cruise,2021-10-18 11:00:00
2021-10-18 12:00:00+00:00,6.766775,57.7997183333,9.5,1466.37650902259,4.17131173244937,0.008663493598164089,0.0641740266530673,4.17131173244937,0.0962610399796009,27.2739613275536,No (reported postion),cruise,2021-10-18 12:00:00
2021-10-18 13:00:00+00:00,6.55569,57.8446283333,6.1,465.490969219368,1.74446677588425,0.00275016546365929,0.021633323709274302,1.4061660411028298,0.0341060031467576,11.8083046179344,No (reported postion),cruise,2021-10-18 13:00:00
2021-10-18 14:00:00+00:00,6.399095,57.921645,12.0,2725.091,7.7519,0.016100100000000003,0.11926,7.7519,0.17889,50.6855,No (reported postion),cruise,2021-10-18 14:00:00
2021-10-18 15:00:00+00:00,6.07638,58.0723166667,14.9,2725.091,7.7519,0.016100100000000003,0.11926,7.7519,0.17889,50.6855,No (reported postion),cruise,2021-10-18 15:00:00
2021-10-18 16:00:00+00:00,5.7449816667,58.2159116667,11.7,2648.01379042449,7.53264316750948,0.0156447204248274,0.115886817961684,7.53264316750948,0.173830226942526,49.2518976337158,No (reported postion),cruise,2021-10-18 16:00:00
2021-10-18 17:00:00+00:00,5.4546433333,58.34125,11.7,2648.01379042449,7.53264316750948,0.0156447204248274,0.115886817961684,7.53264316750948,0.173830226942526,49.2518976337158,No (reported postion),cruise,2021-10-18 17:00:00
2021-10-18 18:00:00+00:00,5.180325,58.4725716667,11.8,2713.77532713504,7.71971099622658,0.0160332459152398,0.11876478455733201,7.71971099622658,0.178147176835998,50.4750334368661,No (reported postion),cruise,2021-10-18 18:00:00
2021-10-18 19:00:00+00:00,4.9105116667,58.6109883333,12.0,2725.091,7.7519,0.016100100000000003,0.11926,7.7519,0.17889,50.6855,No (reported postion),cruise,2021-10-18 19:00:00
2021-10-18 20:00:00+00:00,4.6579166667,58.7514683333,11.5,2519.82491693801,7.16799210507531,0.014887368218233301,0.11027680161654299,7.16799210507531,0.165415202424815,46.8676406870309,No (reported postion),cruise,2021-10-18 20:00:00
2021-10-18 21:00:00+00:00,4.3879183333,58.8852583333,11.5,2519.82491693801,7.16799210507531,0.014887368218233301,0.11027680161654299,7.16799210507531,0.165415202424815,46.8676406870309,No (reported postion),cruise,2021-10-18 21:00:00
2021-10-18 22:00:00+00:00,4.2087866667,59.0396483333,10.3,1840.04823426707,5.23427287647087,0.0108711821280549,0.0805272750226287,5.23427287647087,0.120790912533943,34.2240918846172,No (reported postion),cruise,2021-10-18 22:00:00
2021-10-18 23:00:00+00:00,4.1949516667,59.22149,10.8,2105.17269906851,5.9884562555559295,0.0124375629923085,0.092130096239322,5.9884562555559295,0.13819514435898297,39.1552909017119,No (reported postion),cruise,2021-10-18 23:00:00
2021-10-19 00:00:00+00:00,4.1879483333,59.40173,11.3,2396.0181347941902,6.81580651035545,0.014155905829199799,0.10485856169777599,6.81580651035545,0.157287842546664,44.564888721554894,No (reported postion),cruise,2021-10-19 00:00:00
2021-10-19 01:00:00+00:00,4.1898666667,59.5921333333,11.8,2713.77532713504,7.71971099622658,0.0160332459152398,0.11876478455733201,7.71971099622658,0.178147176835998,50.4750334368661,No (reported postion),cruise,2021-10-19 01:00:00
2021-10-19 02:00:00+00:00,4.1999033333,59.7882416667,12.0,2725.091,7.7519,0.016100100000000003,0.11926,7.7519,0.17889,50.6855,No (reported postion),cruise,2021-10-19 02:00:00
2021-10-19 03:00:00+00:00,4.206865,59.9877866667,12.1,2725.091,7.7519,0.016100100000000003,0.11926,7.7519,0.17889,50.6855,No (reported postion),cruise,2021-10-19 03:00:00
2021-10-19 04:00:00+00:00,4.20462,60.1891683333,11.7,2648.01379042449,7.53264316750948,0.0156447204248274,0.115886817961684,7.53264316750948,0.173830226942526,49.2518976337158,No (reported postion),cruise,2021-10-19 04:00:00
2021-10-19 05:00:00+00:00,4.19593,60.3840683333,11.9,2725.091,7.7519,0.016100100000000003,0.11926,7.7519,0.17889,50.6855,No (reported postion),cruise,2021-10-19 05:00:00
2021-10-19 06:00:00+00:00,4.1908383333,60.5807716667,11.8,2713.77532713504,7.71971099622658,0.0160332459152398,0.11876478455733201,7.71971099622658,0.178147176835998,50.4750334368661,No (reported postion),cruise,2021-10-19 06:00:00
2021-10-19 07:00:00+00:00,4.2266183333,60.7752133333,11.6,2583.36682912065,7.348745903406679,0.0152627799532293,0.11305762928318,7.348745903406679,0.169586443924769,48.0494924453513,No (reported postion),cruise,2021-10-19 07:00:00
2021-10-19 08:00:00+00:00,4.2113483333,60.9634433333,11.8,2713.77532713504,7.71971099622658,0.0160332459152398,0.11876478455733201,7.71971099622658,0.178147176835998,50.4750334368661,No (reported postion),cruise,2021-10-19 08:00:00
2021-10-19 09:00:00+00:00,4.2019033333,61.16698,12.1,2725.091,7.7519,0.016100100000000003,0.11926,7.7519,0.17889,50.6855,No (reported postion),cruise,2021-10-19 09:00:00
2021-10-19 10:00:00+00:00,4.19892,61.361585,11.4,2457.37852759103,6.99035467367252,0.0145184289376275,0.1075439180565,6.99035467367252,0.16131587708475,45.706165174012604,No (reported postion),cruise,2021-10-19 10:00:00
2021-10-19 11:00:00+00:00,4.206275,61.5573633333,12.5,2725.091,7.7519,0.016100100000000003,0.11926,7.7519,0.17889,50.6855,No (reported postion),cruise,2021-10-19 11:00:00
2021-10-19 12:00:00+00:00,4.2207166667,61.7701583333,12.4,2725.091,7.7519,0.016100100000000003,0.11926,7.7519,0.17889,50.6855,No (reported postion),cruise,2021-10-19 12:00:00
2021-10-19 13:00:00+00:00,4.1939,61.9740733333,12.5,2725.091,7.7519,0.016100100000000003,0.11926,7.7519,0.17889,50.6855,No (reported postion),cruise,2021-10-19 13:00:00
2021-10-19 14:00:00+00:00,4.4504733333,62.1448683333,13.5,2725.091,7.7519,0.016100100000000003,0.11926,7.7519,0.17889,50.6855,No (reported postion),cruise,2021-10-19 14:00:00
2021-10-19 15:00:00+00:00,4.764055,62.268515,11.3,2396.0181347941902,6.81580651035545,0.014155905829199799,0.10485856169777599,6.81580651035545,0.157287842546664,44.564888721554894,No (reported postion),cruise,2021-10-19 15:00:00
2021-10-19 16:00:00+00:00,5.06568,62.3980883333,12.0,2725.091,7.7519,0.016100100000000003,0.11926,7.7519,0.17889,50.6855,No (reported postion),cruise,2021-10-19 16:00:00
2021-10-19 17:00:00+00:00,5.3479866667,62.540125,10.9,2161.2460033976,6.14796456108725,0.012768849473027399,0.0945840701705731,6.14796456108725,0.14187610525586,40.1982298224936,No (reported postion),cruise,2021-10-19 17:00:00
2021-10-19 18:00:00+00:00,5.6441316667,62.692325,13.1,2725.091,7.7519,0.016100100000000003,0.11926,7.7519,0.17889,50.6855,No (reported postion),cruise,2021-10-19 18:00:00
2021-10-19 19:00:00+00:00,5.9861133333,62.8630483333,12.0,2725.091,7.7519,0.016100100000000003,0.11926,7.7519,0.17889,50.6855,No (reported postion),cruise,2021-10-19 19:00:00
2021-10-19 20:00:00+00:00,6.2926816667,62.9959633333,11.9,2725.091,7.7519,0.016100100000000003,0.11926,7.7519,0.17889,50.6855,No (reported postion),cruise,2021-10-19 20:00:00
2021-10-19 21:00:00+00:00,6.5789666667,63.12883,11.4,2457.37852759103,6.99035467367252,0.0145184289376275,0.1075439180565,6.99035467367252,0.16131587708475,45.706165174012604,No (reported postion),cruise,2021-10-19 21:00:00
2021-10-19 22:00:00+00:00,6.9504416667,63.1904866667,8.6,1114.98517791267,3.17173026539708,0.00658743978197855,0.0487958502368781,3.17173026539708,0.0731937753553172,20.7382363506732,No (reported postion),cruise,2021-10-19 22:00:00
2021-10-19 23:00:00+00:00,7.2620933333,63.2224833333,8.6,1114.98517791267,3.17173026539708,0.00658743978197855,0.0487958502368781,3.17173026539708,0.0731937753553172,20.7382363506732,No (reported postion),cruise,2021-10-19 23:00:00
2021-10-20 00:00:00+00:00,7.5600866667,63.2502566667,8.1,948.886451169527,2.69923935781266,0.0056061125123801295,0.041526759350964,2.69923935781266,0.0622901390264459,17.648872724159702,No (reported postion),cruise,2021-10-20 00:00:00
2021-10-20 01:00:00+00:00,7.90144,63.2150516667,12.7,2725.091,7.7519,0.016100100000000003,0.11926,7.7519,0.17889,50.6855,No (reported postion),cruise,2021-10-20 01:00:00
2021-10-20 02:00:00+00:00,8.3139233333,63.3308383333,13.4,2725.091,7.7519,0.016100100000000003,0.11926,7.7519,0.17889,50.6855,No (reported postion),cruise,2021-10-20 02:00:00
2021-10-20 03:00:00+00:00,8.749155,63.43531,13.4,2725.091,7.7519,0.016100100000000003,0.11926,7.7519,0.17889,50.6855,No (reported postion),cruise,2021-10-20 03:00:00
2021-10-20 04:00:00+00:00,9.1943933333,63.52575,13.4,2725.091,7.7519,0.016100100000000003,0.11926,7.7519,0.17889,50.6855,No (reported postion),cruise,2021-10-20 04:00:00
2021-10-20 05:00:00+00:00,9.61297,63.640425,12.4,2725.091,7.7519,0.016100100000000003,0.11926,7.7519,0.17889,50.6855,No (reported postion),cruise,2021-10-20 05:00:00
2021-10-20 06:00:00+00:00,9.879505,63.5283816667,12.8,2725.091,7.7519,0.016100100000000003,0.11926,7.7519,0.17889,50.6855,No (reported postion),cruise,2021-10-20 06:00:00
2021-10-20 07:00:00+00:00,10.263625,63.4642416667,7.5,745.8044750149099,2.12154445846692,0.00440628464450822,0.0326391455148757,2.12154445846692,0.048958718272313594,13.8716368438222,No (reported postion),cruise,2021-10-20 07:00:00
2021-10-20 08:00:00+00:00,10.3506166667,63.4401433333,0.0,219.36,0.624,0.001296,0.0096,0.624,0.0144,4.08,No (reported postion),anchor,2021-10-20 08:00:00
2021-10-20 09:00:00+00:00,10.3506583333,63.4401816667,0.0,219.36,0.624,0.001296,0.0096,0.624,0.0144,4.08,No (reported postion),anchor,2021-10-20 09:00:00
2021-10-20 10:00:00+00:00,10.3506633333,63.440185,0.0,219.36,0.624,0.001296,0.0096,0.624,0.0144,4.08,No (reported postion),anchor,2021-10-20 10:00:00
2021-10-20 11:00:00+00:00,10.3506233333,63.4401933333,0.0,219.36,0.624,0.001296,0.0096,0.624,0.0144,4.08,No (reported postion),anchor,2021-10-20 11:00:00
2021-10-20 12:00:00+00:00,10.3506316667,63.4401616667,0.0,219.36,0.624,0.001296,0.0096,0.624,0.0144,4.08,No (reported postion),anchor,2021-10-20 12:00:00
2021-10-20 13:00:00+00:00,10.3506633333,63.4402,0.0,219.36,0.624,0.001296,0.0096,0.624,0.0144,4.08,No (reported postion),anchor,2021-10-20 13:00:00
2021-10-20 14:00:00+00:00,10.3506333333,63.4401966667,0.0,219.36,0.624,0.001296,0.0096,0.624,0.0144,4.08,No (reported postion),anchor,2021-10-20 14:00:00
2021-10-20 15:00:00+00:00,10.3506333333,63.4401933333,0.0,219.36,0.624,0.001296,0.0096,0.624,0.0144,4.08,No (reported postion),anchor,2021-10-20 15:00:00
2021-10-20 16:00:00+00:00,10.350675,63.440175,0.0,219.36,0.624,0.001296,0.0096,0.624,0.0144,4.08,No (reported postion),anchor,2021-10-20 16:00:00
2021-10-20 17:00:00+00:00,10.350605,63.4401816667,0.0,219.36,0.624,0.001296,0.0096,0.624,0.0144,4.08,No (reported postion),anchor,2021-10-20 17:00:00
2021-10-20 18:00:00+00:00,10.3506666667,63.4401916667,0.0,219.36,0.624,0.001296,0.0096,0.624,0.0144,4.08,No (reported postion),anchor,2021-10-20 18:00:00
2021-10-20 19:00:00+00:00,10.0403316667,63.4713933333,14.2,2725.091,7.7519,0.016100100000000003,0.11926,7.7519,0.17889,50.6855,No (reported postion),cruise,2021-10-20 19:00:00
2021-10-20 20:00:00+00:00,9.77288,63.6510966667,13.1,2725.091,7.7519,0.016100100000000003,0.11926,7.7519,0.17889,50.6855,No (reported postion),cruise,2021-10-20 20:00:00
2021-10-20 21:00:00+00:00,9.40037,63.6153066667,8.9,1175.7345768457199,3.3445403717711804,0.00694635307983246,0.0514544672580182,3.3445403717711804,0.0771817008870273,21.868148584657703,No (reported postion),cruise,2021-10-20 21:00:00
2021-10-20 22:00:00+00:00,9.2541733333,63.7383966667,11.4,2355.10598291316,6.6994262095998005,0.013914192896861102,0.10306809553230499,6.6994262095998005,0.154602143298457,43.8039406012295,No (reported postion),cruise,2021-10-20 22:00:00
2021-10-20 23:00:00+00:00,9.3952366667,63.91952,11.4,2355.10598291316,6.6994262095998005,0.013914192896861102,0.10306809553230499,6.6994262095998005,0.154602143298457,43.8039406012295,No (reported postion),cruise,2021-10-20 23:00:00
2021-10-21 00:00:00+00:00,9.57915,64.085775,11.2,2335.7342122619502,6.64432051628125,0.013799742610738,0.102220315635096,6.64432051628125,0.15333047345264397,43.4436341449158,No (reported postion),cruise,2021-10-21 00:00:00
2021-10-21 01:00:00+00:00,9.7741366667,64.2530866667,11.4,2457.37852759103,6.99035467367252,0.0145184289376275,0.1075439180565,6.99035467367252,0.16131587708475,45.706165174012604,No (reported postion),cruise,2021-10-21 01:00:00
2021-10-21 02:00:00+00:00,9.92163,64.430555,11.6,2583.36682912065,7.348745903406679,0.0152627799532293,0.11305762928318,7.348745903406679,0.169586443924769,48.0494924453513,No (reported postion),cruise,2021-10-21 02:00:00
2021-10-21 03:00:00+00:00,10.0851166667,64.6130533333,11.5,2519.82491693801,7.16799210507531,0.014887368218233301,0.11027680161654299,7.16799210507531,0.165415202424815,46.8676406870309,No (reported postion),cruise,2021-10-21 03:00:00
2021-10-21 04:00:00+00:00,10.21785,64.7930233333,11.7,2648.01379042449,7.53264316750948,0.0156447204248274,0.115886817961684,7.53264316750948,0.173830226942526,49.2518976337158,No (reported postion),cruise,2021-10-21 04:00:00
2021-10-21 05:00:00+00:00,10.365495,64.97285,11.2,2335.7342122619502,6.64432051628125,0.013799742610738,0.102220315635096,6.64432051628125,0.15333047345264397,43.4436341449158,No (reported postion),cruise,2021-10-21 05:00:00
2021-10-21 06:00:00+00:00,10.5099633333,65.1486033333,10.7,2050.12823357639,5.8318746250531905,0.0121123549904951,0.0897211480777414,5.8318746250531905,0.134581722116612,38.1314879330401,No (reported postion),cruise,2021-10-21 06:00:00
2021-10-21 07:00:00+00:00,10.6597183333,65.3253983333,11.7,2648.01379042449,7.53264316750948,0.0156447204248274,0.115886817961684,7.53264316750948,0.173830226942526,49.2518976337158,No (reported postion),cruise,2021-10-21 07:00:00
2021-10-21 08:00:00+00:00,10.803615,65.5036333333,10.4,1891.07260726658,5.3794187952878705,0.0111726390363671,0.08276028915827491,5.3794187952878705,0.124140433737412,35.173122892266804,No (reported postion),cruise,2021-10-21 08:00:00
2021-10-21 09:00:00+00:00,10.9422783333,65.669545,10.2,1790.00506867688,5.091918138468159,0.0105755222875877,0.0783372021302793,5.091918138468159,0.117505803195419,33.2933109053687,No (reported postion),cruise,2021-10-21 09:00:00
2021-10-21 10:00:00+00:00,11.072235,65.83389,10.7,2050.12823357639,5.8318746250531905,0.0121123549904951,0.0897211480777414,5.8318746250531905,0.134581722116612,38.1314879330401,No (reported postion),cruise,2021-10-21 10:00:00
2021-10-21 11:00:00+00:00,11.20027,65.9982233333,10.0,1692.8242545824,4.81547380953419,0.0100013686813402,0.0740842124543722,4.81547380953419,0.111126318681558,31.4857902931082,No (reported postion),cruise,2021-10-21 11:00:00
2021-10-21 12:00:00+00:00,11.33602,66.151855,9.7,1554.1739318724901,4.4210637011689995,0.00918220922550484,0.06801636463336919,4.4210637011689995,0.102024546950054,28.9069549691819,No (reported postion),cruise,2021-10-21 12:00:00
2021-10-21 13:00:00+00:00,11.615125,66.2429316667,9.7,1554.1739318724901,4.4210637011689995,0.00918220922550484,0.06801636463336919,4.4210637011689995,0.102024546950054,28.9069549691819,No (reported postion),cruise,2021-10-21 13:00:00
2021-10-21 14:00:00+00:00,12.0090516667,66.2658116667,9.5,1407.1910086302998,4.00295035277766,0.0083138199634613,0.0615838515811948,4.00295035277766,0.0923757773717922,26.173136922007803,No (reported postion),cruise,2021-10-21 14:00:00
2021-10-21 15:00:00+00:00,12.390875,66.24959,7.6,771.775476418714,2.19542258062216,0.0045597238212921895,0.0337757320095717,2.19542258062216,0.0506635980143576,14.354686104068,No (reported postion),cruise,2021-10-21 15:00:00
2021-10-21 16:00:00+00:00,12.8239066667,66.1720133333,12.5,2725.091,7.7519,0.016100100000000003,0.11926,7.7519,0.17889,50.6855,No (reported postion),cruise,2021-10-21 16:00:00
2021-10-21 17:00:00+00:00,13.240685,66.2113216667,11.7,2537.4527560581996,7.21813694283516,0.0149915151889653,0.111048260659002,7.21813694283516,0.166572390988504,47.195510780076,No (reported postion),cruise,2021-10-21 17:00:00
2021-10-21 18:00:00+00:00,13.6974183333,66.2486483333,12.1,2725.091,7.7519,0.016100100000000003,0.11926,7.7519,0.17889,50.6855,No (reported postion),cruise,2021-10-21 18:00:00
2021-10-21 19:00:00+00:00,14.028215,66.2803116667,1.2,221.98428456966099,0.696411878388241,0.00131150452590391,0.010131747814334,0.658563607931707,0.0156558665982164,5.11380733277042,No (reported postion),anchor,2021-10-21 19:00:00
2021-10-21 20:00:00+00:00,14.0336366667,66.2801366667,0.0,219.36,0.624,0.001296,0.0096,0.624,0.0144,4.08,No (reported postion),anchor,2021-10-21 20:00:00
2021-10-21 21:00:00+00:00,14.0336033333,66.280115,0.0,219.36,0.624,0.001296,0.0096,0.624,0.0144,4.08,No (reported postion),anchor,2021-10-21 21:00:00
2021-10-21 22:00:00+00:00,14.0336,66.2801483333,0.0,219.36,0.624,0.001296,0.0096,0.624,0.0144,4.08,No (reported postion),anchor,2021-10-21 22:00:00
2021-10-21 23:00:00+00:00,14.0336266667,66.280145,0.0,219.36,0.624,0.001296,0.0096,0.624,0.0144,4.08,No (reported postion),anchor,2021-10-21 23:00:00
2021-10-22 00:00:00+00:00,14.03359,66.28016,0.0,219.36,0.624,0.001296,0.0096,0.624,0.0144,4.08,No (reported postion),anchor,2021-10-22 00:00:00
2021-10-22 01:00:00+00:00,14.0335833333,66.2801733333,0.0,219.36,0.624,0.001296,0.0096,0.624,0.0144,4.08,No (reported postion),anchor,2021-10-22 01:00:00
2021-10-22 02:00:00+00:00,14.03367,66.280145,0.0,219.36,0.624,0.001296,0.0096,0.624,0.0144,4.08,No (reported postion),anchor,2021-10-22 02:00:00
2021-10-22 03:00:00+00:00,14.03359,66.280145,0.0,219.36,0.624,0.001296,0.0096,0.624,0.0144,4.08,No (reported postion),anchor,2021-10-22 03:00:00
2021-10-22 04:00:00+00:00,14.03359,66.2801666667,0.0,219.36,0.624,0.001296,0.0096,0.624,0.0144,4.08,No (reported postion),anchor,2021-10-22 04:00:00
2021-10-22 05:00:00+00:00,13.6866366667,66.2478483333,14.7,2725.091,7.7519,0.016100100000000003,0.11926,7.7519,0.17889,50.6855,No (reported postion),cruise,2021-10-22 05:00:00
2021-10-22 06:00:00+00:00,13.1559483333,66.185255,14.3,2725.091,7.7519,0.016100100000000003,0.11926,7.7519,0.17889,50.6855,No (reported postion),cruise,2021-10-22 06:00:00
2021-10-22 07:00:00+00:00,12.643085,66.2314283333,14.2,2725.091,7.7519,0.016100100000000003,0.11926,7.7519,0.17889,50.6855,No (reported postion),cruise,2021-10-22 07:00:00
2021-10-22 08:00:00+00:00,12.225165,66.2865733333,10.7,1965.5622234209,5.5913148587465304,0.0116127308604736,0.08602022859610049,5.5913148587465304,0.129030342894151,36.5585971533427,No (reported postion),cruise,2021-10-22 08:00:00
2021-10-22 09:00:00+00:00,11.8190583333,66.374665,11.5,2519.82491693801,7.16799210507531,0.014887368218233301,0.11027680161654299,7.16799210507531,0.165415202424815,46.8676406870309,No (reported postion),cruise,2021-10-22 09:00:00
2021-10-22 10:00:00+00:00,11.7902316667,66.564045,11.7,2648.01379042449,7.53264316750948,0.0156447204248274,0.115886817961684,7.53264316750948,0.173830226942526,49.2518976337158,No (reported postion),cruise,2021-10-22 10:00:00
2021-10-22 11:00:00+00:00,12.0603466667,66.7196433333,11.3,2396.0181347941902,6.81580651035545,0.014155905829199799,0.10485856169777599,6.81580651035545,0.157287842546664,44.564888721554894,No (reported postion),cruise,2021-10-22 11:00:00
2021-10-22 12:00:00+00:00,12.3295783333,66.8731033333,11.5,2519.82491693801,7.16799210507531,0.014887368218233301,0.11027680161654299,7.16799210507531,0.165415202424815,46.8676406870309,No (reported postion),cruise,2021-10-22 12:00:00
2021-10-22 13:00:00+00:00,12.6117616667,67.028995,11.6,2583.36682912065,7.348745903406679,0.0152627799532293,0.11305762928318,7.348745903406679,0.169586443924769,48.0494924453513,No (reported postion),cruise,2021-10-22 13:00:00
2021-10-22 14:00:00+00:00,12.8984983333,67.181505,11.2,2335.7342122619502,6.64432051628125,0.013799742610738,0.102220315635096,6.64432051628125,0.15333047345264397,43.4436341449158,No (reported postion),cruise,2021-10-22 14:00:00
2021-10-22 15:00:00+00:00,13.180635,67.332155,11.4,2457.37852759103,6.99035467367252,0.0145184289376275,0.1075439180565,6.99035467367252,0.16131587708475,45.706165174012604,No (reported postion),cruise,2021-10-22 15:00:00
2021-10-22 16:00:00+00:00,13.4849083333,67.48274,11.5,2519.82491693801,7.16799210507531,0.014887368218233301,0.11027680161654299,7.16799210507531,0.165415202424815,46.8676406870309,No (reported postion),cruise,2021-10-22 16:00:00
2021-10-22 17:00:00+00:00,13.7916633333,67.6352016667,11.1,2276.51723370879,6.475869592607051,0.013449883000030001,0.09962876296318539,6.475869592607051,0.149443144444778,42.342224259353806,No (reported postion),cruise,2021-10-22 17:00:00
2021-10-22 18:00:00+00:00,14.091635,67.782735,11.4,2457.37852759103,6.99035467367252,0.0145184289376275,0.1075439180565,6.99035467367252,0.16131587708475,45.706165174012604,No (reported postion),cruise,2021-10-22 18:00:00
2021-10-22 19:00:00+00:00,14.4629866667,67.91768,11.8,2713.77532713504,7.71971099622658,0.0160332459152398,0.11876478455733201,7.71971099622658,0.178147176835998,50.4750334368661,No (reported postion),cruise,2021-10-22 19:00:00
2021-10-22 20:00:00+00:00,14.8682683333,68.03644,11.5,2414.83731185375,6.86934027441986,0.0142670913391797,0.10568215806799801,6.86934027441986,0.158523237101997,44.9149171788991,No (reported postion),cruise,2021-10-22 20:00:00
2021-10-22 21:00:00+00:00,15.2672666667,68.155265,11.1,2182.10822354754,6.207310045102401,0.012892105478289602,0.09549707761696,6.207310045102401,0.14324561642544,40.586257987208,No (reported postion),cruise,2021-10-22 21:00:00
2021-10-22 22:00:00+00:00,15.7011183333,68.2316166667,11.2,2238.7505508592503,6.36843701557337,0.0132267538015755,0.09797595408574411,6.36843701557337,0.146963931128616,41.639780486441204,No (reported postion),cruise,2021-10-22 22:00:00
2021-10-22 23:00:00+00:00,16.016445,68.3760116667,13.0,2725.091,7.7519,0.016100100000000003,0.11926,7.7519,0.17889,50.6855,No (reported postion),cruise,2021-10-22 23:00:00
2021-10-23 00:00:00+00:00,16.3146516667,68.556335,14.9,2725.091,7.7519,0.016100100000000003,0.11926,7.7519,0.17889,50.6855,No (reported postion),cruise,2021-10-23 00:00:00
2021-10-23 01:00:00+00:00,16.67009,68.6872566667,14.1,2725.091,7.7519,0.016100100000000003,0.11926,7.7519,0.17889,50.6855,No (reported postion),cruise,2021-10-23 01:00:00
2021-10-23 02:00:00+00:00,16.5669866667,68.79876,1.2,221.98428456966099,0.696411878388241,0.00131150452590391,0.010131747814334,0.658563607931707,0.0156558665982164,5.11380733277042,No (reported postion),anchor,2021-10-23 02:00:00
2021-10-23 03:00:00+00:00,16.5667233333,68.797745,0.0,219.36,0.624,0.001296,0.0096,0.624,0.0144,4.08,No (reported postion),anchor,2021-10-23 03:00:00
2021-10-23 04:00:00+00:00,16.56679,68.7976766667,0.0,219.36,0.624,0.001296,0.0096,0.624,0.0144,4.08,No (reported postion),anchor,2021-10-23 04:00:00
2021-10-23 05:00:00+00:00,16.56681,68.7977083333,0.0,219.36,0.624,0.001296,0.0096,0.624,0.0144,4.08,No (reported postion),anchor,2021-10-23 05:00:00
2021-10-23 06:00:00+00:00,16.5667583333,68.7977083333,0.0,219.36,0.624,0.001296,0.0096,0.624,0.0144,4.08,No (reported postion),anchor,2021-10-23 06:00:00
2021-10-23 07:00:00+00:00,16.5667566667,68.7977433333,0.0,219.36,0.624,0.001296,0.0096,0.624,0.0144,4.08,No (reported postion),anchor,2021-10-23 07:00:00
2021-10-23 08:00:00+00:00,16.566835,68.7976933333,0.0,219.36,0.624,0.001296,0.0096,0.624,0.0144,4.08,No (reported postion),anchor,2021-10-23 08:00:00
2021-10-23 09:00:00+00:00,16.5667916667,68.7977516667,0.0,219.36,0.624,0.001296,0.0096,0.624,0.0144,4.08,No (reported postion),anchor,2021-10-23 09:00:00
2021-10-23 10:00:00+00:00,16.567195,68.7988516667,2.1,233.42452511552702,1.0120824107369801,0.00137909456851624,0.012449835942446,0.809239336258991,0.0211306600498158,9.62056117406648,No (reported postion),anchor,2021-10-23 10:00:00
2021-10-23 11:00:00+00:00,16.39639,68.891955,14.0,2725.091,7.7519,0.016100100000000003,0.11926,7.7519,0.17889,50.6855,No (reported postion),cruise,2021-10-23 11:00:00
2021-10-23 12:00:00+00:00,16.1788416667,69.0879883333,14.0,2725.091,7.7519,0.016100100000000003,0.11926,7.7519,0.17889,50.6855,No (reported postion),cruise,2021-10-23 12:00:00
2021-10-23 13:00:00+00:00,16.2208583333,69.3079983333,7.6,771.775476418714,2.19542258062216,0.0045597238212921895,0.0337757320095717,2.19542258062216,0.0506635980143576,14.354686104068,No (reported postion),cruise,2021-10-23 13:00:00
2021-10-23 14:00:00+00:00,16.580295,69.445995,12.6,2725.091,7.7519,0.016100100000000003,0.11926,7.7519,0.17889,50.6855,No (reported postion),cruise,2021-10-23 14:00:00
2021-10-23 15:00:00+00:00,16.9497316667,69.5973066667,11.8,2713.77532713504,7.71971099622658,0.0160332459152398,0.11876478455733201,7.71971099622658,0.178147176835998,50.4750334368661,No (reported postion),cruise,2021-10-23 15:00:00
2021-10-23 16:00:00+00:00,17.2918033333,69.757995,12.2,2725.091,7.7519,0.016100100000000003,0.11926,7.7519,0.17889,50.6855,No (reported postion),cruise,2021-10-23 16:00:00
2021-10-23 17:00:00+00:00,17.6013233333,69.9269833333,12.0,2725.091,7.7519,0.016100100000000003,0.11926,7.7519,0.17889,50.6855,No (reported postion),cruise,2021-10-23 17:00:00
2021-10-23 18:00:00+00:00,17.93142,70.0944016667,12.5,2725.091,7.7519,0.016100100000000003,0.11926,7.7519,0.17889,50.6855,No (reported postion),cruise,2021-10-23 18:00:00
2021-10-23 19:00:00+00:00,18.2962266667,70.265225,10.6,1996.1030806357198,5.67819257073617,0.011793169185375102,0.0873568087805564,5.67819257073617,0.131035213170835,37.1266437317365,No (reported postion),cruise,2021-10-23 19:00:00
2021-10-23 20:00:00+00:00,18.5955016667,70.3979033333,10.7,2050.12823357639,5.8318746250531905,0.0121123549904951,0.0897211480777414,5.8318746250531905,0.134581722116612,38.1314879330401,No (reported postion),cruise,2021-10-23 20:00:00
2021-10-23 21:00:00+00:00,19.158395,70.493505,13.0,2725.091,7.7519,0.016100100000000003,0.11926,7.7519,0.17889,50.6855,No (reported postion),cruise,2021-10-23 21:00:00
2021-10-23 22:00:00+00:00,19.7650983333,70.5978333333,13.9,2725.091,7.7519,0.016100100000000003,0.11926,7.7519,0.17889,50.6855,No (reported postion),cruise,2021-10-23 22:00:00
2021-10-23 23:00:00+00:00,20.3459216667,70.6985016667,12.3,2725.091,7.7519,0.016100100000000003,0.11926,7.7519,0.17889,50.6855,No (reported postion),cruise,2021-10-23 23:00:00
2021-10-24 00:00:00+00:00,20.9207166667,70.7842016667,12.3,2725.091,7.7519,0.016100100000000003,0.11926,7.7519,0.17889,50.6855,No (reported postion),cruise,2021-10-24 00:00:00
2021-10-24 01:00:00+00:00,21.4927516667,70.861925,12.2,2725.091,7.7519,0.016100100000000003,0.11926,7.7519,0.17889,50.6855,No (reported postion),cruise,2021-10-24 01:00:00
2021-10-24 02:00:00+00:00,22.0533883333,70.9469,11.8,2713.77532713504,7.71971099622658,0.0160332459152398,0.11876478455733201,7.71971099622658,0.178147176835998,50.4750334368661,No (reported postion),cruise,2021-10-24 02:00:00
2021-10-24 03:00:00+00:00,22.6536216667,71.0312583333,13.1,2725.091,7.7519,0.016100100000000003,0.11926,7.7519,0.17889,50.6855,No (reported postion),cruise,2021-10-24 03:00:00
2021-10-24 04:00:00+00:00,23.2551983333,71.11189,12.1,2725.091,7.7519,0.016100100000000003,0.11926,7.7519,0.17889,50.6855,No (reported postion),cruise,2021-10-24 04:00:00
2021-10-24 05:00:00+00:00,23.8233116667,71.1843233333,12.3,2725.091,7.7519,0.016100100000000003,0.11926,7.7519,0.17889,50.6855,No (reported postion),cruise,2021-10-24 05:00:00
2021-10-24 06:00:00+00:00,24.46552,71.1938766667,12.1,2725.091,7.7519,0.016100100000000003,0.11926,7.7519,0.17889,50.6855,No (reported postion),cruise,2021-10-24 06:00:00
2021-10-24 07:00:00+00:00,25.071925,71.218715,12.0,2725.091,7.7519,0.016100100000000003,0.11926,7.7519,0.17889,50.6855,No (reported postion),cruise,2021-10-24 07:00:00
2021-10-24 08:00:00+00:00,25.6908316667,71.2292233333,11.9,2664.33266268836,7.579064467166011,0.015741133893344802,0.11660099180255401,7.579064467166011,0.17490148770383102,49.5554215160854,No (reported postion),cruise,2021-10-24 08:00:00
2021-10-24 09:00:00+00:00,26.2809233333,71.2303033333,10.9,2161.2460033976,6.14796456108725,0.012768849473027399,0.0945840701705731,6.14796456108725,0.14187610525586,40.1982298224936,No (reported postion),cruise,2021-10-24 09:00:00
2021-10-24 10:00:00+00:00,26.939605,71.234355,13.4,2725.091,7.7519,0.016100100000000003,0.11926,7.7519,0.17889,50.6855,No (reported postion),cruise,2021-10-24 10:00:00
2021-10-24 11:00:00+00:00,27.6402983333,71.2412283333,13.9,2725.091,7.7519,0.016100100000000003,0.11926,7.7519,0.17889,50.6855,No (reported postion),cruise,2021-10-24 11:00:00
2021-10-24 12:00:00+00:00,28.315845,71.2037733333,12.2,2725.091,7.7519,0.016100100000000003,0.11926,7.7519,0.17889,50.6855,No (reported postion),cruise,2021-10-24 12:00:00
2021-10-24 13:00:00+00:00,28.8503633333,71.0987133333,11.9,2725.091,7.7519,0.016100100000000003,0.11926,7.7519,0.17889,50.6855,No (reported postion),cruise,2021-10-24 13:00:00
2021-10-24 14:00:00+00:00,29.3746383333,71.0016933333,12.0,2725.091,7.7519,0.016100100000000003,0.11926,7.7519,0.17889,50.6855,No (reported postion),cruise,2021-10-24 14:00:00
2021-10-24 15:00:00+00:00,29.929625,70.9027333333,11.6,2583.36682912065,7.348745903406679,0.0152627799532293,0.11305762928318,7.348745903406679,0.169586443924769,48.0494924453513,No (reported postion),cruise,2021-10-24 15:00:00
2021-10-24 16:00:00+00:00,30.44913,70.8158516667,11.5,2519.82491693801,7.16799210507531,0.014887368218233301,0.11027680161654299,7.16799210507531,0.165415202424815,46.8676406870309,No (reported postion),cruise,2021-10-24 16:00:00
2021-10-24 17:00:00+00:00,30.81112,70.662615,11.6,2583.36682912065,7.348745903406679,0.0152627799532293,0.11305762928318,7.348745903406679,0.169586443924769,48.0494924453513,No (reported postion),cruise,2021-10-24 17:00:00
2021-10-24 18:00:00+00:00,31.162485,70.5098133333,11.5,2519.82491693801,7.16799210507531,0.014887368218233301,0.11027680161654299,7.16799210507531,0.165415202424815,46.8676406870309,No (reported postion),cruise,2021-10-24 18:00:00
2021-10-24 19:00:00+00:00,31.4090133333,70.3537316667,10.6,1996.1030806357198,5.67819257073617,0.011793169185375102,0.0873568087805564,5.67819257073617,0.131035213170835,37.1266437317365,No (reported postion),cruise,2021-10-24 19:00:00
2021-10-24 20:00:00+00:00,31.0303133333,70.2165833333,11.2,2238.7505508592503,6.36843701557337,0.0132267538015755,0.09797595408574411,6.36843701557337,0.146963931128616,41.639780486441204,No (reported postion),cruise,2021-10-24 20:00:00
2021-10-24 21:00:00+00:00,30.644655,70.0843233333,11.3,2396.0181347941902,6.81580651035545,0.014155905829199799,0.10485856169777599,6.81580651035545,0.157287842546664,44.564888721554894,No (reported postion),cruise,2021-10-24 21:00:00
2021-10-24 22:00:00+00:00,30.2674633333,69.9538833333,11.0,2126.47733924704,6.04906026481653,0.012563432857695902,0.0930624656125619,6.04906026481653,0.139593698418843,39.5515478853388,No (reported postion),cruise,2021-10-24 22:00:00
2021-10-24 23:00:00+00:00,30.0996316667,69.7958283333,11.3,2296.4134332813996,6.53246709686174,0.0135674316627128,0.100499493797873,6.53246709686174,0.150749240696809,42.712284864096,No (reported postion),cruise,2021-10-24 23:00:00
2021-10-25 00:00:00+00:00,30.024735,69.7262883333,0.2,219.3721494656,0.624335240177723,0.0012960717802125198,0.00960246179543673,0.624160016703388,0.014405814197214,4.08478614505912,No (reported postion),anchor,2021-10-25 00:00:00
2021-10-25 01:00:00+00:00,30.02581,69.7262283333,0.0,219.36,0.624,0.001296,0.0096,0.624,0.0144,4.08,No (reported postion),anchor,2021-10-25 01:00:00
2021-10-25 02:00:00+00:00,30.0257333333,69.7262116667,0.0,219.36,0.624,0.001296,0.0096,0.624,0.0144,4.08,No (reported postion),anchor,2021-10-25 02:00:00
2021-10-25 03:00:00+00:00,30.0257616667,69.7262216667,0.0,219.36,0.624,0.001296,0.0096,0.624,0.0144,4.08,No (reported postion),anchor,2021-10-25 03:00:00
2021-10-25 04:00:00+00:00,30.0257266667,69.72621,0.0,219.36,0.624,0.001296,0.0096,0.624,0.0144,4.08,No (reported postion),anchor,2021-10-25 04:00:00
2021-10-25 05:00:00+00:00,30.0257766667,69.72618,0.0,219.36,0.624,0.001296,0.0096,0.624,0.0144,4.08,No (reported postion),anchor,2021-10-25 05:00:00
2021-10-25 06:00:00+00:00,30.0257616667,69.7262266667,0.0,219.36,0.624,0.001296,0.0096,0.624,0.0144,4.08,No (reported postion),anchor,2021-10-25 06:00:00
2021-10-25 07:00:00+00:00,30.025735,69.726255,0.0,219.36,0.624,0.001296,0.0096,0.624,0.0144,4.08,No (reported postion),anchor,2021-10-25 07:00:00
2021-10-25 08:00:00+00:00,30.025695,69.7262066667,0.0,219.36,0.624,0.001296,0.0096,0.624,0.0144,4.08,No (reported postion),anchor,2021-10-25 08:00:00
2021-10-25 09:00:00+00:00,30.0257683333,69.7262183333,0.0,219.36,0.624,0.001296,0.0096,0.624,0.0144,4.08,No (reported postion),anchor,2021-10-25 09:00:00
2021-10-25 10:00:00+00:00,30.0257816667,69.7262066667,0.0,219.36,0.624,0.001296,0.0096,0.624,0.0144,4.08,No (reported postion),anchor,2021-10-25 10:00:00
2021-10-25 11:00:00+00:00,30.0257883333,69.72617,0.0,219.36,0.624,0.001296,0.0096,0.624,0.0144,4.08,No (reported postion),anchor,2021-10-25 11:00:00
2021-10-25 12:00:00+00:00,30.124885,69.8941883333,11.5,2414.83731185375,6.86934027441986,0.0142670913391797,0.10568215806799801,6.86934027441986,0.158523237101997,44.9149171788991,No (reported postion),cruise,2021-10-25 12:00:00
2021-10-25 13:00:00+00:00,30.50624,70.0300216667,10.0,1692.8242545824,4.81547380953419,0.0100013686813402,0.0740842124543722,4.81547380953419,0.111126318681558,31.4857902931082,No (reported postion),cruise,2021-10-25 13:00:00
2021-10-25 14:00:00+00:00,30.8247016667,70.14091,9.2,1341.4440374722599,3.8159239577985598,0.007925380527735471,0.058706522427670105,3.8159239577985598,0.08805978364150521,24.9502720317598,No (reported postion),cruise,2021-10-25 14:00:00
2021-10-25 15:00:00+00:00,31.1743066667,70.2597116667,10.0,1623.7932000353399,4.6191053830327,0.00959352656476023,0.0710631597389647,4.6191053830327,0.106594739608447,30.20184288906,No (reported postion),cruise,2021-10-25 15:00:00
2021-10-25 16:00:00+00:00,31.4281216667,70.3890816667,9.6,1509.8179587422198,4.29488697235204,0.00892014986565423,0.06607518419003139,4.29488697235204,0.09911277628504711,28.0819532807633,No (reported postion),cruise,2021-10-25 16:00:00
2021-10-25 17:00:00+00:00,31.241735,70.520555,9.3,1382.1990746731399,3.93185732401549,0.00816616521141679,0.0604901126771614,3.93185732401549,0.0907351690157421,25.7082978877936,No (reported postion),cruise,2021-10-25 17:00:00
2021-10-25 18:00:00+00:00,30.9443466667,70.6418816667,9.3,1382.1990746731399,3.93185732401549,0.00816616521141679,0.0604901126771614,3.93185732401549,0.0907351690157421,25.7082978877936,No (reported postion),cruise,2021-10-25 18:00:00
2021-10-25 19:00:00+00:00,30.66342,70.7638916667,9.4,1423.84005642807,4.05031088261814,0.0084121841408223,0.0623124751172022,4.05031088261814,0.0934687126758033,26.4828019248109,No (reported postion),cruise,2021-10-25 19:00:00
2021-10-25 20:00:00+00:00,30.3169966667,70.8674283333,9.9,1645.6675535070501,4.68133002091722,0.00972276235113576,0.0720204618602648,4.68133002091722,0.108030692790397,30.6086962906126,No (reported postion),cruise,2021-10-25 20:00:00
2021-10-25 21:00:00+00:00,29.7867016667,70.9614616667,12.3,2725.091,7.7519,0.016100100000000003,0.11926,7.7519,0.17889,50.6855,No (reported postion),cruise,2021-10-25 21:00:00
2021-10-25 22:00:00+00:00,29.204985,71.0701033333,13.3,2725.091,7.7519,0.016100100000000003,0.11926,7.7519,0.17889,50.6855,No (reported postion),cruise,2021-10-25 22:00:00
2021-10-25 23:00:00+00:00,28.6024366667,71.17224,13.4,2725.091,7.7519,0.016100100000000003,0.11926,7.7519,0.17889,50.6855,No (reported postion),cruise,2021-10-25 23:00:00
2021-10-26 00:00:00+00:00,28.0122833333,71.252625,12.5,2725.091,7.7519,0.016100100000000003,0.11926,7.7519,0.17889,50.6855,No (reported postion),cruise,2021-10-26 00:00:00
2021-10-26 01:00:00+00:00,27.37991,71.24651,12.3,2725.091,7.7519,0.016100100000000003,0.11926,7.7519,0.17889,50.6855,No (reported postion),cruise,2021-10-26 01:00:00
2021-10-26 02:00:00+00:00,26.7390083333,71.2443466667,12.9,2725.091,7.7519,0.016100100000000003,0.11926,7.7519,0.17889,50.6855,No (reported postion),cruise,2021-10-26 02:00:00
2021-10-26 03:00:00+00:00,26.1182,71.2433533333,11.5,2519.82491693801,7.16799210507531,0.014887368218233301,0.11027680161654299,7.16799210507531,0.165415202424815,46.8676406870309,No (reported postion),cruise,2021-10-26 03:00:00
2021-10-26 04:00:00+00:00,25.5327683333,71.2438766667,11.6,2475.61653220237,7.04223521195421,0.014626180824828,0.10834208018391099,7.04223521195421,0.16251312027586598,46.0453840781622,No (reported postion),cruise,2021-10-26 04:00:00
2021-10-26 05:00:00+00:00,24.9262633333,71.2396616667,11.6,2583.36682912065,7.348745903406679,0.0152627799532293,0.11305762928318,7.348745903406679,0.169586443924769,48.0494924453513,No (reported postion),cruise,2021-10-26 05:00:00
2021-10-26 06:00:00+00:00,24.349775,71.221335,11.5,2519.82491693801,7.16799210507531,0.014887368218233301,0.11027680161654299,7.16799210507531,0.165415202424815,46.8676406870309,No (reported postion),cruise,2021-10-26 06:00:00
2021-10-26 07:00:00+00:00,23.7427616667,71.2079383333,12.1,2725.091,7.7519,0.016100100000000003,0.11926,7.7519,0.17889,50.6855,No (reported postion),cruise,2021-10-26 07:00:00
2021-10-26 08:00:00+00:00,23.19887,71.1187366667,11.9,2725.091,7.7519,0.016100100000000003,0.11926,7.7519,0.17889,50.6855,No (reported postion),cruise,2021-10-26 08:00:00
2021-10-26 09:00:00+00:00,22.6527383333,71.0276333333,12.3,2725.091,7.7519,0.016100100000000003,0.11926,7.7519,0.17889,50.6855,No (reported postion),cruise,2021-10-26 09:00:00
2021-10-26 10:00:00+00:00,22.0717716667,70.9468816667,12.6,2725.091,7.7519,0.016100100000000003,0.11926,7.7519,0.17889,50.6855,No (reported postion),cruise,2021-10-26 10:00:00
2021-10-26 11:00:00+00:00,21.4894666667,70.8633333333,12.3,2725.091,7.7519,0.016100100000000003,0.11926,7.7519,0.17889,50.6855,No (reported postion),cruise,2021-10-26 11:00:00
2021-10-26 12:00:00+00:00,20.9122816667,70.77954,12.1,2725.091,7.7519,0.016100100000000003,0.11926,7.7519,0.17889,50.6855,No (reported postion),cruise,2021-10-26 12:00:00
2021-10-26 13:00:00+00:00,20.3567383333,70.6978083333,11.8,2713.77532713504,7.71971099622658,0.0160332459152398,0.11876478455733201,7.71971099622658,0.178147176835998,50.4750334368661,No (reported postion),cruise,2021-10-26 13:00:00
2021-10-26 14:00:00+00:00,19.84212,70.598555,12.2,2725.091,7.7519,0.016100100000000003,0.11926,7.7519,0.17889,50.6855,No (reported postion),cruise,2021-10-26 14:00:00
2021-10-26 15:00:00+00:00,19.32117,70.49382,11.8,2713.77532713504,7.71971099622658,0.0160332459152398,0.11876478455733201,7.71971099622658,0.178147176835998,50.4750334368661,No (reported postion),cruise,2021-10-26 15:00:00
2021-10-26 16:00:00+00:00,18.8091083333,70.38529,12.3,2725.091,7.7519,0.016100100000000003,0.11926,7.7519,0.17889,50.6855,No (reported postion),cruise,2021-10-26 16:00:00
2021-10-26 17:00:00+00:00,18.3270616667,70.2580383333,12.4,2725.091,7.7519,0.016100100000000003,0.11926,7.7519,0.17889,50.6855,No (reported postion),cruise,2021-10-26 17:00:00
2021-10-26 18:00:00+00:00,17.8787033333,70.1096333333,12.8,2725.091,7.7519,0.016100100000000003,0.11926,7.7519,0.17889,50.6855,No (reported postion),cruise,2021-10-26 18:00:00
2021-10-26 19:00:00+00:00,17.4225383333,69.9659466667,12.6,2725.091,7.7519,0.016100100000000003,0.11926,7.7519,0.17889,50.6855,No (reported postion),cruise,2021-10-26 19:00:00
2021-10-26 20:00:00+00:00,16.9646166667,69.82725,12.1,2725.091,7.7519,0.016100100000000003,0.11926,7.7519,0.17889,50.6855,No (reported postion),cruise,2021-10-26 20:00:00
2021-10-26 21:00:00+00:00,16.536575,69.7053,11.1,2276.51723370879,6.475869592607051,0.013449883000030001,0.09962876296318539,6.475869592607051,0.149443144444778,42.342224259353806,No (reported postion),cruise,2021-10-26 21:00:00
2021-10-26 22:00:00+00:00,16.1314066667,69.5750483333,11.4,2457.37852759103,6.99035467367252,0.0145184289376275,0.1075439180565,6.99035467367252,0.16131587708475,45.706165174012604,No (reported postion),cruise,2021-10-26 22:00:00
2021-10-26 23:00:00+00:00,15.7104516667,69.466395,11.0,2218.3576728491803,6.31042664049,0.0131062707148639,0.09708348677676931,6.31042664049,0.145625230165154,41.260481880127,No (reported postion),cruise,2021-10-26 23:00:00
2021-10-27 00:00:00+00:00,15.3682183333,69.33379,11.2,2335.7342122619502,6.64432051628125,0.013799742610738,0.102220315635096,6.64432051628125,0.15333047345264397,43.4436341449158,No (reported postion),cruise,2021-10-27 00:00:00
2021-10-27 01:00:00+00:00,15.0023366667,69.2072216667,10.7,2050.12823357639,5.8318746250531905,0.0121123549904951,0.0897211480777414,5.8318746250531905,0.134581722116612,38.1314879330401,No (reported postion),cruise,2021-10-27 01:00:00
2021-10-27 02:00:00+00:00,14.6297216667,69.0788233333,11.0,2218.3576728491803,6.31042664049,0.0131062707148639,0.09708348677676931,6.31042664049,0.145625230165154,41.260481880127,No (reported postion),cruise,2021-10-27 02:00:00
2021-10-27 03:00:00+00:00,14.25027,68.96202,10.6,1996.1030806357198,5.67819257073617,0.011793169185375102,0.0873568087805564,5.67819257073617,0.131035213170835,37.1266437317365,No (reported postion),cruise,2021-10-27 03:00:00
2021-10-27 04:00:00+00:00,13.8923333333,68.816885,11.8,2713.77532713504,7.71971099622658,0.0160332459152398,0.11876478455733201,7.71971099622658,0.178147176835998,50.4750334368661,No (reported postion),cruise,2021-10-27 04:00:00
2021-10-27 05:00:00+00:00,13.5590266667,68.6566566667,12.2,2725.091,7.7519,0.016100100000000003,0.11926,7.7519,0.17889,50.6855,No (reported postion),cruise,2021-10-27 05:00:00
2021-10-27 06:00:00+00:00,13.22998,68.4993033333,11.4,2457.37852759103,6.99035467367252,0.0145184289376275,0.1075439180565,6.99035467367252,0.16131587708475,45.706165174012604,No (reported postion),cruise,2021-10-27 06:00:00
2021-10-27 07:00:00+00:00,12.9189266667,68.3391816667,11.0,2218.3576728491803,6.31042664049,0.0131062707148639,0.09708348677676931,6.31042664049,0.145625230165154,41.260481880127,No (reported postion),cruise,2021-10-27 07:00:00
2021-10-27 08:00:00+00:00,12.6004883333,68.178775,13.4,2725.091,7.7519,0.016100100000000003,0.11926,7.7519,0.17889,50.6855,No (reported postion),cruise,2021-10-27 08:00:00
2021-10-27 09:00:00+00:00,12.290535,67.9810783333,14.5,2725.091,7.7519,0.016100100000000003,0.11926,7.7519,0.17889,50.6855,No (reported postion),cruise,2021-10-27 09:00:00
2021-10-27 10:00:00+00:00,12.01892,67.7773116667,11.9,2725.091,7.7519,0.016100100000000003,0.11926,7.7519,0.17889,50.6855,No (reported postion),cruise,2021-10-27 10:00:00
2021-10-27 11:00:00+00:00,11.76093,67.603245,12.0,2725.091,7.7519,0.016100100000000003,0.11926,7.7519,0.17889,50.6855,No (reported postion),cruise,2021-10-27 11:00:00
2021-10-27 12:00:00+00:00,11.4961033333,67.4284983333,12.0,2725.091,7.7519,0.016100100000000003,0.11926,7.7519,0.17889,50.6855,No (reported postion),cruise,2021-10-27 12:00:00
2021-10-27 13:00:00+00:00,11.3871883333,67.2382666667,11.7,2648.01379042449,7.53264316750948,0.0156447204248274,0.115886817961684,7.53264316750948,0.173830226942526,49.2518976337158,No (reported postion),cruise,2021-10-27 13:00:00
2021-10-27 14:00:00+00:00,11.2984233333,67.05262,11.5,2519.82491693801,7.16799210507531,0.014887368218233301,0.11027680161654299,7.16799210507531,0.165415202424815,46.8676406870309,No (reported postion),cruise,2021-10-27 14:00:00
2021-10-27 15:00:00+00:00,11.1886266667,66.8623616667,11.7,2648.01379042449,7.53264316750948,0.0156447204248274,0.115886817961684,7.53264316750948,0.173830226942526,49.2518976337158,No (reported postion),cruise,2021-10-27 15:00:00
2021-10-27 16:00:00+00:00,11.0924766667,66.6698983333,11.3,2396.0181347941902,6.81580651035545,0.014155905829199799,0.10485856169777599,6.81580651035545,0.157287842546664,44.564888721554894,No (reported postion),cruise,2021-10-27 16:00:00
2021-10-27 17:00:00+00:00,11.0138766667,66.4826616667,11.1,2276.51723370879,6.475869592607051,0.013449883000030001,0.09962876296318539,6.475869592607051,0.149443144444778,42.342224259353806,No (reported postion),cruise,2021-10-27 17:00:00
2021-10-27 18:00:00+00:00,10.9252566667,66.3013566667,11.1,2276.51723370879,6.475869592607051,0.013449883000030001,0.09962876296318539,6.475869592607051,0.149443144444778,42.342224259353806,No (reported postion),cruise,2021-10-27 18:00:00
2021-10-27 19:00:00+00:00,10.8705766667,66.1295633333,10.4,1891.07260726658,5.3794187952878705,0.0111726390363671,0.08276028915827491,5.3794187952878705,0.124140433737412,35.173122892266804,No (reported postion),cruise,2021-10-27 19:00:00
2021-10-27 20:00:00+00:00,10.8023433333,65.9738233333,8.3,1012.94437048491,2.88146101013213,0.00598457286719749,0.044330169386648105,2.88146101013213,0.0664952540799721,18.8403219893254,No (reported postion),cruise,2021-10-27 20:00:00
2021-10-27 21:00:00+00:00,10.7295966667,65.84376,8.0,918.01969834619,2.6114345904815,0.0054237487648462,0.0401759167766385,2.6114345904815,0.060263875164957806,17.0747646300714,No (reported postion),cruise,2021-10-27 21:00:00
2021-10-27 22:00:00+00:00,10.6357016667,65.7259183333,6.2,483.506762866115,1.71985086450384,0.00285660450708646,0.0221536353889751,1.43998630028338,0.0344724555873996,11.5266992970072,No (reported postion),cruise,2021-10-27 22:00:00
2021-10-27 23:00:00+00:00,10.5318216667,65.6182,6.4,521.31976555325,1.7671184728048999,0.00308000736760126,0.0237256128591209,1.54216483584286,0.036408088411215095,11.709062558151599,No (reported postion),cruise,2021-10-27 23:00:00
2021-10-28 00:00:00+00:00,10.428515,65.5156666667,7.2,697.7211700943731,1.98476481646102,0.00412220384957288,0.030534843330169502,1.98476481646102,0.0458022649952542,12.977308415322002,No (reported postion),cruise,2021-10-28 00:00:00
2021-10-28 01:00:00+00:00,10.3323133333,65.4194483333,7.1,673.370396571842,1.91549565764419,0.0039783371351071704,0.0294691639637568,1.91549565764419,0.0442037459456352,12.5243946845966,No (reported postion),cruise,2021-10-28 01:00:00
2021-10-28 02:00:00+00:00,10.2192716667,65.314685,5.2,328.355325908323,1.68341412171594,0.0019399548795458901,0.0170079459038761,1.10551648375195,0.0285894802414213,12.4187087110641,No (reported postion),cruise,2021-10-28 02:00:00
2021-10-28 03:00:00+00:00,10.1191133333,65.2276733333,6.3,502.11318621556603,1.7897165591814301,0.0029665330476630796,0.023016778003873098,1.49609057025175,0.035828240921178,11.9973563077723,No (reported postion),cruise,2021-10-28 03:00:00
2021-10-28 04:00:00+00:00,10.016955,65.1230933333,6.2,483.506762866115,1.71985086450384,0.00285660450708646,0.0221536353889751,1.43998630028338,0.0344724555873996,11.5266992970072,No (reported postion),cruise,2021-10-28 04:00:00
2021-10-28 05:00:00+00:00,9.8989833333,65.0188066667,6.0,448.05627898979895,1.7818486811462602,0.00264715963516949,0.0212595347780603,1.38186976057392,0.0336903329539077,12.1608411252982,No (reported postion),cruise,2021-10-28 05:00:00
2021-10-28 06:00:00+00:00,9.7711383333,64.915165,6.7,582.635702350967,1.8068109157383898,0.00344226782570593,0.025916245794222602,1.68455597662447,0.0395013170970464,11.813763679828,No (reported postion),cruise,2021-10-28 06:00:00
2021-10-28 07:00:00+00:00,9.5993916667,64.8123983333,8.3,1012.94437048491,2.88146101013213,0.00598457286719749,0.044330169386648105,2.88146101013213,0.0664952540799721,18.8403219893254,No (reported postion),cruise,2021-10-28 07:00:00
2021-10-28 08:00:00+00:00,9.4392916667,64.675195,9.6,1509.8179587422198,4.29488697235204,0.00892014986565423,0.06607518419003139,4.29488697235204,0.09911277628504711,28.0819532807633,No (reported postion),cruise,2021-10-28 08:00:00
2021-10-28 09:00:00+00:00,9.2685133333,64.5248483333,10.2,1790.00506867688,5.091918138468159,0.0105755222875877,0.0783372021302793,5.091918138468159,0.117505803195419,33.2933109053687,No (reported postion),cruise,2021-10-28 09:00:00
2021-10-28 10:00:00+00:00,9.1096516667,64.373465,9.3,1382.1990746731399,3.93185732401549,0.00816616521141679,0.0604901126771614,3.93185732401549,0.0907351690157421,25.7082978877936,No (reported postion),cruise,2021-10-28 10:00:00
2021-10-28 11:00:00+00:00,8.9297233333,64.2447966667,10.0,1692.8242545824,4.81547380953419,0.0100013686813402,0.0740842124543722,4.81547380953419,0.111126318681558,31.4857902931082,No (reported postion),cruise,2021-10-28 11:00:00
2021-10-28 12:00:00+00:00,8.67627,64.1273433333,9.5,1466.37650902259,4.17131173244937,0.008663493598164089,0.0641740266530673,4.17131173244937,0.0962610399796009,27.2739613275536,No (reported postion),cruise,2021-10-28 12:00:00
2021-10-28 13:00:00+00:00,8.41697,64.010975,10.3,1840.04823426707,5.23427287647087,0.0108711821280549,0.0805272750226287,5.23427287647087,0.120790912533943,34.2240918846172,No (reported postion),cruise,2021-10-28 13:00:00
2021-10-28 14:00:00+00:00,8.1257983333,63.8861566667,10.9,2161.2460033976,6.14796456108725,0.012768849473027399,0.0945840701705731,6.14796456108725,0.14187610525586,40.1982298224936,No (reported postion),cruise,2021-10-28 14:00:00
2021-10-28 15:00:00+00:00,7.8755316667,63.7587283333,10.3,1840.04823426707,5.23427287647087,0.0108711821280549,0.0805272750226287,5.23427287647087,0.120790912533943,34.2240918846172,No (reported postion),cruise,2021-10-28 15:00:00
2021-10-28 16:00:00+00:00,7.6332916667,63.62292,11.6,2583.36682912065,7.348745903406679,0.0152627799532293,0.11305762928318,7.348745903406679,0.169586443924769,48.0494924453513,No (reported postion),cruise,2021-10-28 16:00:00
2021-10-28 17:00:00+00:00,7.337095,63.477775,12.6,2725.091,7.7519,0.016100100000000003,0.11926,7.7519,0.17889,50.6855,No (reported postion),cruise,2021-10-28 17:00:00
2021-10-28 18:00:00+00:00,7.019355,63.3125666667,12.5,2725.091,7.7519,0.016100100000000003,0.11926,7.7519,0.17889,50.6855,No (reported postion),cruise,2021-10-28 18:00:00
2021-10-28 19:00:00+00:00,6.7227316667,63.14109,12.3,2725.091,7.7519,0.016100100000000003,0.11926,7.7519,0.17889,50.6855,No (reported postion),cruise,2021-10-28 19:00:00
2021-10-28 20:00:00+00:00,6.3958783333,62.9818333333,12.5,2725.091,7.7519,0.016100100000000003,0.11926,7.7519,0.17889,50.6855,No (reported postion),cruise,2021-10-28 20:00:00
2021-10-28 21:00:00+00:00,6.0775116667,62.8228516667,13.4,2725.091,7.7519,0.016100100000000003,0.11926,7.7519,0.17889,50.6855,No (reported postion),cruise,2021-10-28 21:00:00
2021-10-28 22:00:00+00:00,5.7772716667,62.6696266667,10.5,1943.08771396095,5.5273829937620205,0.011479949294736499,0.0850366614424925,5.5273829937620205,0.127554992163739,36.1405811130593,No (reported postion),cruise,2021-10-28 22:00:00
2021-10-28 23:00:00+00:00,5.6870833333,62.5227916667,10.0,1692.8242545824,4.81547380953419,0.0100013686813402,0.0740842124543722,4.81547380953419,0.111126318681558,31.4857902931082,No (reported postion),cruise,2021-10-28 23:00:00
2021-10-29 00:00:00+00:00,5.9621,62.44812,8.4,1005.23960739375,2.85954374094502,0.0059390523850396506,0.0439929806299233,2.85954374094502,0.065989470944885,18.6970167677174,No (reported postion),cruise,2021-10-29 00:00:00
2021-10-29 01:00:00+00:00,6.26166,62.4807266667,1.5,224.48555580011902,0.765429449977033,0.00132628227715607,0.010638569949871,0.691507046741615,0.0168528644496413,6.0991549468172295,No (reported postion),anchor,2021-10-29 01:00:00
2021-10-29 02:00:00+00:00,6.2590183333,62.4784316667,0.0,219.36,0.624,0.001296,0.0096,0.624,0.0144,4.08,No (reported postion),anchor,2021-10-29 02:00:00
2021-10-29 03:00:00+00:00,6.2590116667,62.4784316667,0.0,219.36,0.624,0.001296,0.0096,0.624,0.0144,4.08,No (reported postion),anchor,2021-10-29 03:00:00
2021-10-29 04:00:00+00:00,6.25906,62.4784283333,0.0,219.36,0.624,0.001296,0.0096,0.624,0.0144,4.08,No (reported postion),anchor,2021-10-29 04:00:00
2021-10-29 05:00:00+00:00,6.2590283333,62.4784183333,0.0,219.36,0.624,0.001296,0.0096,0.624,0.0144,4.08,No (reported postion),anchor,2021-10-29 05:00:00
2021-10-29 06:00:00+00:00,6.2590266667,62.4784466667,0.0,219.36,0.624,0.001296,0.0096,0.624,0.0144,4.08,No (reported postion),anchor,2021-10-29 06:00:00
2021-10-29 07:00:00+00:00,6.2590116667,62.4784333333,0.0,219.36,0.624,0.001296,0.0096,0.624,0.0144,4.08,No (reported postion),anchor,2021-10-29 07:00:00
2021-10-29 08:00:00+00:00,6.258955,62.478435,0.0,219.36,0.624,0.001296,0.0096,0.624,0.0144,4.08,No (reported postion),anchor,2021-10-29 08:00:00
2021-10-29 09:00:00+00:00,6.2590183333,62.4784616667,0.0,219.36,0.624,0.001296,0.0096,0.624,0.0144,4.08,No (reported postion),anchor,2021-10-29 09:00:00
2021-10-29 10:00:00+00:00,6.25903,62.4784483333,0.0,219.36,0.624,0.001296,0.0096,0.624,0.0144,4.08,No (reported postion),anchor,2021-10-29 10:00:00
2021-10-29 11:00:00+00:00,6.2590166667,62.4785133333,0.5,219.54983540000399,0.6292381277769269,0.0012971215658205998,0.009638465553698931,0.62650026099043,0.0144908468314682,4.1547835165487905,No (reported postion),anchor,2021-10-29 11:00:00
2021-10-29 12:00:00+00:00,6.080305,62.38785,13.0,2725.091,7.7519,0.016100100000000003,0.11926,7.7519,0.17889,50.6855,No (reported postion),cruise,2021-10-29 12:00:00
2021-10-29 13:00:00+00:00,5.8854016667,62.21978,13.1,2725.091,7.7519,0.016100100000000003,0.11926,7.7519,0.17889,50.6855,No (reported postion),cruise,2021-10-29 13:00:00
2021-10-29 14:00:00+00:00,5.4373366667,62.1942966667,13.0,2725.091,7.7519,0.016100100000000003,0.11926,7.7519,0.17889,50.6855,No (reported postion),cruise,2021-10-29 14:00:00
2021-10-29 15:00:00+00:00,5.06528,62.2051316667,10.4,1813.42205912456,5.1585310215797,0.0107138721217425,0.07936201571661079,5.1585310215797,0.119043023574916,33.7288566795596,No (reported postion),cruise,2021-10-29 15:00:00
2021-10-29 16:00:00+00:00,5.1478466667,62.0281733333,12.2,2725.091,7.7519,0.016100100000000003,0.11926,7.7519,0.17889,50.6855,No (reported postion),cruise,2021-10-29 16:00:00
2021-10-29 17:00:00+00:00,5.2014383333,61.875835,13.2,2725.091,7.7519,0.016100100000000003,0.11926,7.7519,0.17889,50.6855,No (reported postion),cruise,2021-10-29 17:00:00
2021-10-29 18:00:00+00:00,4.98882,61.748665,12.8,2725.091,7.7519,0.016100100000000003,0.11926,7.7519,0.17889,50.6855,No (reported postion),cruise,2021-10-29 18:00:00
2021-10-29 19:00:00+00:00,4.975335,61.5647333333,12.4,2725.091,7.7519,0.016100100000000003,0.11926,7.7519,0.17889,50.6855,No (reported postion),cruise,2021-10-29 19:00:00
2021-10-29 20:00:00+00:00,5.027715,61.3656883333,12.8,2725.091,7.7519,0.016100100000000003,0.11926,7.7519,0.17889,50.6855,No (reported postion),cruise,2021-10-29 20:00:00
2021-10-29 21:00:00+00:00,4.9700066667,61.2138433333,12.2,2725.091,7.7519,0.016100100000000003,0.11926,7.7519,0.17889,50.6855,No (reported postion),cruise,2021-10-29 21:00:00
2021-10-29 22:00:00+00:00,4.9077766667,61.03781,12.9,2725.091,7.7519,0.016100100000000003,0.11926,7.7519,0.17889,50.6855,No (reported postion),cruise,2021-10-29 22:00:00
2021-10-29 23:00:00+00:00,4.6729116667,60.8816316667,11.0,2126.47733924704,6.04906026481653,0.012563432857695902,0.0930624656125619,6.04906026481653,0.139593698418843,39.5515478853388,No (reported postion),cruise,2021-10-29 23:00:00
2021-10-30 00:00:00+00:00,4.8136066667,60.6958816667,11.8,2600.3550955204696,7.39707138769499,0.0153631482667511,0.113801098272231,7.39707138769499,0.17070164740834598,48.365466765698,No (reported postion),cruise,2021-10-30 00:00:00
2021-10-30 01:00:00+00:00,4.9486766667,60.5236083333,11.2,2238.7505508592503,6.36843701557337,0.0132267538015755,0.09797595408574411,6.36843701557337,0.146963931128616,41.639780486441204,No (reported postion),cruise,2021-10-30 01:00:00
2021-10-30 02:00:00+00:00,5.165185,60.3751183333,10.3,1764.6161371250198,5.0196957948851795,0.0104255220355308,0.0772260891520797,5.0196957948851795,0.11583913372811899,32.8210878896339,No (reported postion),cruise,2021-10-30 02:00:00
2021-10-30 03:00:00+00:00,5.20431,60.19577,11.9,2664.33266268836,7.579064467166011,0.015741133893344802,0.11660099180255401,7.579064467166011,0.17490148770383102,49.5554215160854,No (reported postion),cruise,2021-10-30 03:00:00
2021-10-30 04:00:00+00:00,5.3355883333,60.0075866667,12.1,2725.091,7.7519,0.016100100000000003,0.11926,7.7519,0.17889,50.6855,No (reported postion),cruise,2021-10-30 04:00:00
2021-10-30 05:00:00+00:00,5.5443083333,59.8370666667,12.5,2725.091,7.7519,0.016100100000000003,0.11926,7.7519,0.17889,50.6855,No (reported postion),cruise,2021-10-30 05:00:00
2021-10-30 06:00:00+00:00,5.3425216667,59.6584466667,13.3,2725.091,7.7519,0.016100100000000003,0.11926,7.7519,0.17889,50.6855,No (reported postion),cruise,2021-10-30 06:00:00
2021-10-30 07:00:00+00:00,5.2115883333,59.4668233333,12.3,2725.091,7.7519,0.016100100000000003,0.11926,7.7519,0.17889,50.6855,No (reported postion),cruise,2021-10-30 07:00:00
2021-10-30 08:00:00+00:00,5.335565,59.2761933333,13.2,2725.091,7.7519,0.016100100000000003,0.11926,7.7519,0.17889,50.6855,No (reported postion),cruise,2021-10-30 08:00:00
2021-10-30 09:00:00+00:00,5.3234933333,59.08688,11.4,2355.10598291316,6.6994262095998005,0.013914192896861102,0.10306809553230499,6.6994262095998005,0.154602143298457,43.8039406012295,No (reported postion),cruise,2021-10-30 09:00:00
2021-10-30 10:00:00+00:00,5.2882833333,58.9088616667,10.0,1623.7932000353399,4.6191053830327,0.00959352656476023,0.0710631597389647,4.6191053830327,0.106594739608447,30.20184288906,No (reported postion),cruise,2021-10-30 10:00:00
2021-10-30 11:00:00+00:00,5.26574,58.7412183333,10.3,1840.04823426707,5.23427287647087,0.0108711821280549,0.0805272750226287,5.23427287647087,0.120790912533943,34.2240918846172,No (reported postion),cruise,2021-10-30 11:00:00
2021-10-30 12:00:00+00:00,5.2425266667,58.56756,10.9,2161.2460033976,6.14796456108725,0.012768849473027399,0.0945840701705731,6.14796456108725,0.14187610525586,40.1982298224936,No (reported postion),cruise,2021-10-30 12:00:00
2021-10-30 13:00:00+00:00,5.2071533333,58.3910616667,11.2,2335.7342122619502,6.64432051628125,0.013799742610738,0.102220315635096,6.64432051628125,0.15333047345264397,43.4436341449158,No (reported postion),cruise,2021-10-30 13:00:00
2021-10-30 14:00:00+00:00,5.419345,58.257695,10.9,2161.2460033976,6.14796456108725,0.012768849473027399,0.0945840701705731,6.14796456108725,0.14187610525586,40.1982298224936,No (reported postion),cruise,2021-10-30 14:00:00
2021-10-30 15:00:00+00:00,5.6839566667,58.13392,11.2,2335.7342122619502,6.64432051628125,0.013799742610738,0.102220315635096,6.64432051628125,0.15333047345264397,43.4436341449158,No (reported postion),cruise,2021-10-30 15:00:00
2021-10-30 16:00:00+00:00,5.939295,58.0122233333,10.8,2105.17269906851,5.9884562555559295,0.0124375629923085,0.092130096239322,5.9884562555559295,0.13819514435898297,39.1552909017119,No (reported postion),cruise,2021-10-30 16:00:00
2021-10-30 17:00:00+00:00,6.2044883333,57.889925,11.1,2276.51723370879,6.475869592607051,0.013449883000030001,0.09962876296318539,6.475869592607051,0.149443144444778,42.342224259353806,No (reported postion),cruise,2021-10-30 17:00:00
2021-10-30 18:00:00+00:00,6.47181,57.7806383333,10.6,1996.1030806357198,5.67819257073617,0.011793169185375102,0.0873568087805564,5.67819257073617,0.131035213170835,37.1266437317365,No (reported postion),cruise,2021-10-30 18:00:00
2021-10-30 19:00:00+00:00,6.779655,57.726325,10.9,2161.2460033976,6.14796456108725,0.012768849473027399,0.0945840701705731,6.14796456108725,0.14187610525586,40.1982298224936,No (reported postion),cruise,2021-10-30 19:00:00
2021-10-30 20:00:00+00:00,7.1237766667,57.7198583333,10.9,2161.2460033976,6.14796456108725,0.012768849473027399,0.0945840701705731,6.14796456108725,0.14187610525586,40.1982298224936,No (reported postion),cruise,2021-10-30 20:00:00
2021-10-30 21:00:00+00:00,7.4582366667,57.7086583333,11.0,2218.3576728491803,6.31042664049,0.0131062707148639,0.09708348677676931,6.31042664049,0.145625230165154,41.260481880127,No (reported postion),cruise,2021-10-30 21:00:00
2021-10-30 22:00:00+00:00,7.82063,57.6982783333,12.5,2725.091,7.7519,0.016100100000000003,0.11926,7.7519,0.17889,50.6855,No (reported postion),cruise,2021-10-30 22:00:00
2021-10-30 23:00:00+00:00,8.2213566667,57.7016433333,13.7,2725.091,7.7519,0.016100100000000003,0.11926,7.7519,0.17889,50.6855,No (reported postion),cruise,2021-10-30 23:00:00
2021-10-31 00:00:00+00:00,8.650865,57.7236066667,14.0,2725.091,7.7519,0.016100100000000003,0.11926,7.7519,0.17889,50.6855,No (reported postion),cruise,2021-10-31 00:00:00
2021-10-31 01:00:00+00:00,9.0889366667,57.7435416667,13.6,2725.091,7.7519,0.016100100000000003,0.11926,7.7519,0.17889,50.6855,No (reported postion),cruise,2021-10-31 01:00:00
2021-10-31 02:00:00+00:00,9.5168783333,57.7636883333,13.7,2725.091,7.7519,0.016100100000000003,0.11926,7.7519,0.17889,50.6855,No (reported postion),cruise,2021-10-31 02:00:00
2021-10-31 03:00:00+00:00,9.9303816667,57.78723,13.0,2725.091,7.7519,0.016100100000000003,0.11926,7.7519,0.17889,50.6855,No (reported postion),cruise,2021-10-31 03:00:00
2021-10-31 04:00:00+00:00,10.25719,57.8016233333,10.8,2105.17269906851,5.9884562555559295,0.0124375629923085,0.092130096239322,5.9884562555559295,0.13819514435898297,39.1552909017119,No (reported postion),cruise,2021-10-31 04:00:00
2021-10-31 05:00:00+00:00,10.5879666667,57.8202116667,11.0,2126.47733924704,6.04906026481653,0.012563432857695902,0.0930624656125619,6.04906026481653,0.139593698418843,39.5515478853388,No (reported postion),cruise,2021-10-31 05:00:00
2021-10-31 06:00:00+00:00,10.8987433333,57.7733366667,9.9,1645.6675535070501,4.68133002091722,0.00972276235113576,0.0720204618602648,4.68133002091722,0.108030692790397,30.6086962906126,No (reported postion),cruise,2021-10-31 06:00:00
2021-10-31 07:00:00+00:00,11.1807733333,57.7047966667,9.9,1645.6675535070501,4.68133002091722,0.00972276235113576,0.0720204618602648,4.68133002091722,0.108030692790397,30.6086962906126,No (reported postion),cruise,2021-10-31 07:00:00
2021-10-31 08:00:00+00:00,11.4603866667,57.6359716667,9.2,1287.6903836691201,3.66301422050297,0.00760779876566001,0.0563540649308149,3.66301422050297,0.0845310973962224,23.9504775955963,No (reported postion),cruise,2021-10-31 08:00:00
2021-10-31 09:00:00+00:00,11.7052133333,57.6462466667,11.8,2600.3550955204696,7.39707138769499,0.0153631482667511,0.113801098272231,7.39707138769499,0.17070164740834598,48.365466765698,No (reported postion),cruise,2021-10-31 09:00:00
2021-10-31 10:00:00+00:00,11.787795,57.674975,0.3,219.401004446401,0.625131435599816,0.0012962422582172498,0.00960830855959897,0.624540056373933,0.014419622915597102,4.09615323957454,No (reported postion),anchor,2021-10-31 10:00:00
2021-10-31 11:00:00+00:00,11.78726,57.67518,0.0,219.36,0.624,0.001296,0.0096,0.624,0.0144,4.08,No (reported postion),anchor,2021-10-31 11:00:00
2021-10-31 12:00:00+00:00,11.7867233333,57.6748433333,1.6,225.58052638734497,0.795642970994349,0.0013327514688092602,0.0108604392636064,0.705928552134416,0.0173768689735499,6.53050627027063,No (reported postion),anchor,2021-10-31 12:00:00
2021-10-31 13:00:00+00:00,11.6873,57.6774,0.1,219.36151868320002,0.624041905022215,0.00129600897252656,0.00960030772442959,0.624020002087923,0.0144007267746517,4.08059826813239,No (reported postion),anchor,2021-10-31 13:00:00
2021-10-31 14:00:00+00:00,11.6865316667,57.6776116667,0.0,219.36,0.624,0.001296,0.0096,0.624,0.0144,4.08,No (reported postion),anchor,2021-10-31 14:00:00
2021-10-31 15:00:00+00:00,11.6859433333,57.6775883333,0.0,219.36,0.624,0.001296,0.0096,0.624,0.0144,4.08,No (reported postion),anchor,2021-10-31 15:00:00
2021-10-31 16:00:00+00:00,11.685595,57.6775233333,0.0,219.36,0.624,0.001296,0.0096,0.624,0.0144,4.08,No (reported postion),anchor,2021-10-31 16:00:00
2021-10-31 17:00:00+00:00,11.6847816667,57.6773366667,0.0,219.36,0.624,0.001296,0.0096,0.624,0.0144,4.08,No (reported postion),anchor,2021-10-31 17:00:00
2021-10-31 18:00:00+00:00,11.6844033333,57.6771533333,0.0,219.36,0.624,0.001296,0.0096,0.624,0.0144,4.08,No (reported postion),anchor,2021-10-31 18:00:00
2021-10-31 19:00:00+00:00,11.68433,57.677155,0.0,219.36,0.624,0.001296,0.0096,0.624,0.0144,4.08,No (reported postion),anchor,2021-10-31 19:00:00
2021-10-31 20:00:00+00:00,11.6844633333,57.677295,0.1,219.36151868320002,0.624041905022215,0.00129600897252656,0.00960030772442959,0.624020002087923,0.0144007267746517,4.08059826813239,No (reported postion),anchor,2021-10-31 20:00:00
2021-10-31 21:00:00+00:00,11.6848466667,57.6756616667,3.7,182.03586013139002,1.71918267380424,0.0010754853880848001,0.0144303506163527,0.937972790062926,0.028765797004524297,18.6665960477996,No (reported postion),cruise,2021-10-31 21:00:00
2021-10-31 22:00:00+00:00,11.8726816667,57.6876716667,1.5,224.48555580011902,0.765429449977033,0.00132628227715607,0.010638569949871,0.691507046741615,0.0168528644496413,6.0991549468172295,No (reported postion),anchor,2021-10-31 22:00:00
2021-10-31 23:00:00+00:00,11.878315,57.6900066667,0.0,219.36,0.624,0.001296,0.0096,0.624,0.0144,4.08,No (reported postion),anchor,2021-10-31 23:00:00
2021-11-01 00:00:00+00:00,11.8783066667,57.6900266667,0.0,219.36,0.624,0.001296,0.0096,0.624,0.0144,4.08,No (reported postion),anchor,2021-11-01 00:00:00
2021-11-01 01:00:00+00:00,11.878355,57.690005,0.0,219.36,0.624,0.001296,0.0096,0.624,0.0144,4.08,No (reported postion),anchor,2021-11-01 01:00:00
2021-11-01 02:00:00+00:00,11.8783816667,57.690015,0.0,219.36,0.624,0.001296,0.0096,0.624,0.0144,4.08,No (reported postion),anchor,2021-11-01 02:00:00
2021-11-01 03:00:00+00:00,11.87838,57.6900633333,0.0,219.36,0.624,0.001296,0.0096,0.624,0.0144,4.08,No (reported postion),anchor,2021-11-01 03:00:00
2021-11-01 04:00:00+00:00,11.8782883333,57.6900133333,0.0,219.36,0.624,0.001296,0.0096,0.624,0.0144,4.08,No (reported postion),anchor,2021-11-01 04:00:00
2021-11-01 05:00:00+00:00,11.8783983333,57.69001,0.0,219.36,0.624,0.001296,0.0096,0.624,0.0144,4.08,No (reported postion),anchor,2021-11-01 05:00:00
2021-11-01 06:00:00+00:00,11.8783083333,57.6900516667,0.0,219.36,0.624,0.001296,0.0096,0.624,0.0144,4.08,No (reported postion),anchor,2021-11-01 06:00:00
2021-11-01 07:00:00+00:00,11.8783133333,57.6900566667,0.0,219.36,0.624,0.001296,0.0096,0.624,0.0144,4.08,No (reported postion),anchor,2021-11-01 07:00:00
2021-11-01 08:00:00+00:00,11.8783466667,57.6900183333,0.0,219.36,0.624,0.001296,0.0096,0.624,0.0144,4.08,No (reported postion),anchor,2021-11-01 08:00:00
2021-11-01 09:00:00+00:00,11.8783616667,57.6900533333,0.0,219.36,0.624,0.001296,0.0096,0.624,0.0144,4.08,No (reported postion),anchor,2021-11-01 09:00:00
2021-11-01 10:00:00+00:00,11.8783983333,57.69009,0.0,219.36,0.624,0.001296,0.0096,0.624,0.0144,4.08,No (reported postion),anchor,2021-11-01 10:00:00
2021-11-01 11:00:00+00:00,11.87835,57.690035,0.0,219.36,0.624,0.001296,0.0096,0.624,0.0144,4.08,No (reported postion),anchor,2021-11-01 11:00:00
2021-11-01 12:00:00+00:00,11.8783783333,57.6900066667,0.0,219.36,0.624,0.001296,0.0096,0.624,0.0144,4.08,No (reported postion),anchor,2021-11-01 12:00:00
2021-11-01 13:00:00+00:00,11.8783966667,57.6900016667,0.0,219.36,0.624,0.001296,0.0096,0.624,0.0144,4.08,No (reported postion),anchor,2021-11-01 13:00:00
2021-11-01 14:00:00+00:00,11.8784283333,57.6900366667,0.0,219.36,0.624,0.001296,0.0096,0.624,0.0144,4.08,No (reported postion),anchor,2021-11-01 14:00:00
2021-11-01 15:00:00+00:00,11.8783333333,57.6900216667,0.0,219.36,0.624,0.001296,0.0096,0.624,0.0144,4.08,No (reported postion),anchor,2021-11-01 15:00:00
2021-11-01 16:00:00+00:00,11.87842,57.689995,0.0,219.36,0.624,0.001296,0.0096,0.624,0.0144,4.08,No (reported postion),anchor,2021-11-01 16:00:00
2021-11-01 17:00:00+00:00,11.87835,57.6900416667,0.0,219.36,0.624,0.001296,0.0096,0.624,0.0144,4.08,No (reported postion),anchor,2021-11-01 17:00:00
2021-11-01 18:00:00+00:00,11.878385,57.690035,0.0,219.36,0.624,0.001296,0.0096,0.624,0.0144,4.08,No (reported postion),anchor,2021-11-01 18:00:00
2021-11-01 19:00:00+00:00,11.8783383333,57.6900116667,0.0,219.36,0.624,0.001296,0.0096,0.624,0.0144,4.08,No (reported postion),anchor,2021-11-01 19:00:00
2021-11-01 20:00:00+00:00,11.8783283333,57.69001,0.0,219.36,0.624,0.001296,0.0096,0.624,0.0144,4.08,No (reported postion),anchor,2021-11-01 20:00:00
2021-11-01 21:00:00+00:00,11.878285,57.69007,0.0,219.36,0.624,0.001296,0.0096,0.624,0.0144,4.08,No (reported postion),anchor,2021-11-01 21:00:00
2021-11-01 22:00:00+00:00,11.8783666667,57.6900933333,0.0,219.36,0.624,0.001296,0.0096,0.624,0.0144,4.08,No (reported postion),anchor,2021-11-01 22:00:00
2021-11-01 23:00:00+00:00,11.8783366667,57.6900516667,0.0,219.36,0.624,0.001296,0.0096,0.624,0.0144,4.08,No (reported postion),anchor,2021-11-01 23:00:00
2021-11-02 00:00:00+00:00,11.8783783333,57.69002,0.0,219.36,0.624,0.001296,0.0096,0.624,0.0144,4.08,No (reported postion),anchor,2021-11-02 00:00:00
2021-11-02 01:00:00+00:00,11.8783533333,57.69002,0.0,219.36,0.624,0.001296,0.0096,0.624,0.0144,4.08,No (reported postion),anchor,2021-11-02 01:00:00
2021-11-02 02:00:00+00:00,11.878345,57.69002,0.0,219.36,0.624,0.001296,0.0096,0.624,0.0144,4.08,No (reported postion),anchor,2021-11-02 02:00:00
2021-11-02 03:00:00+00:00,11.8783683333,57.6900416667,0.0,219.36,0.624,0.001296,0.0096,0.624,0.0144,4.08,No (reported postion),anchor,2021-11-02 03:00:00
2021-11-02 04:00:00+00:00,11.8783216667,57.69004,0.0,219.36,0.624,0.001296,0.0096,0.624,0.0144,4.08,No (reported postion),anchor,2021-11-02 04:00:00
2021-11-02 05:00:00+00:00,11.8783616667,57.6899983333,0.0,219.36,0.624,0.001296,0.0096,0.624,0.0144,4.08,No (reported postion),anchor,2021-11-02 05:00:00
2021-11-02 06:00:00+00:00,11.87836,57.69004,0.0,219.36,0.624,0.001296,0.0096,0.624,0.0144,4.08,No (reported postion),anchor,2021-11-02 06:00:00
2021-11-02 07:00:00+00:00,11.878385,57.6900633333,0.0,219.36,0.624,0.001296,0.0096,0.624,0.0144,4.08,No (reported postion),anchor,2021-11-02 07:00:00
2021-11-02 08:00:00+00:00,11.8783516667,57.69002,0.0,219.36,0.624,0.001296,0.0096,0.624,0.0144,4.08,No (reported postion),anchor,2021-11-02 08:00:00
2021-11-02 09:00:00+00:00,11.8784166667,57.6900333333,0.0,219.36,0.624,0.001296,0.0096,0.624,0.0144,4.08,No (reported postion),anchor,2021-11-02 09:00:00
2021-11-02 10:00:00+00:00,11.8783566667,57.6900466667,0.0,219.36,0.624,0.001296,0.0096,0.624,0.0144,4.08,No (reported postion),anchor,2021-11-02 10:00:00
2021-11-02 11:00:00+00:00,11.87836,57.69002,0.0,219.36,0.624,0.001296,0.0096,0.624,0.0144,4.08,No (reported postion),anchor,2021-11-02 11:00:00
2021-11-02 12:00:00+00:00,11.8785066667,57.6899933333,0.0,219.36,0.624,0.001296,0.0096,0.624,0.0144,4.08,No (reported postion),anchor,2021-11-02 12:00:00
2021-11-02 13:00:00+00:00,11.87836,57.690005,0.0,219.36,0.624,0.001296,0.0096,0.624,0.0144,4.08,No (reported postion),anchor,2021-11-02 13:00:00
2021-11-02 14:00:00+00:00,11.8783733333,57.6900316667,0.0,219.36,0.624,0.001296,0.0096,0.624,0.0144,4.08,No (reported postion),anchor,2021-11-02 14:00:00
2021-11-02 15:00:00+00:00,11.878375,57.6900266667,0.0,219.36,0.624,0.001296,0.0096,0.624,0.0144,4.08,No (reported postion),anchor,2021-11-02 15:00:00
2021-11-02 16:00:00+00:00,11.8783633333,57.6900233333,0.0,219.36,0.624,0.001296,0.0096,0.624,0.0144,4.08,No (reported postion),anchor,2021-11-02 16:00:00
2021-11-02 17:00:00+00:00,11.8774983333,57.689595,1.8,228.216960422606,0.8683900895603129,0.00134832777492568,0.0113946488733771,0.74065217676951,0.018638549768980203,7.56909974810017,No (reported postion),anchor,2021-11-02 17:00:00
2021-11-02 18:00:00+00:00,11.6384266667,57.5888716667,11.3,2296.4134332813996,6.53246709686174,0.0135674316627128,0.100499493797873,6.53246709686174,0.150749240696809,42.712284864096,No (reported postion),cruise,2021-11-02 18:00:00
2021-11-02 19:00:00+00:00,11.5816033333,57.4399966667,8.4,1046.15458954801,2.97593209280615,0.006180782038905089,0.0457835706585562,2.97593209280615,0.0686753559878343,19.4580175298864,No (reported postion),cruise,2021-11-02 19:00:00
2021-11-02 20:00:00+00:00,11.5698516667,57.2949483333,8.7,1150.62459978528,3.27311155299969,0.00679800091776859,0.0503555623538414,3.27311155299969,0.07553334353076209,21.4011140003826,No (reported postion),cruise,2021-11-02 20:00:00
2021-11-02 21:00:00+00:00,11.597415,57.1539183333,8.4,1046.15458954801,2.97593209280615,0.006180782038905089,0.0457835706585562,2.97593209280615,0.0686753559878343,19.4580175298864,No (reported postion),cruise,2021-11-02 21:00:00
2021-11-02 22:00:00+00:00,11.6791716667,57.0248283333,8.4,1046.15458954801,2.97593209280615,0.006180782038905089,0.0457835706585562,2.97593209280615,0.0686753559878343,19.4580175298864,No (reported postion),cruise,2021-11-02 22:00:00
2021-11-02 23:00:00+00:00,11.7961133333,56.862615,12.6,2725.091,7.7519,0.016100100000000003,0.11926,7.7519,0.17889,50.6855,No (reported postion),cruise,2021-11-02 23:00:00
2021-11-03 00:00:00+00:00,11.8167266667,56.670865,12.7,2725.091,7.7519,0.016100100000000003,0.11926,7.7519,0.17889,50.6855,No (reported postion),cruise,2021-11-03 00:00:00
2021-11-03 01:00:00+00:00,11.596405,56.4925033333,13.0,2725.091,7.7519,0.016100100000000003,0.11926,7.7519,0.17889,50.6855,No (reported postion),cruise,2021-11-03 01:00:00
2021-11-03 02:00:00+00:00,11.3950233333,56.31374,12.3,2725.091,7.7519,0.016100100000000003,0.11926,7.7519,0.17889,50.6855,No (reported postion),cruise,2021-11-03 02:00:00
2021-11-03 03:00:00+00:00,11.189395,56.13438,13.2,2725.091,7.7519,0.016100100000000003,0.11926,7.7519,0.17889,50.6855,No (reported postion),cruise,2021-11-03 03:00:00
2021-11-03 04:00:00+00:00,11.0083316667,55.9624316667,7.1,648.663422807849,1.8452132377466202,0.0038323659553199,0.0283878959653326,1.8452132377466202,0.042581843947998896,12.0648557852663,No (reported postion),cruise,2021-11-03 04:00:00
2021-11-03 05:00:00+00:00,10.8119383333,55.8315566667,13.1,2725.091,7.7519,0.016100100000000003,0.11926,7.7519,0.17889,50.6855,No (reported postion),cruise,2021-11-03 05:00:00
2021-11-03 06:00:00+00:00,10.7891683333,55.6181133333,12.5,2725.091,7.7519,0.016100100000000003,0.11926,7.7519,0.17889,50.6855,No (reported postion),cruise,2021-11-03 06:00:00
2021-11-03 07:00:00+00:00,10.9609716667,55.4283116667,13.5,2725.091,7.7519,0.016100100000000003,0.11926,7.7519,0.17889,50.6855,No (reported postion),cruise,2021-11-03 07:00:00
2021-11-03 08:00:00+00:00,11.0969916667,55.2303766667,12.8,2725.091,7.7519,0.016100100000000003,0.11926,7.7519,0.17889,50.6855,No (reported postion),cruise,2021-11-03 08:00:00
2021-11-03 09:00:00+00:00,11.0237633333,55.0412216667,9.4,1366.50396701815,3.8872104094608297,0.00807343700426481,0.0598032370686282,3.8872104094608297,0.08970485560294231,25.416375754167,No (reported postion),cruise,2021-11-03 09:00:00
2021-11-03 10:00:00+00:00,10.8948016667,54.9194066667,8.6,1071.07756148168,3.04682894951025,0.00632802935667513,0.0468742915309269,3.04682894951025,0.07031143729639039,19.9215739006439,No (reported postion),cruise,2021-11-03 10:00:00
2021-11-03 11:00:00+00:00,10.851375,54.7753616667,9.1,1249.5456177338299,3.5545061335973402,0.00738243581593293,0.0546847097476513,3.5545061335973402,0.08202706462147699,23.241001642751797,No (reported postion),cruise,2021-11-03 11:00:00
2021-11-03 12:00:00+00:00,10.9811566667,54.6492216667,12.3,2725.091,7.7519,0.016100100000000003,0.11926,7.7519,0.17889,50.6855,No (reported postion),cruise,2021-11-03 12:00:00
2021-11-03 13:00:00+00:00,11.30127,54.5417483333,12.8,2725.091,7.7519,0.016100100000000003,0.11926,7.7519,0.17889,50.6855,No (reported postion),cruise,2021-11-03 13:00:00
2021-11-03 14:00:00+00:00,11.63339,54.446585,13.7,2725.091,7.7519,0.016100100000000003,0.11926,7.7519,0.17889,50.6855,No (reported postion),cruise,2021-11-03 14:00:00
2021-11-03 15:00:00+00:00,11.9930866667,54.406645,13.3,2725.091,7.7519,0.016100100000000003,0.11926,7.7519,0.17889,50.6855,No (reported postion),cruise,2021-11-03 15:00:00
2021-11-03 16:00:00+00:00,12.260575,54.51383,13.0,2725.091,7.7519,0.016100100000000003,0.11926,7.7519,0.17889,50.6855,No (reported postion),cruise,2021-11-03 16:00:00
2021-11-03 17:00:00+00:00,12.495655,54.6683916667,13.1,2725.091,7.7519,0.016100100000000003,0.11926,7.7519,0.17889,50.6855,No (reported postion),cruise,2021-11-03 17:00:00
2021-11-03 18:00:00+00:00,12.8254116667,54.77185,13.1,2725.091,7.7519,0.016100100000000003,0.11926,7.7519,0.17889,50.6855,No (reported postion),cruise,2021-11-03 18:00:00
2021-11-03 19:00:00+00:00,13.18819,54.83894,13.2,2725.091,7.7519,0.016100100000000003,0.11926,7.7519,0.17889,50.6855,No (reported postion),cruise,2021-11-03 19:00:00
2021-11-03 20:00:00+00:00,13.5481,54.9094983333,13.1,2725.091,7.7519,0.016100100000000003,0.11926,7.7519,0.17889,50.6855,No (reported postion),cruise,2021-11-03 20:00:00
2021-11-03 21:00:00+00:00,13.9028566667,54.979205,12.9,2725.091,7.7519,0.016100100000000003,0.11926,7.7519,0.17889,50.6855,No (reported postion),cruise,2021-11-03 21:00:00
2021-11-03 22:00:00+00:00,14.2228683333,55.0813283333,11.6,2583.36682912065,7.348745903406679,0.0152627799532293,0.11305762928318,7.348745903406679,0.169586443924769,48.0494924453513,No (reported postion),cruise,2021-11-03 22:00:00
2021-11-03 23:00:00+00:00,14.388355,55.2034416667,9.3,1382.1990746731399,3.93185732401549,0.00816616521141679,0.0604901126771614,3.93185732401549,0.0907351690157421,25.7082978877936,No (reported postion),cruise,2021-11-03 23:00:00
2021-11-04 00:00:00+00:00,14.5744116667,55.3271733333,9.7,1554.1739318724901,4.4210637011689995,0.00918220922550484,0.06801636463336919,4.4210637011689995,0.102024546950054,28.9069549691819,No (reported postion),cruise,2021-11-04 00:00:00
2021-11-04 01:00:00+00:00,14.762245,55.4464183333,9.4,1423.84005642807,4.05031088261814,0.0084121841408223,0.0623124751172022,4.05031088261814,0.0934687126758033,26.4828019248109,No (reported postion),cruise,2021-11-04 01:00:00
2021-11-04 02:00:00+00:00,15.0024783333,55.52293,9.3,1382.1990746731399,3.93185732401549,0.00816616521141679,0.0604901126771614,3.93185732401549,0.0907351690157421,25.7082978877936,No (reported postion),cruise,2021-11-04 02:00:00
2021-11-04 03:00:00+00:00,15.236285,55.5977333333,8.9,1224.3993303386999,3.48297402503351,0.00723386912891575,0.0535842157697463,3.48297402503351,0.0803763236546194,22.7732917021422,No (reported postion),cruise,2021-11-04 03:00:00
2021-11-04 04:00:00+00:00,15.47147,55.6631633333,8.6,1114.98517791267,3.17173026539708,0.00658743978197855,0.0487958502368781,3.17173026539708,0.0731937753553172,20.7382363506732,No (reported postion),cruise,2021-11-04 04:00:00
2021-11-04 05:00:00+00:00,15.69807,55.7252133333,8.5,1080.16501659542,3.07267947828018,0.0063817189164280695,0.047271991973541296,3.07267947828018,0.0709079879603119,20.090596588755,No (reported postion),cruise,2021-11-04 05:00:00
2021-11-04 06:00:00+00:00,15.9214466667,55.7949066667,8.7,1150.62459978528,3.27311155299969,0.00679800091776859,0.0503555623538414,3.27311155299969,0.07553334353076209,21.4011140003826,No (reported postion),cruise,2021-11-04 06:00:00
2021-11-04 07:00:00+00:00,16.1500533333,55.848915,8.7,1150.62459978528,3.27311155299969,0.00679800091776859,0.0503555623538414,3.27311155299969,0.07553334353076209,21.4011140003826,No (reported postion),cruise,2021-11-04 07:00:00
2021-11-04 08:00:00+00:00,16.4098616667,55.9395866667,12.9,2725.091,7.7519,0.016100100000000003,0.11926,7.7519,0.17889,50.6855,No (reported postion),cruise,2021-11-04 08:00:00
2021-11-04 09:00:00+00:00,16.739495,56.0561233333,13.3,2725.091,7.7519,0.016100100000000003,0.11926,7.7519,0.17889,50.6855,No (reported postion),cruise,2021-11-04 09:00:00
2021-11-04 10:00:00+00:00,16.9653333333,56.2309916667,12.9,2725.091,7.7519,0.016100100000000003,0.11926,7.7519,0.17889,50.6855,No (reported postion),cruise,2021-11-04 10:00:00
2021-11-04 11:00:00+00:00,17.0943616667,56.4392733333,13.3,2725.091,7.7519,0.016100100000000003,0.11926,7.7519,0.17889,50.6855,No (reported postion),cruise,2021-11-04 11:00:00
2021-11-04 12:00:00+00:00,17.2243533333,56.6462833333,13.1,2725.091,7.7519,0.016100100000000003,0.11926,7.7519,0.17889,50.6855,No (reported postion),cruise,2021-11-04 12:00:00
2021-11-04 13:00:00+00:00,17.3603716667,56.85145,13.3,2725.091,7.7519,0.016100100000000003,0.11926,7.7519,0.17889,50.6855,No (reported postion),cruise,2021-11-04 13:00:00
2021-11-04 14:00:00+00:00,17.5042366667,57.0584166667,13.1,2725.091,7.7519,0.016100100000000003,0.11926,7.7519,0.17889,50.6855,No (reported postion),cruise,2021-11-04 14:00:00
2021-11-04 15:00:00+00:00,17.6467716667,57.2602333333,12.9,2725.091,7.7519,0.016100100000000003,0.11926,7.7519,0.17889,50.6855,No (reported postion),cruise,2021-11-04 15:00:00
2021-11-04 16:00:00+00:00,17.82545083335,57.4568,12.85,2725.091,7.7519,0.016100100000000003,0.11926,7.7519,0.17889,50.6855,Linear (small gap),cruise,2021-11-04 16:00:00
2021-11-04 17:00:00+00:00,18.00413,57.6533666667,12.8,2725.091,7.7519,0.016100100000000003,0.11926,7.7519,0.17889,50.6855,No (reported postion),cruise,2021-11-04 17:00:00
2021-11-04 18:00:00+00:00,18.19678,57.8393533333,12.9,2725.091,7.7519,0.016100100000000003,0.11926,7.7519,0.17889,50.6855,No (reported postion),cruise,2021-11-04 18:00:00
2021-11-04 19:00:00+00:00,18.38358,58.0223333333,13.3,2725.091,7.7519,0.016100100000000003,0.11926,7.7519,0.17889,50.6855,No (reported postion),cruise,2021-11-04 19:00:00
2021-11-04 20:00:00+00:00,18.61064,58.24138,13.4,2725.091,7.7519,0.016100100000000003,0.11926,7.7519,0.17889,50.6855,No (reported postion),cruise,2021-11-04 20:00:00
2021-11-04 21:00:00+00:00,18.79805,58.415455,13.0,2725.091,7.7519,0.016100100000000003,0.11926,7.7519,0.17889,50.6855,No (reported postion),cruise,2021-11-04 21:00:00
2021-11-04 22:00:00+00:00,19.0766483333,58.6467416667,13.1,2725.091,7.7519,0.016100100000000003,0.11926,7.7519,0.17889,50.6855,No (reported postion),cruise,2021-11-04 22:00:00
2021-11-04 23:00:00+00:00,19.3949833333,58.8981683333,12.6,2725.091,7.7519,0.016100100000000003,0.11926,7.7519,0.17889,50.6855,No (reported postion),cruise,2021-11-04 23:00:00
2021-11-05 00:00:00+00:00,19.4815583333,58.9645216667,12.9,2725.091,7.7519,0.016100100000000003,0.11926,7.7519,0.17889,50.6855,No (reported postion),cruise,2021-11-05 00:00:00
2021-11-05 01:00:00+00:00,19.6928,59.1333,12.7,2725.091,7.7519,0.016100100000000003,0.11926,7.7519,0.17889,50.6855,No (reported postion),cruise,2021-11-05 01:00:00
2021-11-05 02:00:00+00:00,19.972,59.3362,12.8,2725.091,7.7519,0.016100100000000003,0.11926,7.7519,0.17889,50.6855,No (reported postion),cruise,2021-11-05 02:00:00
2021-11-05 03:00:00+00:00,20.1704,59.5189,13.0,2725.091,7.7519,0.016100100000000003,0.11926,7.7519,0.17889,50.6855,No (reported postion),cruise,2021-11-05 03:00:00
2021-11-05 04:00:00+00:00,19.9803,59.6646,13.4,2725.091,7.7519,0.016100100000000003,0.11926,7.7519,0.17889,50.6855,No (reported postion),cruise,2021-11-05 04:00:00
2021-11-05 05:00:00+00:00,19.6874383333,59.83115,13.1,2725.091,7.7519,0.016100100000000003,0.11926,7.7519,0.17889,50.6855,No (reported postion),cruise,2021-11-05 05:00:00
2021-11-05 06:00:00+00:00,19.4109683333,60.00067,13.3,2725.091,7.7519,0.016100100000000003,0.11926,7.7519,0.17889,50.6855,No (reported postion),cruise,2021-11-05 06:00:00
2021-11-05 07:00:00+00:00,19.1268083333,60.1725133333,13.2,2725.091,7.7519,0.016100100000000003,0.11926,7.7519,0.17889,50.6855,No (reported postion),cruise,2021-11-05 07:00:00
2021-11-05 08:00:00+00:00,19.0260966667,60.4051133333,13.2,2725.091,7.7519,0.016100100000000003,0.11926,7.7519,0.17889,50.6855,No (reported postion),cruise,2021-11-05 08:00:00
2021-11-05 09:00:00+00:00,19.1294,60.5908,13.3,2725.091,7.7519,0.016100100000000003,0.11926,7.7519,0.17889,50.6855,No (reported postion),cruise,2021-11-05 09:00:00
2021-11-05 10:00:00+00:00,19.2612,60.8548,13.2,2725.091,7.7519,0.016100100000000003,0.11926,7.7519,0.17889,50.6855,No (reported postion),cruise,2021-11-05 10:00:00
2021-11-05 11:00:00+00:00,19.3889,61.0821333333333,13.2666666666667,2725.091,7.7519,0.016100100000000003,0.11926,7.7519,0.17889,50.6855,Linear (small gap),cruise,2021-11-05 11:00:00
2021-11-05 12:00:00+00:00,19.5166,61.3094666666667,13.3333333333333,2725.091,7.7519,0.016100100000000003,0.11926,7.7519,0.17889,50.6855,Linear (small gap),cruise,2021-11-05 12:00:00
2021-11-05 13:00:00+00:00,19.6443,61.5368,13.4,2725.091,7.7519,0.016100100000000003,0.11926,7.7519,0.17889,50.6855,No (reported postion),cruise,2021-11-05 13:00:00
2021-11-05 14:00:00+00:00,19.7619,61.7532,13.5,2725.091,7.7519,0.016100100000000003,0.11926,7.7519,0.17889,50.6855,No (reported postion),cruise,2021-11-05 14:00:00
2021-11-05 15:00:00+00:00,19.8308,61.8792,12.0,2725.091,7.7519,0.016100100000000003,0.11926,7.7519,0.17889,50.6855,No (reported postion),cruise,2021-11-05 15:00:00
2021-11-05 16:00:00+00:00,19.9165,62.0293,9.0,1262.55369159057,3.59150940715042,0.00745928876869703,0.0552539908792373,3.59150940715042,0.0828809863188559,23.4829461236758,No (reported postion),cruise,2021-11-05 16:00:00
2021-11-05 17:00:00+00:00,19.9986,62.1787,9.0,1262.55369159057,3.59150940715042,0.00745928876869703,0.0552539908792373,3.59150940715042,0.0828809863188559,23.4829461236758,No (reported postion),cruise,2021-11-05 17:00:00
2021-11-05 18:00:00+00:00,20.0815,62.3285,8.6,1114.98517791267,3.17173026539708,0.00658743978197855,0.0487958502368781,3.17173026539708,0.0731937753553172,20.7382363506732,No (reported postion),cruise,2021-11-05 18:00:00
2021-11-05 19:00:00+00:00,20.1527,62.4566,8.2,980.52483312059,2.78923913141525,0.0057930351190932,0.042911371252542206,2.78923913141525,0.0643670568788134,18.2373327823305,No (reported postion),cruise,2021-11-05 19:00:00
2021-11-05 20:00:00+00:00,20.2407,62.6192,8.5,1080.16501659542,3.07267947828018,0.0063817189164280695,0.047271991973541296,3.07267947828018,0.0709079879603119,20.090596588755,No (reported postion),cruise,2021-11-05 20:00:00
2021-11-05 21:00:00+00:00,20.2991,62.7294,8.5,1080.16501659542,3.07267947828018,0.0063817189164280695,0.047271991973541296,3.07267947828018,0.0709079879603119,20.090596588755,No (reported postion),cruise,2021-11-05 21:00:00
2021-11-05 22:00:00+00:00,20.37084,62.8582166667,8.3,1012.94437048491,2.88146101013213,0.00598457286719749,0.044330169386648105,2.88146101013213,0.0664952540799721,18.8403219893254,No (reported postion),cruise,2021-11-05 22:00:00
2021-11-05 23:00:00+00:00,20.4698366667,63.0364533333,13.3,2725.091,7.7519,0.016100100000000003,0.11926,7.7519,0.17889,50.6855,No (reported postion),cruise,2021-11-05 23:00:00
2021-11-06 00:00:00+00:00,20.75901,63.19931,9.9,1578.68679031109,4.49079393305125,0.009327033553260288,0.0690891374315577,4.49079393305125,0.103633706147337,29.362883408412,No (reported postion),cruise,2021-11-06 00:00:00
2021-11-06 01:00:00+00:00,21.1322816667,63.127655,13.2,2725.091,7.7519,0.016100100000000003,0.11926,7.7519,0.17889,50.6855,No (reported postion),cruise,2021-11-06 01:00:00
2021-11-06 02:00:00+00:00,21.4746733333,63.0965433333,6.7,561.87371529223,1.74125391940194,0.00331960400719698,0.024989452498821597,1.62431441242341,0.0380838685276096,11.385121780705,No (reported postion),cruise,2021-11-06 02:00:00
2021-11-06 03:00:00+00:00,21.5613583333,63.0828866667,1.0,220.878683200035,0.665905022215417,0.00130497252656476,0.009907724429591409,0.6440020879234409,0.015126774651745601,4.67826813239029,No (reported postion),anchor,2021-11-06 03:00:00
2021-11-06 04:00:00+00:00,21.56237,63.0829433333,0.0,219.36,0.624,0.001296,0.0096,0.624,0.0144,4.08,No (reported postion),anchor,2021-11-06 04:00:00
2021-11-06 05:00:00+00:00,21.5623566667,63.0829416667,0.0,219.36,0.624,0.001296,0.0096,0.624,0.0144,4.08,No (reported postion),anchor,2021-11-06 05:00:00
2021-11-06 06:00:00+00:00,21.5623333333,63.0829233333,0.0,219.36,0.624,0.001296,0.0096,0.624,0.0144,4.08,No (reported postion),anchor,2021-11-06 06:00:00
2021-11-06 07:00:00+00:00,21.5623466667,63.0829216667,0.0,219.36,0.624,0.001296,0.0096,0.624,0.0144,4.08,No (reported postion),anchor,2021-11-06 07:00:00
2021-11-06 08:00:00+00:00,21.5623866667,63.0829166667,0.0,219.36,0.624,0.001296,0.0096,0.624,0.0144,4.08,No (reported postion),anchor,2021-11-06 08:00:00
2021-11-06 09:00:00+00:00,21.5623816667,63.0829466667,0.0,219.36,0.624,0.001296,0.0096,0.624,0.0144,4.08,No (reported postion),anchor,2021-11-06 09:00:00
2021-11-06 10:00:00+00:00,21.5623833333,63.0829183333,0.0,219.36,0.624,0.001296,0.0096,0.624,0.0144,4.08,No (reported postion),anchor,2021-11-06 10:00:00
2021-11-06 11:00:00+00:00,21.5624083333,63.0829483333,0.0,219.36,0.624,0.001296,0.0096,0.624,0.0144,4.08,No (reported postion),anchor,2021-11-06 11:00:00
2021-11-06 12:00:00+00:00,21.56241,63.0828916667,0.0,219.36,0.624,0.001296,0.0096,0.624,0.0144,4.08,No (reported postion),anchor,2021-11-06 12:00:00
2021-11-06 13:00:00+00:00,21.56239,63.0829316667,0.0,219.36,0.624,0.001296,0.0096,0.624,0.0144,4.08,No (reported postion),anchor,2021-11-06 13:00:00
2021-11-06 14:00:00+00:00,21.5623833333,63.0829683333,0.0,219.36,0.624,0.001296,0.0096,0.624,0.0144,4.08,No (reported postion),anchor,2021-11-06 14:00:00
2021-11-06 15:00:00+00:00,21.5623866667,63.08293,0.0,219.36,0.624,0.001296,0.0096,0.624,0.0144,4.08,No (reported postion),anchor,2021-11-06 15:00:00
2021-11-06 16:00:00+00:00,21.5623566667,63.0829183333,0.0,219.36,0.624,0.001296,0.0096,0.624,0.0144,4.08,No (reported postion),anchor,2021-11-06 16:00:00
2021-11-06 17:00:00+00:00,21.5623333333,63.0829283333,0.0,219.36,0.624,0.001296,0.0096,0.624,0.0144,4.08,No (reported postion),anchor,2021-11-06 17:00:00
2021-11-06 18:00:00+00:00,21.5623166667,63.0829483333,0.0,219.36,0.624,0.001296,0.0096,0.624,0.0144,4.08,No (reported postion),anchor,2021-11-06 18:00:00
2021-11-06 19:00:00+00:00,21.5624183333,63.0828916667,0.0,219.36,0.624,0.001296,0.0096,0.624,0.0144,4.08,No (reported postion),anchor,2021-11-06 19:00:00
2021-11-06 20:00:00+00:00,21.4301083333,63.1041283333,10.8,2018.21345128292,5.7410885922708905,0.0119237993839472,0.08832443988109069,5.7410885922708905,0.13248665982163602,37.5378869494635,No (reported postion),cruise,2021-11-06 20:00:00
2021-11-06 21:00:00+00:00,21.04268,63.1775583333,13.2,2725.091,7.7519,0.016100100000000003,0.11926,7.7519,0.17889,50.6855,No (reported postion),cruise,2021-11-06 21:00:00
2021-11-06 22:00:00+00:00,20.6963233333,63.1873216667,12.4,2725.091,7.7519,0.016100100000000003,0.11926,7.7519,0.17889,50.6855,No (reported postion),cruise,2021-11-06 22:00:00
2021-11-06 23:00:00+00:00,20.4801033333,63.0116216667,12.9,2725.091,7.7519,0.016100100000000003,0.11926,7.7519,0.17889,50.6855,No (reported postion),cruise,2021-11-06 23:00:00
2021-11-07 00:00:00+00:00,20.37225,62.7981033333,12.9,2725.091,7.7519,0.016100100000000003,0.11926,7.7519,0.17889,50.6855,No (reported postion),cruise,2021-11-07 00:00:00
2021-11-07 01:00:00+00:00,20.2168,62.5438,12.8,2725.091,7.7519,0.016100100000000003,0.11926,7.7519,0.17889,50.6855,No (reported postion),cruise,2021-11-07 01:00:00
2021-11-07 02:00:00+00:00,20.1016,62.3604,12.9,2725.091,7.7519,0.016100100000000003,0.11926,7.7519,0.17889,50.6855,No (reported postion),cruise,2021-11-07 02:00:00
2021-11-07 03:00:00+00:00,19.9896,62.1802,13.0,2725.091,7.7519,0.016100100000000003,0.11926,7.7519,0.17889,50.6855,No (reported postion),cruise,2021-11-07 03:00:00
2021-11-07 04:00:00+00:00,19.8387,61.9362,13.0,2725.091,7.7519,0.016100100000000003,0.11926,7.7519,0.17889,50.6855,No (reported postion),cruise,2021-11-07 04:00:00
2021-11-07 05:00:00+00:00,19.7216,61.7467,13.1,2725.091,7.7519,0.016100100000000003,0.11926,7.7519,0.17889,50.6855,Linear (small gap),cruise,2021-11-07 05:00:00
2021-11-07 06:00:00+00:00,19.6045,61.5572,13.2,2725.091,7.7519,0.016100100000000003,0.11926,7.7519,0.17889,50.6855,No (reported postion),cruise,2021-11-07 06:00:00
2021-11-07 07:00:00+00:00,19.4618,61.3234,13.1,2725.091,7.7519,0.016100100000000003,0.11926,7.7519,0.17889,50.6855,No (reported postion),cruise,2021-11-07 07:00:00
2021-11-07 08:00:00+00:00,19.3165,61.074,13.0,2725.091,7.7519,0.016100100000000003,0.11926,7.7519,0.17889,50.6855,No (reported postion),cruise,2021-11-07 08:00:00
2021-11-07 09:00:00+00:00,19.2265,60.92,13.1,2725.091,7.7519,0.016100100000000003,0.11926,7.7519,0.17889,50.6855,No (reported postion),cruise,2021-11-07 09:00:00
2021-11-07 10:00:00+00:00,19.0991,60.7016,13.1,2725.091,7.7519,0.016100100000000003,0.11926,7.7519,0.17889,50.6855,No (reported postion),cruise,2021-11-07 10:00:00
2021-11-07 11:00:00+00:00,18.9745,60.5009,13.1,2725.091,7.7519,0.016100100000000003,0.11926,7.7519,0.17889,50.6855,No (reported postion),cruise,2021-11-07 11:00:00
2021-11-07 12:00:00+00:00,19.0036733333,60.2913966667,12.6,2725.091,7.7519,0.016100100000000003,0.11926,7.7519,0.17889,50.6855,No (reported postion),cruise,2021-11-07 12:00:00
2021-11-07 13:00:00+00:00,19.144495,60.0967933333,13.0,2725.091,7.7519,0.016100100000000003,0.11926,7.7519,0.17889,50.6855,No (reported postion),cruise,2021-11-07 13:00:00
2021-11-07 14:00:00+00:00,19.4130966666667,59.9179288888667,13.2333333333333,2725.091,7.7519,0.016100100000000003,0.11926,7.7519,0.17889,50.6855,Linear (small gap),cruise,2021-11-07 14:00:00
2021-11-07 15:00:00+00:00,19.6816983333333,59.7390644444333,13.4666666666667,2725.091,7.7519,0.016100100000000003,0.11926,7.7519,0.17889,50.6855,Linear (small gap),cruise,2021-11-07 15:00:00
2021-11-07 16:00:00+00:00,19.9503,59.5602,13.7,2725.091,7.7519,0.016100100000000003,0.11926,7.7519,0.17889,50.6855,No (reported postion),cruise,2021-11-07 16:00:00
2021-11-07 17:00:00+00:00,19.7805,59.3902,13.2,2725.091,7.7519,0.016100100000000003,0.11926,7.7519,0.17889,50.6855,No (reported postion),cruise,2021-11-07 17:00:00
2021-11-07 18:00:00+00:00,19.5142222222333,59.1479111111,12.8,2725.091,7.7519,0.016100100000000003,0.11926,7.7519,0.17889,50.6855,Linear (small gap),cruise,2021-11-07 18:00:00
2021-11-07 19:00:00+00:00,19.2479444444667,58.9056222222,12.4,2725.091,7.7519,0.016100100000000003,0.11926,7.7519,0.17889,50.6855,Linear (small gap),cruise,2021-11-07 19:00:00
2021-11-07 20:00:00+00:00,18.9816666667,58.6633333333,12.0,2725.091,7.7519,0.016100100000000003,0.11926,7.7519,0.17889,50.6855,No (reported postion),cruise,2021-11-07 20:00:00
2021-11-07 21:00:00+00:00,18.7704644444667,58.4743777777667,12.3333333333333,2725.091,7.7519,0.016100100000000003,0.11926,7.7519,0.17889,50.6855,Linear (small gap),cruise,2021-11-07 21:00:00
2021-11-07 22:00:00+00:00,18.5592622222333,58.2854222222333,12.6666666666667,2725.091,7.7519,0.016100100000000003,0.11926,7.7519,0.17889,50.6855,Linear (small gap),cruise,2021-11-07 22:00:00
2021-11-07 23:00:00+00:00,18.34806,58.0964666667,13.0,2725.091,7.7519,0.016100100000000003,0.11926,7.7519,0.17889,50.6855,No (reported postion),cruise,2021-11-07 23:00:00
2021-11-08 00:00:00+00:00,18.34,58.0892266667,12.9,2725.091,7.7519,0.016100100000000003,0.11926,7.7519,0.17889,50.6855,No (reported postion),cruise,2021-11-08 00:00:00
2021-11-08 01:00:00+00:00,18.13232,57.89758,13.1,2725.091,7.7519,0.016100100000000003,0.11926,7.7519,0.17889,50.6855,No (reported postion),cruise,2021-11-08 01:00:00
2021-11-08 02:00:00+00:00,17.9017525,57.6790325,13.0,2725.091,7.7519,0.016100100000000003,0.11926,7.7519,0.17889,50.6855,Linear (small gap),cruise,2021-11-08 02:00:00
2021-11-08 03:00:00+00:00,17.671185,57.460485,12.9,2725.091,7.7519,0.016100100000000003,0.11926,7.7519,0.17889,50.6855,No (reported postion),cruise,2021-11-08 03:00:00
2021-11-08 04:00:00+00:00,17.5193616667,57.2531133333,12.9,2725.091,7.7519,0.016100100000000003,0.11926,7.7519,0.17889,50.6855,No (reported postion),cruise,2021-11-08 04:00:00
2021-11-08 05:00:00+00:00,17.395945,57.0854,13.2,2725.091,7.7519,0.016100100000000003,0.11926,7.7519,0.17889,50.6855,No (reported postion),cruise,2021-11-08 05:00:00
2021-11-08 06:00:00+00:00,17.2678616667,56.9092216667,12.9,2725.091,7.7519,0.016100100000000003,0.11926,7.7519,0.17889,50.6855,No (reported postion),cruise,2021-11-08 06:00:00
2021-11-08 07:00:00+00:00,17.1255975,56.7012775,11.45,2725.091,7.7519,0.016100100000000003,0.11926,7.7519,0.17889,50.6855,Linear (small gap),cruise,2021-11-08 07:00:00
2021-11-08 08:00:00+00:00,16.9833333333,56.4933333333,10.0,1692.8242545824,4.81547380953419,0.0100013686813402,0.0740842124543722,4.81547380953419,0.111126318681558,31.4857902931082,No (reported postion),cruise,2021-11-08 08:00:00
2021-11-08 09:00:00+00:00,16.8640683333,56.3270633333,10.2,1790.00506867688,5.091918138468159,0.0105755222875877,0.0783372021302793,5.091918138468159,0.117505803195419,33.2933109053687,No (reported postion),cruise,2021-11-08 09:00:00
2021-11-08 10:00:00+00:00,16.7435833333,56.1628183333,10.6,1996.1030806357198,5.67819257073617,0.011793169185375102,0.0873568087805564,5.67819257073617,0.131035213170835,37.1266437317365,No (reported postion),cruise,2021-11-08 10:00:00
2021-11-08 11:00:00+00:00,16.5347566667,56.0756283333,10.8,2105.17269906851,5.9884562555559295,0.0124375629923085,0.092130096239322,5.9884562555559295,0.13819514435898297,39.1552909017119,No (reported postion),cruise,2021-11-08 11:00:00
2021-11-08 12:00:00+00:00,16.2583733333,55.98288,10.8,2105.17269906851,5.9884562555559295,0.0124375629923085,0.092130096239322,5.9884562555559295,0.13819514435898297,39.1552909017119,No (reported postion),cruise,2021-11-08 12:00:00
2021-11-08 13:00:00+00:00,15.982735,55.890575,10.8,2105.17269906851,5.9884562555559295,0.0124375629923085,0.092130096239322,5.9884562555559295,0.13819514435898297,39.1552909017119,No (reported postion),cruise,2021-11-08 13:00:00
2021-11-08 14:00:00+00:00,15.7117866667,55.8005233333,10.5,1943.08771396095,5.5273829937620205,0.011479949294736499,0.0850366614424925,5.5273829937620205,0.127554992163739,36.1405811130593,No (reported postion),cruise,2021-11-08 14:00:00
2021-11-08 15:00:00+00:00,15.44779,55.7127933333,10.2,1790.00506867688,5.091918138468159,0.0105755222875877,0.0783372021302793,5.091918138468159,0.117505803195419,33.2933109053687,No (reported postion),cruise,2021-11-08 15:00:00
2021-11-08 16:00:00+00:00,15.2015533333,55.62966,9.5,1466.37650902259,4.17131173244937,0.008663493598164089,0.0641740266530673,4.17131173244937,0.0962610399796009,27.2739613275536,No (reported postion),cruise,2021-11-08 16:00:00
2021-11-08 17:00:00+00:00,14.94727,55.553845,9.8,1599.45395469892,4.5498690177431,0.009449727959927991,0.0699979848883554,4.5498690177431,0.104996977332533,29.749143577551102,No (reported postion),cruise,2021-11-08 17:00:00
2021-11-08 18:00:00+00:00,14.6897066667,55.4795166667,9.8,1599.45395469892,4.5498690177431,0.009449727959927991,0.0699979848883554,4.5498690177431,0.104996977332533,29.749143577551102,No (reported postion),cruise,2021-11-08 18:00:00
2021-11-08 19:00:00+00:00,14.475905,55.3725933333,9.9,1645.6675535070501,4.68133002091722,0.00972276235113576,0.0720204618602648,4.68133002091722,0.108030692790397,30.6086962906126,No (reported postion),cruise,2021-11-08 19:00:00
2021-11-08 20:00:00+00:00,14.2992616667,55.24824,9.4,1423.84005642807,4.05031088261814,0.0084121841408223,0.0623124751172022,4.05031088261814,0.0934687126758033,26.4828019248109,No (reported postion),cruise,2021-11-08 20:00:00
2021-11-08 21:00:00+00:00,14.02816,55.2216333333,10.6,1996.1030806357198,5.67819257073617,0.011793169185375102,0.0873568087805564,5.67819257073617,0.131035213170835,37.1266437317365,No (reported postion),cruise,2021-11-08 21:00:00
2021-11-08 22:00:00+00:00,13.7391533333,55.2281816667,9.7,1554.1739318724901,4.4210637011689995,0.00918220922550484,0.06801636463336919,4.4210637011689995,0.102024546950054,28.9069549691819,No (reported postion),cruise,2021-11-08 22:00:00
2021-11-08 23:00:00+00:00,13.4645566667,55.2400766667,9.5,1466.37650902259,4.17131173244937,0.008663493598164089,0.0641740266530673,4.17131173244937,0.0962610399796009,27.2739613275536,No (reported postion),cruise,2021-11-08 23:00:00
2021-11-09 00:00:00+00:00,13.188975,55.248415,9.1,1301.5654185399198,3.70248368512449,0.00768977380756624,0.0569612874634537,3.70248368512449,0.0854419311951805,24.208547171967798,No (reported postion),cruise,2021-11-09 00:00:00
2021-11-09 01:00:00+00:00,12.9277683333,55.2568683333,8.8,1187.09280849878,3.37685043993088,0.007013458606010299,0.0519515452297059,3.37685043993088,0.0779273178445589,22.079406722625002,No (reported postion),cruise,2021-11-09 01:00:00
2021-11-09 02:00:00+00:00,12.6863583333,55.3054283333,9.0,1262.55369159057,3.59150940715042,0.00745928876869703,0.0552539908792373,3.59150940715042,0.0828809863188559,23.4829461236758,No (reported postion),cruise,2021-11-09 02:00:00
2021-11-09 03:00:00+00:00,12.69856,55.449965,9.4,1366.50396701815,3.8872104094608297,0.00807343700426481,0.0598032370686282,3.8872104094608297,0.08970485560294231,25.416375754167,No (reported postion),cruise,2021-11-09 03:00:00
2021-11-09 04:00:00+00:00,12.83993,55.5829683333,10.7,1965.5622234209,5.5913148587465304,0.0116127308604736,0.08602022859610049,5.5913148587465304,0.129030342894151,36.5585971533427,No (reported postion),cruise,2021-11-09 04:00:00
2021-11-09 05:00:00+00:00,12.8821883333,55.710075,10.8,2018.21345128292,5.7410885922708905,0.0119237993839472,0.08832443988109069,5.7410885922708905,0.13248665982163602,37.5378869494635,No (reported postion),cruise,2021-11-09 05:00:00
2021-11-09 06:00:00+00:00,12.74119,55.879955,11.5,2414.83731185375,6.86934027441986,0.0142670913391797,0.10568215806799801,6.86934027441986,0.158523237101997,44.9149171788991,No (reported postion),cruise,2021-11-09 06:00:00
2021-11-09 07:00:00+00:00,12.6254316667,56.0714366667,12.5,2725.091,7.7519,0.016100100000000003,0.11926,7.7519,0.17889,50.6855,No (reported postion),cruise,2021-11-09 07:00:00
2021-11-09 08:00:00+00:00,12.4120783333,56.241265,12.3,2725.091,7.7519,0.016100100000000003,0.11926,7.7519,0.17889,50.6855,No (reported postion),cruise,2021-11-09 08:00:00
2021-11-09 09:00:00+00:00,12.3233383333,56.4379316667,12.3,2725.091,7.7519,0.016100100000000003,0.11926,7.7519,0.17889,50.6855,No (reported postion),cruise,2021-11-09 09:00:00
2021-11-09 10:00:00+00:00,12.2413233333,56.6359833333,12.1,2725.091,7.7519,0.016100100000000003,0.11926,7.7519,0.17889,50.6855,No (reported postion),cruise,2021-11-09 10:00:00
2021-11-09 11:00:00+00:00,12.1527216667,56.833195,12.3,2725.091,7.7519,0.016100100000000003,0.11926,7.7519,0.17889,50.6855,No (reported postion),cruise,2021-11-09 11:00:00
2021-11-09 12:00:00+00:00,12.051065,57.0312883333,12.3,2725.091,7.7519,0.016100100000000003,0.11926,7.7519,0.17889,50.6855,No (reported postion),cruise,2021-11-09 12:00:00
2021-11-09 13:00:00+00:00,11.919285,57.22293,12.3,2725.091,7.7519,0.016100100000000003,0.11926,7.7519,0.17889,50.6855,No (reported postion),cruise,2021-11-09 13:00:00
2021-11-09 14:00:00+00:00,11.7201833333,57.3933066667,12.2,2725.091,7.7519,0.016100100000000003,0.11926,7.7519,0.17889,50.6855,No (reported postion),cruise,2021-11-09 14:00:00
2021-11-09 15:00:00+00:00,11.63356,57.57518,8.0,882.675798418095,2.51089395611274,0.00521493360115724,0.0386291377863499,2.51089395611274,0.0579437066795249,16.4173835591987,No (reported postion),cruise,2021-11-09 15:00:00
2021-11-09 16:00:00+00:00,11.8204583333,57.68011,7.7,798.438997361735,2.2712706708320702,0.0047172544701896794,0.0349426257051088,2.2712706708320702,0.0524139385576631,14.8506159246712,No (reported postion),cruise,2021-11-09 16:00:00
2021-11-09 17:00:00+00:00,11.8733583333,57.6904866667,0.0,219.36,0.624,0.001296,0.0096,0.624,0.0144,4.08,No (reported postion),anchor,2021-11-09 17:00:00
2021-11-09 18:00:00+00:00,11.8733716667,57.6905183333,0.0,219.36,0.624,0.001296,0.0096,0.624,0.0144,4.08,No (reported postion),anchor,2021-11-09 18:00:00
2021-11-09 19:00:00+00:00,11.873415,57.6905066667,0.0,219.36,0.624,0.001296,0.0096,0.624,0.0144,4.08,No (reported postion),anchor,2021-11-09 19:00:00
2021-11-09 20:00:00+00:00,11.8734016667,57.6905016667,0.0,219.36,0.624,0.001296,0.0096,0.624,0.0144,4.08,No (reported postion),anchor,2021-11-09 20:00:00
2021-11-09 21:00:00+00:00,11.87336,57.6904816667,0.0,219.36,0.624,0.001296,0.0096,0.624,0.0144,4.08,No (reported postion),anchor,2021-11-09 21:00:00
2021-11-09 22:00:00+00:00,11.87342,57.6904683333,0.0,219.36,0.624,0.001296,0.0096,0.624,0.0144,4.08,No (reported postion),anchor,2021-11-09 22:00:00
2021-11-09 23:00:00+00:00,11.8733716667,57.6904933333,0.0,219.36,0.624,0.001296,0.0096,0.624,0.0144,4.08,No (reported postion),anchor,2021-11-09 23:00:00
2021-11-10 00:00:00+00:00,11.873355,57.6905,0.0,219.36,0.624,0.001296,0.0096,0.624,0.0144,4.08,No (reported postion),anchor,2021-11-10 00:00:00
2021-11-10 01:00:00+00:00,11.8733933333,57.6904983333,0.0,219.36,0.624,0.001296,0.0096,0.624,0.0144,4.08,No (reported postion),anchor,2021-11-10 01:00:00
2021-11-10 02:00:00+00:00,11.87339,57.690485,0.0,219.36,0.624,0.001296,0.0096,0.624,0.0144,4.08,No (reported postion),anchor,2021-11-10 02:00:00
2021-11-10 03:00:00+00:00,11.8734133333,57.6904683333,0.0,219.36,0.624,0.001296,0.0096,0.624,0.0144,4.08,No (reported postion),anchor,2021-11-10 03:00:00
2021-11-10 04:00:00+00:00,11.873445,57.6904933333,0.0,219.36,0.624,0.001296,0.0096,0.624,0.0144,4.08,No (reported postion),anchor,2021-11-10 04:00:00
2021-11-10 05:00:00+00:00,11.8733366667,57.6904866667,0.0,219.36,0.624,0.001296,0.0096,0.624,0.0144,4.08,No (reported postion),anchor,2021-11-10 05:00:00
2021-11-10 06:00:00+00:00,11.873345,57.6904866667,0.0,219.36,0.624,0.001296,0.0096,0.624,0.0144,4.08,No (reported postion),anchor,2021-11-10 06:00:00
2021-11-10 07:00:00+00:00,11.8733866667,57.6905066667,0.0,219.36,0.624,0.001296,0.0096,0.624,0.0144,4.08,No (reported postion),anchor,2021-11-10 07:00:00
2021-11-10 08:00:00+00:00,11.8733883333,57.6904866667,0.0,219.36,0.624,0.001296,0.0096,0.624,0.0144,4.08,No (reported postion),anchor,2021-11-10 08:00:00
2021-11-10 09:00:00+00:00,11.8733466667,57.6904816667,0.0,219.36,0.624,0.001296,0.0096,0.624,0.0144,4.08,No (reported postion),anchor,2021-11-10 09:00:00
2021-11-10 10:00:00+00:00,11.8733533333,57.6905,0.0,219.36,0.624,0.001296,0.0096,0.624,0.0144,4.08,No (reported postion),anchor,2021-11-10 10:00:00
2021-11-10 11:00:00+00:00,11.8733933333,57.6904683333,0.0,219.36,0.624,0.001296,0.0096,0.624,0.0144,4.08,No (reported postion),anchor,2021-11-10 11:00:00
2021-11-10 12:00:00+00:00,11.8733833333,57.6905033333,0.0,219.36,0.624,0.001296,0.0096,0.624,0.0144,4.08,No (reported postion),anchor,2021-11-10 12:00:00
2021-11-10 13:00:00+00:00,11.7878966667,57.6790533333,10.3,1764.6161371250198,5.0196957948851795,0.0104255220355308,0.0772260891520797,5.0196957948851795,0.11583913372811899,32.8210878896339,No (reported postion),cruise,2021-11-10 13:00:00
2021-11-10 14:00:00+00:00,11.6012166667,57.5359,11.8,2600.3550955204696,7.39707138769499,0.0153631482667511,0.113801098272231,7.39707138769499,0.17070164740834598,48.365466765698,No (reported postion),cruise,2021-11-10 14:00:00
2021-11-10 15:00:00+00:00,11.609705,57.329195,12.7,2725.091,7.7519,0.016100100000000003,0.11926,7.7519,0.17889,50.6855,No (reported postion),cruise,2021-11-10 15:00:00
2021-11-10 16:00:00+00:00,11.6219383333,57.1199666667,12.8,2725.091,7.7519,0.016100100000000003,0.11926,7.7519,0.17889,50.6855,No (reported postion),cruise,2021-11-10 16:00:00
2021-11-10 17:00:00+00:00,11.741295,56.9191516667,12.7,2725.091,7.7519,0.016100100000000003,0.11926,7.7519,0.17889,50.6855,No (reported postion),cruise,2021-11-10 17:00:00
2021-11-10 18:00:00+00:00,11.83519,56.7218383333,12.0,2725.091,7.7519,0.016100100000000003,0.11926,7.7519,0.17889,50.6855,No (reported postion),cruise,2021-11-10 18:00:00
2021-11-10 19:00:00+00:00,11.646445,56.546205,12.8,2725.091,7.7519,0.016100100000000003,0.11926,7.7519,0.17889,50.6855,No (reported postion),cruise,2021-11-10 19:00:00
2021-11-10 20:00:00+00:00,11.443505,56.3664333333,12.3,2725.091,7.7519,0.016100100000000003,0.11926,7.7519,0.17889,50.6855,No (reported postion),cruise,2021-11-10 20:00:00
2021-11-10 21:00:00+00:00,11.2725983333,56.1817716667,12.7,2725.091,7.7519,0.016100100000000003,0.11926,7.7519,0.17889,50.6855,No (reported postion),cruise,2021-11-10 21:00:00
2021-11-10 22:00:00+00:00,11.0633766667,56.018425,11.1,2276.51723370879,6.475869592607051,0.013449883000030001,0.09962876296318539,6.475869592607051,0.149443144444778,42.342224259353806,No (reported postion),cruise,2021-11-10 22:00:00
2021-11-10 23:00:00+00:00,10.85621,55.8588033333,13.0,2725.091,7.7519,0.016100100000000003,0.11926,7.7519,0.17889,50.6855,No (reported postion),cruise,2021-11-10 23:00:00
2021-11-11 00:00:00+00:00,10.7650366667,55.64883,13.9,2725.091,7.7519,0.016100100000000003,0.11926,7.7519,0.17889,50.6855,No (reported postion),cruise,2021-11-11 00:00:00
2021-11-11 01:00:00+00:00,10.9304833333,55.4432016667,13.8,2725.091,7.7519,0.016100100000000003,0.11926,7.7519,0.17889,50.6855,No (reported postion),cruise,2021-11-11 01:00:00
2021-11-11 02:00:00+00:00,11.089485,55.2407583333,13.9,2725.091,7.7519,0.016100100000000003,0.11926,7.7519,0.17889,50.6855,No (reported postion),cruise,2021-11-11 02:00:00
2021-11-11 03:00:00+00:00,11.0250066667,55.045555,11.9,2664.33266268836,7.579064467166011,0.015741133893344802,0.11660099180255401,7.579064467166011,0.17490148770383102,49.5554215160854,No (reported postion),cruise,2021-11-11 03:00:00
2021-11-11 04:00:00+00:00,10.8783366667,54.87656,11.9,2664.33266268836,7.579064467166011,0.015741133893344802,0.11660099180255401,7.579064467166011,0.17490148770383102,49.5554215160854,No (reported postion),cruise,2021-11-11 04:00:00
2021-11-11 05:00:00+00:00,10.8910933333,54.6919183333,11.4,2457.37852759103,6.99035467367252,0.0145184289376275,0.1075439180565,6.99035467367252,0.16131587708475,45.706165174012604,No (reported postion),cruise,2021-11-11 05:00:00
2021-11-11 06:00:00+00:00,11.1681016667,54.5893066667,11.4,2355.10598291316,6.6994262095998005,0.013914192896861102,0.10306809553230499,6.6994262095998005,0.154602143298457,43.8039406012295,No (reported postion),cruise,2021-11-11 06:00:00
2021-11-11 07:00:00+00:00,11.4534766667,54.5019416667,11.3,2396.0181347941902,6.81580651035545,0.014155905829199799,0.10485856169777599,6.81580651035545,0.157287842546664,44.564888721554894,No (reported postion),cruise,2021-11-11 07:00:00
2021-11-11 08:00:00+00:00,11.75354,54.414285,11.4,2457.37852759103,6.99035467367252,0.0145184289376275,0.1075439180565,6.99035467367252,0.16131587708475,45.706165174012604,No (reported postion),cruise,2021-11-11 08:00:00
2021-11-11 09:00:00+00:00,12.0824083333,54.404175,11.0,2218.3576728491803,6.31042664049,0.0131062707148639,0.09708348677676931,6.31042664049,0.145625230165154,41.260481880127,No (reported postion),cruise,2021-11-11 09:00:00
2021-11-11 10:00:00+00:00,12.2875516667,54.5299683333,11.8,2713.77532713504,7.71971099622658,0.0160332459152398,0.11876478455733201,7.71971099622658,0.178147176835998,50.4750334368661,No (reported postion),cruise,2021-11-11 10:00:00
2021-11-11 11:00:00+00:00,12.509205,54.6615733333,11.4,2457.37852759103,6.99035467367252,0.0145184289376275,0.1075439180565,6.99035467367252,0.16131587708475,45.706165174012604,No (reported postion),cruise,2021-11-11 11:00:00
2021-11-11 12:00:00+00:00,12.7925466667,54.7604483333,11.6,2583.36682912065,7.348745903406679,0.0152627799532293,0.11305762928318,7.348745903406679,0.169586443924769,48.0494924453513,No (reported postion),cruise,2021-11-11 12:00:00
2021-11-11 13:00:00+00:00,13.1136233333,54.810825,11.4,2457.37852759103,6.99035467367252,0.0145184289376275,0.1075439180565,6.99035467367252,0.16131587708475,45.706165174012604,No (reported postion),cruise,2021-11-11 13:00:00
2021-11-11 14:00:00+00:00,13.4231416667,54.8731716667,11.2,2335.7342122619502,6.64432051628125,0.013799742610738,0.102220315635096,6.64432051628125,0.15333047345264397,43.4436341449158,No (reported postion),cruise,2021-11-11 14:00:00
2021-11-11 15:00:00+00:00,13.7313566667,54.9352383333,11.4,2457.37852759103,6.99035467367252,0.0145184289376275,0.1075439180565,6.99035467367252,0.16131587708475,45.706165174012604,No (reported postion),cruise,2021-11-11 15:00:00
2021-11-11 16:00:00+00:00,14.0502433333,54.9958116667,11.6,2583.36682912065,7.348745903406679,0.0152627799532293,0.11305762928318,7.348745903406679,0.169586443924769,48.0494924453513,No (reported postion),cruise,2021-11-11 16:00:00
2021-11-11 17:00:00+00:00,14.28607,55.12807,11.9,2725.091,7.7519,0.016100100000000003,0.11926,7.7519,0.17889,50.6855,No (reported postion),cruise,2021-11-11 17:00:00
2021-11-11 18:00:00+00:00,14.4915266667,55.2823466667,11.4,2457.37852759103,6.99035467367252,0.0145184289376275,0.1075439180565,6.99035467367252,0.16131587708475,45.706165174012604,No (reported postion),cruise,2021-11-11 18:00:00
2021-11-11 19:00:00+00:00,14.7379633333,55.40959,11.5,2519.82491693801,7.16799210507531,0.014887368218233301,0.11027680161654299,7.16799210507531,0.165415202424815,46.8676406870309,No (reported postion),cruise,2021-11-11 19:00:00
2021-11-11 20:00:00+00:00,15.0267116667,55.5124933333,11.5,2519.82491693801,7.16799210507531,0.014887368218233301,0.11027680161654299,7.16799210507531,0.165415202424815,46.8676406870309,No (reported postion),cruise,2021-11-11 20:00:00
2021-11-11 21:00:00+00:00,15.3317266667,55.606145,11.8,2713.77532713504,7.71971099622658,0.0160332459152398,0.11876478455733201,7.71971099622658,0.178147176835998,50.4750334368661,No (reported postion),cruise,2021-11-11 21:00:00
2021-11-11 22:00:00+00:00,15.64021,55.69614,11.5,2519.82491693801,7.16799210507531,0.014887368218233301,0.11027680161654299,7.16799210507531,0.165415202424815,46.8676406870309,No (reported postion),cruise,2021-11-11 22:00:00
2021-11-11 23:00:00+00:00,15.94365,55.784995,11.4,2457.37852759103,6.99035467367252,0.0145184289376275,0.1075439180565,6.99035467367252,0.16131587708475,45.706165174012604,No (reported postion),cruise,2021-11-11 23:00:00
2021-11-12 00:00:00+00:00,16.23547,55.8769166667,11.4,2457.37852759103,6.99035467367252,0.0145184289376275,0.1075439180565,6.99035467367252,0.16131587708475,45.706165174012604,No (reported postion),cruise,2021-11-12 00:00:00
2021-11-12 01:00:00+00:00,16.5338216667,55.9713466667,11.5,2519.82491693801,7.16799210507531,0.014887368218233301,0.11027680161654299,7.16799210507531,0.165415202424815,46.8676406870309,No (reported postion),cruise,2021-11-12 01:00:00
2021-11-12 02:00:00+00:00,16.8246983333,56.0763583333,11.3,2396.0181347941902,6.81580651035545,0.014155905829199799,0.10485856169777599,6.81580651035545,0.157287842546664,44.564888721554894,No (reported postion),cruise,2021-11-12 02:00:00
2021-11-12 03:00:00+00:00,17.2116866667,56.2375333333,11.6,2583.36682912065,7.348745903406679,0.0152627799532293,0.11305762928318,7.348745903406679,0.169586443924769,48.0494924453513,No (reported postion),cruise,2021-11-12 03:00:00
2021-11-12 04:00:00+00:00,17.4883466667,56.3589111111,11.4,2725.091,7.7519,0.016100100000000003,0.11926,7.7519,0.17889,50.6855,Linear (small gap),cruise,2021-11-12 04:00:00
2021-11-12 05:00:00+00:00,17.7650066667,56.4802888889,11.2,2725.091,7.7519,0.016100100000000003,0.11926,7.7519,0.17889,50.6855,Linear (small gap),cruise,2021-11-12 05:00:00
2021-11-12 06:00:00+00:00,18.0416666667,56.6016666667,11.0,2218.3576728491803,6.31042664049,0.0131062707148639,0.09708348677676931,6.31042664049,0.145625230165154,41.260481880127,No (reported postion),cruise,2021-11-12 06:00:00
2021-11-12 07:00:00+00:00,18.34231,56.7273516667,11.5,2519.82491693801,7.16799210507531,0.014887368218233301,0.11027680161654299,7.16799210507531,0.165415202424815,46.8676406870309,No (reported postion),cruise,2021-11-12 07:00:00
2021-11-12 08:00:00+00:00,18.4520216667,56.7773916667,11.7,2648.01379042449,7.53264316750948,0.0156447204248274,0.115886817961684,7.53264316750948,0.173830226942526,49.2518976337158,No (reported postion),cruise,2021-11-12 08:00:00
2021-11-12 09:00:00+00:00,18.68949,56.9179133333,11.5,2519.82491693801,7.16799210507531,0.014887368218233301,0.11027680161654299,7.16799210507531,0.165415202424815,46.8676406870309,No (reported postion),cruise,2021-11-12 09:00:00
2021-11-12 10:00:00+00:00,18.92171,57.08206,11.6,2583.36682912065,7.348745903406679,0.0152627799532293,0.11305762928318,7.348745903406679,0.169586443924769,48.0494924453513,No (reported postion),cruise,2021-11-12 10:00:00
2021-11-12 11:00:00+00:00,19.12159,57.2251866667,11.3,2396.0181347941902,6.81580651035545,0.014155905829199799,0.10485856169777599,6.81580651035545,0.157287842546664,44.564888721554894,No (reported postion),cruise,2021-11-12 11:00:00
2021-11-12 12:00:00+00:00,19.32568,57.37276,11.3,2396.0181347941902,6.81580651035545,0.014155905829199799,0.10485856169777599,6.81580651035545,0.157287842546664,44.564888721554894,No (reported postion),cruise,2021-11-12 12:00:00
2021-11-12 13:00:00+00:00,19.61459,57.5566266667,11.4,2457.37852759103,6.99035467367252,0.0145184289376275,0.1075439180565,6.99035467367252,0.16131587708475,45.706165174012604,No (reported postion),cruise,2021-11-12 13:00:00
2021-11-12 14:00:00+00:00,19.77191,57.66478,11.2,2335.7342122619502,6.64432051628125,0.013799742610738,0.102220315635096,6.64432051628125,0.15333047345264397,43.4436341449158,No (reported postion),cruise,2021-11-12 14:00:00
2021-11-12 15:00:00+00:00,19.9843,57.81702,11.1,2276.51723370879,6.475869592607051,0.013449883000030001,0.09962876296318539,6.475869592607051,0.149443144444778,42.342224259353806,No (reported postion),cruise,2021-11-12 15:00:00
2021-11-12 16:00:00+00:00,20.21005,57.98844,11.4,2457.37852759103,6.99035467367252,0.0145184289376275,0.1075439180565,6.99035467367252,0.16131587708475,45.706165174012604,No (reported postion),cruise,2021-11-12 16:00:00
2021-11-12 17:00:00+00:00,20.441525,58.1526166666667,11.3833333333333,2725.091,7.7519,0.016100100000000003,0.11926,7.7519,0.17889,50.6855,Linear (small gap),cruise,2021-11-12 17:00:00
2021-11-12 18:00:00+00:00,20.673,58.3167933333333,11.3666666666667,2725.091,7.7519,0.016100100000000003,0.11926,7.7519,0.17889,50.6855,Linear (small gap),cruise,2021-11-12 18:00:00
2021-11-12 19:00:00+00:00,20.904475,58.48097,11.35,2725.091,7.7519,0.016100100000000003,0.11926,7.7519,0.17889,50.6855,Linear (small gap),cruise,2021-11-12 19:00:00
2021-11-12 20:00:00+00:00,21.13595,58.6451466666667,11.3333333333333,2725.091,7.7519,0.016100100000000003,0.11926,7.7519,0.17889,50.6855,Linear (small gap),cruise,2021-11-12 20:00:00
2021-11-12 21:00:00+00:00,21.367425,58.8093233333333,11.3166666666667,2725.091,7.7519,0.016100100000000003,0.11926,7.7519,0.17889,50.6855,Linear (small gap),cruise,2021-11-12 21:00:00
2021-11-12 22:00:00+00:00,21.5989,58.9735,11.3,2396.0181347941902,6.81580651035545,0.014155905829199799,0.10485856169777599,6.81580651035545,0.157287842546664,44.564888721554894,No (reported postion),cruise,2021-11-12 22:00:00
2021-11-12 23:00:00+00:00,21.7142,59.0472,11.3,2396.0181347941902,6.81580651035545,0.014155905829199799,0.10485856169777599,6.81580651035545,0.157287842546664,44.564888721554894,No (reported postion),cruise,2021-11-12 23:00:00
2021-11-13 00:00:00+00:00,21.982,59.1741,11.4,2457.37852759103,6.99035467367252,0.0145184289376275,0.1075439180565,6.99035467367252,0.16131587708475,45.706165174012604,No (reported postion),cruise,2021-11-13 00:00:00
2021-11-13 01:00:00+00:00,22.2674,59.2827,11.1,2276.51723370879,6.475869592607051,0.013449883000030001,0.09962876296318539,6.475869592607051,0.149443144444778,42.342224259353806,No (reported postion),cruise,2021-11-13 01:00:00
2021-11-13 02:00:00+00:00,22.5402,59.3883,11.4,2457.37852759103,6.99035467367252,0.0145184289376275,0.1075439180565,6.99035467367252,0.16131587708475,45.706165174012604,No (reported postion),cruise,2021-11-13 02:00:00
2021-11-13 03:00:00+00:00,22.882,59.459745,11.5,2519.82491693801,7.16799210507531,0.014887368218233301,0.11027680161654299,7.16799210507531,0.165415202424815,46.8676406870309,No (reported postion),cruise,2021-11-13 03:00:00
2021-11-13 04:00:00+00:00,23.2345683333,59.522325,11.5,2519.82491693801,7.16799210507531,0.014887368218233301,0.11027680161654299,7.16799210507531,0.165415202424815,46.8676406870309,No (reported postion),cruise,2021-11-13 04:00:00
2021-11-13 05:00:00+00:00,23.61,59.5856,11.4,2457.37852759103,6.99035467367252,0.0145184289376275,0.1075439180565,6.99035467367252,0.16131587708475,45.706165174012604,No (reported postion),cruise,2021-11-13 05:00:00
2021-11-13 06:00:00+00:00,23.9648433333,59.6463083333,11.6,2583.36682912065,7.348745903406679,0.0152627799532293,0.11305762928318,7.348745903406679,0.169586443924769,48.0494924453513,No (reported postion),cruise,2021-11-13 06:00:00
2021-11-13 07:00:00+00:00,24.3152483333,59.7084933333,11.4,2457.37852759103,6.99035467367252,0.0145184289376275,0.1075439180565,6.99035467367252,0.16131587708475,45.706165174012604,No (reported postion),cruise,2021-11-13 07:00:00
2021-11-13 08:00:00+00:00,24.679495,59.7505466667,11.3,2396.0181347941902,6.81580651035545,0.014155905829199799,0.10485856169777599,6.81580651035545,0.157287842546664,44.564888721554894,No (reported postion),cruise,2021-11-13 08:00:00
2021-11-13 09:00:00+00:00,25.0422366667,59.8004266667,11.6,2583.36682912065,7.348745903406679,0.0152627799532293,0.11305762928318,7.348745903406679,0.169586443924769,48.0494924453513,No (reported postion),cruise,2021-11-13 09:00:00
2021-11-13 10:00:00+00:00,25.3914416667,59.8227666667,10.6,1996.1030806357198,5.67819257073617,0.011793169185375102,0.0873568087805564,5.67819257073617,0.131035213170835,37.1266437317365,No (reported postion),cruise,2021-11-13 10:00:00
2021-11-13 11:00:00+00:00,25.7400183333,59.8667666667,10.8,2105.17269906851,5.9884562555559295,0.0124375629923085,0.092130096239322,5.9884562555559295,0.13819514435898297,39.1552909017119,No (reported postion),cruise,2021-11-13 11:00:00
2021-11-13 12:00:00+00:00,26.0282066667,59.9537883333,10.7,2050.12823357639,5.8318746250531905,0.0121123549904951,0.0897211480777414,5.8318746250531905,0.134581722116612,38.1314879330401,No (reported postion),cruise,2021-11-13 12:00:00
2021-11-13 13:00:00+00:00,26.2426366667,60.0959833333,10.7,2050.12823357639,5.8318746250531905,0.0121123549904951,0.0897211480777414,5.8318746250531905,0.134581722116612,38.1314879330401,No (reported postion),cruise,2021-11-13 13:00:00
2021-11-13 14:00:00+00:00,26.41829,60.2366466667,9.0,1212.2300528257601,3.44835682423084,0.00716197186571021,0.053051643449705206,3.44835682423084,0.0795774651745579,22.5469484661247,No (reported postion),cruise,2021-11-13 14:00:00
2021-11-13 15:00:00+00:00,26.73976,60.372845,13.2,2725.091,7.7519,0.016100100000000003,0.11926,7.7519,0.17889,50.6855,No (reported postion),cruise,2021-11-13 15:00:00
2021-11-13 16:00:00+00:00,27.173005,60.353505,13.1,2725.091,7.7519,0.016100100000000003,0.11926,7.7519,0.17889,50.6855,No (reported postion),cruise,2021-11-13 16:00:00
2021-11-13 17:00:00+00:00,27.201,60.5047,4.5,243.500006603221,1.58236290587407,0.00143862148321378,0.014290328689941,0.9288713648461681,0.0254327536195123,13.151871978455299,No (reported postion),cruise,2021-11-13 17:00:00
2021-11-13 18:00:00+00:00,27.1986444444444,60.5053944444444,4.29444444444444,489.368212293892,1.74186015819763,0.00289123451464663,0.0224255450779661,1.4576604300678,0.0348995590139751,11.6749670330796,Linear (small gap),cruise,2021-11-13 18:00:00
2021-11-13 19:00:00+00:00,27.1962888888889,60.5060888888889,4.08888888888889,436.78910983674797,1.73313111824379,0.00258059211500923,0.0207122018345204,1.34629311924382,0.0328101624095665,11.825538060787299,Linear (small gap),cruise,2021-11-13 19:00:00
2021-11-13 20:00:00+00:00,27.1939333333333,60.5067833333333,3.88333333333333,389.239419094291,1.74575964602279,0.00229966396401441,0.0191484210214583,1.24464736639479,0.031147368369097102,12.312978385363,Linear (small gap),cruise,2021-11-13 20:00:00
2021-11-13 21:00:00+00:00,27.1915777777778,60.5074777777778,3.67777777777778,346.466302792821,1.6515459331562699,0.00204695627470595,0.017486419667713003,1.13661727840134,0.0287646628788245,11.7412851001116,Linear (small gap),cruise,2021-11-13 21:00:00
2021-11-13 22:00:00+00:00,27.1892222222222,60.5081722222222,3.47222222222222,308.21692365863805,1.71452637166906,0.0018209752601276198,0.0165997526012762,1.07898391908295,0.0283662240978385,13.0992146843333,Linear (small gap),cruise,2021-11-13 22:00:00
2021-11-13 23:00:00+00:00,27.1868666666667,60.5088666666667,3.26666666666667,274.23844441804,1.64610620936907,0.0016202271333232098,0.0153324395801382,0.9966085727089831,0.0267735174294283,13.027916973715001,Linear (small gap),cruise,2021-11-13 23:00:00
2021-11-14 00:00:00+00:00,27.1845111111111,60.5095611111111,3.06111111111111,244.27802779732798,1.58957790329338,0.00144321810733651,0.0143448071980623,0.9324124678740521,0.0255369437662942,13.2148201921361,Linear (small gap),cruise,2021-11-14 00:00:00
2021-11-14 01:00:00+00:00,27.1821555555556,60.5102555555556,2.85555555555556,254.72217999524997,1.59974855522999,0.0015049231640857199,0.0167652907386437,1.08974389801184,0.0313227762909437,18.0105323075381,Linear (small gap),anchor,2021-11-14 01:00:00
2021-11-14 02:00:00+00:00,27.1798,60.51095,2.65,247.622124846458,1.40383674904558,0.00146297535467273,0.015326636238035,0.9962313554722729,0.0279250037284908,15.2135455932337,Linear (small gap),anchor,2021-11-14 02:00:00
2021-11-14 03:00:00+00:00,27.1774444444444,60.5116444444444,2.44444444444444,241.542357632341,1.2360777456101,0.0014270555046111998,0.0140947184174064,0.916156697131418,0.0250154958735074,12.8184898130203,Linear (small gap),anchor,2021-11-14 03:00:00
2021-11-14 04:00:00+00:00,27.1750888888889,60.5123388888889,2.23888888888889,236.40373652148799,1.0942877845426,0.0013966960363414,0.0130535010982272,0.848477571384766,0.022556378943653102,10.7941879342747,Linear (small gap),anchor,2021-11-14 04:00:00
2021-11-14 05:00:00+00:00,27.1727333333333,60.5130333333333,2.03333333333333,232.12711968249002,0.976283105462134,0.00137142937230355,0.0121869481019662,0.792151626627802,0.0205097791565875,9.10946292437335,Linear (small gap),anchor,2021-11-14 05:00:00
2021-11-14 06:00:00+00:00,27.1703777777778,60.5137277777778,1.82777777777778,228.63336528393398,0.879879947987764,0.0013507879349378999,0.0114790232500925,0.746136511256015,0.0188378227299702,7.7331377506928805,Linear (small gap),anchor,2021-11-14 06:00:00
2021-11-14 07:00:00+00:00,27.1680222222222,60.5144222222222,1.62222222222222,225.84333149441,0.8028945517385451,0.0013343041466847001,0.0109136903640753,0.709389873664893,0.017502635881460702,6.63403538060986,Linear (small gap),anchor,2021-11-14 07:00:00
2021-11-14 08:00:00+00:00,27.1656666666667,60.5151166666667,1.41666666666667,223.677876482508,0.743143156333533,0.00132151042998418,0.0104749132653834,0.680869362249923,0.0164663448287188,5.780978781500861,Linear (small gap),anchor,2021-11-14 08:00:00
2021-11-14 09:00:00+00:00,27.1633111111111,60.5158111111111,1.21111111111111,222.05785841681598,0.698442001391783,0.00131193920727659,0.0101466557754861,0.659532625406593,0.0156910757894039,5.14279092074248,Linear (small gap),anchor,2021-11-14 09:00:00
2021-11-14 10:00:00+00:00,27.1609555555556,60.5165055555556,1.00555555555556,220.904135465923,0.666607326532351,0.0013051229010021701,0.00991288171585216,0.64433731153039,0.015138954981175701,4.68829476571127,Linear (small gap),anchor,2021-11-14 10:00:00
2021-11-14 11:00:00+00:00,27.1586,60.5172,0.8,220.13756579841802,0.645455371374294,0.00130059393360116,0.0097575549079508,0.634241069016802,0.0147721086216937,4.386313283783831,No (reported postion),anchor,2021-11-14 11:00:00
2021-11-14 12:00:00+00:00,27.1445116667,60.3551183333,13.4,2725.091,7.7519,0.016100100000000003,0.11926,7.7519,0.17889,50.6855,No (reported postion),cruise,2021-11-14 12:00:00
2021-11-14 13:00:00+00:00,26.7393583333,60.3752316667,13.3,2725.091,7.7519,0.016100100000000003,0.11926,7.7519,0.17889,50.6855,No (reported postion),cruise,2021-11-14 13:00:00
2021-11-14 14:00:00+00:00,26.4165633333,60.2372166667,12.3,2725.091,7.7519,0.016100100000000003,0.11926,7.7519,0.17889,50.6855,No (reported postion),cruise,2021-11-14 14:00:00
2021-11-14 15:00:00+00:00,26.1923566667,60.0716783333,12.2,2725.091,7.7519,0.016100100000000003,0.11926,7.7519,0.17889,50.6855,No (reported postion),cruise,2021-11-14 15:00:00
2021-11-14 16:00:00+00:00,25.871715,59.9500966667,12.2,2725.091,7.7519,0.016100100000000003,0.11926,7.7519,0.17889,50.6855,No (reported postion),cruise,2021-11-14 16:00:00
2021-11-14 17:00:00+00:00,25.488685,59.8990066667,12.1,2725.091,7.7519,0.016100100000000003,0.11926,7.7519,0.17889,50.6855,No (reported postion),cruise,2021-11-14 17:00:00
2021-11-14 18:00:00+00:00,25.09353,59.8614566667,11.9,2725.091,7.7519,0.016100100000000003,0.11926,7.7519,0.17889,50.6855,No (reported postion),cruise,2021-11-14 18:00:00
2021-11-14 19:00:00+00:00,24.6953966667,59.8191566667,12.3,2725.091,7.7519,0.016100100000000003,0.11926,7.7519,0.17889,50.6855,No (reported postion),cruise,2021-11-14 19:00:00
2021-11-14 20:00:00+00:00,24.305435,59.7723633333,12.1,2725.091,7.7519,0.016100100000000003,0.11926,7.7519,0.17889,50.6855,No (reported postion),cruise,2021-11-14 20:00:00
2021-11-14 21:00:00+00:00,23.91577,59.7207366667,12.3,2725.091,7.7519,0.016100100000000003,0.11926,7.7519,0.17889,50.6855,No (reported postion),cruise,2021-11-14 21:00:00
2021-11-14 22:00:00+00:00,23.52577,59.6650116667,12.5,2725.091,7.7519,0.016100100000000003,0.11926,7.7519,0.17889,50.6855,No (reported postion),cruise,2021-11-14 22:00:00
2021-11-14 23:00:00+00:00,23.1422816667,59.6073766667,12.1,2725.091,7.7519,0.016100100000000003,0.11926,7.7519,0.17889,50.6855,No (reported postion),cruise,2021-11-14 23:00:00
2021-11-15 00:00:00+00:00,22.763365,59.550325,12.1,2725.091,7.7519,0.016100100000000003,0.11926,7.7519,0.17889,50.6855,No (reported postion),cruise,2021-11-15 00:00:00
2021-11-15 01:00:00+00:00,22.396,59.4659,11.8,2713.77532713504,7.71971099622658,0.0160332459152398,0.11876478455733201,7.71971099622658,0.178147176835998,50.4750334368661,No (reported postion),cruise,2021-11-15 01:00:00
2021-11-15 02:00:00+00:00,22.0827,59.344,12.2,2725.091,7.7519,0.016100100000000003,0.11926,7.7519,0.17889,50.6855,No (reported postion),cruise,2021-11-15 02:00:00
2021-11-15 03:00:00+00:00,21.7651,59.2197,12.1,2725.091,7.7519,0.016100100000000003,0.11926,7.7519,0.17889,50.6855,No (reported postion),cruise,2021-11-15 03:00:00
2021-11-15 04:00:00+00:00,21.5145,59.0763,12.0,2725.091,7.7519,0.016100100000000003,0.11926,7.7519,0.17889,50.6855,No (reported postion),cruise,2021-11-15 04:00:00
2021-11-15 05:00:00+00:00,21.2667,58.905,12.2,2725.091,7.7519,0.016100100000000003,0.11926,7.7519,0.17889,50.6855,No (reported postion),cruise,2021-11-15 05:00:00
2021-11-15 06:00:00+00:00,20.9127,58.6432,12.1,2725.091,7.7519,0.016100100000000003,0.11926,7.7519,0.17889,50.6855,No (reported postion),cruise,2021-11-15 06:00:00
2021-11-15 07:00:00+00:00,20.6627,58.4646,12.1,2725.091,7.7519,0.016100100000000003,0.11926,7.7519,0.17889,50.6855,No (reported postion),cruise,2021-11-15 07:00:00
2021-11-15 08:00:00+00:00,20.544,58.3749,12.0,2725.091,7.7519,0.016100100000000003,0.11926,7.7519,0.17889,50.6855,No (reported postion),cruise,2021-11-15 08:00:00
2021-11-15 09:00:00+00:00,20.341475,58.23625,12.15,2725.091,7.7519,0.016100100000000003,0.11926,7.7519,0.17889,50.6855,Linear (small gap),cruise,2021-11-15 09:00:00
2021-11-15 10:00:00+00:00,20.13895,58.0976,12.3,2725.091,7.7519,0.016100100000000003,0.11926,7.7519,0.17889,50.6855,No (reported postion),cruise,2021-11-15 10:00:00
2021-11-15 11:00:00+00:00,19.90094,57.9322733333,12.0,2725.091,7.7519,0.016100100000000003,0.11926,7.7519,0.17889,50.6855,No (reported postion),cruise,2021-11-15 11:00:00
2021-11-15 12:00:00+00:00,19.66895,57.7854333333,12.0,2725.091,7.7519,0.016100100000000003,0.11926,7.7519,0.17889,50.6855,No (reported postion),cruise,2021-11-15 12:00:00
2021-11-15 13:00:00+00:00,19.48681,57.6228266667,12.1,2725.091,7.7519,0.016100100000000003,0.11926,7.7519,0.17889,50.6855,No (reported postion),cruise,2021-11-15 13:00:00
2021-11-15 14:00:00+00:00,19.23868,57.42652,12.2,2725.091,7.7519,0.016100100000000003,0.11926,7.7519,0.17889,50.6855,No (reported postion),cruise,2021-11-15 14:00:00
2021-11-15 15:00:00+00:00,19.0124733333,57.256045,12.2,2725.091,7.7519,0.016100100000000003,0.11926,7.7519,0.17889,50.6855,No (reported postion),cruise,2021-11-15 15:00:00
2021-11-15 16:00:00+00:00,18.81723,57.1154533333,11.3,2396.0181347941902,6.81580651035545,0.014155905829199799,0.10485856169777599,6.81580651035545,0.157287842546664,44.564888721554894,No (reported postion),cruise,2021-11-15 16:00:00
2021-11-15 17:00:00+00:00,18.63169,56.98726,10.3,1840.04823426707,5.23427287647087,0.0108711821280549,0.0805272750226287,5.23427287647087,0.120790912533943,34.2240918846172,No (reported postion),cruise,2021-11-15 17:00:00
2021-11-15 18:00:00+00:00,18.40795,56.85214,10.5,1943.08771396095,5.5273829937620205,0.011479949294736499,0.0850366614424925,5.5273829937620205,0.127554992163739,36.1405811130593,No (reported postion),cruise,2021-11-15 18:00:00
2021-11-15 19:00:00+00:00,18.116964,56.72958033334,10.52,2725.091,7.7519,0.016100100000000003,0.11926,7.7519,0.17889,50.6855,Linear (small gap),cruise,2021-11-15 19:00:00
2021-11-15 20:00:00+00:00,17.825978,56.60702066668,10.54,2725.091,7.7519,0.016100100000000003,0.11926,7.7519,0.17889,50.6855,Linear (small gap),cruise,2021-11-15 20:00:00
2021-11-15 21:00:00+00:00,17.534992,56.48446100002,10.56,2725.091,7.7519,0.016100100000000003,0.11926,7.7519,0.17889,50.6855,Linear (small gap),cruise,2021-11-15 21:00:00
2021-11-15 22:00:00+00:00,17.244006,56.36190133336,10.58,2725.091,7.7519,0.016100100000000003,0.11926,7.7519,0.17889,50.6855,Linear (small gap),cruise,2021-11-15 22:00:00
2021-11-15 23:00:00+00:00,16.95302,56.2393416667,10.6,1996.1030806357198,5.67819257073617,0.011793169185375102,0.0873568087805564,5.67819257073617,0.131035213170835,37.1266437317365,No (reported postion),cruise,2021-11-15 23:00:00
2021-11-16 00:00:00+00:00,16.9037666667,56.2172816667,10.4,1891.07260726658,5.3794187952878705,0.0111726390363671,0.08276028915827491,5.3794187952878705,0.124140433737412,35.173122892266804,No (reported postion),cruise,2021-11-16 00:00:00
2021-11-16 01:00:00+00:00,16.65705,56.10956,10.4,1891.07260726658,5.3794187952878705,0.0111726390363671,0.08276028915827491,5.3794187952878705,0.124140433737412,35.173122892266804,No (reported postion),cruise,2021-11-16 01:00:00
2021-11-16 02:00:00+00:00,16.3918183333,56.01755,10.6,1996.1030806357198,5.67819257073617,0.011793169185375102,0.0873568087805564,5.67819257073617,0.131035213170835,37.1266437317365,No (reported postion),cruise,2021-11-16 02:00:00
2021-11-16 03:00:00+00:00,16.1185683333,55.9312733333,10.5,1943.08771396095,5.5273829937620205,0.011479949294736499,0.0850366614424925,5.5273829937620205,0.127554992163739,36.1405811130593,No (reported postion),cruise,2021-11-16 03:00:00
2021-11-16 04:00:00+00:00,15.7488816667,55.81366,10.4,1891.07260726658,5.3794187952878705,0.0111726390363671,0.08276028915827491,5.3794187952878705,0.124140433737412,35.173122892266804,No (reported postion),cruise,2021-11-16 04:00:00
2021-11-16 05:00:00+00:00,15.543055,55.7500316667,10.8,2105.17269906851,5.9884562555559295,0.0124375629923085,0.092130096239322,5.9884562555559295,0.13819514435898297,39.1552909017119,No (reported postion),cruise,2021-11-16 05:00:00
2021-11-16 06:00:00+00:00,15.3134166667,55.6748883333,10.2,1790.00506867688,5.091918138468159,0.0105755222875877,0.0783372021302793,5.091918138468159,0.117505803195419,33.2933109053687,No (reported postion),cruise,2021-11-16 06:00:00
2021-11-16 07:00:00+00:00,15.044155,55.5894283333,10.5,1943.08771396095,5.5273829937620205,0.011479949294736499,0.0850366614424925,5.5273829937620205,0.127554992163739,36.1405811130593,No (reported postion),cruise,2021-11-16 07:00:00
2021-11-16 08:00:00+00:00,14.7698583333,55.5072166667,10.5,1943.08771396095,5.5273829937620205,0.011479949294736499,0.0850366614424925,5.5273829937620205,0.127554992163739,36.1405811130593,No (reported postion),cruise,2021-11-16 08:00:00
2021-11-16 09:00:00+00:00,14.5173916667,55.4124266667,10.5,1943.08771396095,5.5273829937620205,0.011479949294736499,0.0850366614424925,5.5273829937620205,0.127554992163739,36.1405811130593,No (reported postion),cruise,2021-11-16 09:00:00
2021-11-16 10:00:00+00:00,14.33327,55.2718566667,10.1,1740.9335842105,4.95232748243688,0.0102856032327535,0.07618965357595209,4.95232748243688,0.11428448036392799,32.3806027697796,No (reported postion),cruise,2021-11-16 10:00:00
2021-11-16 11:00:00+00:00,14.07473,55.2187233333,10.0,1692.8242545824,4.81547380953419,0.0100013686813402,0.0740842124543722,4.81547380953419,0.111126318681558,31.4857902931082,No (reported postion),cruise,2021-11-16 11:00:00
2021-11-16 12:00:00+00:00,13.8002033333,55.22931,9.3,1382.1990746731399,3.93185732401549,0.00816616521141679,0.0604901126771614,3.93185732401549,0.0907351690157421,25.7082978877936,No (reported postion),cruise,2021-11-16 12:00:00
2021-11-16 13:00:00+00:00,13.522465,55.2369833333,9.4,1423.84005642807,4.05031088261814,0.0084121841408223,0.0623124751172022,4.05031088261814,0.0934687126758033,26.4828019248109,No (reported postion),cruise,2021-11-16 13:00:00
2021-11-16 14:00:00+00:00,13.2452716667,55.2451966667,9.6,1509.8179587422198,4.29488697235204,0.00892014986565423,0.06607518419003139,4.29488697235204,0.09911277628504711,28.0819532807633,No (reported postion),cruise,2021-11-16 14:00:00
2021-11-16 15:00:00+00:00,12.96632,55.25379,9.7,1554.1739318724901,4.4210637011689995,0.00918220922550484,0.06801636463336919,4.4210637011689995,0.102024546950054,28.9069549691819,No (reported postion),cruise,2021-11-16 15:00:00
2021-11-16 16:00:00+00:00,12.6991333333,55.3024,9.4,1423.84005642807,4.05031088261814,0.0084121841408223,0.0623124751172022,4.05031088261814,0.0934687126758033,26.4828019248109,No (reported postion),cruise,2021-11-16 16:00:00
2021-11-16 17:00:00+00:00,12.701125,55.450535,9.6,1448.74369966647,4.12115275616282,0.00855931726279971,0.0634023500948126,4.12115275616282,0.095103525142219,26.945998790295402,No (reported postion),cruise,2021-11-16 17:00:00
2021-11-16 18:00:00+00:00,12.8402216667,55.5835183333,10.0,1623.7932000353399,4.6191053830327,0.00959352656476023,0.0710631597389647,4.6191053830327,0.106594739608447,30.20184288906,No (reported postion),cruise,2021-11-16 18:00:00
2021-11-16 19:00:00+00:00,12.87215,55.7254483333,13.0,2725.091,7.7519,0.016100100000000003,0.11926,7.7519,0.17889,50.6855,No (reported postion),cruise,2021-11-16 19:00:00
2021-11-16 20:00:00+00:00,12.7434266667,55.9188883333,12.9,2725.091,7.7519,0.016100100000000003,0.11926,7.7519,0.17889,50.6855,No (reported postion),cruise,2021-11-16 20:00:00
2021-11-16 21:00:00+00:00,12.5762033333,56.1002183333,11.4,2355.10598291316,6.6994262095998005,0.013914192896861102,0.10306809553230499,6.6994262095998005,0.154602143298457,43.8039406012295,No (reported postion),cruise,2021-11-16 21:00:00
2021-11-16 22:00:00+00:00,12.4129266667,56.2400283333,9.3,1326.6734627308301,3.77390700558004,0.00783811455005084,0.0580601077781544,3.77390700558004,0.0870901616672316,24.6755458057156,No (reported postion),cruise,2021-11-16 22:00:00
2021-11-16 23:00:00+00:00,12.349605,56.38724,9.0,1262.55369159057,3.59150940715042,0.00745928876869703,0.0552539908792373,3.59150940715042,0.0828809863188559,23.4829461236758,No (reported postion),cruise,2021-11-16 23:00:00
2021-11-17 00:00:00+00:00,12.2871583333,56.5299416667,9.0,1262.55369159057,3.59150940715042,0.00745928876869703,0.0552539908792373,3.59150940715042,0.0828809863188559,23.4829461236758,No (reported postion),cruise,2021-11-17 00:00:00
2021-11-17 01:00:00+00:00,12.2253883333,56.6752066667,9.1,1301.5654185399198,3.70248368512449,0.00768977380756624,0.0569612874634537,3.70248368512449,0.0854419311951805,24.208547171967798,No (reported postion),cruise,2021-11-17 01:00:00
2021-11-17 02:00:00+00:00,12.1578266667,56.8239266667,9.2,1341.4440374722599,3.8159239577985598,0.007925380527735471,0.058706522427670105,3.8159239577985598,0.08805978364150521,24.9502720317598,No (reported postion),cruise,2021-11-17 02:00:00
2021-11-17 03:00:00+00:00,12.0813033333,56.96742,8.9,1224.3993303386999,3.48297402503351,0.00723386912891575,0.0535842157697463,3.48297402503351,0.0803763236546194,22.7732917021422,No (reported postion),cruise,2021-11-17 03:00:00
2021-11-17 04:00:00+00:00,11.9936866667,57.1097,8.7,1150.62459978528,3.27311155299969,0.00679800091776859,0.0503555623538414,3.27311155299969,0.07553334353076209,21.4011140003826,No (reported postion),cruise,2021-11-17 04:00:00
2021-11-17 05:00:00+00:00,11.8786033333,57.2454683333,9.5,1466.37650902259,4.17131173244937,0.008663493598164089,0.0641740266530673,4.17131173244937,0.0962610399796009,27.2739613275536,No (reported postion),cruise,2021-11-17 05:00:00
2021-11-17 06:00:00+00:00,11.7206516667,57.3740566667,8.7,1150.62459978528,3.27311155299969,0.00679800091776859,0.0503555623538414,3.27311155299969,0.07553334353076209,21.4011140003826,No (reported postion),cruise,2021-11-17 06:00:00
2021-11-17 07:00:00+00:00,11.63026,57.5100466667,9.8,1534.48247840766,4.36504862566732,0.00906587022253981,0.06715459424103569,4.36504862566732,0.100731891361553,28.5407025524402,No (reported postion),cruise,2021-11-17 07:00:00
2021-11-17 08:00:00+00:00,11.690305,57.6670783333,4.9,283.781559800958,1.72211701898356,0.0016766087778174801,0.0159380202061877,1.0359713134022,0.0278948856921476,13.6527091230737,No (reported postion),cruise,2021-11-17 08:00:00
2021-11-17 09:00:00+00:00,11.6865,57.6777,0.1,219.36151868320002,0.624041905022215,0.00129600897252656,0.00960030772442959,0.624020002087923,0.0144007267746517,4.08059826813239,No (reported postion),anchor,2021-11-17 09:00:00
2021-11-17 10:00:00+00:00,11.6874,57.6776,0.5,219.54983540000399,0.6292381277769269,0.0012971215658205998,0.009638465553698931,0.62650026099043,0.0144908468314682,4.1547835165487905,No (reported postion),anchor,2021-11-17 10:00:00
2021-11-17 11:00:00+00:00,11.6891766667,57.67715,0.3,219.401004446401,0.625131435599816,0.0012962422582172498,0.00960830855959897,0.624540056373933,0.014419622915597102,4.09615323957454,No (reported postion),anchor,2021-11-17 11:00:00
2021-11-17 12:00:00+00:00,11.6890016667,57.6771733333,0.5,219.54983540000399,0.6292381277769269,0.0012971215658205998,0.009638465553698931,0.62650026099043,0.0144908468314682,4.1547835165487905,No (reported postion),anchor,2021-11-17 12:00:00
2021-11-17 13:00:00+00:00,11.6903266667,57.6760466667,0.7,219.880908337612,0.6383734226198879,0.00129907757661171,0.00970554947934985,0.63086071615774,0.0146492837055487,4.28520596940987,No (reported postion),anchor,2021-11-17 13:00:00
2021-11-17 14:00:00+00:00,11.6905266667,57.675875,0.0,219.36,0.624,0.001296,0.0096,0.624,0.0144,4.08,No (reported postion),anchor,2021-11-17 14:00:00
2021-11-17 15:00:00+00:00,11.6905583333,57.6757916667,0.1,219.36151868320002,0.624041905022215,0.00129600897252656,0.00960030772442959,0.624020002087923,0.0144007267746517,4.08059826813239,No (reported postion),anchor,2021-11-17 15:00:00
2021-11-17 16:00:00+00:00,11.6905983333,57.6756266667,0.1,219.36151868320002,0.624041905022215,0.00129600897252656,0.00960030772442959,0.624020002087923,0.0144007267746517,4.08059826813239,No (reported postion),anchor,2021-11-17 16:00:00
2021-11-17 17:00:00+00:00,11.6903983333,57.6752733333,0.1,219.36151868320002,0.624041905022215,0.00129600897252656,0.00960030772442959,0.624020002087923,0.0144007267746517,4.08059826813239,No (reported postion),anchor,2021-11-17 17:00:00
2021-11-17 18:00:00+00:00,11.690495,57.6753566667,0.1,219.36151868320002,0.624041905022215,0.00129600897252656,0.00960030772442959,0.624020002087923,0.0144007267746517,4.08059826813239,No (reported postion),anchor,2021-11-17 18:00:00
2021-11-17 19:00:00+00:00,11.6905883333,57.67527,0.0,219.36,0.624,0.001296,0.0096,0.624,0.0144,4.08,No (reported postion),anchor,2021-11-17 19:00:00
2021-11-17 20:00:00+00:00,11.6905166667,57.6753366667,0.1,219.36151868320002,0.624041905022215,0.00129600897252656,0.00960030772442959,0.624020002087923,0.0144007267746517,4.08059826813239,No (reported postion),anchor,2021-11-17 20:00:00
2021-11-17 21:00:00+00:00,11.6905466667,57.675225,0.0,219.36,0.624,0.001296,0.0096,0.624,0.0144,4.08,No (reported postion),anchor,2021-11-17 21:00:00
2021-11-17 22:00:00+00:00,11.6906016667,57.6755383333,0.1,219.36151868320002,0.624041905022215,0.00129600897252656,0.00960030772442959,0.624020002087923,0.0144007267746517,4.08059826813239,No (reported postion),anchor,2021-11-17 22:00:00
2021-11-17 23:00:00+00:00,11.6906166667,57.6755683333,0.2,219.3721494656,0.624335240177723,0.0012960717802125198,0.00960246179543673,0.624160016703388,0.014405814197214,4.08478614505912,No (reported postion),anchor,2021-11-17 23:00:00
2021-11-18 00:00:00+00:00,11.69053,57.6754366667,0.0,219.36,0.624,0.001296,0.0096,0.624,0.0144,4.08,No (reported postion),anchor,2021-11-18 00:00:00
2021-11-18 01:00:00+00:00,11.69045,57.6750466667,0.2,219.3721494656,0.624335240177723,0.0012960717802125198,0.00960246179543673,0.624160016703388,0.014405814197214,4.08478614505912,No (reported postion),anchor,2021-11-18 01:00:00
2021-11-18 02:00:00+00:00,11.6905166667,57.6751316667,0.0,219.36,0.624,0.001296,0.0096,0.624,0.0144,4.08,No (reported postion),anchor,2021-11-18 02:00:00
2021-11-18 03:00:00+00:00,11.68993,57.6746316667,0.2,219.3721494656,0.624335240177723,0.0012960717802125198,0.00960246179543673,0.624160016703388,0.014405814197214,4.08478614505912,No (reported postion),anchor,2021-11-18 03:00:00
2021-11-18 04:00:00+00:00,11.6901183333,57.67469,0.0,219.36,0.624,0.001296,0.0096,0.624,0.0144,4.08,No (reported postion),anchor,2021-11-18 04:00:00
2021-11-18 05:00:00+00:00,11.689505,57.6744166667,0.2,219.3721494656,0.624335240177723,0.0012960717802125198,0.00960246179543673,0.624160016703388,0.014405814197214,4.08478614505912,No (reported postion),anchor,2021-11-18 05:00:00
2021-11-18 06:00:00+00:00,11.6889716667,57.6742566667,0.0,219.36,0.624,0.001296,0.0096,0.624,0.0144,4.08,No (reported postion),anchor,2021-11-18 06:00:00
2021-11-18 07:00:00+00:00,11.68981,57.67456,0.0,219.36,0.624,0.001296,0.0096,0.624,0.0144,4.08,No (reported postion),anchor,2021-11-18 07:00:00
2021-11-18 08:00:00+00:00,11.690515,57.675245,0.0,219.36,0.624,0.001296,0.0096,0.624,0.0144,4.08,No (reported postion),anchor,2021-11-18 08:00:00
2021-11-18 09:00:00+00:00,11.690665,57.6757983333,0.0,219.36,0.624,0.001296,0.0096,0.624,0.0144,4.08,No (reported postion),anchor,2021-11-18 09:00:00
2021-11-18 10:00:00+00:00,11.6900616667,57.676385,0.0,219.36,0.624,0.001296,0.0096,0.624,0.0144,4.08,No (reported postion),anchor,2021-11-18 10:00:00
2021-11-18 11:00:00+00:00,11.6901783333,57.6763666667,0.0,219.36,0.624,0.001296,0.0096,0.624,0.0144,4.08,No (reported postion),anchor,2021-11-18 11:00:00
2021-11-18 12:00:00+00:00,11.6897316667,57.67664,0.0,219.36,0.624,0.001296,0.0096,0.624,0.0144,4.08,No (reported postion),anchor,2021-11-18 12:00:00
2021-11-18 13:00:00+00:00,11.6895,57.6769,0.1,219.36151868320002,0.624041905022215,0.00129600897252656,0.00960030772442959,0.624020002087923,0.0144007267746517,4.08059826813239,No (reported postion),anchor,2021-11-18 13:00:00
2021-11-18 14:00:00+00:00,11.689755,57.6767666667,0.0,219.36,0.624,0.001296,0.0096,0.624,0.0144,4.08,No (reported postion),anchor,2021-11-18 14:00:00
2021-11-18 15:00:00+00:00,11.6899783333,57.6766816667,0.0,219.36,0.624,0.001296,0.0096,0.624,0.0144,4.08,No (reported postion),anchor,2021-11-18 15:00:00
2021-11-18 16:00:00+00:00,11.6904633333,57.67622,0.2,219.3721494656,0.624335240177723,0.0012960717802125198,0.00960246179543673,0.624160016703388,0.014405814197214,4.08478614505912,No (reported postion),anchor,2021-11-18 16:00:00
2021-11-18 17:00:00+00:00,11.6906,57.6758,0.1,219.36151868320002,0.624041905022215,0.00129600897252656,0.00960030772442959,0.624020002087923,0.0144007267746517,4.08059826813239,No (reported postion),anchor,2021-11-18 17:00:00
2021-11-18 18:00:00+00:00,11.69059833335,57.67560916665,0.1,219.36151868320002,0.624041905022215,0.00129600897252656,0.00960030772442959,0.624020002087923,0.0144007267746517,4.08059826813239,Linear (small gap),anchor,2021-11-18 18:00:00
2021-11-18 19:00:00+00:00,11.6905966667,57.6754183333,0.1,219.36151868320002,0.624041905022215,0.00129600897252656,0.00960030772442959,0.624020002087923,0.0144007267746517,4.08059826813239,No (reported postion),anchor,2021-11-18 19:00:00
2021-11-18 20:00:00+00:00,11.690635,57.675435,0.0,219.36,0.624,0.001296,0.0096,0.624,0.0144,4.08,No (reported postion),anchor,2021-11-18 20:00:00
2021-11-18 21:00:00+00:00,11.690575,57.6753033333,0.0,219.36,0.624,0.001296,0.0096,0.624,0.0144,4.08,No (reported postion),anchor,2021-11-18 21:00:00
2021-11-18 22:00:00+00:00,11.6906116667,57.6753883333,0.0,219.36,0.624,0.001296,0.0096,0.624,0.0144,4.08,No (reported postion),anchor,2021-11-18 22:00:00
2021-11-18 23:00:00+00:00,11.6905316667,57.67528,0.0,219.36,0.624,0.001296,0.0096,0.624,0.0144,4.08,No (reported postion),anchor,2021-11-18 23:00:00
2021-11-19 00:00:00+00:00,11.6905083333,57.6752416667,0.1,219.36151868320002,0.624041905022215,0.00129600897252656,0.00960030772442959,0.624020002087923,0.0144007267746517,4.08059826813239,No (reported postion),anchor,2021-11-19 00:00:00
2021-11-19 01:00:00+00:00,11.6906433333,57.6757183333,0.1,219.36151868320002,0.624041905022215,0.00129600897252656,0.00960030772442959,0.624020002087923,0.0144007267746517,4.08059826813239,No (reported postion),anchor,2021-11-19 01:00:00
2021-11-19 02:00:00+00:00,11.690705,57.67538,0.2,219.3721494656,0.624335240177723,0.0012960717802125198,0.00960246179543673,0.624160016703388,0.014405814197214,4.08478614505912,No (reported postion),anchor,2021-11-19 02:00:00
2021-11-19 03:00:00+00:00,11.6906766667,57.675335,0.1,219.36151868320002,0.624041905022215,0.00129600897252656,0.00960030772442959,0.624020002087923,0.0144007267746517,4.08059826813239,No (reported postion),anchor,2021-11-19 03:00:00
2021-11-19 04:00:00+00:00,11.690655,57.6753,0.0,219.36,0.624,0.001296,0.0096,0.624,0.0144,4.08,No (reported postion),anchor,2021-11-19 04:00:00
2021-11-19 05:00:00+00:00,11.6907733333,57.67533,0.0,219.36,0.624,0.001296,0.0096,0.624,0.0144,4.08,No (reported postion),anchor,2021-11-19 05:00:00
2021-11-19 06:00:00+00:00,11.6908233333,57.6755733333,0.0,219.36,0.624,0.001296,0.0096,0.624,0.0144,4.08,No (reported postion),anchor,2021-11-19 06:00:00
2021-11-19 07:00:00+00:00,11.69072,57.676005,0.0,219.36,0.624,0.001296,0.0096,0.624,0.0144,4.08,No (reported postion),anchor,2021-11-19 07:00:00
2021-11-19 08:00:00+00:00,11.6907433333,57.6760683333,0.0,219.36,0.624,0.001296,0.0096,0.624,0.0144,4.08,No (reported postion),anchor,2021-11-19 08:00:00
2021-11-19 09:00:00+00:00,11.6908983333,57.6756483333,0.0,219.36,0.624,0.001296,0.0096,0.624,0.0144,4.08,No (reported postion),anchor,2021-11-19 09:00:00
2021-11-19 10:00:00+00:00,11.690965,57.675685,0.0,219.36,0.624,0.001296,0.0096,0.624,0.0144,4.08,No (reported postion),anchor,2021-11-19 10:00:00
2021-11-19 11:00:00+00:00,11.6910116667,57.6755666667,0.1,219.36151868320002,0.624041905022215,0.00129600897252656,0.00960030772442959,0.624020002087923,0.0144007267746517,4.08059826813239,No (reported postion),anchor,2021-11-19 11:00:00
2021-11-19 12:00:00+00:00,11.6910083333,57.6755383333,0.1,219.36151868320002,0.624041905022215,0.00129600897252656,0.00960030772442959,0.624020002087923,0.0144007267746517,4.08059826813239,No (reported postion),anchor,2021-11-19 12:00:00
2021-11-19 13:00:00+00:00,11.6910466667,57.67544,0.0,219.36,0.624,0.001296,0.0096,0.624,0.0144,4.08,No (reported postion),anchor,2021-11-19 13:00:00
2021-11-19 14:00:00+00:00,11.6910666667,57.6753966667,0.2,219.3721494656,0.624335240177723,0.0012960717802125198,0.00960246179543673,0.624160016703388,0.014405814197214,4.08478614505912,No (reported postion),anchor,2021-11-19 14:00:00
2021-11-19 15:00:00+00:00,11.6911183333,57.6754883333,0.0,219.36,0.624,0.001296,0.0096,0.624,0.0144,4.08,No (reported postion),anchor,2021-11-19 15:00:00
2021-11-19 16:00:00+00:00,11.6910383333,57.6753783333,0.0,219.36,0.624,0.001296,0.0096,0.624,0.0144,4.08,No (reported postion),anchor,2021-11-19 16:00:00
2021-11-19 17:00:00+00:00,11.6911166667,57.6754216667,0.1,219.36151868320002,0.624041905022215,0.00129600897252656,0.00960030772442959,0.624020002087923,0.0144007267746517,4.08059826813239,No (reported postion),anchor,2021-11-19 17:00:00
2021-11-19 18:00:00+00:00,11.6896616667,57.6753266667,0.3,219.401004446401,0.625131435599816,0.0012962422582172498,0.00960830855959897,0.624540056373933,0.014419622915597102,4.09615323957454,No (reported postion),anchor,2021-11-19 18:00:00
2021-11-19 19:00:00+00:00,11.7817966667,57.678495,11.9,2664.33266268836,7.579064467166011,0.015741133893344802,0.11660099180255401,7.579064467166011,0.17490148770383102,49.5554215160854,No (reported postion),cruise,2021-11-19 19:00:00
2021-11-19 20:00:00+00:00,11.873395,57.6904816667,0.0,219.36,0.624,0.001296,0.0096,0.624,0.0144,4.08,No (reported postion),anchor,2021-11-19 20:00:00
2021-11-19 21:00:00+00:00,11.873375,57.6905016667,0.0,219.36,0.624,0.001296,0.0096,0.624,0.0144,4.08,No (reported postion),anchor,2021-11-19 21:00:00
2021-11-19 22:00:00+00:00,11.8733383333,57.69052,0.0,219.36,0.624,0.001296,0.0096,0.624,0.0144,4.08,No (reported postion),anchor,2021-11-19 22:00:00
2021-11-19 23:00:00+00:00,11.873385,57.69052,0.0,219.36,0.624,0.001296,0.0096,0.624,0.0144,4.08,No (reported postion),anchor,2021-11-19 23:00:00
2021-11-20 00:00:00+00:00,11.8733333333,57.6904783333,0.0,219.36,0.624,0.001296,0.0096,0.624,0.0144,4.08,No (reported postion),anchor,2021-11-20 00:00:00
2021-11-20 01:00:00+00:00,11.8733583333,57.690515,0.0,219.36,0.624,0.001296,0.0096,0.624,0.0144,4.08,No (reported postion),anchor,2021-11-20 01:00:00
2021-11-20 02:00:00+00:00,11.8734066667,57.6905333333,0.0,219.36,0.624,0.001296,0.0096,0.624,0.0144,4.08,No (reported postion),anchor,2021-11-20 02:00:00
2021-11-20 03:00:00+00:00,11.87339,57.6904483333,0.0,219.36,0.624,0.001296,0.0096,0.624,0.0144,4.08,No (reported postion),anchor,2021-11-20 03:00:00
2021-11-20 04:00:00+00:00,11.8733733333,57.69049,0.0,219.36,0.624,0.001296,0.0096,0.624,0.0144,4.08,No (reported postion),anchor,2021-11-20 04:00:00
2021-11-20 05:00:00+00:00,11.8733916667,57.6905016667,0.0,219.36,0.624,0.001296,0.0096,0.624,0.0144,4.08,No (reported postion),anchor,2021-11-20 05:00:00
2021-11-20 06:00:00+00:00,11.8733583333,57.6905366667,0.0,219.36,0.624,0.001296,0.0096,0.624,0.0144,4.08,No (reported postion),anchor,2021-11-20 06:00:00
2021-11-20 07:00:00+00:00,11.873365,57.69051,0.0,219.36,0.624,0.001296,0.0096,0.624,0.0144,4.08,No (reported postion),anchor,2021-11-20 07:00:00
2021-11-20 08:00:00+00:00,11.873365,57.6905,0.0,219.36,0.624,0.001296,0.0096,0.624,0.0144,4.08,No (reported postion),anchor,2021-11-20 08:00:00
2021-11-20 09:00:00+00:00,11.8733733333,57.6905433333,0.0,219.36,0.624,0.001296,0.0096,0.624,0.0144,4.08,No (reported postion),anchor,2021-11-20 09:00:00
2021-11-20 10:00:00+00:00,11.8733416667,57.6904766667,0.0,219.36,0.624,0.001296,0.0096,0.624,0.0144,4.08,No (reported postion),anchor,2021-11-20 10:00:00
2021-11-20 11:00:00+00:00,11.8733933333,57.6904866667,0.0,219.36,0.624,0.001296,0.0096,0.624,0.0144,4.08,No (reported postion),anchor,2021-11-20 11:00:00
2021-11-20 12:00:00+00:00,11.8734,57.6905033333,0.0,219.36,0.624,0.001296,0.0096,0.624,0.0144,4.08,No (reported postion),anchor,2021-11-20 12:00:00
2021-11-20 13:00:00+00:00,11.8733966667,57.6905,0.0,219.36,0.624,0.001296,0.0096,0.624,0.0144,4.08,No (reported postion),anchor,2021-11-20 13:00:00
2021-11-20 14:00:00+00:00,11.8733766667,57.6904566667,0.0,219.36,0.624,0.001296,0.0096,0.624,0.0144,4.08,No (reported postion),anchor,2021-11-20 14:00:00
2021-11-20 15:00:00+00:00,11.873355,57.6904783333,0.0,219.36,0.624,0.001296,0.0096,0.624,0.0144,4.08,No (reported postion),anchor,2021-11-20 15:00:00
2021-11-20 16:00:00+00:00,11.87339,57.69053,0.0,219.36,0.624,0.001296,0.0096,0.624,0.0144,4.08,No (reported postion),anchor,2021-11-20 16:00:00
2021-11-20 17:00:00+00:00,11.87335,57.6904966667,0.0,219.36,0.624,0.001296,0.0096,0.624,0.0144,4.08,No (reported postion),anchor,2021-11-20 17:00:00
2021-11-20 18:00:00+00:00,11.873395,57.69052,0.0,219.36,0.624,0.001296,0.0096,0.624,0.0144,4.08,No (reported postion),anchor,2021-11-20 18:00:00
2021-11-20 19:00:00+00:00,11.8734,57.6905216667,0.0,219.36,0.624,0.001296,0.0096,0.624,0.0144,4.08,No (reported postion),anchor,2021-11-20 19:00:00
2021-11-20 20:00:00+00:00,11.87342,57.6905266667,0.0,219.36,0.624,0.001296,0.0096,0.624,0.0144,4.08,No (reported postion),anchor,2021-11-20 20:00:00
2021-11-20 21:00:00+00:00,11.8734683333,57.6905166667,0.0,219.36,0.624,0.001296,0.0096,0.624,0.0144,4.08,No (reported postion),anchor,2021-11-20 21:00:00
2021-11-20 22:00:00+00:00,11.8733766667,57.6904866667,0.0,219.36,0.624,0.001296,0.0096,0.624,0.0144,4.08,No (reported postion),anchor,2021-11-20 22:00:00
2021-11-20 23:00:00+00:00,11.8733766667,57.6905033333,0.0,219.36,0.624,0.001296,0.0096,0.624,0.0144,4.08,No (reported postion),anchor,2021-11-20 23:00:00
2021-11-21 00:00:00+00:00,11.8733416667,57.690495,0.0,219.36,0.624,0.001296,0.0096,0.624,0.0144,4.08,No (reported postion),anchor,2021-11-21 00:00:00
2021-11-21 01:00:00+00:00,11.8733916667,57.6904933333,0.0,219.36,0.624,0.001296,0.0096,0.624,0.0144,4.08,No (reported postion),anchor,2021-11-21 01:00:00
2021-11-21 02:00:00+00:00,11.873385,57.6905083333,0.0,219.36,0.624,0.001296,0.0096,0.624,0.0144,4.08,No (reported postion),anchor,2021-11-21 02:00:00
2021-11-21 03:00:00+00:00,11.873385,57.6905066667,0.0,219.36,0.624,0.001296,0.0096,0.624,0.0144,4.08,No (reported postion),anchor,2021-11-21 03:00:00
2021-11-21 04:00:00+00:00,11.6905,57.6364233333,11.3,2296.4134332813996,6.53246709686174,0.0135674316627128,0.100499493797873,6.53246709686174,0.150749240696809,42.712284864096,No (reported postion),cruise,2021-11-21 04:00:00
2021-11-21 05:00:00+00:00,11.3781566667,57.6631516667,12.2,2725.091,7.7519,0.016100100000000003,0.11926,7.7519,0.17889,50.6855,No (reported postion),cruise,2021-11-21 05:00:00
2021-11-21 06:00:00+00:00,11.0399133333,57.7677333333,12.6,2725.091,7.7519,0.016100100000000003,0.11926,7.7519,0.17889,50.6855,No (reported postion),cruise,2021-11-21 06:00:00
2021-11-21 07:00:00+00:00,10.7276466667,57.854665,11.9,2725.091,7.7519,0.016100100000000003,0.11926,7.7519,0.17889,50.6855,No (reported postion),cruise,2021-11-21 07:00:00
2021-11-21 08:00:00+00:00,10.3437166667,57.8530216667,12.4,2725.091,7.7519,0.016100100000000003,0.11926,7.7519,0.17889,50.6855,No (reported postion),cruise,2021-11-21 08:00:00
2021-11-21 09:00:00+00:00,9.9529316667,57.8349483333,12.8,2725.091,7.7519,0.016100100000000003,0.11926,7.7519,0.17889,50.6855,No (reported postion),cruise,2021-11-21 09:00:00
2021-11-21 10:00:00+00:00,9.55753,57.803585,12.6,2725.091,7.7519,0.016100100000000003,0.11926,7.7519,0.17889,50.6855,No (reported postion),cruise,2021-11-21 10:00:00
2021-11-21 11:00:00+00:00,9.1843666667,57.79715,11.1,2276.51723370879,6.475869592607051,0.013449883000030001,0.09962876296318539,6.475869592607051,0.149443144444778,42.342224259353806,No (reported postion),cruise,2021-11-21 11:00:00
2021-11-21 12:00:00+00:00,8.8298333333,57.7833383333,11.8,2713.77532713504,7.71971099622658,0.0160332459152398,0.11876478455733201,7.71971099622658,0.178147176835998,50.4750334368661,No (reported postion),cruise,2021-11-21 12:00:00
2021-11-21 13:00:00+00:00,8.4542116667,57.7700283333,12.3,2725.091,7.7519,0.016100100000000003,0.11926,7.7519,0.17889,50.6855,No (reported postion),cruise,2021-11-21 13:00:00
2021-11-21 14:00:00+00:00,8.0663316667,57.758395,13.0,2725.091,7.7519,0.016100100000000003,0.11926,7.7519,0.17889,50.6855,No (reported postion),cruise,2021-11-21 14:00:00
2021-11-21 15:00:00+00:00,7.6589116667,57.76351,13.0,2725.091,7.7519,0.016100100000000003,0.11926,7.7519,0.17889,50.6855,No (reported postion),cruise,2021-11-21 15:00:00
2021-11-21 16:00:00+00:00,7.2498016667,57.77686,12.8,2725.091,7.7519,0.016100100000000003,0.11926,7.7519,0.17889,50.6855,No (reported postion),cruise,2021-11-21 16:00:00
2021-11-21 17:00:00+00:00,6.8548233333,57.7885083333,12.9,2725.091,7.7519,0.016100100000000003,0.11926,7.7519,0.17889,50.6855,No (reported postion),cruise,2021-11-21 17:00:00
2021-11-21 18:00:00+00:00,6.4997333333,57.8504866667,12.8,2725.091,7.7519,0.016100100000000003,0.11926,7.7519,0.17889,50.6855,No (reported postion),cruise,2021-11-21 18:00:00
2021-11-21 19:00:00+00:00,6.2026633333,57.9819633333,12.6,2725.091,7.7519,0.016100100000000003,0.11926,7.7519,0.17889,50.6855,No (reported postion),cruise,2021-11-21 19:00:00
2021-11-21 20:00:00+00:00,5.90214,58.1086166667,11.9,2725.091,7.7519,0.016100100000000003,0.11926,7.7519,0.17889,50.6855,No (reported postion),cruise,2021-11-21 20:00:00
2021-11-21 21:00:00+00:00,5.62342,58.2433216667,12.2,2725.091,7.7519,0.016100100000000003,0.11926,7.7519,0.17889,50.6855,No (reported postion),cruise,2021-11-21 21:00:00
2021-11-21 22:00:00+00:00,5.3418116667,58.3805866667,12.0,2725.091,7.7519,0.016100100000000003,0.11926,7.7519,0.17889,50.6855,No (reported postion),cruise,2021-11-21 22:00:00
2021-11-21 23:00:00+00:00,5.0694433333,58.51834,11.6,2583.36682912065,7.348745903406679,0.0152627799532293,0.11305762928318,7.348745903406679,0.169586443924769,48.0494924453513,No (reported postion),cruise,2021-11-21 23:00:00
