timestamp,lon,lat,speed_knots,emissions_CO2,emissions_CO,emissions_SOX,emissions_N2O,emissions_NOX,emissions_PM,emissions_CH4,interpolated,current_phase,datetime
2021-01-01 00:00:00+00:00,5.291215,59.3675116667,0.0,41.76,0.0324,0.036,0.0018,0.8292,0.012,0.0006,No (reported postion),anchor,2021-01-01 00:00:00
2021-01-01 01:00:00+00:00,5.2911933333,59.3675116667,0.0,41.76,0.0324,0.036,0.0018,0.8292,0.012,0.0006,No (reported postion),anchor,2021-01-01 01:00:00
2021-01-01 02:00:00+00:00,5.2911933333,59.3675016667,0.0,41.76,0.0324,0.036,0.0018,0.8292,0.012,0.0006,No (reported postion),anchor,2021-01-01 02:00:00
2021-01-01 03:00:00+00:00,5.2912166667,59.36753,0.0,41.76,0.0324,0.036,0.0018,0.8292,0.012,0.0006,No (reported postion),anchor,2021-01-01 03:00:00
2021-01-01 04:00:00+00:00,5.29119,59.3675133333,0.0,41.76,0.0324,0.036,0.0018,0.8292,0.012,0.0006,No (reported postion),anchor,2021-01-01 04:00:00
2021-01-01 05:00:00+00:00,5.291215,59.367515,0.0,41.76,0.0324,0.036,0.0018,0.8292,0.012,0.0006,No (reported postion),anchor,2021-01-01 05:00:00
2021-01-01 06:00:00+00:00,5.29121375,59.367516666675,0.0,41.76,0.0324,0.036,0.0018,0.8292,0.012,0.0006,Linear (small gap),anchor,2021-01-01 06:00:00
2021-01-01 07:00:00+00:00,5.2912125,59.36751833335,0.0,41.76,0.0324,0.036,0.0018,0.8292,0.012,0.0006,Linear (small gap),anchor,2021-01-01 07:00:00
2021-01-01 08:00:00+00:00,5.29121125,59.367520000025,0.0,41.76,0.0324,0.036,0.0018,0.8292,0.012,0.0006,Linear (small gap),anchor,2021-01-01 08:00:00
2021-01-01 09:00:00+00:00,5.29121,59.3675216667,0.0,41.76,0.0324,0.036,0.0018,0.8292,0.012,0.0006,No (reported postion),anchor,2021-01-01 09:00:00
2021-01-01 10:00:00+00:00,5.291215,59.3675066667,0.0,41.76,0.0324,0.036,0.0018,0.8292,0.012,0.0006,No (reported postion),anchor,2021-01-01 10:00:00
2021-01-01 11:00:00+00:00,5.2911983333,59.36752,0.0,41.76,0.0324,0.036,0.0018,0.8292,0.012,0.0006,No (reported postion),anchor,2021-01-01 11:00:00
2021-01-01 12:00:00+00:00,5.2911916667,59.367525,0.0,41.76,0.0324,0.036,0.0018,0.8292,0.012,0.0006,No (reported postion),anchor,2021-01-01 12:00:00
2021-01-01 13:00:00+00:00,5.2912166667,59.3675383333,0.0,41.76,0.0324,0.036,0.0018,0.8292,0.012,0.0006,No (reported postion),anchor,2021-01-01 13:00:00
2021-01-01 14:00:00+00:00,5.2912016667,59.367515,0.0,41.76,0.0324,0.036,0.0018,0.8292,0.012,0.0006,No (reported postion),anchor,2021-01-01 14:00:00
2021-01-01 15:00:00+00:00,5.291215,59.3675066667,0.0,41.76,0.0324,0.036,0.0018,0.8292,0.012,0.0006,No (reported postion),anchor,2021-01-01 15:00:00
2021-01-01 16:00:00+00:00,5.2912116667,59.3675216667,0.0,41.76,0.0324,0.036,0.0018,0.8292,0.012,0.0006,No (reported postion),anchor,2021-01-01 16:00:00
2021-01-01 17:00:00+00:00,5.2912183333,59.3675116667,0.0,41.76,0.0324,0.036,0.0018,0.8292,0.012,0.0006,No (reported postion),anchor,2021-01-01 17:00:00
2021-01-01 18:00:00+00:00,5.2911983333,59.3675233333,0.0,41.76,0.0324,0.036,0.0018,0.8292,0.012,0.0006,No (reported postion),anchor,2021-01-01 18:00:00
2021-01-01 19:00:00+00:00,5.2912,59.3675183333,0.0,41.76,0.0324,0.036,0.0018,0.8292,0.012,0.0006,No (reported postion),anchor,2021-01-01 19:00:00
2021-01-01 20:00:00+00:00,5.291195,59.3675133333,0.0,41.76,0.0324,0.036,0.0018,0.8292,0.012,0.0006,No (reported postion),anchor,2021-01-01 20:00:00
2021-01-01 21:00:00+00:00,5.2912016667,59.36752,0.0,41.76,0.0324,0.036,0.0018,0.8292,0.012,0.0006,No (reported postion),anchor,2021-01-01 21:00:00
2021-01-01 22:00:00+00:00,5.2911983333,59.3675116667,0.0,41.76,0.0324,0.036,0.0018,0.8292,0.012,0.0006,No (reported postion),anchor,2021-01-01 22:00:00
2021-01-01 23:00:00+00:00,5.291185,59.3675083333,0.0,41.76,0.0324,0.036,0.0018,0.8292,0.012,0.0006,No (reported postion),anchor,2021-01-01 23:00:00
2021-01-02 00:00:00+00:00,5.2912116667,59.3675116667,0.0,41.76,0.0324,0.036,0.0018,0.8292,0.012,0.0006,No (reported postion),anchor,2021-01-02 00:00:00
2021-01-02 01:00:00+00:00,5.2911916667,59.3674983333,0.0,41.76,0.0324,0.036,0.0018,0.8292,0.012,0.0006,No (reported postion),anchor,2021-01-02 01:00:00
2021-01-02 02:00:00+00:00,5.2912066667,59.36752,0.0,41.76,0.0324,0.036,0.0018,0.8292,0.012,0.0006,No (reported postion),anchor,2021-01-02 02:00:00
2021-01-02 03:00:00+00:00,5.2912116667,59.367515,0.0,41.76,0.0324,0.036,0.0018,0.8292,0.012,0.0006,No (reported postion),anchor,2021-01-02 03:00:00
2021-01-02 04:00:00+00:00,5.29119,59.3675016667,0.0,41.76,0.0324,0.036,0.0018,0.8292,0.012,0.0006,No (reported postion),anchor,2021-01-02 04:00:00
2021-01-02 05:00:00+00:00,5.29118,59.3675183333,0.0,41.76,0.0324,0.036,0.0018,0.8292,0.012,0.0006,No (reported postion),anchor,2021-01-02 05:00:00
2021-01-02 06:00:00+00:00,5.29119,59.3675216667,0.0,41.76,0.0324,0.036,0.0018,0.8292,0.012,0.0006,No (reported postion),anchor,2021-01-02 06:00:00
2021-01-02 07:00:00+00:00,5.2911983333,59.3675266667,0.0,41.76,0.0324,0.036,0.0018,0.8292,0.012,0.0006,No (reported postion),anchor,2021-01-02 07:00:00
2021-01-02 08:00:00+00:00,5.2912083333,59.367505,0.0,41.76,0.0324,0.036,0.0018,0.8292,0.012,0.0006,No (reported postion),anchor,2021-01-02 08:00:00
2021-01-02 09:00:00+00:00,5.2912,59.3675083333,0.0,41.76,0.0324,0.036,0.0018,0.8292,0.012,0.0006,No (reported postion),anchor,2021-01-02 09:00:00
2021-01-02 10:00:00+00:00,5.2912116667,59.3675316667,0.0,41.76,0.0324,0.036,0.0018,0.8292,0.012,0.0006,No (reported postion),anchor,2021-01-02 10:00:00
2021-01-02 11:00:00+00:00,5.291215,59.367505,0.0,41.76,0.0324,0.036,0.0018,0.8292,0.012,0.0006,No (reported postion),anchor,2021-01-02 11:00:00
2021-01-02 12:00:00+00:00,5.2911883333,59.3675183333,0.0,41.76,0.0324,0.036,0.0018,0.8292,0.012,0.0006,No (reported postion),anchor,2021-01-02 12:00:00
2021-01-02 13:00:00+00:00,5.2911916667,59.3674916667,0.0,41.76,0.0324,0.036,0.0018,0.8292,0.012,0.0006,No (reported postion),anchor,2021-01-02 13:00:00
2021-01-02 14:00:00+00:00,5.2912116667,59.3675033333,0.0,41.76,0.0324,0.036,0.0018,0.8292,0.012,0.0006,No (reported postion),anchor,2021-01-02 14:00:00
2021-01-02 15:00:00+00:00,5.2912083333,59.367505,0.0,41.76,0.0324,0.036,0.0018,0.8292,0.012,0.0006,No (reported postion),anchor,2021-01-02 15:00:00
2021-01-02 16:00:00+00:00,5.291185,59.3675033333,0.0,41.76,0.0324,0.036,0.0018,0.8292,0.012,0.0006,No (reported postion),anchor,2021-01-02 16:00:00
2021-01-02 17:00:00+00:00,5.2911833333,59.3675083333,0.0,41.76,0.0324,0.036,0.0018,0.8292,0.012,0.0006,No (reported postion),anchor,2021-01-02 17:00:00
2021-01-02 18:00:00+00:00,5.2911783333,59.3675266667,0.0,41.76,0.0324,0.036,0.0018,0.8292,0.012,0.0006,No (reported postion),anchor,2021-01-02 18:00:00
2021-01-02 19:00:00+00:00,5.2912,59.36751,0.0,41.76,0.0324,0.036,0.0018,0.8292,0.012,0.0006,No (reported postion),anchor,2021-01-02 19:00:00
2021-01-02 20:00:00+00:00,5.29118,59.3675133333,0.0,41.76,0.0324,0.036,0.0018,0.8292,0.012,0.0006,No (reported postion),anchor,2021-01-02 20:00:00
2021-01-02 21:00:00+00:00,5.2911766667,59.367525,0.0,41.76,0.0324,0.036,0.0018,0.8292,0.012,0.0006,No (reported postion),anchor,2021-01-02 21:00:00
2021-01-02 22:00:00+00:00,5.291175,59.367505,0.0,41.76,0.0324,0.036,0.0018,0.8292,0.012,0.0006,No (reported postion),anchor,2021-01-02 22:00:00
2021-01-02 23:00:00+00:00,5.29119,59.3675133333,0.0,41.76,0.0324,0.036,0.0018,0.8292,0.012,0.0006,No (reported postion),anchor,2021-01-02 23:00:00
2021-01-03 00:00:00+00:00,5.2912016667,59.367515,0.0,41.76,0.0324,0.036,0.0018,0.8292,0.012,0.0006,No (reported postion),anchor,2021-01-03 00:00:00
2021-01-03 01:00:00+00:00,5.29119,59.3675083333,0.0,41.76,0.0324,0.036,0.0018,0.8292,0.012,0.0006,No (reported postion),anchor,2021-01-03 01:00:00
2021-01-03 02:00:00+00:00,5.291185,59.3675283333,0.0,41.76,0.0324,0.036,0.0018,0.8292,0.012,0.0006,No (reported postion),anchor,2021-01-03 02:00:00
2021-01-03 03:00:00+00:00,5.2912116667,59.3675166667,0.0,41.76,0.0324,0.036,0.0018,0.8292,0.012,0.0006,No (reported postion),anchor,2021-01-03 03:00:00
2021-01-03 04:00:00+00:00,5.291185,59.36753,0.0,41.76,0.0324,0.036,0.0018,0.8292,0.012,0.0006,No (reported postion),anchor,2021-01-03 04:00:00
2021-01-03 05:00:00+00:00,5.2912033333,59.3675133333,0.0,41.76,0.0324,0.036,0.0018,0.8292,0.012,0.0006,No (reported postion),anchor,2021-01-03 05:00:00
2021-01-03 06:00:00+00:00,5.2911933333,59.3675183333,0.0,41.76,0.0324,0.036,0.0018,0.8292,0.012,0.0006,No (reported postion),anchor,2021-01-03 06:00:00
2021-01-03 07:00:00+00:00,5.2911933333,59.3675366667,0.0,41.76,0.0324,0.036,0.0018,0.8292,0.012,0.0006,No (reported postion),anchor,2021-01-03 07:00:00
2021-01-03 08:00:00+00:00,5.2911916667,59.3675166667,0.0,41.76,0.0324,0.036,0.0018,0.8292,0.012,0.0006,No (reported postion),anchor,2021-01-03 08:00:00
2021-01-03 09:00:00+00:00,5.2912,59.367515,0.0,41.76,0.0324,0.036,0.0018,0.8292,0.012,0.0006,No (reported postion),anchor,2021-01-03 09:00:00
2021-01-03 10:00:00+00:00,5.2912116667,59.3675266667,0.0,41.76,0.0324,0.036,0.0018,0.8292,0.012,0.0006,No (reported postion),anchor,2021-01-03 10:00:00
2021-01-03 11:00:00+00:00,5.2912033333,59.36751,0.0,41.76,0.0324,0.036,0.0018,0.8292,0.012,0.0006,No (reported postion),anchor,2021-01-03 11:00:00
2021-01-03 12:00:00+00:00,5.29119,59.3675133333,0.0,41.76,0.0324,0.036,0.0018,0.8292,0.012,0.0006,No (reported postion),anchor,2021-01-03 12:00:00
2021-01-03 13:00:00+00:00,5.29118,59.3675133333,0.0,41.76,0.0324,0.036,0.0018,0.8292,0.012,0.0006,No (reported postion),anchor,2021-01-03 13:00:00
2021-01-03 14:00:00+00:00,5.2912166667,59.3675183333,0.0,41.76,0.0324,0.036,0.0018,0.8292,0.012,0.0006,No (reported postion),anchor,2021-01-03 14:00:00
2021-01-03 15:00:00+00:00,5.2912066667,59.3675233333,0.0,41.76,0.0324,0.036,0.0018,0.8292,0.012,0.0006,No (reported postion),anchor,2021-01-03 15:00:00
2021-01-03 16:00:00+00:00,5.2912133333,59.3674933333,0.0,41.76,0.0324,0.036,0.0018,0.8292,0.012,0.0006,No (reported postion),anchor,2021-01-03 16:00:00
2021-01-03 17:00:00+00:00,5.2912133333,59.3675266667,0.0,41.76,0.0324,0.036,0.0018,0.8292,0.012,0.0006,No (reported postion),anchor,2021-01-03 17:00:00
2021-01-03 18:00:00+00:00,5.2911983333,59.3675266667,0.0,41.76,0.0324,0.036,0.0018,0.8292,0.012,0.0006,No (reported postion),anchor,2021-01-03 18:00:00
2021-01-03 19:00:00+00:00,5.29119,59.3675216667,0.0,41.76,0.0324,0.036,0.0018,0.8292,0.012,0.0006,No (reported postion),anchor,2021-01-03 19:00:00
2021-01-03 20:00:00+00:00,5.2911816667,59.3675283333,0.0,41.76,0.0324,0.036,0.0018,0.8292,0.012,0.0006,No (reported postion),anchor,2021-01-03 20:00:00
2021-01-03 21:00:00+00:00,5.2911833333,59.3675233333,0.0,41.76,0.0324,0.036,0.0018,0.8292,0.012,0.0006,No (reported postion),anchor,2021-01-03 21:00:00
2021-01-03 22:00:00+00:00,5.291165,59.36751,0.0,41.76,0.0324,0.036,0.0018,0.8292,0.012,0.0006,No (reported postion),anchor,2021-01-03 22:00:00
2021-01-03 23:00:00+00:00,5.2911933333,59.3675116667,0.0,41.76,0.0324,0.036,0.0018,0.8292,0.012,0.0006,No (reported postion),anchor,2021-01-03 23:00:00
2021-01-04 00:00:00+00:00,5.291195,59.3675016667,0.0,41.76,0.0324,0.036,0.0018,0.8292,0.012,0.0006,No (reported postion),anchor,2021-01-04 00:00:00
2021-01-04 01:00:00+00:00,5.29121,59.36751,0.0,41.76,0.0324,0.036,0.0018,0.8292,0.012,0.0006,No (reported postion),anchor,2021-01-04 01:00:00
2021-01-04 02:00:00+00:00,5.2912083333,59.3675133333,0.0,41.76,0.0324,0.036,0.0018,0.8292,0.012,0.0006,No (reported postion),anchor,2021-01-04 02:00:00
2021-01-04 03:00:00+00:00,5.2912033333,59.3675283333,0.0,41.76,0.0324,0.036,0.0018,0.8292,0.012,0.0006,No (reported postion),anchor,2021-01-04 03:00:00
2021-01-04 04:00:00+00:00,5.2911866667,59.367505,0.0,41.76,0.0324,0.036,0.0018,0.8292,0.012,0.0006,No (reported postion),anchor,2021-01-04 04:00:00
2021-01-04 05:00:00+00:00,5.2911783333,59.3675083333,0.0,41.76,0.0324,0.036,0.0018,0.8292,0.012,0.0006,No (reported postion),anchor,2021-01-04 05:00:00
2021-01-04 06:00:00+00:00,5.2911933333,59.36752,0.0,41.76,0.0324,0.036,0.0018,0.8292,0.012,0.0006,No (reported postion),anchor,2021-01-04 06:00:00
2021-01-04 07:00:00+00:00,5.2911116667,59.367545,0.0,41.76,0.0324,0.036,0.0018,0.8292,0.012,0.0006,No (reported postion),anchor,2021-01-04 07:00:00
2021-01-04 08:00:00+00:00,5.2911483333,59.367505,0.0,41.76,0.0324,0.036,0.0018,0.8292,0.012,0.0006,No (reported postion),anchor,2021-01-04 08:00:00
2021-01-04 09:00:00+00:00,5.2911366667,59.36751,0.0,41.76,0.0324,0.036,0.0018,0.8292,0.012,0.0006,No (reported postion),anchor,2021-01-04 09:00:00
2021-01-04 10:00:00+00:00,5.2911566667,59.3675216667,0.0,41.76,0.0324,0.036,0.0018,0.8292,0.012,0.0006,No (reported postion),anchor,2021-01-04 10:00:00
2021-01-04 11:00:00+00:00,5.29116,59.367505,0.0,41.76,0.0324,0.036,0.0018,0.8292,0.012,0.0006,No (reported postion),anchor,2021-01-04 11:00:00
2021-01-04 12:00:00+00:00,5.2908,59.3675216667,0.0,41.76,0.0324,0.036,0.0018,0.8292,0.012,0.0006,No (reported postion),anchor,2021-01-04 12:00:00
2021-01-04 13:00:00+00:00,5.2908,59.3675216667,0.1,41.760963306395595,0.0324076683873865,0.036000834475145196,0.00180020334841695,0.8292892021722359,0.0120021344995818,0.000600310073396042,No (reported postion),anchor,2021-01-04 13:00:00
2021-01-04 14:00:00+00:00,5.2905916667,59.3675166667,0.0,41.76,0.0324,0.036,0.0018,0.8292,0.012,0.0006,No (reported postion),anchor,2021-01-04 14:00:00
2021-01-04 15:00:00+00:00,5.2906116667,59.3675266667,0.0,41.76,0.0324,0.036,0.0018,0.8292,0.012,0.0006,No (reported postion),anchor,2021-01-04 15:00:00
2021-01-04 16:00:00+00:00,5.2906116667,59.3675083333,0.0,41.76,0.0324,0.036,0.0018,0.8292,0.012,0.0006,No (reported postion),anchor,2021-01-04 16:00:00
2021-01-04 17:00:00+00:00,5.290615,59.367515,0.0,41.76,0.0324,0.036,0.0018,0.8292,0.012,0.0006,No (reported postion),anchor,2021-01-04 17:00:00
2021-01-04 18:00:00+00:00,5.3248116667,59.3249583333,9.8,948.4162731206029,0.776464418670404,0.821401330818759,0.0431369121483558,18.9623254624121,0.287579414322372,0.0143789707161186,No (reported postion),cruise,2021-01-04 18:00:00
2021-01-04 19:00:00+00:00,5.328995,59.158,10.3,1009.6648399999999,0.8267291999999999,0.8744586000000001,0.0459294,20.1872968,0.306196,0.015309799999999998,No (reported postion),cruise,2021-01-04 19:00:00
2021-01-04 20:00:00+00:00,5.3214816667,58.984115,10.3,1009.6648399999999,0.8267291999999999,0.8744586000000001,0.0459294,20.1872968,0.306196,0.015309799999999998,No (reported postion),cruise,2021-01-04 20:00:00
2021-01-04 21:00:00+00:00,5.3831833333,58.815955,10.0,1005.06639563511,0.8229554006731931,0.870475145155037,0.045719744481844,20.095327912702302,0.304798296545627,0.0152399148272813,No (reported postion),cruise,2021-01-04 21:00:00
2021-01-04 22:00:00+00:00,5.468325,58.6621616667,9.5,867.674820957655,0.710202436652179,0.7514581275773,0.039455690925120995,17.3474964191531,0.263037939500807,0.0131518969750403,No (reported postion),cruise,2021-01-04 22:00:00
2021-01-04 23:00:00+00:00,5.5700566667,58.5168716667,9.0,744.0103624179969,0.608714887090758,0.644332380818022,0.0338174937272643,14.8742072483599,0.225449958181762,0.011272497909088101,No (reported postion),cruise,2021-01-04 23:00:00
2021-01-05 00:00:00+00:00,5.7768716667,58.4142233333,9.5,867.674820957655,0.710202436652179,0.7514581275773,0.039455690925120995,17.3474964191531,0.263037939500807,0.0131518969750403,No (reported postion),cruise,2021-01-05 00:00:00
2021-01-05 01:00:00+00:00,6.0139883333,58.3007683333,10.3,1009.6648399999999,0.8267291999999999,0.8744586000000001,0.0459294,20.1872968,0.306196,0.015309799999999998,No (reported postion),cruise,2021-01-05 01:00:00
2021-01-05 02:00:00+00:00,6.2578983333,58.1954183333,9.5,905.2164037284571,0.7410116383181871,0.7839789515580861,0.0411673132398993,18.0983280745691,0.27444875493266196,0.0137224377466331,No (reported postion),cruise,2021-01-05 02:00:00
2021-01-05 03:00:00+00:00,6.46097,58.09341,8.6,654.476812782087,0.5352375059305879,0.566772922926732,0.0297354169961438,13.0835362556417,0.198236113307625,0.00991180566538127,No (reported postion),cruise,2021-01-05 03:00:00
2021-01-05 04:00:00+00:00,6.6724833333,58.0100283333,8.5,633.350540219414,0.517899835438425,0.5484720485183371,0.0287722130799125,12.6610108043883,0.19181475386608302,0.009590737693304159,No (reported postion),cruise,2021-01-05 04:00:00
2021-01-05 05:00:00+00:00,6.9286016667,57.9591283333,8.7,676.100151444908,0.552983103009499,0.585504386510027,0.0307212835005277,13.516003028898199,0.204808556670185,0.010240427833509199,No (reported postion),cruise,2021-01-05 05:00:00
2021-01-05 06:00:00+00:00,7.189995,57.915875,8.4,638.668079096628,0.522263773118814,0.55307842718097,0.0290146540621563,12.767361581932601,0.193431027081042,0.0096715513540521,No (reported postion),cruise,2021-01-05 06:00:00
2021-01-05 07:00:00+00:00,7.4523766667,57.9184116667,8.0,534.9728745651779,0.437164365144675,0.46325127431937896,0.0242869091747041,10.6934574913036,0.161912727831361,0.00809563639156805,No (reported postion),cruise,2021-01-05 07:00:00
2021-01-05 08:00:00+00:00,7.6798016667,57.9328316667,6.7,331.486921470404,0.270169813972672,0.286979248082264,0.015009434109592901,6.62373842940807,0.100062894063952,0.00500314470319762,No (reported postion),cruise,2021-01-05 08:00:00
2021-01-05 09:00:00+00:00,7.88386,57.9529666667,7.1,386.537955368159,0.315348474010343,0.33466783367758396,0.0175193596672413,7.7247591073631705,0.116795731114942,0.00583978655574709,No (reported postion),cruise,2021-01-05 09:00:00
2021-01-05 10:00:00+00:00,8.08913,58.0090733333,6.5,306.308018901293,0.24950627690987598,0.265167736738202,0.0138614598283264,6.12016037802586,0.0924097321888428,0.00462048660944214,No (reported postion),cruise,2021-01-05 10:00:00
2021-01-05 11:00:00+00:00,8.25755,58.06698,6.5,306.308018901293,0.24950627690987598,0.265167736738202,0.0138614598283264,6.12016037802586,0.0924097321888428,0.00462048660944214,No (reported postion),cruise,2021-01-05 11:00:00
2021-01-05 12:00:00+00:00,8.41457,58.14965,8.0,534.9728745651779,0.437164365144675,0.46325127431937896,0.0242869091747041,10.6934574913036,0.161912727831361,0.00809563639156805,No (reported postion),cruise,2021-01-05 12:00:00
2021-01-05 13:00:00+00:00,8.6022683333,58.2369916667,8.0,534.9728745651779,0.437164365144675,0.46325127431937896,0.0242869091747041,10.6934574913036,0.161912727831361,0.00809563639156805,No (reported postion),cruise,2021-01-05 13:00:00
2021-01-05 14:00:00+00:00,8.7537466667,58.3123366667,6.8,344.65435659234,0.280975915744473,0.29838568884138905,0.0156097730969152,6.887087131846799,0.104065153979435,0.00520325769897173,No (reported postion),cruise,2021-01-05 14:00:00
2021-01-05 15:00:00+00:00,8.8973716667,58.40221,6.8,344.65435659234,0.280975915744473,0.29838568884138905,0.0156097730969152,6.887087131846799,0.104065153979435,0.00520325769897173,No (reported postion),cruise,2021-01-05 15:00:00
2021-01-05 16:00:00+00:00,9.0747333333,58.49921,8.7,676.100151444908,0.552983103009499,0.585504386510027,0.0307212835005277,13.516003028898199,0.204808556670185,0.010240427833509199,No (reported postion),cruise,2021-01-05 16:00:00
2021-01-05 17:00:00+00:00,9.267585,58.5978166667,8.5,633.350540219414,0.517899835438425,0.5484720485183371,0.0287722130799125,12.6610108043883,0.19181475386608302,0.009590737693304159,No (reported postion),cruise,2021-01-05 17:00:00
2021-01-05 18:00:00+00:00,9.4431416667,58.7033533333,8.6,654.476812782087,0.5352375059305879,0.566772922926732,0.0297354169961438,13.0835362556417,0.198236113307625,0.00991180566538127,No (reported postion),cruise,2021-01-05 18:00:00
2021-01-05 19:00:00+00:00,9.628885,58.8140066667,9.0,744.0103624179969,0.608714887090758,0.644332380818022,0.0338174937272643,14.8742072483599,0.225449958181762,0.011272497909088101,No (reported postion),cruise,2021-01-05 19:00:00
2021-01-05 20:00:00+00:00,9.7727483333,58.9476733333,9.8,948.4162731206029,0.776464418670404,0.821401330818759,0.0431369121483558,18.9623254624121,0.287579414322372,0.0143789707161186,No (reported postion),cruise,2021-01-05 20:00:00
2021-01-05 21:00:00+00:00,9.6497183333,59.0655916667,9.4,841.866879312195,0.689022666912743,0.729101703963451,0.038279037050707995,16.831337586243897,0.255193580338053,0.0127596790169027,No (reported postion),cruise,2021-01-05 21:00:00
2021-01-05 22:00:00+00:00,9.5716566667,59.1198433333,0.0,41.76,0.0324,0.036,0.0018,0.8292,0.012,0.0006,No (reported postion),anchor,2021-01-05 22:00:00
2021-01-05 23:00:00+00:00,9.5716766667,59.1198533333,0.0,41.76,0.0324,0.036,0.0018,0.8292,0.012,0.0006,No (reported postion),anchor,2021-01-05 23:00:00
2021-01-06 00:00:00+00:00,9.5716883333,59.119845,0.0,41.76,0.0324,0.036,0.0018,0.8292,0.012,0.0006,No (reported postion),anchor,2021-01-06 00:00:00
2021-01-06 01:00:00+00:00,9.5716866667,59.1198516667,0.0,41.76,0.0324,0.036,0.0018,0.8292,0.012,0.0006,No (reported postion),anchor,2021-01-06 01:00:00
2021-01-06 02:00:00+00:00,9.571685,59.1198583333,0.0,41.76,0.0324,0.036,0.0018,0.8292,0.012,0.0006,No (reported postion),anchor,2021-01-06 02:00:00
2021-01-06 03:00:00+00:00,9.5716766667,59.1198683333,0.0,41.76,0.0324,0.036,0.0018,0.8292,0.012,0.0006,No (reported postion),anchor,2021-01-06 03:00:00
2021-01-06 04:00:00+00:00,9.571695,59.1198516667,0.0,41.76,0.0324,0.036,0.0018,0.8292,0.012,0.0006,No (reported postion),anchor,2021-01-06 04:00:00
2021-01-06 05:00:00+00:00,9.57168,59.1198633333,0.0,41.76,0.0324,0.036,0.0018,0.8292,0.012,0.0006,No (reported postion),anchor,2021-01-06 05:00:00
2021-01-06 06:00:00+00:00,9.571665,59.1198633333,0.0,41.76,0.0324,0.036,0.0018,0.8292,0.012,0.0006,No (reported postion),anchor,2021-01-06 06:00:00
2021-01-06 07:00:00+00:00,9.571655,59.119845,0.0,41.76,0.0324,0.036,0.0018,0.8292,0.012,0.0006,No (reported postion),anchor,2021-01-06 07:00:00
2021-01-06 08:00:00+00:00,9.5716566667,59.1198266667,0.0,41.76,0.0324,0.036,0.0018,0.8292,0.012,0.0006,No (reported postion),anchor,2021-01-06 08:00:00
2021-01-06 09:00:00+00:00,9.57166,59.1198583333,0.0,41.76,0.0324,0.036,0.0018,0.8292,0.012,0.0006,No (reported postion),anchor,2021-01-06 09:00:00
2021-01-06 10:00:00+00:00,9.5716716667,59.1198733333,0.0,41.76,0.0324,0.036,0.0018,0.8292,0.012,0.0006,No (reported postion),anchor,2021-01-06 10:00:00
2021-01-06 11:00:00+00:00,9.5716716667,59.1198416667,0.0,41.76,0.0324,0.036,0.0018,0.8292,0.012,0.0006,No (reported postion),anchor,2021-01-06 11:00:00
2021-01-06 12:00:00+00:00,9.57165,59.1198533333,0.0,41.76,0.0324,0.036,0.0018,0.8292,0.012,0.0006,No (reported postion),anchor,2021-01-06 12:00:00
2021-01-06 13:00:00+00:00,9.57165,59.11984,0.0,41.76,0.0324,0.036,0.0018,0.8292,0.012,0.0006,No (reported postion),anchor,2021-01-06 13:00:00
2021-01-06 14:00:00+00:00,9.57166,59.11985,0.0,41.76,0.0324,0.036,0.0018,0.8292,0.012,0.0006,No (reported postion),anchor,2021-01-06 14:00:00
2021-01-06 15:00:00+00:00,9.5716716667,59.1198533333,0.0,41.76,0.0324,0.036,0.0018,0.8292,0.012,0.0006,No (reported postion),anchor,2021-01-06 15:00:00
2021-01-06 16:00:00+00:00,9.5716783333,59.11984,0.0,41.76,0.0324,0.036,0.0018,0.8292,0.012,0.0006,No (reported postion),anchor,2021-01-06 16:00:00
2021-01-06 17:00:00+00:00,9.5716716667,59.1198533333,0.0,41.76,0.0324,0.036,0.0018,0.8292,0.012,0.0006,No (reported postion),anchor,2021-01-06 17:00:00
2021-01-06 18:00:00+00:00,9.7228183333,59.0378666667,11.6,1009.6648399999999,0.8267291999999999,0.8744586000000001,0.0459294,20.1872968,0.306196,0.015309799999999998,No (reported postion),cruise,2021-01-06 18:00:00
2021-01-06 19:00:00+00:00,9.9700633333,58.928505,10.1,1009.6648399999999,0.8267291999999999,0.8744586000000001,0.0459294,20.1872968,0.306196,0.015309799999999998,No (reported postion),cruise,2021-01-06 19:00:00
2021-01-06 20:00:00+00:00,10.2724266667,58.9635783333,9.5,867.674820957655,0.710202436652179,0.7514581275773,0.039455690925120995,17.3474964191531,0.263037939500807,0.0131518969750403,No (reported postion),cruise,2021-01-06 20:00:00
2021-01-06 21:00:00+00:00,10.5783233333,59.0028416667,10.3,1009.6648399999999,0.8267291999999999,0.8744586000000001,0.0459294,20.1872968,0.306196,0.015309799999999998,No (reported postion),cruise,2021-01-06 21:00:00
2021-01-06 22:00:00+00:00,10.9073116667,59.0199883333,10.5,1009.6648399999999,0.8267291999999999,0.8744586000000001,0.0459294,20.1872968,0.306196,0.015309799999999998,No (reported postion),cruise,2021-01-06 22:00:00
2021-01-06 23:00:00+00:00,10.9644966667,59.14391,8.9,720.86114642449,0.5897170502571799,0.624279108604801,0.0327620583476211,14.411222928489801,0.218413722317474,0.0109206861158737,No (reported postion),cruise,2021-01-06 23:00:00
2021-01-07 00:00:00+00:00,11.0200266667,59.255765,7.6,464.628388330319,0.379434847565916,0.40231456131957705,0.021079713753661997,9.286567766606389,0.14053142502441301,0.00702657125122066,No (reported postion),cruise,2021-01-07 00:00:00
2021-01-07 01:00:00+00:00,11.083335,59.2680333333,0.0,41.76,0.0324,0.036,0.0018,0.8292,0.012,0.0006,No (reported postion),anchor,2021-01-07 01:00:00
2021-01-07 02:00:00+00:00,11.0833433333,59.2680316667,0.0,41.76,0.0324,0.036,0.0018,0.8292,0.012,0.0006,No (reported postion),anchor,2021-01-07 02:00:00
2021-01-07 03:00:00+00:00,11.08337,59.2680233333,0.0,41.76,0.0324,0.036,0.0018,0.8292,0.012,0.0006,No (reported postion),anchor,2021-01-07 03:00:00
2021-01-07 04:00:00+00:00,11.08336,59.2680416667,0.0,41.76,0.0324,0.036,0.0018,0.8292,0.012,0.0006,No (reported postion),anchor,2021-01-07 04:00:00
2021-01-07 05:00:00+00:00,11.0833383333,59.26802,0.0,41.76,0.0324,0.036,0.0018,0.8292,0.012,0.0006,No (reported postion),anchor,2021-01-07 05:00:00
2021-01-07 06:00:00+00:00,11.083335,59.26803,0.0,41.76,0.0324,0.036,0.0018,0.8292,0.012,0.0006,No (reported postion),anchor,2021-01-07 06:00:00
2021-01-07 07:00:00+00:00,11.0833316667,59.2680383333,0.0,41.76,0.0324,0.036,0.0018,0.8292,0.012,0.0006,No (reported postion),anchor,2021-01-07 07:00:00
2021-01-07 08:00:00+00:00,11.0833466667,59.2680183333,0.0,41.76,0.0324,0.036,0.0018,0.8292,0.012,0.0006,No (reported postion),anchor,2021-01-07 08:00:00
2021-01-07 09:00:00+00:00,11.0833133333,59.2680583333,0.0,41.76,0.0324,0.036,0.0018,0.8292,0.012,0.0006,No (reported postion),anchor,2021-01-07 09:00:00
2021-01-07 10:00:00+00:00,11.0833333333,59.268045,0.0,41.76,0.0324,0.036,0.0018,0.8292,0.012,0.0006,No (reported postion),anchor,2021-01-07 10:00:00
2021-01-07 11:00:00+00:00,11.0833533333,59.26803,0.0,41.76,0.0324,0.036,0.0018,0.8292,0.012,0.0006,No (reported postion),anchor,2021-01-07 11:00:00
2021-01-07 12:00:00+00:00,11.083845,59.2680016667,0.0,41.76,0.0324,0.036,0.0018,0.8292,0.012,0.0006,No (reported postion),anchor,2021-01-07 12:00:00
2021-01-07 13:00:00+00:00,11.083835,59.2680333333,0.0,41.76,0.0324,0.036,0.0018,0.8292,0.012,0.0006,No (reported postion),anchor,2021-01-07 13:00:00
2021-01-07 14:00:00+00:00,11.083845,59.2680516667,0.0,41.76,0.0324,0.036,0.0018,0.8292,0.012,0.0006,No (reported postion),anchor,2021-01-07 14:00:00
2021-01-07 15:00:00+00:00,11.0838566667,59.2680316667,0.0,41.76,0.0324,0.036,0.0018,0.8292,0.012,0.0006,No (reported postion),anchor,2021-01-07 15:00:00
2021-01-07 16:00:00+00:00,11.0838266667,59.2680266667,0.0,41.76,0.0324,0.036,0.0018,0.8292,0.012,0.0006,No (reported postion),anchor,2021-01-07 16:00:00
2021-01-07 17:00:00+00:00,11.083805,59.267965,0.0,41.76,0.0324,0.036,0.0018,0.8292,0.012,0.0006,No (reported postion),anchor,2021-01-07 17:00:00
2021-01-07 18:00:00+00:00,11.0838216667,59.2680583333,0.0,41.76,0.0324,0.036,0.0018,0.8292,0.012,0.0006,No (reported postion),anchor,2021-01-07 18:00:00
2021-01-07 19:00:00+00:00,11.0837416667,59.2680183333,0.0,41.76,0.0324,0.036,0.0018,0.8292,0.012,0.0006,No (reported postion),anchor,2021-01-07 19:00:00
2021-01-07 20:00:00+00:00,11.0138316667,59.2490916667,7.7,481.54115871848495,0.393314628735535,0.416965441443065,0.0218508127075297,9.6248231743697,0.145672084716865,0.00728360423584324,No (reported postion),cruise,2021-01-07 20:00:00
2021-01-07 21:00:00+00:00,10.9695433333,59.074525,10.4,1009.6648399999999,0.8267291999999999,0.8744586000000001,0.0459294,20.1872968,0.306196,0.015309799999999998,No (reported postion),cruise,2021-01-07 21:00:00
2021-01-07 22:00:00+00:00,10.82763,59.02603,9.7,920.943738023485,0.753918569198605,0.797602934154083,0.041884364955477996,18.4128747604697,0.279229099703187,0.0139614549851593,No (reported postion),cruise,2021-01-07 22:00:00
2021-01-07 23:00:00+00:00,10.5504016667,58.9467333333,10.0,1009.6648399999999,0.8267291999999999,0.8744586000000001,0.0459294,20.1872968,0.306196,0.015309799999999998,No (reported postion),cruise,2021-01-07 23:00:00
2021-01-08 00:00:00+00:00,10.293415,58.8475133333,10.0,1009.6648399999999,0.8267291999999999,0.8744586000000001,0.0459294,20.1872968,0.306196,0.015309799999999998,No (reported postion),cruise,2021-01-08 00:00:00
2021-01-08 01:00:00+00:00,10.0380733333,58.75213,9.8,989.627921898812,0.8102855286099669,0.857101391310521,0.045015862700553695,19.7865584379762,0.30010575133702505,0.0150052875668512,No (reported postion),cruise,2021-01-08 01:00:00
2021-01-08 02:00:00+00:00,9.777445,58.6599283333,10.1,1009.6648399999999,0.8267291999999999,0.8744586000000001,0.0459294,20.1872968,0.306196,0.015309799999999998,No (reported postion),cruise,2021-01-08 02:00:00
2021-01-08 03:00:00+00:00,9.5157683333,58.547165,10.9,1009.6648399999999,0.8267291999999999,0.8744586000000001,0.0459294,20.1872968,0.306196,0.015309799999999998,No (reported postion),cruise,2021-01-08 03:00:00
2021-01-08 04:00:00+00:00,9.228555,58.4477,10.7,1009.6648399999999,0.8267291999999999,0.8744586000000001,0.0459294,20.1872968,0.306196,0.015309799999999998,No (reported postion),cruise,2021-01-08 04:00:00
2021-01-08 05:00:00+00:00,8.96977,58.3391883333,10.5,1009.6648399999999,0.8267291999999999,0.8744586000000001,0.0459294,20.1872968,0.306196,0.015309799999999998,No (reported postion),cruise,2021-01-08 05:00:00
2021-01-08 06:00:00+00:00,8.7082083333,58.2361216667,10.9,1009.6648399999999,0.8267291999999999,0.8744586000000001,0.0459294,20.1872968,0.306196,0.015309799999999998,No (reported postion),cruise,2021-01-08 06:00:00
2021-01-08 07:00:00+00:00,8.41631,58.122455,11.7,1009.6648399999999,0.8267291999999999,0.8744586000000001,0.0459294,20.1872968,0.306196,0.015309799999999998,No (reported postion),cruise,2021-01-08 07:00:00
2021-01-08 08:00:00+00:00,8.1113866667,58.03253,10.7,1009.6648399999999,0.8267291999999999,0.8744586000000001,0.0459294,20.1872968,0.306196,0.015309799999999998,No (reported postion),cruise,2021-01-08 08:00:00
2021-01-08 09:00:00+00:00,7.7902733333,57.97528,10.1,1009.6648399999999,0.8267291999999999,0.8744586000000001,0.0459294,20.1872968,0.306196,0.015309799999999998,No (reported postion),cruise,2021-01-08 09:00:00
2021-01-08 10:00:00+00:00,7.47162,57.920405,10.7,1009.6648399999999,0.8267291999999999,0.8744586000000001,0.0459294,20.1872968,0.306196,0.015309799999999998,No (reported postion),cruise,2021-01-08 10:00:00
2021-01-08 11:00:00+00:00,7.1265283333,57.931625,11.2,1009.6648399999999,0.8267291999999999,0.8744586000000001,0.0459294,20.1872968,0.306196,0.015309799999999998,No (reported postion),cruise,2021-01-08 11:00:00
2021-01-08 12:00:00+00:00,6.7937383333,57.98066,10.8,1009.6648399999999,0.8267291999999999,0.8744586000000001,0.0459294,20.1872968,0.306196,0.015309799999999998,No (reported postion),cruise,2021-01-08 12:00:00
2021-01-08 13:00:00+00:00,6.4987483333,58.06832,10.9,1009.6648399999999,0.8267291999999999,0.8744586000000001,0.0459294,20.1872968,0.306196,0.015309799999999998,No (reported postion),cruise,2021-01-08 13:00:00
2021-01-08 14:00:00+00:00,6.25435,58.1881616667,10.3,1009.6648399999999,0.8267291999999999,0.8744586000000001,0.0459294,20.1872968,0.306196,0.015309799999999998,No (reported postion),cruise,2021-01-08 14:00:00
2021-01-08 15:00:00+00:00,6.021285,58.2975116667,9.8,948.4162731206029,0.776464418670404,0.821401330818759,0.0431369121483558,18.9623254624121,0.287579414322372,0.0143789707161186,No (reported postion),cruise,2021-01-08 15:00:00
2021-01-08 16:00:00+00:00,5.8070666667,58.401235,8.9,720.86114642449,0.5897170502571799,0.624279108604801,0.0327620583476211,14.411222928489801,0.218413722317474,0.0109206861158737,No (reported postion),cruise,2021-01-08 16:00:00
2021-01-08 17:00:00+00:00,5.618375,58.5133683333,9.0,744.0103624179969,0.608714887090758,0.644332380818022,0.0338174937272643,14.8742072483599,0.225449958181762,0.011272497909088101,No (reported postion),cruise,2021-01-08 17:00:00
2021-01-08 18:00:00+00:00,5.4777616667,58.6567983333,9.1,767.679763865147,0.6281396238406981,0.664836269609626,0.034896645768927696,15.3475952773029,0.232644305126185,0.0116322152563092,No (reported postion),cruise,2021-01-08 18:00:00
2021-01-08 19:00:00+00:00,5.4497433333,58.7994333333,8.8,698.2263360462521,0.571141370007562,0.6046714461190931,0.031730076111531204,13.958526720924999,0.21153384074354198,0.0105766920371771,No (reported postion),cruise,2021-01-08 19:00:00
2021-01-08 20:00:00+00:00,5.5485383333,58.9440866667,9.6,894.031847248627,0.731832822969998,0.774290202023887,0.040657379053888804,17.874636944972497,0.271049193692592,0.0135524596846296,No (reported postion),cruise,2021-01-08 20:00:00
2021-01-08 21:00:00+00:00,5.5262633333,59.0994466667,8.6,654.476812782087,0.5352375059305879,0.566772922926732,0.0297354169961438,13.0835362556417,0.198236113307625,0.00991180566538127,No (reported postion),cruise,2021-01-08 21:00:00
2021-01-08 22:00:00+00:00,5.3484283333,59.22622,10.1,1009.6648399999999,0.8267291999999999,0.8744586000000001,0.0459294,20.1872968,0.306196,0.015309799999999998,No (reported postion),cruise,2021-01-08 22:00:00
2021-01-08 23:00:00+00:00,5.283115,59.3900083333,10.0,1005.06639563511,0.8229554006731931,0.870475145155037,0.045719744481844,20.095327912702302,0.304798296545627,0.0152399148272813,No (reported postion),cruise,2021-01-08 23:00:00
2021-01-09 00:00:00+00:00,5.2136466667,59.5442316667,9.7,920.943738023485,0.753918569198605,0.797602934154083,0.041884364955477996,18.4128747604697,0.279229099703187,0.0139614549851593,No (reported postion),cruise,2021-01-09 00:00:00
2021-01-09 01:00:00+00:00,5.407105,59.687675,10.7,1009.6648399999999,0.8267291999999999,0.8744586000000001,0.0459294,20.1872968,0.306196,0.015309799999999998,No (reported postion),cruise,2021-01-09 01:00:00
2021-01-09 02:00:00+00:00,5.5517633333,59.8317033333,9.8,948.4162731206029,0.776464418670404,0.821401330818759,0.0431369121483558,18.9623254624121,0.287579414322372,0.0143789707161186,No (reported postion),cruise,2021-01-09 02:00:00
2021-01-09 03:00:00+00:00,5.3995616667,59.9656283333,9.8,948.4162731206029,0.776464418670404,0.821401330818759,0.0431369121483558,18.9623254624121,0.287579414322372,0.0143789707161186,No (reported postion),cruise,2021-01-09 03:00:00
2021-01-09 04:00:00+00:00,5.30279,60.1214516667,9.5,867.674820957655,0.710202436652179,0.7514581275773,0.039455690925120995,17.3474964191531,0.263037939500807,0.0131518969750403,No (reported postion),cruise,2021-01-09 04:00:00
2021-01-09 05:00:00+00:00,5.1603066667,60.268585,9.5,867.674820957655,0.710202436652179,0.7514581275773,0.039455690925120995,17.3474964191531,0.263037939500807,0.0131518969750403,No (reported postion),cruise,2021-01-09 05:00:00
2021-01-09 06:00:00+00:00,5.2472466667,60.4032833333,10.0,1005.06639563511,0.8229554006731931,0.870475145155037,0.045719744481844,20.095327912702302,0.304798296545627,0.0152399148272813,No (reported postion),cruise,2021-01-09 06:00:00
2021-01-09 07:00:00+00:00,5.34767,60.519305,9.1,767.679763865147,0.6281396238406981,0.664836269609626,0.034896645768927696,15.3475952773029,0.232644305126185,0.0116322152563092,No (reported postion),cruise,2021-01-09 07:00:00
2021-01-09 08:00:00+00:00,5.5697816667,60.4315566667,9.3,816.602242473872,0.668288770419288,0.70721592433147,0.037127153912182596,16.326044849477498,0.247514359414551,0.0123757179707275,No (reported postion),cruise,2021-01-09 08:00:00
2021-01-09 09:00:00+00:00,5.7363933333,60.4750666667,0.0,41.76,0.0324,0.036,0.0018,0.8292,0.012,0.0006,No (reported postion),anchor,2021-01-09 09:00:00
2021-01-09 10:00:00+00:00,5.7362816667,60.4750516667,0.0,41.76,0.0324,0.036,0.0018,0.8292,0.012,0.0006,No (reported postion),anchor,2021-01-09 10:00:00
2021-01-09 11:00:00+00:00,5.73631,60.47495,0.1,41.760963306395595,0.0324076683873865,0.036000834475145196,0.00180020334841695,0.8292892021722359,0.0120021344995818,0.000600310073396042,No (reported postion),anchor,2021-01-09 11:00:00
2021-01-09 12:00:00+00:00,5.7362833333,60.47496,0.1,41.760963306395595,0.0324076683873865,0.036000834475145196,0.00180020334841695,0.8292892021722359,0.0120021344995818,0.000600310073396042,No (reported postion),anchor,2021-01-09 12:00:00
2021-01-09 13:00:00+00:00,5.7363183333,60.4750083333,0.2,41.7677064511651,0.0324613470990922,0.0360066758011612,0.00180162678733561,0.829913617377887,0.012017075996654499,0.000602480587168335,No (reported postion),anchor,2021-01-09 13:00:00
2021-01-09 14:00:00+00:00,5.736485,60.4751533333,0.0,41.76,0.0324,0.036,0.0018,0.8292,0.012,0.0006,No (reported postion),anchor,2021-01-09 14:00:00
2021-01-09 15:00:00+00:00,5.7365716667,60.4751883333,0.2,41.7677064511651,0.0324613470990922,0.0360066758011612,0.00180162678733561,0.829913617377887,0.012017075996654499,0.000602480587168335,No (reported postion),anchor,2021-01-09 15:00:00
2021-01-09 16:00:00+00:00,5.7364533333,60.4751333333,0.0,41.76,0.0324,0.036,0.0018,0.8292,0.012,0.0006,No (reported postion),anchor,2021-01-09 16:00:00
2021-01-09 17:00:00+00:00,5.7364933333,60.4751533333,0.0,41.76,0.0324,0.036,0.0018,0.8292,0.012,0.0006,No (reported postion),anchor,2021-01-09 17:00:00
2021-01-09 18:00:00+00:00,5.7365033333,60.4751666667,0.0,41.76,0.0324,0.036,0.0018,0.8292,0.012,0.0006,No (reported postion),anchor,2021-01-09 18:00:00
2021-01-09 19:00:00+00:00,5.7364783333,60.4751783333,0.1,41.760963306395595,0.0324076683873865,0.036000834475145196,0.00180020334841695,0.8292892021722359,0.0120021344995818,0.000600310073396042,No (reported postion),anchor,2021-01-09 19:00:00
2021-01-09 20:00:00+00:00,5.7364816667,60.4751466667,0.0,41.76,0.0324,0.036,0.0018,0.8292,0.012,0.0006,No (reported postion),anchor,2021-01-09 20:00:00
2021-01-09 21:00:00+00:00,5.7366166667,60.4751783333,0.1,41.760963306395595,0.0324076683873865,0.036000834475145196,0.00180020334841695,0.8292892021722359,0.0120021344995818,0.000600310073396042,No (reported postion),anchor,2021-01-09 21:00:00
2021-01-09 22:00:00+00:00,5.7364666667,60.4751433333,0.0,41.76,0.0324,0.036,0.0018,0.8292,0.012,0.0006,No (reported postion),anchor,2021-01-09 22:00:00
2021-01-09 23:00:00+00:00,5.73657,60.475165,0.0,41.76,0.0324,0.036,0.0018,0.8292,0.012,0.0006,No (reported postion),anchor,2021-01-09 23:00:00
2021-01-10 00:00:00+00:00,5.73658,60.4752116667,0.0,41.76,0.0324,0.036,0.0018,0.8292,0.012,0.0006,No (reported postion),anchor,2021-01-10 00:00:00
2021-01-10 01:00:00+00:00,5.7365475,60.475185,0.0,41.76,0.0324,0.036,0.0018,0.8292,0.012,0.0006,Linear (small gap),anchor,2021-01-10 01:00:00
2021-01-10 02:00:00+00:00,5.736515,60.4751583333,0.0,41.76,0.0324,0.036,0.0018,0.8292,0.012,0.0006,No (reported postion),anchor,2021-01-10 02:00:00
2021-01-10 03:00:00+00:00,5.7364925,60.475145,0.0,41.76,0.0324,0.036,0.0018,0.8292,0.012,0.0006,Linear (small gap),anchor,2021-01-10 03:00:00
2021-01-10 04:00:00+00:00,5.73647,60.4751316667,0.0,41.76,0.0324,0.036,0.0018,0.8292,0.012,0.0006,No (reported postion),anchor,2021-01-10 04:00:00
2021-01-10 05:00:00+00:00,5.7364783333,60.47514,0.0,41.76,0.0324,0.036,0.0018,0.8292,0.012,0.0006,No (reported postion),anchor,2021-01-10 05:00:00
2021-01-10 06:00:00+00:00,5.7364883333,60.475155,0.0,41.76,0.0324,0.036,0.0018,0.8292,0.012,0.0006,No (reported postion),anchor,2021-01-10 06:00:00
2021-01-10 07:00:00+00:00,5.7365,60.4751516667,0.1,41.760963306395595,0.0324076683873865,0.036000834475145196,0.00180020334841695,0.8292892021722359,0.0120021344995818,0.000600310073396042,No (reported postion),anchor,2021-01-10 07:00:00
2021-01-10 08:00:00+00:00,5.7365183333,60.47514,0.0,41.76,0.0324,0.036,0.0018,0.8292,0.012,0.0006,No (reported postion),anchor,2021-01-10 08:00:00
2021-01-10 09:00:00+00:00,5.73649,60.475155,0.0,41.76,0.0324,0.036,0.0018,0.8292,0.012,0.0006,No (reported postion),anchor,2021-01-10 09:00:00
2021-01-10 10:00:00+00:00,5.73647277776667,60.4751383333333,0.0,41.76,0.0324,0.036,0.0018,0.8292,0.012,0.0006,Linear (small gap),anchor,2021-01-10 10:00:00
2021-01-10 11:00:00+00:00,5.73645555553333,60.4751216666667,0.0,41.76,0.0324,0.036,0.0018,0.8292,0.012,0.0006,Linear (small gap),anchor,2021-01-10 11:00:00
2021-01-10 12:00:00+00:00,5.7364383333,60.475105,0.0,41.76,0.0324,0.036,0.0018,0.8292,0.012,0.0006,No (reported postion),anchor,2021-01-10 12:00:00
2021-01-10 13:00:00+00:00,5.7363833333,60.4751066667,0.0,41.76,0.0324,0.036,0.0018,0.8292,0.012,0.0006,No (reported postion),anchor,2021-01-10 13:00:00
2021-01-10 14:00:00+00:00,5.736375,60.4751116667,0.0,41.76,0.0324,0.036,0.0018,0.8292,0.012,0.0006,No (reported postion),anchor,2021-01-10 14:00:00
2021-01-10 15:00:00+00:00,5.7365583333,60.47516,0.0,41.76,0.0324,0.036,0.0018,0.8292,0.012,0.0006,No (reported postion),anchor,2021-01-10 15:00:00
2021-01-10 16:00:00+00:00,5.73653,60.4751183333,0.0,41.76,0.0324,0.036,0.0018,0.8292,0.012,0.0006,No (reported postion),anchor,2021-01-10 16:00:00
2021-01-10 17:00:00+00:00,5.7365016667,60.4751483333,0.0,41.76,0.0324,0.036,0.0018,0.8292,0.012,0.0006,No (reported postion),anchor,2021-01-10 17:00:00
2021-01-10 18:00:00+00:00,5.7365083333,60.4751433333,0.0,41.76,0.0324,0.036,0.0018,0.8292,0.012,0.0006,No (reported postion),anchor,2021-01-10 18:00:00
2021-01-10 19:00:00+00:00,5.73651,60.4750883333,0.0,41.76,0.0324,0.036,0.0018,0.8292,0.012,0.0006,No (reported postion),anchor,2021-01-10 19:00:00
2021-01-10 20:00:00+00:00,5.73647,60.4751566667,0.0,41.76,0.0324,0.036,0.0018,0.8292,0.012,0.0006,No (reported postion),anchor,2021-01-10 20:00:00
2021-01-10 21:00:00+00:00,5.7365266667,60.4751516667,0.0,41.76,0.0324,0.036,0.0018,0.8292,0.012,0.0006,No (reported postion),anchor,2021-01-10 21:00:00
2021-01-10 22:00:00+00:00,5.73655,60.47517,0.0,41.76,0.0324,0.036,0.0018,0.8292,0.012,0.0006,No (reported postion),anchor,2021-01-10 22:00:00
2021-01-10 23:00:00+00:00,5.7365566667,60.47516,0.0,41.76,0.0324,0.036,0.0018,0.8292,0.012,0.0006,No (reported postion),anchor,2021-01-10 23:00:00
2021-01-11 00:00:00+00:00,5.736495,60.4751616667,0.0,41.76,0.0324,0.036,0.0018,0.8292,0.012,0.0006,No (reported postion),anchor,2021-01-11 00:00:00
2021-01-11 01:00:00+00:00,5.736485,60.4751433333,0.0,41.76,0.0324,0.036,0.0018,0.8292,0.012,0.0006,No (reported postion),anchor,2021-01-11 01:00:00
2021-01-11 02:00:00+00:00,5.7365033333,60.4751533333,0.0,41.76,0.0324,0.036,0.0018,0.8292,0.012,0.0006,No (reported postion),anchor,2021-01-11 02:00:00
2021-01-11 03:00:00+00:00,5.73641,60.4751733333,0.0,41.76,0.0324,0.036,0.0018,0.8292,0.012,0.0006,No (reported postion),anchor,2021-01-11 03:00:00
2021-01-11 04:00:00+00:00,5.7365216667,60.47517,0.0,41.76,0.0324,0.036,0.0018,0.8292,0.012,0.0006,No (reported postion),anchor,2021-01-11 04:00:00
2021-01-11 05:00:00+00:00,5.7365083333,60.4751583333,0.1,41.760963306395595,0.0324076683873865,0.036000834475145196,0.00180020334841695,0.8292892021722359,0.0120021344995818,0.000600310073396042,No (reported postion),anchor,2021-01-11 05:00:00
2021-01-11 06:00:00+00:00,5.7364816667,60.4751666667,0.0,41.76,0.0324,0.036,0.0018,0.8292,0.012,0.0006,No (reported postion),anchor,2021-01-11 06:00:00
2021-01-11 07:00:00+00:00,5.7363816667,60.4750316667,0.0,41.76,0.0324,0.036,0.0018,0.8292,0.012,0.0006,No (reported postion),anchor,2021-01-11 07:00:00
2021-01-11 08:00:00+00:00,5.73641,60.47504,0.0,41.76,0.0324,0.036,0.0018,0.8292,0.012,0.0006,No (reported postion),anchor,2021-01-11 08:00:00
2021-01-11 09:00:00+00:00,5.7363533333,60.4750783333,0.1,41.760963306395595,0.0324076683873865,0.036000834475145196,0.00180020334841695,0.8292892021722359,0.0120021344995818,0.000600310073396042,No (reported postion),anchor,2021-01-11 09:00:00
2021-01-11 10:00:00+00:00,5.4773333333,60.45198,10.8,1009.6648399999999,0.8267291999999999,0.8744586000000001,0.0459294,20.1872968,0.306196,0.015309799999999998,No (reported postion),cruise,2021-01-11 10:00:00
2021-01-11 11:00:00+00:00,5.2074083333,60.566375,10.7,1009.6648399999999,0.8267291999999999,0.8744586000000001,0.0459294,20.1872968,0.306196,0.015309799999999998,No (reported postion),cruise,2021-01-11 11:00:00
2021-01-11 12:00:00+00:00,4.8865383333,60.659165,10.9,1009.6648399999999,0.8267291999999999,0.8744586000000001,0.0459294,20.1872968,0.306196,0.015309799999999998,No (reported postion),cruise,2021-01-11 12:00:00
2021-01-11 13:00:00+00:00,4.741425,60.81563,10.2,1009.6648399999999,0.8267291999999999,0.8744586000000001,0.0459294,20.1872968,0.306196,0.015309799999999998,No (reported postion),cruise,2021-01-11 13:00:00
2021-01-11 14:00:00+00:00,5.0438666667,60.8458633333,2.3,53.4805489156924,0.12570126933191,0.046153059091101296,0.004274140189042061,1.9145228295931198,0.037970456411975,0.0043726630096408104,No (reported postion),anchor,2021-01-11 14:00:00
2021-01-11 15:00:00+00:00,5.0352266667,60.8551866667,0.0,41.76,0.0324,0.036,0.0018,0.8292,0.012,0.0006,No (reported postion),anchor,2021-01-11 15:00:00
2021-01-11 16:00:00+00:00,5.0352283333,60.8551683333,0.0,41.76,0.0324,0.036,0.0018,0.8292,0.012,0.0006,No (reported postion),anchor,2021-01-11 16:00:00
2021-01-11 17:00:00+00:00,5.03523,60.8551883333,0.0,41.76,0.0324,0.036,0.0018,0.8292,0.012,0.0006,No (reported postion),anchor,2021-01-11 17:00:00
2021-01-11 18:00:00+00:00,5.03531,60.8550233333,0.0,41.76,0.0324,0.036,0.0018,0.8292,0.012,0.0006,No (reported postion),anchor,2021-01-11 18:00:00
2021-01-11 19:00:00+00:00,5.035365,60.8549416667,0.0,41.76,0.0324,0.036,0.0018,0.8292,0.012,0.0006,No (reported postion),anchor,2021-01-11 19:00:00
2021-01-11 20:00:00+00:00,5.000765,60.8400916667,10.0,1005.06639563511,0.8229554006731931,0.870475145155037,0.045719744481844,20.095327912702302,0.304798296545627,0.0152399148272813,No (reported postion),cruise,2021-01-11 20:00:00
2021-01-11 21:00:00+00:00,4.7373166667,60.8040766667,10.1,1009.6648399999999,0.8267291999999999,0.8744586000000001,0.0459294,20.1872968,0.306196,0.015309799999999998,No (reported postion),cruise,2021-01-11 21:00:00
2021-01-11 22:00:00+00:00,4.85928,60.6444266667,10.1,1009.6648399999999,0.8267291999999999,0.8744586000000001,0.0459294,20.1872968,0.306196,0.015309799999999998,No (reported postion),cruise,2021-01-11 22:00:00
2021-01-11 23:00:00+00:00,4.9770466667,60.489535,9.7,920.943738023485,0.753918569198605,0.797602934154083,0.041884364955477996,18.4128747604697,0.279229099703187,0.0139614549851593,No (reported postion),cruise,2021-01-11 23:00:00
2021-01-12 00:00:00+00:00,5.206275,60.39121,9.3,816.602242473872,0.668288770419288,0.70721592433147,0.037127153912182596,16.326044849477498,0.247514359414551,0.0123757179707275,No (reported postion),cruise,2021-01-12 00:00:00
2021-01-12 01:00:00+00:00,5.2343566667,60.3960783333,0.0,41.76,0.0324,0.036,0.0018,0.8292,0.012,0.0006,No (reported postion),anchor,2021-01-12 01:00:00
2021-01-12 02:00:00+00:00,5.23438,60.3960833333,0.0,41.76,0.0324,0.036,0.0018,0.8292,0.012,0.0006,No (reported postion),anchor,2021-01-12 02:00:00
2021-01-12 03:00:00+00:00,5.1943366667,60.325365,9.3,816.602242473872,0.668288770419288,0.70721592433147,0.037127153912182596,16.326044849477498,0.247514359414551,0.0123757179707275,No (reported postion),cruise,2021-01-12 03:00:00
2021-01-12 04:00:00+00:00,5.2168616667,60.1787716667,9.9,976.4552323783539,0.799475114717798,0.845690398868787,0.044415284150988804,19.5231046475671,0.296101894339925,0.014805094716996299,No (reported postion),cruise,2021-01-12 04:00:00
2021-01-12 05:00:00+00:00,5.323015,60.0225933333,10.5,1009.6648399999999,0.8267291999999999,0.8744586000000001,0.0459294,20.1872968,0.306196,0.015309799999999998,No (reported postion),cruise,2021-01-12 05:00:00
2021-01-12 06:00:00+00:00,5.520565,59.8984716667,10.1,1009.6648399999999,0.8267291999999999,0.8744586000000001,0.0459294,20.1872968,0.306196,0.015309799999999998,No (reported postion),cruise,2021-01-12 06:00:00
2021-01-12 07:00:00+00:00,5.4995533333,59.7460383333,9.4,841.866879312195,0.689022666912743,0.729101703963451,0.038279037050707995,16.831337586243897,0.255193580338053,0.0127596790169027,No (reported postion),cruise,2021-01-12 07:00:00
2021-01-12 08:00:00+00:00,5.2895116667,59.624155,9.8,948.4162731206029,0.776464418670404,0.821401330818759,0.0431369121483558,18.9623254624121,0.287579414322372,0.0143789707161186,No (reported postion),cruise,2021-01-12 08:00:00
2021-01-12 09:00:00+00:00,5.2133433333,59.4728533333,9.6,894.031847248627,0.731832822969998,0.774290202023887,0.040657379053888804,17.874636944972497,0.271049193692592,0.0135524596846296,No (reported postion),cruise,2021-01-12 09:00:00
2021-01-12 10:00:00+00:00,5.3275733333,59.31186,10.4,1009.6648399999999,0.8267291999999999,0.8744586000000001,0.0459294,20.1872968,0.306196,0.015309799999999998,No (reported postion),cruise,2021-01-12 10:00:00
2021-01-12 11:00:00+00:00,5.3320466667,59.1441866667,9.8,948.4162731206029,0.776464418670404,0.821401330818759,0.0431369121483558,18.9623254624121,0.287579414322372,0.0143789707161186,No (reported postion),cruise,2021-01-12 11:00:00
2021-01-12 12:00:00+00:00,5.3148816667,58.98247,9.7,920.943738023485,0.753918569198605,0.797602934154083,0.041884364955477996,18.4128747604697,0.279229099703187,0.0139614549851593,No (reported postion),cruise,2021-01-12 12:00:00
2021-01-12 13:00:00+00:00,5.3578783333,58.81544,10.2,1009.6648399999999,0.8267291999999999,0.8744586000000001,0.0459294,20.1872968,0.306196,0.015309799999999998,No (reported postion),cruise,2021-01-12 13:00:00
2021-01-12 14:00:00+00:00,5.4698683333,58.6584933333,10.3,1009.6648399999999,0.8267291999999999,0.8744586000000001,0.0459294,20.1872968,0.306196,0.015309799999999998,No (reported postion),cruise,2021-01-12 14:00:00
2021-01-12 15:00:00+00:00,5.62439,58.5120133333,10.4,1009.6648399999999,0.8267291999999999,0.8744586000000001,0.0459294,20.1872968,0.306196,0.015309799999999998,No (reported postion),cruise,2021-01-12 15:00:00
2021-01-12 16:00:00+00:00,5.858985,58.389845,10.9,1009.6648399999999,0.8267291999999999,0.8744586000000001,0.0459294,20.1872968,0.306196,0.015309799999999998,No (reported postion),cruise,2021-01-12 16:00:00
2021-01-12 17:00:00+00:00,6.1051916667,58.25982,11.1,1009.6648399999999,0.8267291999999999,0.8744586000000001,0.0459294,20.1872968,0.306196,0.015309799999999998,No (reported postion),cruise,2021-01-12 17:00:00
2021-01-12 18:00:00+00:00,6.33115,58.1348533333,9.6,932.771476669019,0.7636252240140889,0.807848847570427,0.0424236235563382,18.6494295333804,0.282824157042255,0.0141412078521128,No (reported postion),cruise,2021-01-12 18:00:00
2021-01-12 19:00:00+00:00,6.560245,58.02749,9.8,948.4162731206029,0.776464418670404,0.821401330818759,0.0431369121483558,18.9623254624121,0.287579414322372,0.0143789707161186,No (reported postion),cruise,2021-01-12 19:00:00
2021-01-12 20:00:00+00:00,6.83052,57.9454716667,10.5,1009.6648399999999,0.8267291999999999,0.8744586000000001,0.0459294,20.1872968,0.306196,0.015309799999999998,No (reported postion),cruise,2021-01-12 20:00:00
2021-01-12 21:00:00+00:00,7.119365,57.90461,9.2,825.97127290451,0.675977640377562,0.715331953731871,0.037554313354309005,16.5134254580902,0.25036208902872703,0.012518104451436298,No (reported postion),cruise,2021-01-12 21:00:00
2021-01-12 22:00:00+00:00,7.4050733333,57.880285,9.1,800.6761167681079,0.655218697651639,0.693419736410063,0.036401038758424396,16.0075223353622,0.242673591722829,0.012133679586141501,No (reported postion),cruise,2021-01-12 22:00:00
2021-01-12 23:00:00+00:00,7.684315,57.858865,9.1,800.6761167681079,0.655218697651639,0.693419736410063,0.036401038758424396,16.0075223353622,0.242673591722829,0.012133679586141501,No (reported postion),cruise,2021-01-12 23:00:00
2021-01-13 00:00:00+00:00,7.9749733333,57.8399433333,9.8,989.627921898812,0.8102855286099669,0.857101391310521,0.045015862700553695,19.7865584379762,0.30010575133702505,0.0150052875668512,No (reported postion),cruise,2021-01-13 00:00:00
2021-01-13 01:00:00+00:00,8.2789133333,57.8372516667,9.7,960.906635206371,0.786714867798541,0.832221249342905,0.043706381544363404,19.212132704127402,0.29137587696242295,0.0145687938481211,No (reported postion),cruise,2021-01-13 01:00:00
2021-01-13 02:00:00+00:00,8.5809216667,57.8254083333,9.8,989.627921898812,0.8102855286099669,0.857101391310521,0.045015862700553695,19.7865584379762,0.30010575133702505,0.0150052875668512,No (reported postion),cruise,2021-01-13 02:00:00
2021-01-13 03:00:00+00:00,8.8749333333,57.8153733333,9.5,905.2164037284571,0.7410116383181871,0.7839789515580861,0.0411673132398993,18.0983280745691,0.27444875493266196,0.0137224377466331,No (reported postion),cruise,2021-01-13 03:00:00
2021-01-13 04:00:00+00:00,9.16073,57.8175333333,9.2,825.97127290451,0.675977640377562,0.715331953731871,0.037554313354309005,16.5134254580902,0.25036208902872703,0.012518104451436298,No (reported postion),cruise,2021-01-13 04:00:00
2021-01-13 05:00:00+00:00,9.4522733333,57.8287983333,9.5,905.2164037284571,0.7410116383181871,0.7839789515580861,0.0411673132398993,18.0983280745691,0.27444875493266196,0.0137224377466331,No (reported postion),cruise,2021-01-13 05:00:00
2021-01-13 06:00:00+00:00,9.7426233333,57.8147216667,8.8,728.065714957445,0.595629614098815,0.630520148215416,0.0330905341166008,14.5553142991489,0.220603560777339,0.011030178038866901,No (reported postion),cruise,2021-01-13 06:00:00
2021-01-13 07:00:00+00:00,10.0101883333,57.791665,8.4,638.668079096628,0.522263773118814,0.55307842718097,0.0290146540621563,12.767361581932601,0.193431027081042,0.0096715513540521,No (reported postion),cruise,2021-01-13 07:00:00
2021-01-13 08:00:00+00:00,10.27712,57.778035,8.4,638.668079096628,0.522263773118814,0.55307842718097,0.0290146540621563,12.767361581932601,0.193431027081042,0.0096715513540521,No (reported postion),cruise,2021-01-13 08:00:00
2021-01-13 09:00:00+00:00,10.5675083333,57.7743083333,9.8,948.4162731206029,0.776464418670404,0.821401330818759,0.0431369121483558,18.9623254624121,0.287579414322372,0.0143789707161186,No (reported postion),cruise,2021-01-13 09:00:00
2021-01-13 10:00:00+00:00,10.8394683333,57.7317066667,9.4,878.2353738263851,0.7188691517724131,0.760606326870881,0.0399371750984674,17.5587074765277,0.26624783398978297,0.0133123916994891,No (reported postion),cruise,2021-01-13 10:00:00
2021-01-13 11:00:00+00:00,11.04011,57.6298016667,8.4,638.668079096628,0.522263773118814,0.55307842718097,0.0290146540621563,12.767361581932601,0.193431027081042,0.0096715513540521,No (reported postion),cruise,2021-01-13 11:00:00
2021-01-13 12:00:00+00:00,11.2181733333,57.5257516667,8.2,597.038880782565,0.488099993347394,0.517016659644471,0.027116666297077402,11.9347776156513,0.18077777531384998,0.00903888876569248,No (reported postion),cruise,2021-01-13 12:00:00
2021-01-13 13:00:00+00:00,11.4078533333,57.4311,8.6,682.327576999455,0.558093756200161,0.590898964877947,0.0310052086777867,13.640551539989099,0.206701391185245,0.0103350695592622,No (reported postion),cruise,2021-01-13 13:00:00
2021-01-13 14:00:00+00:00,11.6155916667,57.3389616667,8.9,751.729380352875,0.615049643450688,0.6510190680868371,0.034169424636149304,15.0285876070575,0.227796164240996,0.0113898082120498,No (reported postion),cruise,2021-01-13 14:00:00
2021-01-13 15:00:00+00:00,11.823825,57.2386783333,9.5,905.2164037284571,0.7410116383181871,0.7839789515580861,0.0411673132398993,18.0983280745691,0.27444875493266196,0.0137224377466331,No (reported postion),cruise,2021-01-13 15:00:00
2021-01-13 16:00:00+00:00,11.9335616667,57.0915866667,9.8,989.627921898812,0.8102855286099669,0.857101391310521,0.045015862700553695,19.7865584379762,0.30010575133702505,0.0150052875668512,No (reported postion),cruise,2021-01-13 16:00:00
2021-01-13 17:00:00+00:00,12.0309116667,56.9342816667,9.9,1018.94137930464,0.8343421653867891,0.882494507908277,0.0463523425214883,20.3728275860929,0.309015616809922,0.015450780840496099,No (reported postion),cruise,2021-01-13 17:00:00
2021-01-13 18:00:00+00:00,12.0797983333,56.7736916667,9.7,960.906635206371,0.786714867798541,0.832221249342905,0.043706381544363404,19.212132704127402,0.29137587696242295,0.0145687938481211,No (reported postion),cruise,2021-01-13 18:00:00
2021-01-13 19:00:00+00:00,12.1419733333,56.6158933333,10.1,1009.6648399999999,0.8267291999999999,0.8744586000000001,0.0459294,20.1872968,0.306196,0.015309799999999998,No (reported postion),cruise,2021-01-13 19:00:00
2021-01-13 20:00:00+00:00,12.2101216667,56.45452,9.6,932.771476669019,0.7636252240140889,0.807848847570427,0.0424236235563382,18.6494295333804,0.282824157042255,0.0141412078521128,No (reported postion),cruise,2021-01-13 20:00:00
2021-01-13 21:00:00+00:00,12.2720683333,56.3017983333,9.5,905.2164037284571,0.7410116383181871,0.7839789515580861,0.0411673132398993,18.0983280745691,0.27444875493266196,0.0137224377466331,No (reported postion),cruise,2021-01-13 21:00:00
2021-01-13 22:00:00+00:00,12.4070183333,56.1658866667,9.6,894.031847248627,0.731832822969998,0.774290202023887,0.040657379053888804,17.874636944972497,0.271049193692592,0.0135524596846296,No (reported postion),cruise,2021-01-13 22:00:00
2021-01-13 23:00:00+00:00,12.6397483333,56.0502816667,10.1,1009.6648399999999,0.8267291999999999,0.8744586000000001,0.0459294,20.1872968,0.306196,0.015309799999999998,No (reported postion),cruise,2021-01-13 23:00:00
2021-01-14 00:00:00+00:00,12.667615,55.8739566667,9.7,920.943738023485,0.753918569198605,0.797602934154083,0.041884364955477996,18.4128747604697,0.279229099703187,0.0139614549851593,No (reported postion),cruise,2021-01-14 00:00:00
2021-01-14 01:00:00+00:00,12.6811,55.7068366667,10.4,1009.6648399999999,0.8267291999999999,0.8744586000000001,0.0459294,20.1872968,0.306196,0.015309799999999998,No (reported postion),cruise,2021-01-14 01:00:00
2021-01-14 02:00:00+00:00,12.69978,55.5323533333,10.2,1009.6648399999999,0.8267291999999999,0.8744586000000001,0.0459294,20.1872968,0.306196,0.015309799999999998,No (reported postion),cruise,2021-01-14 02:00:00
2021-01-14 03:00:00+00:00,12.64977,55.3711916667,9.6,932.771476669019,0.7636252240140889,0.807848847570427,0.0424236235563382,18.6494295333804,0.282824157042255,0.0141412078521128,No (reported postion),cruise,2021-01-14 03:00:00
2021-01-14 04:00:00+00:00,12.747165,55.24639,9.2,825.97127290451,0.675977640377562,0.715331953731871,0.037554313354309005,16.5134254580902,0.25036208902872703,0.012518104451436298,No (reported postion),cruise,2021-01-14 04:00:00
2021-01-14 05:00:00+00:00,12.9598466667,55.1535316667,9.2,825.97127290451,0.675977640377562,0.715331953731871,0.037554313354309005,16.5134254580902,0.25036208902872703,0.012518104451436298,No (reported postion),cruise,2021-01-14 05:00:00
2021-01-14 06:00:00+00:00,13.16431,55.056865,9.1,800.6761167681079,0.655218697651639,0.693419736410063,0.036401038758424396,16.0075223353622,0.242673591722829,0.012133679586141501,No (reported postion),cruise,2021-01-14 06:00:00
2021-01-14 07:00:00+00:00,13.3331116667,54.9467816667,8.7,704.933794692404,0.576645971328113,0.610481858624119,0.0320358872960063,14.0926758938481,0.213572581973375,0.0106786290986688,No (reported postion),cruise,2021-01-14 07:00:00
2021-01-14 08:00:00+00:00,13.46975,54.8180933333,9.1,800.6761167681079,0.655218697651639,0.693419736410063,0.036401038758424396,16.0075223353622,0.242673591722829,0.012133679586141501,No (reported postion),cruise,2021-01-14 08:00:00
2021-01-14 09:00:00+00:00,13.6134933333,54.68859,9.3,851.822344404503,0.697192805438346,0.73772573907381,0.0387329336354637,17.0304468880901,0.258219557569758,0.0129109778784879,No (reported postion),cruise,2021-01-14 09:00:00
2021-01-14 10:00:00+00:00,13.7352833333,54.5551183333,9.2,791.875130604314,0.6479960038394069,0.685795781830485,0.035999777991078195,15.8315026120863,0.239998519940521,0.0119999259970261,No (reported postion),cruise,2021-01-14 10:00:00
2021-01-14 11:00:00+00:00,13.78682,54.40304,9.6,894.031847248627,0.731832822969998,0.774290202023887,0.040657379053888804,17.874636944972497,0.271049193692592,0.0135524596846296,No (reported postion),cruise,2021-01-14 11:00:00
2021-01-14 12:00:00+00:00,13.7378133333,54.2675483333,9.4,841.866879312195,0.689022666912743,0.729101703963451,0.038279037050707995,16.831337586243897,0.255193580338053,0.0127596790169027,No (reported postion),cruise,2021-01-14 12:00:00
2021-01-14 13:00:00+00:00,13.5207566667,54.2047266667,9.6,894.031847248627,0.731832822969998,0.774290202023887,0.040657379053888804,17.874636944972497,0.271049193692592,0.0135524596846296,No (reported postion),cruise,2021-01-14 13:00:00
2021-01-14 14:00:00+00:00,13.2907916667,54.2414883333,9.3,816.602242473872,0.668288770419288,0.70721592433147,0.037127153912182596,16.326044849477498,0.247514359414551,0.0123757179707275,No (reported postion),cruise,2021-01-14 14:00:00
2021-01-14 15:00:00+00:00,13.11547,54.3052033333,2.5,56.8116624317986,0.15221855291453099,0.0490386741430475,0.0049773190148584,2.22298394118455,0.045351555965900306,0.00544489681315342,No (reported postion),anchor,2021-01-14 15:00:00
2021-01-14 16:00:00+00:00,13.1146583333,54.3065583333,0.1,41.760963306395595,0.0324076683873865,0.036000834475145196,0.00180020334841695,0.8292892021722359,0.0120021344995818,0.000600310073396042,No (reported postion),anchor,2021-01-14 16:00:00
2021-01-14 17:00:00+00:00,13.11467,54.3065716667,0.1,41.760963306395595,0.0324076683873865,0.036000834475145196,0.00180020334841695,0.8292892021722359,0.0120021344995818,0.000600310073396042,No (reported postion),anchor,2021-01-14 17:00:00
2021-01-14 18:00:00+00:00,13.114665,54.3065783333,0.0,41.76,0.0324,0.036,0.0018,0.8292,0.012,0.0006,No (reported postion),anchor,2021-01-14 18:00:00
2021-01-14 19:00:00+00:00,13.11466,54.3065633333,0.0,41.76,0.0324,0.036,0.0018,0.8292,0.012,0.0006,No (reported postion),anchor,2021-01-14 19:00:00
2021-01-14 20:00:00+00:00,13.114665,54.3065833333,0.1,41.760963306395595,0.0324076683873865,0.036000834475145196,0.00180020334841695,0.8292892021722359,0.0120021344995818,0.000600310073396042,No (reported postion),anchor,2021-01-14 20:00:00
2021-01-14 21:00:00+00:00,13.114645,54.30657,0.0,41.76,0.0324,0.036,0.0018,0.8292,0.012,0.0006,No (reported postion),anchor,2021-01-14 21:00:00
2021-01-14 22:00:00+00:00,13.11464,54.3065766667,0.0,41.76,0.0324,0.036,0.0018,0.8292,0.012,0.0006,No (reported postion),anchor,2021-01-14 22:00:00
2021-01-14 23:00:00+00:00,13.1820483333,54.2781133333,9.0,744.0103624179969,0.608714887090758,0.644332380818022,0.0338174937272643,14.8742072483599,0.225449958181762,0.011272497909088101,No (reported postion),cruise,2021-01-14 23:00:00
2021-01-15 00:00:00+00:00,13.4038483333,54.20727,8.1,553.70051420272,0.45253355268916196,0.47947430561633797,0.0251407529271757,11.0680102840544,0.167605019514505,0.00838025097572523,No (reported postion),cruise,2021-01-15 00:00:00
2021-01-15 01:00:00+00:00,13.669535,54.2171366667,9.7,920.943738023485,0.753918569198605,0.797602934154083,0.041884364955477996,18.4128747604697,0.279229099703187,0.0139614549851593,No (reported postion),cruise,2021-01-15 01:00:00
2021-01-15 02:00:00+00:00,13.86736,54.329345,10.9,1009.6648399999999,0.8267291999999999,0.8744586000000001,0.0459294,20.1872968,0.306196,0.015309799999999998,No (reported postion),cruise,2021-01-15 02:00:00
2021-01-15 03:00:00+00:00,14.1231533333,54.4344283333,10.7,1009.6648399999999,0.8267291999999999,0.8744586000000001,0.0459294,20.1872968,0.306196,0.015309799999999998,No (reported postion),cruise,2021-01-15 03:00:00
2021-01-15 04:00:00+00:00,14.4055616667,54.4664816667,10.0,1009.6648399999999,0.8267291999999999,0.8744586000000001,0.0459294,20.1872968,0.306196,0.015309799999999998,No (reported postion),cruise,2021-01-15 04:00:00
2021-01-15 05:00:00+00:00,14.6852766667,54.4060733333,10.5,1009.6648399999999,0.8267291999999999,0.8744586000000001,0.0459294,20.1872968,0.306196,0.015309799999999998,No (reported postion),cruise,2021-01-15 05:00:00
2021-01-15 06:00:00+00:00,14.9520333333,54.3265616667,10.5,1009.6648399999999,0.8267291999999999,0.8744586000000001,0.0459294,20.1872968,0.306196,0.015309799999999998,No (reported postion),cruise,2021-01-15 06:00:00
2021-01-15 07:00:00+00:00,14.9793976315474,54.3344745614368,10.4,1009.6648399999999,0.8267291999999999,0.8744586000000001,0.0459294,20.1872968,0.306196,0.015309799999999998,Linear (small gap),cruise,2021-01-15 07:00:00
2021-01-15 08:00:00+00:00,15.0067619297947,54.3423874561737,10.3,1009.6648399999999,0.8267291999999999,0.8744586000000001,0.0459294,20.1872968,0.306196,0.015309799999999998,Linear (small gap),cruise,2021-01-15 08:00:00
2021-01-15 09:00:00+00:00,15.0341262280421,54.3503003509105,10.2,1009.6648399999999,0.8267291999999999,0.8744586000000001,0.0459294,20.1872968,0.306196,0.015309799999999998,Linear (small gap),cruise,2021-01-15 09:00:00
2021-01-15 10:00:00+00:00,15.0614905262895,54.3582132456474,10.1,1009.6648399999999,0.8267291999999999,0.8744586000000001,0.0459294,20.1872968,0.306196,0.015309799999999998,Linear (small gap),cruise,2021-01-15 10:00:00
2021-01-15 11:00:00+00:00,15.0888548245368,54.3661261403842,10.0,1009.6648399999999,0.8267291999999999,0.8744586000000001,0.0459294,20.1872968,0.306196,0.015309799999999998,Linear (small gap),cruise,2021-01-15 11:00:00
2021-01-15 12:00:00+00:00,15.1162191227842,54.3740390351211,9.9,1009.6648399999999,0.8267291999999999,0.8744586000000001,0.0459294,20.1872968,0.306196,0.015309799999999998,Linear (small gap),cruise,2021-01-15 12:00:00
2021-01-15 13:00:00+00:00,15.1435834210316,54.3819519298579,9.8,1023.19027161206,0.837829098283456,0.886175159299203,0.0465460610157475,20.4578054322413,0.310307073438317,0.0155153536719159,Linear (small gap),cruise,2021-01-15 13:00:00
2021-01-15 14:00:00+00:00,15.1709477192789,54.3898648245947,9.7,993.452014257448,0.813423841487875,0.8604140549038679,0.0451902134159931,19.863040285149,0.301268089439954,0.0150634044719977,Linear (small gap),cruise,2021-01-15 14:00:00
2021-01-15 15:00:00+00:00,15.1983120175263,54.3977777193316,9.6,964.32063883349,0.789516633693137,0.835178668898312,0.0438620352051743,19.2804127766698,0.292413568034495,0.0146206784017248,Linear (small gap),cruise,2021-01-15 15:00:00
2021-01-15 16:00:00+00:00,15.2256763157737,54.4056906140684,9.5,935.789888825439,0.7661023403734609,0.8104635815053189,0.0425612411318589,18.7097977765088,0.283741607545726,0.0141870803772863,Linear (small gap),cruise,2021-01-15 16:00:00
2021-01-15 17:00:00+00:00,15.2530406140211,54.4136035088053,9.4,907.853507718546,0.743175827003062,0.786263372947677,0.0412875459446146,18.1510701543709,0.27525030629742997,0.0137625153148715,Linear (small gap),cruise,2021-01-15 17:00:00
2021-01-15 18:00:00+00:00,15.2804049122684,54.4215164035421,9.3,880.5052389980619,0.72073195905616,0.762572623448169,0.0400406643920089,17.604104779961197,0.26693776261339297,0.0133468881306696,Linear (small gap),cruise,2021-01-15 18:00:00
2021-01-15 19:00:00+00:00,15.3077692105158,54.4294292982789,9.2,853.7388261492381,0.6987656020069739,0.739385913229583,0.038820311222609594,17.068776522984802,0.25880207481739803,0.0129401037408699,Linear (small gap),cruise,2021-01-15 19:00:00
2021-01-15 20:00:00+00:00,15.3351335087632,54.4373421930158,9.1,827.5480126573259,0.6772716213297211,0.7166978225147049,0.037626201184984505,16.5449602531465,0.25084134123323,0.012542067061661501,Linear (small gap),cruise,2021-01-15 20:00:00
2021-01-15 21:00:00+00:00,15.3624978070105,54.4452550877526,9.0,801.926542007575,0.656244882498618,0.694502931526319,0.036458049027701,16.032530840151498,0.243053660184673,0.0121526830092337,Linear (small gap),cruise,2021-01-15 21:00:00
2021-01-15 22:00:00+00:00,15.3898621052579,54.4531679824895,8.9,776.8681576852381,0.6356802509878849,0.6727958204872121,0.035315569499326994,15.5313631537048,0.235437129995513,0.011771856499775699,Linear (small gap),cruise,2021-01-15 22:00:00
2021-01-15 23:00:00+00:00,15.4172264035053,54.4610808772263,8.8,752.366603175564,0.61557259227174,0.65157106962017,0.034198477348430005,15.0413320635113,0.22798984898953298,0.0113994924494767,Linear (small gap),cruise,2021-01-15 23:00:00
2021-01-16 00:00:00+00:00,15.4445907017526,54.4689937719632,8.7,728.415621963806,0.5959167718244001,0.630823259147977,0.0331064873235778,14.5623124392761,0.220709915490518,0.011035495774525901,Linear (small gap),cruise,2021-01-16 00:00:00
2021-01-16 01:00:00+00:00,15.471955,54.4769066667,8.6,682.327576999455,0.558093756200161,0.590898964877947,0.0310052086777867,13.640551539989099,0.206701391185245,0.0103350695592622,No (reported postion),cruise,2021-01-16 01:00:00
2021-01-16 02:00:00+00:00,15.45441,54.55278,8.5,660.241019320296,0.539968009776535,0.5717662325418981,0.029998222765363,13.198820386405899,0.19998815176908702,0.00999940758845435,No (reported postion),cruise,2021-01-16 02:00:00
2021-01-16 03:00:00+00:00,15.402245,54.6970816667,8.9,751.729380352875,0.615049643450688,0.6510190680868371,0.034169424636149304,15.0285876070575,0.227796164240996,0.0113898082120498,No (reported postion),cruise,2021-01-16 03:00:00
2021-01-16 04:00:00+00:00,15.3479816667,54.8447666667,9.0,775.930833436997,0.634911018322155,0.671983852673386,0.0352728343512309,15.5126166687399,0.235152229008206,0.0117576114504103,No (reported postion),cruise,2021-01-16 04:00:00
2021-01-16 05:00:00+00:00,15.3094983333,54.9916216667,8.8,728.065714957445,0.595629614098815,0.630520148215416,0.0330905341166008,14.5553142991489,0.220603560777339,0.011030178038866901,No (reported postion),cruise,2021-01-16 05:00:00
2021-01-16 06:00:00+00:00,15.2572816667,55.1352566667,8.9,720.86114642449,0.5897170502571799,0.624279108604801,0.0327620583476211,14.411222928489801,0.218413722317474,0.0109206861158737,No (reported postion),cruise,2021-01-16 06:00:00
2021-01-16 07:00:00+00:00,15.1432433333,55.2693716667,9.3,851.822344404503,0.697192805438346,0.73772573907381,0.0387329336354637,17.0304468880901,0.258219557569758,0.0129109778784879,No (reported postion),cruise,2021-01-16 07:00:00
2021-01-16 08:00:00+00:00,15.0294033333,55.4110316667,9.3,851.822344404503,0.697192805438346,0.73772573907381,0.0387329336354637,17.0304468880901,0.258219557569758,0.0129109778784879,No (reported postion),cruise,2021-01-16 08:00:00
2021-01-16 09:00:00+00:00,14.93751,55.5549933333,9.4,878.2353738263851,0.7188691517724131,0.760606326870881,0.0399371750984674,17.5587074765277,0.26624783398978297,0.0133123916994891,No (reported postion),cruise,2021-01-16 09:00:00
2021-01-16 10:00:00+00:00,14.8123383333,55.693985,9.6,932.771476669019,0.7636252240140889,0.807848847570427,0.0424236235563382,18.6494295333804,0.282824157042255,0.0141412078521128,No (reported postion),cruise,2021-01-16 10:00:00
2021-01-16 11:00:00+00:00,14.6933433333,55.8358833333,9.5,905.2164037284571,0.7410116383181871,0.7839789515580861,0.0411673132398993,18.0983280745691,0.27444875493266196,0.0137224377466331,No (reported postion),cruise,2021-01-16 11:00:00
2021-01-16 12:00:00+00:00,14.578035,55.9772266667,9.5,867.674820957655,0.710202436652179,0.7514581275773,0.039455690925120995,17.3474964191531,0.263037939500807,0.0131518969750403,No (reported postion),cruise,2021-01-16 12:00:00
2021-01-16 13:00:00+00:00,14.5777483333,56.0321566667,0.2,41.7677064511651,0.0324613470990922,0.0360066758011612,0.00180162678733561,0.829913617377887,0.012017075996654499,0.000602480587168335,No (reported postion),anchor,2021-01-16 13:00:00
2021-01-16 14:00:00+00:00,14.5777716667,56.0321433333,0.0,41.76,0.0324,0.036,0.0018,0.8292,0.012,0.0006,No (reported postion),anchor,2021-01-16 14:00:00
2021-01-16 15:00:00+00:00,14.5777733333,56.0321566667,0.0,41.76,0.0324,0.036,0.0018,0.8292,0.012,0.0006,No (reported postion),anchor,2021-01-16 15:00:00
2021-01-16 16:00:00+00:00,14.5777833333,56.0321433333,0.0,41.76,0.0324,0.036,0.0018,0.8292,0.012,0.0006,No (reported postion),anchor,2021-01-16 16:00:00
2021-01-16 17:00:00+00:00,14.57778,56.0321466667,0.2,41.7677064511651,0.0324613470990922,0.0360066758011612,0.00180162678733561,0.829913617377887,0.012017075996654499,0.000602480587168335,No (reported postion),anchor,2021-01-16 17:00:00
2021-01-16 18:00:00+00:00,14.5777583333,56.0321566667,0.0,41.76,0.0324,0.036,0.0018,0.8292,0.012,0.0006,No (reported postion),anchor,2021-01-16 18:00:00
2021-01-16 19:00:00+00:00,14.577655,56.032035,0.1,41.760963306395595,0.0324076683873865,0.036000834475145196,0.00180020334841695,0.8292892021722359,0.0120021344995818,0.000600310073396042,No (reported postion),anchor,2021-01-16 19:00:00
2021-01-16 20:00:00+00:00,14.5773283333,56.0317633333,0.0,41.76,0.0324,0.036,0.0018,0.8292,0.012,0.0006,No (reported postion),anchor,2021-01-16 20:00:00
2021-01-16 21:00:00+00:00,14.577345,56.0317416667,0.0,41.76,0.0324,0.036,0.0018,0.8292,0.012,0.0006,No (reported postion),anchor,2021-01-16 21:00:00
2021-01-16 22:00:00+00:00,14.5772066667,56.03162,0.0,41.76,0.0324,0.036,0.0018,0.8292,0.012,0.0006,No (reported postion),anchor,2021-01-16 22:00:00
2021-01-16 23:00:00+00:00,14.5772216667,56.031615,0.0,41.76,0.0324,0.036,0.0018,0.8292,0.012,0.0006,No (reported postion),anchor,2021-01-16 23:00:00
2021-01-17 00:00:00+00:00,14.57722,56.0316016667,0.0,41.76,0.0324,0.036,0.0018,0.8292,0.012,0.0006,No (reported postion),anchor,2021-01-17 00:00:00
2021-01-17 01:00:00+00:00,14.5772083333,56.0316283333,0.0,41.76,0.0324,0.036,0.0018,0.8292,0.012,0.0006,No (reported postion),anchor,2021-01-17 01:00:00
2021-01-17 02:00:00+00:00,14.577235,56.031635,0.0,41.76,0.0324,0.036,0.0018,0.8292,0.012,0.0006,No (reported postion),anchor,2021-01-17 02:00:00
2021-01-17 03:00:00+00:00,14.5772266667,56.031615,0.0,41.76,0.0324,0.036,0.0018,0.8292,0.012,0.0006,No (reported postion),anchor,2021-01-17 03:00:00
2021-01-17 04:00:00+00:00,14.5772083333,56.0316233333,0.0,41.76,0.0324,0.036,0.0018,0.8292,0.012,0.0006,No (reported postion),anchor,2021-01-17 04:00:00
2021-01-17 05:00:00+00:00,14.5772083333,56.031635,0.2,41.7677064511651,0.0324613470990922,0.0360066758011612,0.00180162678733561,0.829913617377887,0.012017075996654499,0.000602480587168335,No (reported postion),anchor,2021-01-17 05:00:00
2021-01-17 06:00:00+00:00,14.5771916667,56.0316166667,0.1,41.760963306395595,0.0324076683873865,0.036000834475145196,0.00180020334841695,0.8292892021722359,0.0120021344995818,0.000600310073396042,No (reported postion),anchor,2021-01-17 06:00:00
2021-01-17 07:00:00+00:00,14.5772116667,56.0316266667,0.0,41.76,0.0324,0.036,0.0018,0.8292,0.012,0.0006,No (reported postion),anchor,2021-01-17 07:00:00
2021-01-17 08:00:00+00:00,14.577215,56.031615,0.0,41.76,0.0324,0.036,0.0018,0.8292,0.012,0.0006,No (reported postion),anchor,2021-01-17 08:00:00
2021-01-17 09:00:00+00:00,14.577205,56.03155,0.0,41.76,0.0324,0.036,0.0018,0.8292,0.012,0.0006,No (reported postion),anchor,2021-01-17 09:00:00
2021-01-17 10:00:00+00:00,14.57723,56.0316166667,0.0,41.76,0.0324,0.036,0.0018,0.8292,0.012,0.0006,No (reported postion),anchor,2021-01-17 10:00:00
2021-01-17 11:00:00+00:00,14.577205,56.0316166667,0.0,41.76,0.0324,0.036,0.0018,0.8292,0.012,0.0006,No (reported postion),anchor,2021-01-17 11:00:00
2021-01-17 12:00:00+00:00,14.5772266667,56.0316483333,0.0,41.76,0.0324,0.036,0.0018,0.8292,0.012,0.0006,No (reported postion),anchor,2021-01-17 12:00:00
2021-01-17 13:00:00+00:00,14.5772283333,56.031625,0.0,41.76,0.0324,0.036,0.0018,0.8292,0.012,0.0006,No (reported postion),anchor,2021-01-17 13:00:00
2021-01-17 14:00:00+00:00,14.6033833333,55.9685466667,10.6,1009.6648399999999,0.8267291999999999,0.8744586000000001,0.0459294,20.1872968,0.306196,0.015309799999999998,No (reported postion),cruise,2021-01-17 14:00:00
2021-01-17 15:00:00+00:00,14.83438,56.0417633333,10.4,1009.6648399999999,0.8267291999999999,0.8744586000000001,0.0459294,20.1872968,0.306196,0.015309799999999998,No (reported postion),cruise,2021-01-17 15:00:00
2021-01-17 16:00:00+00:00,14.859835,56.161775,0.0,41.76,0.0324,0.036,0.0018,0.8292,0.012,0.0006,No (reported postion),anchor,2021-01-17 16:00:00
2021-01-17 17:00:00+00:00,14.85982,56.1617716667,0.0,41.76,0.0324,0.036,0.0018,0.8292,0.012,0.0006,No (reported postion),anchor,2021-01-17 17:00:00
2021-01-17 18:00:00+00:00,14.85982,56.161765,0.0,41.76,0.0324,0.036,0.0018,0.8292,0.012,0.0006,No (reported postion),anchor,2021-01-17 18:00:00
2021-01-17 19:00:00+00:00,14.8598216667,56.161755,0.0,41.76,0.0324,0.036,0.0018,0.8292,0.012,0.0006,No (reported postion),anchor,2021-01-17 19:00:00
2021-01-17 20:00:00+00:00,14.8598183333,56.1617716667,0.0,41.76,0.0324,0.036,0.0018,0.8292,0.012,0.0006,No (reported postion),anchor,2021-01-17 20:00:00
2021-01-17 21:00:00+00:00,14.85981,56.1617583333,0.0,41.76,0.0324,0.036,0.0018,0.8292,0.012,0.0006,No (reported postion),anchor,2021-01-17 21:00:00
2021-01-17 22:00:00+00:00,14.85982,56.1617616667,0.0,41.76,0.0324,0.036,0.0018,0.8292,0.012,0.0006,No (reported postion),anchor,2021-01-17 22:00:00
2021-01-17 23:00:00+00:00,14.8598216667,56.1617766667,0.0,41.76,0.0324,0.036,0.0018,0.8292,0.012,0.0006,No (reported postion),anchor,2021-01-17 23:00:00
2021-01-18 00:00:00+00:00,14.8598183333,56.161775,0.0,41.76,0.0324,0.036,0.0018,0.8292,0.012,0.0006,No (reported postion),anchor,2021-01-18 00:00:00
2021-01-18 01:00:00+00:00,14.85982,56.16178,0.0,41.76,0.0324,0.036,0.0018,0.8292,0.012,0.0006,No (reported postion),anchor,2021-01-18 01:00:00
2021-01-18 02:00:00+00:00,14.8598266667,56.1617683333,0.0,41.76,0.0324,0.036,0.0018,0.8292,0.012,0.0006,No (reported postion),anchor,2021-01-18 02:00:00
2021-01-18 03:00:00+00:00,14.8598333333,56.1617483333,0.0,41.76,0.0324,0.036,0.0018,0.8292,0.012,0.0006,No (reported postion),anchor,2021-01-18 03:00:00
2021-01-18 04:00:00+00:00,14.8598183333,56.1617633333,0.0,41.76,0.0324,0.036,0.0018,0.8292,0.012,0.0006,No (reported postion),anchor,2021-01-18 04:00:00
2021-01-18 05:00:00+00:00,14.8598216667,56.1617683333,0.0,41.76,0.0324,0.036,0.0018,0.8292,0.012,0.0006,No (reported postion),anchor,2021-01-18 05:00:00
2021-01-18 06:00:00+00:00,14.8598183333,56.1617766667,0.0,41.76,0.0324,0.036,0.0018,0.8292,0.012,0.0006,No (reported postion),anchor,2021-01-18 06:00:00
2021-01-18 07:00:00+00:00,14.8598233333,56.161745,0.0,41.76,0.0324,0.036,0.0018,0.8292,0.012,0.0006,No (reported postion),anchor,2021-01-18 07:00:00
2021-01-18 08:00:00+00:00,14.8598283333,56.1617433333,0.0,41.76,0.0324,0.036,0.0018,0.8292,0.012,0.0006,No (reported postion),anchor,2021-01-18 08:00:00
2021-01-18 09:00:00+00:00,14.8598266667,56.16177,0.0,41.76,0.0324,0.036,0.0018,0.8292,0.012,0.0006,No (reported postion),anchor,2021-01-18 09:00:00
2021-01-18 10:00:00+00:00,14.85984,56.161755,0.0,41.76,0.0324,0.036,0.0018,0.8292,0.012,0.0006,No (reported postion),anchor,2021-01-18 10:00:00
2021-01-18 11:00:00+00:00,14.859815,56.1617616667,0.0,41.76,0.0324,0.036,0.0018,0.8292,0.012,0.0006,No (reported postion),anchor,2021-01-18 11:00:00
2021-01-18 12:00:00+00:00,14.8598083333,56.161755,0.0,41.76,0.0324,0.036,0.0018,0.8292,0.012,0.0006,No (reported postion),anchor,2021-01-18 12:00:00
2021-01-18 13:00:00+00:00,14.859815,56.16176,0.0,41.76,0.0324,0.036,0.0018,0.8292,0.012,0.0006,No (reported postion),anchor,2021-01-18 13:00:00
2021-01-18 14:00:00+00:00,14.8597933333,56.1617816667,0.0,41.76,0.0324,0.036,0.0018,0.8292,0.012,0.0006,No (reported postion),anchor,2021-01-18 14:00:00
2021-01-18 15:00:00+00:00,14.859835,56.1617516667,0.0,41.76,0.0324,0.036,0.0018,0.8292,0.012,0.0006,No (reported postion),anchor,2021-01-18 15:00:00
2021-01-18 16:00:00+00:00,14.8598266667,56.161765,0.0,41.76,0.0324,0.036,0.0018,0.8292,0.012,0.0006,No (reported postion),anchor,2021-01-18 16:00:00
2021-01-18 17:00:00+00:00,14.8598283333,56.161775,0.0,41.76,0.0324,0.036,0.0018,0.8292,0.012,0.0006,No (reported postion),anchor,2021-01-18 17:00:00
2021-01-18 18:00:00+00:00,14.8598166667,56.1617633333,0.0,41.76,0.0324,0.036,0.0018,0.8292,0.012,0.0006,No (reported postion),anchor,2021-01-18 18:00:00
2021-01-18 19:00:00+00:00,14.8598166667,56.1617583333,0.0,41.76,0.0324,0.036,0.0018,0.8292,0.012,0.0006,No (reported postion),anchor,2021-01-18 19:00:00
2021-01-18 20:00:00+00:00,14.8598116667,56.1617683333,0.0,41.76,0.0324,0.036,0.0018,0.8292,0.012,0.0006,No (reported postion),anchor,2021-01-18 20:00:00
2021-01-18 21:00:00+00:00,14.8598066667,56.16177,0.0,41.76,0.0324,0.036,0.0018,0.8292,0.012,0.0006,No (reported postion),anchor,2021-01-18 21:00:00
2021-01-18 22:00:00+00:00,14.8598033333,56.16176,0.0,41.76,0.0324,0.036,0.0018,0.8292,0.012,0.0006,No (reported postion),anchor,2021-01-18 22:00:00
2021-01-18 23:00:00+00:00,14.85982,56.1617633333,0.0,41.76,0.0324,0.036,0.0018,0.8292,0.012,0.0006,No (reported postion),anchor,2021-01-18 23:00:00
2021-01-19 00:00:00+00:00,14.8598,56.1617566667,0.0,41.76,0.0324,0.036,0.0018,0.8292,0.012,0.0006,No (reported postion),anchor,2021-01-19 00:00:00
2021-01-19 01:00:00+00:00,14.8598216667,56.1617783333,0.0,41.76,0.0324,0.036,0.0018,0.8292,0.012,0.0006,No (reported postion),anchor,2021-01-19 01:00:00
2021-01-19 02:00:00+00:00,14.8598183333,56.1617716667,0.0,41.76,0.0324,0.036,0.0018,0.8292,0.012,0.0006,No (reported postion),anchor,2021-01-19 02:00:00
2021-01-19 03:00:00+00:00,14.8598066667,56.1617483333,0.0,41.76,0.0324,0.036,0.0018,0.8292,0.012,0.0006,No (reported postion),anchor,2021-01-19 03:00:00
2021-01-19 04:00:00+00:00,14.859815,56.1617633333,0.0,41.76,0.0324,0.036,0.0018,0.8292,0.012,0.0006,No (reported postion),anchor,2021-01-19 04:00:00
2021-01-19 05:00:00+00:00,14.8598116667,56.16177,0.0,41.76,0.0324,0.036,0.0018,0.8292,0.012,0.0006,No (reported postion),anchor,2021-01-19 05:00:00
2021-01-19 06:00:00+00:00,14.859815,56.161775,0.0,41.76,0.0324,0.036,0.0018,0.8292,0.012,0.0006,No (reported postion),anchor,2021-01-19 06:00:00
2021-01-19 07:00:00+00:00,14.859825,56.1617466667,0.0,41.76,0.0324,0.036,0.0018,0.8292,0.012,0.0006,No (reported postion),anchor,2021-01-19 07:00:00
2021-01-19 08:00:00+00:00,14.8597783333,56.1617616667,0.0,41.76,0.0324,0.036,0.0018,0.8292,0.012,0.0006,No (reported postion),anchor,2021-01-19 08:00:00
2021-01-19 09:00:00+00:00,14.859815,56.1617783333,0.0,41.76,0.0324,0.036,0.0018,0.8292,0.012,0.0006,No (reported postion),anchor,2021-01-19 09:00:00
2021-01-19 10:00:00+00:00,14.85982,56.1617533333,0.0,41.76,0.0324,0.036,0.0018,0.8292,0.012,0.0006,No (reported postion),anchor,2021-01-19 10:00:00
2021-01-19 11:00:00+00:00,14.8598116667,56.1617916667,0.0,41.76,0.0324,0.036,0.0018,0.8292,0.012,0.0006,No (reported postion),anchor,2021-01-19 11:00:00
2021-01-19 12:00:00+00:00,14.85979,56.161855,0.0,41.76,0.0324,0.036,0.0018,0.8292,0.012,0.0006,No (reported postion),anchor,2021-01-19 12:00:00
2021-01-19 13:00:00+00:00,14.8598266667,56.161805,0.0,41.76,0.0324,0.036,0.0018,0.8292,0.012,0.0006,No (reported postion),anchor,2021-01-19 13:00:00
2021-01-19 14:00:00+00:00,14.85979,56.1618,0.0,41.76,0.0324,0.036,0.0018,0.8292,0.012,0.0006,No (reported postion),anchor,2021-01-19 14:00:00
2021-01-19 15:00:00+00:00,14.859815,56.1617983333,0.0,41.76,0.0324,0.036,0.0018,0.8292,0.012,0.0006,No (reported postion),anchor,2021-01-19 15:00:00
2021-01-19 16:00:00+00:00,14.8598116667,56.161805,0.0,41.76,0.0324,0.036,0.0018,0.8292,0.012,0.0006,No (reported postion),anchor,2021-01-19 16:00:00
2021-01-19 17:00:00+00:00,14.8598116667,56.1618016667,0.0,41.76,0.0324,0.036,0.0018,0.8292,0.012,0.0006,No (reported postion),anchor,2021-01-19 17:00:00
2021-01-19 18:00:00+00:00,14.8598066667,56.161805,0.0,41.76,0.0324,0.036,0.0018,0.8292,0.012,0.0006,No (reported postion),anchor,2021-01-19 18:00:00
2021-01-19 19:00:00+00:00,14.8598166667,56.1618066667,0.0,41.76,0.0324,0.036,0.0018,0.8292,0.012,0.0006,No (reported postion),anchor,2021-01-19 19:00:00
2021-01-19 20:00:00+00:00,14.8598116667,56.1618183333,0.0,41.76,0.0324,0.036,0.0018,0.8292,0.012,0.0006,No (reported postion),anchor,2021-01-19 20:00:00
2021-01-19 21:00:00+00:00,14.85982,56.1618216667,0.0,41.76,0.0324,0.036,0.0018,0.8292,0.012,0.0006,No (reported postion),anchor,2021-01-19 21:00:00
2021-01-19 22:00:00+00:00,14.8598083333,56.1617933333,0.0,41.76,0.0324,0.036,0.0018,0.8292,0.012,0.0006,No (reported postion),anchor,2021-01-19 22:00:00
2021-01-19 23:00:00+00:00,14.8598133333,56.16179,0.0,41.76,0.0324,0.036,0.0018,0.8292,0.012,0.0006,No (reported postion),anchor,2021-01-19 23:00:00
2021-01-20 00:00:00+00:00,14.859785,56.1618016667,0.0,41.76,0.0324,0.036,0.0018,0.8292,0.012,0.0006,No (reported postion),anchor,2021-01-20 00:00:00
2021-01-20 01:00:00+00:00,14.8598066667,56.161795,0.0,41.76,0.0324,0.036,0.0018,0.8292,0.012,0.0006,No (reported postion),anchor,2021-01-20 01:00:00
2021-01-20 02:00:00+00:00,14.8598166667,56.1618,0.0,41.76,0.0324,0.036,0.0018,0.8292,0.012,0.0006,No (reported postion),anchor,2021-01-20 02:00:00
2021-01-20 03:00:00+00:00,14.8597933333,56.1617883333,0.0,41.76,0.0324,0.036,0.0018,0.8292,0.012,0.0006,No (reported postion),anchor,2021-01-20 03:00:00
2021-01-20 04:00:00+00:00,14.8598033333,56.161795,0.0,41.76,0.0324,0.036,0.0018,0.8292,0.012,0.0006,No (reported postion),anchor,2021-01-20 04:00:00
2021-01-20 05:00:00+00:00,14.8598033333,56.1618016667,0.0,41.76,0.0324,0.036,0.0018,0.8292,0.012,0.0006,No (reported postion),anchor,2021-01-20 05:00:00
2021-01-20 06:00:00+00:00,14.8598,56.1618016667,0.0,41.76,0.0324,0.036,0.0018,0.8292,0.012,0.0006,No (reported postion),anchor,2021-01-20 06:00:00
2021-01-20 07:00:00+00:00,14.8598216667,56.1617866667,0.0,41.76,0.0324,0.036,0.0018,0.8292,0.012,0.0006,No (reported postion),anchor,2021-01-20 07:00:00
2021-01-20 08:00:00+00:00,14.85981,56.16179,0.0,41.76,0.0324,0.036,0.0018,0.8292,0.012,0.0006,No (reported postion),anchor,2021-01-20 08:00:00
2021-01-20 09:00:00+00:00,14.85982,56.1618266667,0.0,41.76,0.0324,0.036,0.0018,0.8292,0.012,0.0006,No (reported postion),anchor,2021-01-20 09:00:00
2021-01-20 10:00:00+00:00,14.8598116667,56.1618016667,0.0,41.76,0.0324,0.036,0.0018,0.8292,0.012,0.0006,No (reported postion),anchor,2021-01-20 10:00:00
2021-01-20 11:00:00+00:00,14.85981,56.1617816667,0.0,41.76,0.0324,0.036,0.0018,0.8292,0.012,0.0006,No (reported postion),anchor,2021-01-20 11:00:00
2021-01-20 12:00:00+00:00,14.8597866667,56.161785,0.0,41.76,0.0324,0.036,0.0018,0.8292,0.012,0.0006,No (reported postion),anchor,2021-01-20 12:00:00
2021-01-20 13:00:00+00:00,14.859815,56.16179,0.0,41.76,0.0324,0.036,0.0018,0.8292,0.012,0.0006,No (reported postion),anchor,2021-01-20 13:00:00
2021-01-20 14:00:00+00:00,14.8598033333,56.1617933333,0.0,41.76,0.0324,0.036,0.0018,0.8292,0.012,0.0006,No (reported postion),anchor,2021-01-20 14:00:00
2021-01-20 15:00:00+00:00,14.8598166667,56.1617983333,0.0,41.76,0.0324,0.036,0.0018,0.8292,0.012,0.0006,No (reported postion),anchor,2021-01-20 15:00:00
2021-01-20 16:00:00+00:00,14.8598166667,56.161795,0.0,41.76,0.0324,0.036,0.0018,0.8292,0.012,0.0006,No (reported postion),anchor,2021-01-20 16:00:00
2021-01-20 17:00:00+00:00,14.8598116667,56.161805,0.0,41.76,0.0324,0.036,0.0018,0.8292,0.012,0.0006,No (reported postion),anchor,2021-01-20 17:00:00
2021-01-20 18:00:00+00:00,14.8597983333,56.16181,0.0,41.76,0.0324,0.036,0.0018,0.8292,0.012,0.0006,No (reported postion),anchor,2021-01-20 18:00:00
2021-01-20 19:00:00+00:00,14.85981,56.16179,0.0,41.76,0.0324,0.036,0.0018,0.8292,0.012,0.0006,No (reported postion),anchor,2021-01-20 19:00:00
2021-01-20 20:00:00+00:00,14.859815,56.1618283333,0.0,41.76,0.0324,0.036,0.0018,0.8292,0.012,0.0006,No (reported postion),anchor,2021-01-20 20:00:00
2021-01-20 21:00:00+00:00,14.859795,56.1617966667,0.0,41.76,0.0324,0.036,0.0018,0.8292,0.012,0.0006,No (reported postion),anchor,2021-01-20 21:00:00
2021-01-20 22:00:00+00:00,14.859805,56.16179,0.0,41.76,0.0324,0.036,0.0018,0.8292,0.012,0.0006,No (reported postion),anchor,2021-01-20 22:00:00
2021-01-20 23:00:00+00:00,14.8597966667,56.161805,0.0,41.76,0.0324,0.036,0.0018,0.8292,0.012,0.0006,No (reported postion),anchor,2021-01-20 23:00:00
2021-01-21 00:00:00+00:00,14.8597966667,56.1618016667,0.0,41.76,0.0324,0.036,0.0018,0.8292,0.012,0.0006,No (reported postion),anchor,2021-01-21 00:00:00
2021-01-21 01:00:00+00:00,14.8598066667,56.1618,0.0,41.76,0.0324,0.036,0.0018,0.8292,0.012,0.0006,No (reported postion),anchor,2021-01-21 01:00:00
2021-01-21 02:00:00+00:00,14.8597966667,56.1618083333,0.0,41.76,0.0324,0.036,0.0018,0.8292,0.012,0.0006,No (reported postion),anchor,2021-01-21 02:00:00
2021-01-21 03:00:00+00:00,14.8598,56.1617916667,0.0,41.76,0.0324,0.036,0.0018,0.8292,0.012,0.0006,No (reported postion),anchor,2021-01-21 03:00:00
2021-01-21 04:00:00+00:00,14.8598066667,56.1617966667,0.0,41.76,0.0324,0.036,0.0018,0.8292,0.012,0.0006,No (reported postion),anchor,2021-01-21 04:00:00
2021-01-21 05:00:00+00:00,14.859805,56.1618083333,0.0,41.76,0.0324,0.036,0.0018,0.8292,0.012,0.0006,No (reported postion),anchor,2021-01-21 05:00:00
2021-01-21 06:00:00+00:00,14.8598033333,56.1617966667,0.0,41.76,0.0324,0.036,0.0018,0.8292,0.012,0.0006,No (reported postion),anchor,2021-01-21 06:00:00
2021-01-21 07:00:00+00:00,14.8598183333,56.1617783333,0.0,41.76,0.0324,0.036,0.0018,0.8292,0.012,0.0006,No (reported postion),anchor,2021-01-21 07:00:00
2021-01-21 08:00:00+00:00,14.8598,56.1618033333,0.0,41.76,0.0324,0.036,0.0018,0.8292,0.012,0.0006,No (reported postion),anchor,2021-01-21 08:00:00
2021-01-21 09:00:00+00:00,14.85982,56.161845,0.0,41.76,0.0324,0.036,0.0018,0.8292,0.012,0.0006,No (reported postion),anchor,2021-01-21 09:00:00
2021-01-21 10:00:00+00:00,14.859815,56.1618,0.0,41.76,0.0324,0.036,0.0018,0.8292,0.012,0.0006,No (reported postion),anchor,2021-01-21 10:00:00
2021-01-21 11:00:00+00:00,14.8598216667,56.161785,0.0,41.76,0.0324,0.036,0.0018,0.8292,0.012,0.0006,No (reported postion),anchor,2021-01-21 11:00:00
2021-01-21 12:00:00+00:00,14.859795,56.1617983333,0.0,41.76,0.0324,0.036,0.0018,0.8292,0.012,0.0006,No (reported postion),anchor,2021-01-21 12:00:00
2021-01-21 13:00:00+00:00,14.859805,56.1617883333,0.0,41.76,0.0324,0.036,0.0018,0.8292,0.012,0.0006,No (reported postion),anchor,2021-01-21 13:00:00
2021-01-21 14:00:00+00:00,14.8597466667,56.162025,0.0,41.76,0.0324,0.036,0.0018,0.8292,0.012,0.0006,No (reported postion),anchor,2021-01-21 14:00:00
2021-01-21 15:00:00+00:00,14.8597633333,56.162025,0.0,41.76,0.0324,0.036,0.0018,0.8292,0.012,0.0006,No (reported postion),anchor,2021-01-21 15:00:00
2021-01-21 16:00:00+00:00,14.8824916667,56.1213283333,9.3,816.602242473872,0.668288770419288,0.70721592433147,0.037127153912182596,16.326044849477498,0.247514359414551,0.0123757179707275,No (reported postion),cruise,2021-01-21 16:00:00
2021-01-21 17:00:00+00:00,14.8597983333,55.9675366667,9.4,841.866879312195,0.689022666912743,0.729101703963451,0.038279037050707995,16.831337586243897,0.255193580338053,0.0127596790169027,No (reported postion),cruise,2021-01-21 17:00:00
2021-01-21 18:00:00+00:00,14.77106,55.8173666667,9.7,960.906635206371,0.786714867798541,0.832221249342905,0.043706381544363404,19.212132704127402,0.29137587696242295,0.0145687938481211,No (reported postion),cruise,2021-01-21 18:00:00
2021-01-21 19:00:00+00:00,14.68915,55.6645633333,9.4,878.2353738263851,0.7188691517724131,0.760606326870881,0.0399371750984674,17.5587074765277,0.26624783398978297,0.0133123916994891,No (reported postion),cruise,2021-01-21 19:00:00
2021-01-21 20:00:00+00:00,14.60647,55.5144183333,9.2,825.97127290451,0.675977640377562,0.715331953731871,0.037554313354309005,16.5134254580902,0.25036208902872703,0.012518104451436298,No (reported postion),cruise,2021-01-21 20:00:00
2021-01-21 21:00:00+00:00,14.4780283333,55.385025,9.0,775.930833436997,0.634911018322155,0.671983852673386,0.0352728343512309,15.5126166687399,0.235152229008206,0.0117576114504103,No (reported postion),cruise,2021-01-21 21:00:00
2021-01-21 22:00:00+00:00,14.3144766667,55.27448,8.7,704.933794692404,0.576645971328113,0.610481858624119,0.0320358872960063,14.0926758938481,0.213572581973375,0.0106786290986688,No (reported postion),cruise,2021-01-21 22:00:00
2021-01-21 23:00:00+00:00,14.093995,55.2403416667,8.9,751.729380352875,0.615049643450688,0.6510190680868371,0.034169424636149304,15.0285876070575,0.227796164240996,0.0113898082120498,No (reported postion),cruise,2021-01-21 23:00:00
2021-01-22 00:00:00+00:00,13.83429,55.2380966667,9.1,800.6761167681079,0.655218697651639,0.693419736410063,0.036401038758424396,16.0075223353622,0.242673591722829,0.012133679586141501,No (reported postion),cruise,2021-01-22 00:00:00
2021-01-22 01:00:00+00:00,13.56563,55.2473633333,9.4,878.2353738263851,0.7188691517724131,0.760606326870881,0.0399371750984674,17.5587074765277,0.26624783398978297,0.0133123916994891,No (reported postion),cruise,2021-01-22 01:00:00
2021-01-22 02:00:00+00:00,13.2937733333,55.2541583333,9.3,851.822344404503,0.697192805438346,0.73772573907381,0.0387329336354637,17.0304468880901,0.258219557569758,0.0129109778784879,No (reported postion),cruise,2021-01-22 02:00:00
2021-01-22 03:00:00+00:00,13.0167383333,55.26075,9.6,932.771476669019,0.7636252240140889,0.807848847570427,0.0424236235563382,18.6494295333804,0.282824157042255,0.0141412078521128,No (reported postion),cruise,2021-01-22 03:00:00
2021-01-22 04:00:00+00:00,12.746915,55.2946916667,9.7,960.906635206371,0.786714867798541,0.832221249342905,0.043706381544363404,19.212132704127402,0.29137587696242295,0.0145687938481211,No (reported postion),cruise,2021-01-22 04:00:00
2021-01-22 05:00:00+00:00,12.698775,55.440015,10.5,1009.6648399999999,0.8267291999999999,0.8744586000000001,0.0459294,20.1872968,0.306196,0.015309799999999998,No (reported postion),cruise,2021-01-22 05:00:00
2021-01-22 06:00:00+00:00,12.6969833333,55.61611,11.9,1009.6648399999999,0.8267291999999999,0.8744586000000001,0.0459294,20.1872968,0.306196,0.015309799999999998,No (reported postion),cruise,2021-01-22 06:00:00
2021-01-22 07:00:00+00:00,12.7167383333,55.8051033333,11.1,1009.6648399999999,0.8267291999999999,0.8744586000000001,0.0459294,20.1872968,0.306196,0.015309799999999998,No (reported postion),cruise,2021-01-22 07:00:00
2021-01-22 08:00:00+00:00,12.6913,55.9940483333,11.2,1009.6648399999999,0.8267291999999999,0.8744586000000001,0.0459294,20.1872968,0.306196,0.015309799999999998,No (reported postion),cruise,2021-01-22 08:00:00
2021-01-22 09:00:00+00:00,12.4963916667,56.1554916667,12.0,1009.6648399999999,0.8267291999999999,0.8744586000000001,0.0459294,20.1872968,0.306196,0.015309799999999998,No (reported postion),cruise,2021-01-22 09:00:00
2021-01-22 10:00:00+00:00,12.3767933333,56.317355,9.8,948.4162731206029,0.776464418670404,0.821401330818759,0.0431369121483558,18.9623254624121,0.287579414322372,0.0143789707161186,No (reported postion),cruise,2021-01-22 10:00:00
2021-01-22 11:00:00+00:00,12.3102066667,56.4689,9.3,851.822344404503,0.697192805438346,0.73772573907381,0.0387329336354637,17.0304468880901,0.258219557569758,0.0129109778784879,No (reported postion),cruise,2021-01-22 11:00:00
2021-01-22 12:00:00+00:00,12.2457066667,56.6166133333,8.8,728.065714957445,0.595629614098815,0.630520148215416,0.0330905341166008,14.5553142991489,0.220603560777339,0.011030178038866901,No (reported postion),cruise,2021-01-22 12:00:00
2021-01-22 13:00:00+00:00,12.1821116667,56.7576333333,8.8,728.065714957445,0.595629614098815,0.630520148215416,0.0330905341166008,14.5553142991489,0.220603560777339,0.011030178038866901,No (reported postion),cruise,2021-01-22 13:00:00
2021-01-22 14:00:00+00:00,12.1166916667,56.9082116667,9.6,932.771476669019,0.7636252240140889,0.807848847570427,0.0424236235563382,18.6494295333804,0.282824157042255,0.0141412078521128,No (reported postion),cruise,2021-01-22 14:00:00
2021-01-22 15:00:00+00:00,12.0214266667,57.0517183333,8.3,617.602713770151,0.504976087288574,0.534830314360162,0.028054227071587397,12.346054275402999,0.18702818047725,0.00935140902386248,No (reported postion),cruise,2021-01-22 15:00:00
2021-01-22 16:00:00+00:00,11.92523,57.1874916667,9.1,800.6761167681079,0.655218697651639,0.693419736410063,0.036401038758424396,16.0075223353622,0.242673591722829,0.012133679586141501,No (reported postion),cruise,2021-01-22 16:00:00
2021-01-22 17:00:00+00:00,11.80552,57.3236516667,9.1,767.679763865147,0.6281396238406981,0.664836269609626,0.034896645768927696,15.3475952773029,0.232644305126185,0.0116322152563092,No (reported postion),cruise,2021-01-22 17:00:00
2021-01-22 18:00:00+00:00,11.6724316667,57.4561433333,9.6,894.031847248627,0.731832822969998,0.774290202023887,0.040657379053888804,17.874636944972497,0.271049193692592,0.0135524596846296,No (reported postion),cruise,2021-01-22 18:00:00
2021-01-22 19:00:00+00:00,11.5526016667,57.5963066667,9.5,867.674820957655,0.710202436652179,0.7514581275773,0.039455690925120995,17.3474964191531,0.263037939500807,0.0131518969750403,No (reported postion),cruise,2021-01-22 19:00:00
2021-01-22 20:00:00+00:00,11.4370233333,57.735585,9.0,775.930833436997,0.634911018322155,0.671983852673386,0.0352728343512309,15.5126166687399,0.235152229008206,0.0117576114504103,No (reported postion),cruise,2021-01-22 20:00:00
2021-01-22 21:00:00+00:00,11.35076,57.8882283333,10.3,1009.6648399999999,0.8267291999999999,0.8744586000000001,0.0459294,20.1872968,0.306196,0.015309799999999998,No (reported postion),cruise,2021-01-22 21:00:00
2021-01-22 22:00:00+00:00,11.22588,58.0193866667,9.4,878.2353738263851,0.7188691517724131,0.760606326870881,0.0399371750984674,17.5587074765277,0.26624783398978297,0.0133123916994891,No (reported postion),cruise,2021-01-22 22:00:00
2021-01-22 23:00:00+00:00,11.1134216667,58.18101,11.5,1009.6648399999999,0.8267291999999999,0.8744586000000001,0.0459294,20.1872968,0.306196,0.015309799999999998,No (reported postion),cruise,2021-01-22 23:00:00
2021-01-23 00:00:00+00:00,11.0103866667,58.34069,9.8,989.627921898812,0.8102855286099669,0.857101391310521,0.045015862700553695,19.7865584379762,0.30010575133702505,0.0150052875668512,No (reported postion),cruise,2021-01-23 00:00:00
2021-01-23 01:00:00+00:00,10.8942133333,58.4843333333,9.2,825.97127290451,0.675977640377562,0.715331953731871,0.037554313354309005,16.5134254580902,0.25036208902872703,0.012518104451436298,No (reported postion),cruise,2021-01-23 01:00:00
2021-01-23 02:00:00+00:00,10.803295,58.6423033333,10.8,1009.6648399999999,0.8267291999999999,0.8744586000000001,0.0459294,20.1872968,0.306196,0.015309799999999998,No (reported postion),cruise,2021-01-23 02:00:00
2021-01-23 03:00:00+00:00,10.75494,58.8146083333,9.4,878.2353738263851,0.7188691517724131,0.760606326870881,0.0399371750984674,17.5587074765277,0.26624783398978297,0.0133123916994891,No (reported postion),cruise,2021-01-23 03:00:00
2021-01-23 04:00:00+00:00,10.7083583333,58.9679933333,8.8,728.065714957445,0.595629614098815,0.630520148215416,0.0330905341166008,14.5553142991489,0.220603560777339,0.011030178038866901,No (reported postion),cruise,2021-01-23 04:00:00
2021-01-23 05:00:00+00:00,10.6779933333,59.1151433333,9.5,867.674820957655,0.710202436652179,0.7514581275773,0.039455690925120995,17.3474964191531,0.263037939500807,0.0131518969750403,No (reported postion),cruise,2021-01-23 05:00:00
2021-01-23 06:00:00+00:00,10.616995,59.2836316667,11.0,1009.6648399999999,0.8267291999999999,0.8744586000000001,0.0459294,20.1872968,0.306196,0.015309799999999998,No (reported postion),cruise,2021-01-23 06:00:00
2021-01-23 07:00:00+00:00,10.571185,59.4558,10.1,1009.6648399999999,0.8267291999999999,0.8744586000000001,0.0459294,20.1872968,0.306196,0.015309799999999998,No (reported postion),cruise,2021-01-23 07:00:00
2021-01-23 08:00:00+00:00,10.6806116667,59.4731333333,0.0,41.76,0.0324,0.036,0.0018,0.8292,0.012,0.0006,No (reported postion),anchor,2021-01-23 08:00:00
2021-01-23 09:00:00+00:00,10.680635,59.4731633333,0.0,41.76,0.0324,0.036,0.0018,0.8292,0.012,0.0006,No (reported postion),anchor,2021-01-23 09:00:00
2021-01-23 10:00:00+00:00,10.6806866667,59.4731133333,0.0,41.76,0.0324,0.036,0.0018,0.8292,0.012,0.0006,No (reported postion),anchor,2021-01-23 10:00:00
2021-01-23 11:00:00+00:00,10.6806233333,59.4731416667,0.0,41.76,0.0324,0.036,0.0018,0.8292,0.012,0.0006,No (reported postion),anchor,2021-01-23 11:00:00
2021-01-23 12:00:00+00:00,10.6806133333,59.4731233333,0.0,41.76,0.0324,0.036,0.0018,0.8292,0.012,0.0006,No (reported postion),anchor,2021-01-23 12:00:00
2021-01-23 13:00:00+00:00,10.6806566667,59.4731333333,0.0,41.76,0.0324,0.036,0.0018,0.8292,0.012,0.0006,No (reported postion),anchor,2021-01-23 13:00:00
2021-01-23 14:00:00+00:00,10.6805716667,59.4730666667,0.0,41.76,0.0324,0.036,0.0018,0.8292,0.012,0.0006,No (reported postion),anchor,2021-01-23 14:00:00
2021-01-23 15:00:00+00:00,10.6806133333,59.4730516667,0.0,41.76,0.0324,0.036,0.0018,0.8292,0.012,0.0006,No (reported postion),anchor,2021-01-23 15:00:00
2021-01-23 16:00:00+00:00,10.6805766667,59.4730216667,0.0,41.76,0.0324,0.036,0.0018,0.8292,0.012,0.0006,No (reported postion),anchor,2021-01-23 16:00:00
2021-01-23 17:00:00+00:00,10.6775916667,59.49604,9.9,976.4552323783539,0.799475114717798,0.845690398868787,0.044415284150988804,19.5231046475671,0.296101894339925,0.014805094716996299,No (reported postion),cruise,2021-01-23 17:00:00
2021-01-23 18:00:00+00:00,10.5543233333,59.4105683333,9.6,894.031847248627,0.731832822969998,0.774290202023887,0.040657379053888804,17.874636944972497,0.271049193692592,0.0135524596846296,No (reported postion),cruise,2021-01-23 18:00:00
2021-01-23 19:00:00+00:00,10.6077666667,59.2530633333,9.4,841.866879312195,0.689022666912743,0.729101703963451,0.038279037050707995,16.831337586243897,0.255193580338053,0.0127596790169027,No (reported postion),cruise,2021-01-23 19:00:00
2021-01-23 20:00:00+00:00,10.597875,59.0988283333,9.7,920.943738023485,0.753918569198605,0.797602934154083,0.041884364955477996,18.4128747604697,0.279229099703187,0.0139614549851593,No (reported postion),cruise,2021-01-23 20:00:00
2021-01-23 21:00:00+00:00,10.4239433333,58.9676383333,10.0,1009.6648399999999,0.8267291999999999,0.8744586000000001,0.0459294,20.1872968,0.306196,0.015309799999999998,No (reported postion),cruise,2021-01-23 21:00:00
2021-01-23 22:00:00+00:00,10.1555666667,58.8534383333,11.4,1009.6648399999999,0.8267291999999999,0.8744586000000001,0.0459294,20.1872968,0.306196,0.015309799999999998,No (reported postion),cruise,2021-01-23 22:00:00
2021-01-23 23:00:00+00:00,9.8679633333,58.7448783333,10.6,1009.6648399999999,0.8267291999999999,0.8744586000000001,0.0459294,20.1872968,0.306196,0.015309799999999998,No (reported postion),cruise,2021-01-23 23:00:00
2021-01-24 00:00:00+00:00,9.6022283333,58.633125,11.6,1009.6648399999999,0.8267291999999999,0.8744586000000001,0.0459294,20.1872968,0.306196,0.015309799999999998,No (reported postion),cruise,2021-01-24 00:00:00
2021-01-24 01:00:00+00:00,9.309285,58.5108116667,11.7,1009.6648399999999,0.8267291999999999,0.8744586000000001,0.0459294,20.1872968,0.306196,0.015309799999999998,No (reported postion),cruise,2021-01-24 01:00:00
2021-01-24 02:00:00+00:00,9.007925,58.38853,12.0,1009.6648399999999,0.8267291999999999,0.8744586000000001,0.0459294,20.1872968,0.306196,0.015309799999999998,No (reported postion),cruise,2021-01-24 02:00:00
2021-01-24 03:00:00+00:00,8.7037933333,58.2725433333,11.9,1009.6648399999999,0.8267291999999999,0.8744586000000001,0.0459294,20.1872968,0.306196,0.015309799999999998,No (reported postion),cruise,2021-01-24 03:00:00
2021-01-24 04:00:00+00:00,8.4244416667,58.1570183333,10.6,1009.6648399999999,0.8267291999999999,0.8744586000000001,0.0459294,20.1872968,0.306196,0.015309799999999998,No (reported postion),cruise,2021-01-24 04:00:00
2021-01-24 05:00:00+00:00,8.15282,58.0553333333,10.4,1009.6648399999999,0.8267291999999999,0.8744586000000001,0.0459294,20.1872968,0.306196,0.015309799999999998,No (reported postion),cruise,2021-01-24 05:00:00
2021-01-24 06:00:00+00:00,7.8440883333,57.988805,10.6,1009.6648399999999,0.8267291999999999,0.8744586000000001,0.0459294,20.1872968,0.306196,0.015309799999999998,No (reported postion),cruise,2021-01-24 06:00:00
2021-01-24 07:00:00+00:00,7.5348,57.94134,10.1,1009.6648399999999,0.8267291999999999,0.8744586000000001,0.0459294,20.1872968,0.306196,0.015309799999999998,No (reported postion),cruise,2021-01-24 07:00:00
2021-01-24 08:00:00+00:00,7.2119433333,57.936735,9.9,976.4552323783539,0.799475114717798,0.845690398868787,0.044415284150988804,19.5231046475671,0.296101894339925,0.014805094716996299,No (reported postion),cruise,2021-01-24 08:00:00
2021-01-24 09:00:00+00:00,6.920025,57.9851783333,9.4,841.866879312195,0.689022666912743,0.729101703963451,0.038279037050707995,16.831337586243897,0.255193580338053,0.0127596790169027,No (reported postion),cruise,2021-01-24 09:00:00
2021-01-24 10:00:00+00:00,6.63412,58.0424666667,9.8,948.4162731206029,0.776464418670404,0.821401330818759,0.0431369121483558,18.9623254624121,0.287579414322372,0.0143789707161186,No (reported postion),cruise,2021-01-24 10:00:00
2021-01-24 11:00:00+00:00,6.3959483333,58.1531666667,10.0,1005.06639563511,0.8229554006731931,0.870475145155037,0.045719744481844,20.095327912702302,0.304798296545627,0.0152399148272813,No (reported postion),cruise,2021-01-24 11:00:00
2021-01-24 12:00:00+00:00,6.1863516667,58.25917,9.2,791.875130604314,0.6479960038394069,0.685795781830485,0.035999777991078195,15.8315026120863,0.239998519940521,0.0119999259970261,No (reported postion),cruise,2021-01-24 12:00:00
2021-01-24 13:00:00+00:00,5.96929,58.3584866667,9.0,744.0103624179969,0.608714887090758,0.644332380818022,0.0338174937272643,14.8742072483599,0.225449958181762,0.011272497909088101,No (reported postion),cruise,2021-01-24 13:00:00
2021-01-24 14:00:00+00:00,5.752115,58.4629516667,9.8,948.4162731206029,0.776464418670404,0.821401330818759,0.0431369121483558,18.9623254624121,0.287579414322372,0.0143789707161186,No (reported postion),cruise,2021-01-24 14:00:00
2021-01-24 15:00:00+00:00,5.5577333333,58.5774283333,9.5,867.674820957655,0.710202436652179,0.7514581275773,0.039455690925120995,17.3474964191531,0.263037939500807,0.0131518969750403,No (reported postion),cruise,2021-01-24 15:00:00
2021-01-24 16:00:00+00:00,5.3833616667,58.7122733333,9.8,948.4162731206029,0.776464418670404,0.821401330818759,0.0431369121483558,18.9623254624121,0.287579414322372,0.0143789707161186,No (reported postion),cruise,2021-01-24 16:00:00
2021-01-24 17:00:00+00:00,5.2207066667,58.8447766667,9.0,775.930833436997,0.634911018322155,0.671983852673386,0.0352728343512309,15.5126166687399,0.235152229008206,0.0117576114504103,No (reported postion),cruise,2021-01-24 17:00:00
2021-01-24 18:00:00+00:00,5.06022,58.9829833333,10.3,1009.6648399999999,0.8267291999999999,0.8744586000000001,0.0459294,20.1872968,0.306196,0.015309799999999998,No (reported postion),cruise,2021-01-24 18:00:00
2021-01-24 19:00:00+00:00,4.8634283333,59.1144583333,10.1,1009.6648399999999,0.8267291999999999,0.8744586000000001,0.0459294,20.1872968,0.306196,0.015309799999999998,No (reported postion),cruise,2021-01-24 19:00:00
2021-01-24 20:00:00+00:00,4.7016733333,59.26256,10.6,1009.6648399999999,0.8267291999999999,0.8744586000000001,0.0459294,20.1872968,0.306196,0.015309799999999998,No (reported postion),cruise,2021-01-24 20:00:00
2021-01-24 21:00:00+00:00,4.66136,59.4314966667,10.3,1009.6648399999999,0.8267291999999999,0.8744586000000001,0.0459294,20.1872968,0.306196,0.015309799999999998,No (reported postion),cruise,2021-01-24 21:00:00
2021-01-24 22:00:00+00:00,4.685435,59.6091066667,10.4,1009.6648399999999,0.8267291999999999,0.8744586000000001,0.0459294,20.1872968,0.306196,0.015309799999999998,No (reported postion),cruise,2021-01-24 22:00:00
2021-01-24 23:00:00+00:00,4.6418266667,59.780565,10.5,1009.6648399999999,0.8267291999999999,0.8744586000000001,0.0459294,20.1872968,0.306196,0.015309799999999998,No (reported postion),cruise,2021-01-24 23:00:00
2021-01-25 00:00:00+00:00,4.59317,59.95333,10.2,1009.6648399999999,0.8267291999999999,0.8744586000000001,0.0459294,20.1872968,0.306196,0.015309799999999998,No (reported postion),cruise,2021-01-25 00:00:00
2021-01-25 01:00:00+00:00,4.57133,60.1295,11.2,1009.6648399999999,0.8267291999999999,0.8744586000000001,0.0459294,20.1872968,0.306196,0.015309799999999998,No (reported postion),cruise,2021-01-25 01:00:00
2021-01-25 02:00:00+00:00,4.5390866667,60.3054483333,9.9,1018.94137930464,0.8343421653867891,0.882494507908277,0.0463523425214883,20.3728275860929,0.309015616809922,0.015450780840496099,No (reported postion),cruise,2021-01-25 02:00:00
2021-01-25 03:00:00+00:00,4.4804683333,60.4729116667,10.6,1009.6648399999999,0.8267291999999999,0.8744586000000001,0.0459294,20.1872968,0.306196,0.015309799999999998,No (reported postion),cruise,2021-01-25 03:00:00
2021-01-25 04:00:00+00:00,4.3940133333,60.6476216667,10.5,1009.6648399999999,0.8267291999999999,0.8744586000000001,0.0459294,20.1872968,0.306196,0.015309799999999998,No (reported postion),cruise,2021-01-25 04:00:00
2021-01-25 05:00:00+00:00,4.3283833333,60.8167716667,10.4,1009.6648399999999,0.8267291999999999,0.8744586000000001,0.0459294,20.1872968,0.306196,0.015309799999999998,No (reported postion),cruise,2021-01-25 05:00:00
2021-01-25 06:00:00+00:00,4.3184233333,60.9895,10.6,1009.6648399999999,0.8267291999999999,0.8744586000000001,0.0459294,20.1872968,0.306196,0.015309799999999998,No (reported postion),cruise,2021-01-25 06:00:00
2021-01-25 07:00:00+00:00,4.2831683333,61.17266,10.0,1009.6648399999999,0.8267291999999999,0.8744586000000001,0.0459294,20.1872968,0.306196,0.015309799999999998,No (reported postion),cruise,2021-01-25 07:00:00
2021-01-25 08:00:00+00:00,4.3343083333,61.3309033333,9.7,960.906635206371,0.786714867798541,0.832221249342905,0.043706381544363404,19.212132704127402,0.29137587696242295,0.0145687938481211,No (reported postion),cruise,2021-01-25 08:00:00
2021-01-25 09:00:00+00:00,4.3940566667,61.4897783333,10.0,1009.6648399999999,0.8267291999999999,0.8744586000000001,0.0459294,20.1872968,0.306196,0.015309799999999998,No (reported postion),cruise,2021-01-25 09:00:00
2021-01-25 10:00:00+00:00,4.446045,61.6575533333,10.5,1009.6648399999999,0.8267291999999999,0.8744586000000001,0.0459294,20.1872968,0.306196,0.015309799999999998,No (reported postion),cruise,2021-01-25 10:00:00
2021-01-25 11:00:00+00:00,4.5423233333,61.8217183333,10.1,1009.6648399999999,0.8267291999999999,0.8744586000000001,0.0459294,20.1872968,0.306196,0.015309799999999998,No (reported postion),cruise,2021-01-25 11:00:00
2021-01-25 12:00:00+00:00,4.6881633333,61.9749883333,10.1,1009.6648399999999,0.8267291999999999,0.8744586000000001,0.0459294,20.1872968,0.306196,0.015309799999999998,No (reported postion),cruise,2021-01-25 12:00:00
2021-01-25 13:00:00+00:00,4.8606216667,62.1135516667,9.7,960.906635206371,0.786714867798541,0.832221249342905,0.043706381544363404,19.212132704127402,0.29137587696242295,0.0145687938481211,No (reported postion),cruise,2021-01-25 13:00:00
2021-01-25 14:00:00+00:00,5.0470666667,62.2485283333,9.6,894.031847248627,0.731832822969998,0.774290202023887,0.040657379053888804,17.874636944972497,0.271049193692592,0.0135524596846296,No (reported postion),cruise,2021-01-25 14:00:00
2021-01-25 15:00:00+00:00,5.2600183333,62.3706983333,9.7,960.906635206371,0.786714867798541,0.832221249342905,0.043706381544363404,19.212132704127402,0.29137587696242295,0.0145687938481211,No (reported postion),cruise,2021-01-25 15:00:00
2021-01-25 16:00:00+00:00,5.4861533333,62.4875083333,9.7,960.906635206371,0.786714867798541,0.832221249342905,0.043706381544363404,19.212132704127402,0.29137587696242295,0.0145687938481211,No (reported postion),cruise,2021-01-25 16:00:00
2021-01-25 17:00:00+00:00,5.70675,62.6121066667,9.9,1018.94137930464,0.8343421653867891,0.882494507908277,0.0463523425214883,20.3728275860929,0.309015616809922,0.015450780840496099,No (reported postion),cruise,2021-01-25 17:00:00
2021-01-25 18:00:00+00:00,5.9681066667,62.7256516667,10.2,1009.6648399999999,0.8267291999999999,0.8744586000000001,0.0459294,20.1872968,0.306196,0.015309799999999998,No (reported postion),cruise,2021-01-25 18:00:00
2021-01-25 19:00:00+00:00,6.2121466667,62.8458466667,9.9,976.4552323783539,0.799475114717798,0.845690398868787,0.044415284150988804,19.5231046475671,0.296101894339925,0.014805094716996299,No (reported postion),cruise,2021-01-25 19:00:00
2021-01-25 20:00:00+00:00,6.4980466667,62.9404916667,9.2,791.875130604314,0.6479960038394069,0.685795781830485,0.035999777991078195,15.8315026120863,0.239998519940521,0.0119999259970261,No (reported postion),cruise,2021-01-25 20:00:00
2021-01-25 21:00:00+00:00,6.7590766667,63.0340266667,9.2,825.97127290451,0.675977640377562,0.715331953731871,0.037554313354309005,16.5134254580902,0.25036208902872703,0.012518104451436298,No (reported postion),cruise,2021-01-25 21:00:00
2021-01-25 22:00:00+00:00,7.03105,63.1273016667,9.5,905.2164037284571,0.7410116383181871,0.7839789515580861,0.0411673132398993,18.0983280745691,0.27444875493266196,0.0137224377466331,No (reported postion),cruise,2021-01-25 22:00:00
2021-01-25 23:00:00+00:00,7.3324,63.222565,10.3,1009.6648399999999,0.8267291999999999,0.8744586000000001,0.0459294,20.1872968,0.306196,0.015309799999999998,No (reported postion),cruise,2021-01-25 23:00:00
2021-01-26 00:00:00+00:00,7.6934316667,63.2365683333,9.9,976.4552323783539,0.799475114717798,0.845690398868787,0.044415284150988804,19.5231046475671,0.296101894339925,0.014805094716996299,No (reported postion),cruise,2021-01-26 00:00:00
2021-01-26 01:00:00+00:00,8.0574066667,63.24879,10.8,1009.6648399999999,0.8267291999999999,0.8744586000000001,0.0459294,20.1872968,0.306196,0.015309799999999998,No (reported postion),cruise,2021-01-26 01:00:00
2021-01-26 02:00:00+00:00,8.3708533333,63.358495,10.7,1009.6648399999999,0.8267291999999999,0.8744586000000001,0.0459294,20.1872968,0.306196,0.015309799999999998,No (reported postion),cruise,2021-01-26 02:00:00
2021-01-26 03:00:00+00:00,8.724895,63.4306116667,10.4,1009.6648399999999,0.8267291999999999,0.8744586000000001,0.0459294,20.1872968,0.306196,0.015309799999999998,No (reported postion),cruise,2021-01-26 03:00:00
2021-01-26 04:00:00+00:00,9.0873716667,63.4994316667,11.0,1009.6648399999999,0.8267291999999999,0.8744586000000001,0.0459294,20.1872968,0.306196,0.015309799999999998,No (reported postion),cruise,2021-01-26 04:00:00
2021-01-26 05:00:00+00:00,9.4504883333,63.589245,10.8,1009.6648399999999,0.8267291999999999,0.8744586000000001,0.0459294,20.1872968,0.306196,0.015309799999999998,No (reported postion),cruise,2021-01-26 05:00:00
2021-01-26 06:00:00+00:00,9.777215,63.63945,9.6,894.031847248627,0.731832822969998,0.774290202023887,0.040657379053888804,17.874636944972497,0.271049193692592,0.0135524596846296,No (reported postion),cruise,2021-01-26 06:00:00
2021-01-26 07:00:00+00:00,9.9362083333,63.4909116667,9.9,976.4552323783539,0.799475114717798,0.845690398868787,0.044415284150988804,19.5231046475671,0.296101894339925,0.014805094716996299,No (reported postion),cruise,2021-01-26 07:00:00
2021-01-26 08:00:00+00:00,10.2858433333,63.5278883333,10.4,1009.6648399999999,0.8267291999999999,0.8744586000000001,0.0459294,20.1872968,0.306196,0.015309799999999998,No (reported postion),cruise,2021-01-26 08:00:00
2021-01-26 09:00:00+00:00,10.60558,63.6233483333,10.3,1009.6648399999999,0.8267291999999999,0.8744586000000001,0.0459294,20.1872968,0.306196,0.015309799999999998,No (reported postion),cruise,2021-01-26 09:00:00
2021-01-26 10:00:00+00:00,10.9201466667,63.7219783333,10.4,1009.6648399999999,0.8267291999999999,0.8744586000000001,0.0459294,20.1872968,0.306196,0.015309799999999998,No (reported postion),cruise,2021-01-26 10:00:00
2021-01-26 11:00:00+00:00,11.062705,63.8643066667,9.2,791.875130604314,0.6479960038394069,0.685795781830485,0.035999777991078195,15.8315026120863,0.239998519940521,0.0119999259970261,No (reported postion),cruise,2021-01-26 11:00:00
2021-01-26 12:00:00+00:00,11.2903333333,63.9838266667,10.2,1009.6648399999999,0.8267291999999999,0.8744586000000001,0.0459294,20.1872968,0.306196,0.015309799999999998,No (reported postion),cruise,2021-01-26 12:00:00
2021-01-26 13:00:00+00:00,11.48442,64.012775,0.0,41.76,0.0324,0.036,0.0018,0.8292,0.012,0.0006,No (reported postion),anchor,2021-01-26 13:00:00
2021-01-26 14:00:00+00:00,11.48443,64.0127916667,0.0,41.76,0.0324,0.036,0.0018,0.8292,0.012,0.0006,No (reported postion),anchor,2021-01-26 14:00:00
2021-01-26 15:00:00+00:00,11.4843583333,64.0127033333,0.1,41.760963306395595,0.0324076683873865,0.036000834475145196,0.00180020334841695,0.8292892021722359,0.0120021344995818,0.000600310073396042,No (reported postion),anchor,2021-01-26 15:00:00
2021-01-26 16:00:00+00:00,11.4843616667,64.0127283333,0.0,41.76,0.0324,0.036,0.0018,0.8292,0.012,0.0006,No (reported postion),anchor,2021-01-26 16:00:00
2021-01-26 17:00:00+00:00,11.4843416667,64.012725,0.0,41.76,0.0324,0.036,0.0018,0.8292,0.012,0.0006,No (reported postion),anchor,2021-01-26 17:00:00
2021-01-26 18:00:00+00:00,11.4843433333,64.0127066667,0.0,41.76,0.0324,0.036,0.0018,0.8292,0.012,0.0006,No (reported postion),anchor,2021-01-26 18:00:00
2021-01-26 19:00:00+00:00,11.4843616667,64.012725,0.0,41.76,0.0324,0.036,0.0018,0.8292,0.012,0.0006,No (reported postion),anchor,2021-01-26 19:00:00
2021-01-26 20:00:00+00:00,11.48434,64.0127133333,0.0,41.76,0.0324,0.036,0.0018,0.8292,0.012,0.0006,No (reported postion),anchor,2021-01-26 20:00:00
2021-01-26 21:00:00+00:00,11.4843583333,64.0127133333,0.0,41.76,0.0324,0.036,0.0018,0.8292,0.012,0.0006,No (reported postion),anchor,2021-01-26 21:00:00
2021-01-26 22:00:00+00:00,11.4843566667,64.0126966667,0.1,41.760963306395595,0.0324076683873865,0.036000834475145196,0.00180020334841695,0.8292892021722359,0.0120021344995818,0.000600310073396042,No (reported postion),anchor,2021-01-26 22:00:00
2021-01-26 23:00:00+00:00,11.4843466667,64.0127016667,0.0,41.76,0.0324,0.036,0.0018,0.8292,0.012,0.0006,No (reported postion),anchor,2021-01-26 23:00:00
2021-01-27 00:00:00+00:00,11.4843483333,64.012705,0.0,41.76,0.0324,0.036,0.0018,0.8292,0.012,0.0006,No (reported postion),anchor,2021-01-27 00:00:00
2021-01-27 01:00:00+00:00,11.4843733333,64.0127116667,0.0,41.76,0.0324,0.036,0.0018,0.8292,0.012,0.0006,No (reported postion),anchor,2021-01-27 01:00:00
2021-01-27 02:00:00+00:00,11.4843833333,64.0127083333,0.0,41.76,0.0324,0.036,0.0018,0.8292,0.012,0.0006,No (reported postion),anchor,2021-01-27 02:00:00
2021-01-27 03:00:00+00:00,11.48436,64.012705,0.0,41.76,0.0324,0.036,0.0018,0.8292,0.012,0.0006,No (reported postion),anchor,2021-01-27 03:00:00
2021-01-27 04:00:00+00:00,11.4843516667,64.0127166667,0.1,41.760963306395595,0.0324076683873865,0.036000834475145196,0.00180020334841695,0.8292892021722359,0.0120021344995818,0.000600310073396042,No (reported postion),anchor,2021-01-27 04:00:00
2021-01-27 05:00:00+00:00,11.484355,64.012715,0.0,41.76,0.0324,0.036,0.0018,0.8292,0.012,0.0006,No (reported postion),anchor,2021-01-27 05:00:00
2021-01-27 06:00:00+00:00,11.4843483333,64.0127016667,0.0,41.76,0.0324,0.036,0.0018,0.8292,0.012,0.0006,No (reported postion),anchor,2021-01-27 06:00:00
2021-01-27 07:00:00+00:00,11.4843716667,64.0127066667,0.0,41.76,0.0324,0.036,0.0018,0.8292,0.012,0.0006,No (reported postion),anchor,2021-01-27 07:00:00
2021-01-27 08:00:00+00:00,11.4844333333,64.012795,0.0,41.76,0.0324,0.036,0.0018,0.8292,0.012,0.0006,No (reported postion),anchor,2021-01-27 08:00:00
2021-01-27 09:00:00+00:00,11.484385,64.01273,0.0,41.76,0.0324,0.036,0.0018,0.8292,0.012,0.0006,No (reported postion),anchor,2021-01-27 09:00:00
2021-01-27 10:00:00+00:00,11.48454,64.0129033333,0.0,41.76,0.0324,0.036,0.0018,0.8292,0.012,0.0006,No (reported postion),anchor,2021-01-27 10:00:00
2021-01-27 11:00:00+00:00,11.4845,64.0129066667,0.0,41.76,0.0324,0.036,0.0018,0.8292,0.012,0.0006,No (reported postion),anchor,2021-01-27 11:00:00
2021-01-27 12:00:00+00:00,11.484525,64.0128683333,0.0,41.76,0.0324,0.036,0.0018,0.8292,0.012,0.0006,No (reported postion),anchor,2021-01-27 12:00:00
2021-01-27 13:00:00+00:00,11.4845133333,64.0128766667,0.0,41.76,0.0324,0.036,0.0018,0.8292,0.012,0.0006,No (reported postion),anchor,2021-01-27 13:00:00
2021-01-27 14:00:00+00:00,11.4845233333,64.01289,0.0,41.76,0.0324,0.036,0.0018,0.8292,0.012,0.0006,No (reported postion),anchor,2021-01-27 14:00:00
2021-01-27 15:00:00+00:00,11.4845466667,64.0128666667,0.0,41.76,0.0324,0.036,0.0018,0.8292,0.012,0.0006,No (reported postion),anchor,2021-01-27 15:00:00
2021-01-27 16:00:00+00:00,11.4845483333,64.0128966667,0.1,41.760963306395595,0.0324076683873865,0.036000834475145196,0.00180020334841695,0.8292892021722359,0.0120021344995818,0.000600310073396042,No (reported postion),anchor,2021-01-27 16:00:00
2021-01-27 17:00:00+00:00,11.4845266667,64.01288,0.0,41.76,0.0324,0.036,0.0018,0.8292,0.012,0.0006,No (reported postion),anchor,2021-01-27 17:00:00
2021-01-27 18:00:00+00:00,11.4845316667,64.0128833333,0.0,41.76,0.0324,0.036,0.0018,0.8292,0.012,0.0006,No (reported postion),anchor,2021-01-27 18:00:00
2021-01-27 19:00:00+00:00,11.48452,64.0128833333,0.0,41.76,0.0324,0.036,0.0018,0.8292,0.012,0.0006,No (reported postion),anchor,2021-01-27 19:00:00
2021-01-27 20:00:00+00:00,11.4845183333,64.0128983333,0.0,41.76,0.0324,0.036,0.0018,0.8292,0.012,0.0006,No (reported postion),anchor,2021-01-27 20:00:00
2021-01-27 21:00:00+00:00,11.4845283333,64.0128783333,0.0,41.76,0.0324,0.036,0.0018,0.8292,0.012,0.0006,No (reported postion),anchor,2021-01-27 21:00:00
2021-01-27 22:00:00+00:00,11.48454,64.0128816667,0.0,41.76,0.0324,0.036,0.0018,0.8292,0.012,0.0006,No (reported postion),anchor,2021-01-27 22:00:00
2021-01-27 23:00:00+00:00,11.4845333333,64.0128816667,0.0,41.76,0.0324,0.036,0.0018,0.8292,0.012,0.0006,No (reported postion),anchor,2021-01-27 23:00:00
2021-01-28 00:00:00+00:00,11.4845316667,64.012885,0.1,41.760963306395595,0.0324076683873865,0.036000834475145196,0.00180020334841695,0.8292892021722359,0.0120021344995818,0.000600310073396042,No (reported postion),anchor,2021-01-28 00:00:00
2021-01-28 01:00:00+00:00,11.4845383333,64.0128733333,0.0,41.76,0.0324,0.036,0.0018,0.8292,0.012,0.0006,No (reported postion),anchor,2021-01-28 01:00:00
2021-01-28 02:00:00+00:00,11.4845566667,64.0128733333,0.0,41.76,0.0324,0.036,0.0018,0.8292,0.012,0.0006,No (reported postion),anchor,2021-01-28 02:00:00
2021-01-28 03:00:00+00:00,11.4845283333,64.0128733333,0.0,41.76,0.0324,0.036,0.0018,0.8292,0.012,0.0006,No (reported postion),anchor,2021-01-28 03:00:00
2021-01-28 04:00:00+00:00,11.48453,64.0128833333,0.0,41.76,0.0324,0.036,0.0018,0.8292,0.012,0.0006,No (reported postion),anchor,2021-01-28 04:00:00
2021-01-28 05:00:00+00:00,11.4845266667,64.0128716667,0.0,41.76,0.0324,0.036,0.0018,0.8292,0.012,0.0006,No (reported postion),anchor,2021-01-28 05:00:00
2021-01-28 06:00:00+00:00,11.4397316667,64.00461,10.9,1009.6648399999999,0.8267291999999999,0.8744586000000001,0.0459294,20.1872968,0.306196,0.015309799999999998,No (reported postion),cruise,2021-01-28 06:00:00
2021-01-28 07:00:00+00:00,11.09664,63.9188266667,10.7,1009.6648399999999,0.8267291999999999,0.8744586000000001,0.0459294,20.1872968,0.306196,0.015309799999999998,No (reported postion),cruise,2021-01-28 07:00:00
2021-01-28 08:00:00+00:00,10.995425,63.7592733333,10.6,1009.6648399999999,0.8267291999999999,0.8744586000000001,0.0459294,20.1872968,0.306196,0.015309799999999998,No (reported postion),cruise,2021-01-28 08:00:00
2021-01-28 09:00:00+00:00,10.6902083333,63.6489566667,10.7,1009.6648399999999,0.8267291999999999,0.8744586000000001,0.0459294,20.1872968,0.306196,0.015309799999999998,No (reported postion),cruise,2021-01-28 09:00:00
2021-01-28 10:00:00+00:00,10.37272,63.54594,10.4,1009.6648399999999,0.8267291999999999,0.8744586000000001,0.0459294,20.1872968,0.306196,0.015309799999999998,No (reported postion),cruise,2021-01-28 10:00:00
2021-01-28 11:00:00+00:00,10.0065666667,63.4801833333,11.1,1009.6648399999999,0.8267291999999999,0.8744586000000001,0.0459294,20.1872968,0.306196,0.015309799999999998,No (reported postion),cruise,2021-01-28 11:00:00
2021-01-28 12:00:00+00:00,9.7852233333,63.622755,11.3,1009.6648399999999,0.8267291999999999,0.8744586000000001,0.0459294,20.1872968,0.306196,0.015309799999999998,No (reported postion),cruise,2021-01-28 12:00:00
2021-01-28 13:00:00+00:00,9.4561,63.59388,10.4,1009.6648399999999,0.8267291999999999,0.8744586000000001,0.0459294,20.1872968,0.306196,0.015309799999999998,No (reported postion),cruise,2021-01-28 13:00:00
2021-01-28 14:00:00+00:00,9.1137483333,63.508295,10.8,1009.6648399999999,0.8267291999999999,0.8744586000000001,0.0459294,20.1872968,0.306196,0.015309799999999998,No (reported postion),cruise,2021-01-28 14:00:00
2021-01-28 15:00:00+00:00,8.7440766667,63.4387433333,10.8,1009.6648399999999,0.8267291999999999,0.8744586000000001,0.0459294,20.1872968,0.306196,0.015309799999999998,No (reported postion),cruise,2021-01-28 15:00:00
2021-01-28 16:00:00+00:00,8.3886166667,63.3665916667,10.3,1009.6648399999999,0.8267291999999999,0.8744586000000001,0.0459294,20.1872968,0.306196,0.015309799999999998,No (reported postion),cruise,2021-01-28 16:00:00
2021-01-28 17:00:00+00:00,8.1070466667,63.2628533333,10.0,1005.06639563511,0.8229554006731931,0.870475145155037,0.045719744481844,20.095327912702302,0.304798296545627,0.0152399148272813,No (reported postion),cruise,2021-01-28 17:00:00
2021-01-28 18:00:00+00:00,7.7989416667,63.19114,9.3,816.602242473872,0.668288770419288,0.70721592433147,0.037127153912182596,16.326044849477498,0.247514359414551,0.0123757179707275,No (reported postion),cruise,2021-01-28 18:00:00
2021-01-28 19:00:00+00:00,7.5357733333,63.1083816667,9.2,791.875130604314,0.6479960038394069,0.685795781830485,0.035999777991078195,15.8315026120863,0.239998519940521,0.0119999259970261,No (reported postion),cruise,2021-01-28 19:00:00
2021-01-28 20:00:00+00:00,7.26745,63.0519683333,7.4,432.114870864843,0.352752021682394,0.374149356220305,0.0195973345379108,8.636297417296861,0.13064889691940498,0.00653244484597026,No (reported postion),cruise,2021-01-28 20:00:00
2021-01-28 21:00:00+00:00,7.00882,63.0036033333,7.3,416.50256411078504,0.339939490303683,0.36062501754277704,0.018885527239093498,8.32405128221569,0.12590351492729002,0.00629517574636451,No (reported postion),cruise,2021-01-28 21:00:00
2021-01-28 22:00:00+00:00,6.84061,62.916555,9.4,841.866879312195,0.689022666912743,0.729101703963451,0.038279037050707995,16.831337586243897,0.255193580338053,0.0127596790169027,No (reported postion),cruise,2021-01-28 22:00:00
2021-01-28 23:00:00+00:00,6.956165,62.7732066667,10.1,1009.6648399999999,0.8267291999999999,0.8744586000000001,0.0459294,20.1872968,0.306196,0.015309799999999998,No (reported postion),cruise,2021-01-28 23:00:00
2021-01-29 00:00:00+00:00,7.2247883333,62.69152,10.6,1009.6648399999999,0.8267291999999999,0.8744586000000001,0.0459294,20.1872968,0.306196,0.015309799999999998,No (reported postion),cruise,2021-01-29 00:00:00
2021-01-29 01:00:00+00:00,7.5060083333,62.6877883333,0.0,41.76,0.0324,0.036,0.0018,0.8292,0.012,0.0006,No (reported postion),anchor,2021-01-29 01:00:00
2021-01-29 02:00:00+00:00,7.50596,62.6877666667,0.1,41.760963306395595,0.0324076683873865,0.036000834475145196,0.00180020334841695,0.8292892021722359,0.0120021344995818,0.000600310073396042,No (reported postion),anchor,2021-01-29 02:00:00
2021-01-29 03:00:00+00:00,7.5059733333,62.6877816667,0.0,41.76,0.0324,0.036,0.0018,0.8292,0.012,0.0006,No (reported postion),anchor,2021-01-29 03:00:00
2021-01-29 04:00:00+00:00,7.5059833333,62.687785,0.0,41.76,0.0324,0.036,0.0018,0.8292,0.012,0.0006,No (reported postion),anchor,2021-01-29 04:00:00
2021-01-29 05:00:00+00:00,7.5059833333,62.6877983333,0.0,41.76,0.0324,0.036,0.0018,0.8292,0.012,0.0006,No (reported postion),anchor,2021-01-29 05:00:00
2021-01-29 06:00:00+00:00,7.5059883333,62.6877816667,0.0,41.76,0.0324,0.036,0.0018,0.8292,0.012,0.0006,No (reported postion),anchor,2021-01-29 06:00:00
2021-01-29 07:00:00+00:00,7.5059983333,62.687775,0.3,41.7860092726821,0.032607046459436295,0.0360225308289192,0.0018054904072576801,0.8316084586503669,0.0120576314887091,0.000608371981693129,No (reported postion),anchor,2021-01-29 07:00:00
2021-01-29 08:00:00+00:00,7.5059883333,62.6877883333,0.0,41.76,0.0324,0.036,0.0018,0.8292,0.012,0.0006,No (reported postion),anchor,2021-01-29 08:00:00
2021-01-29 09:00:00+00:00,7.505995,62.6878016667,0.0,41.76,0.0324,0.036,0.0018,0.8292,0.012,0.0006,No (reported postion),anchor,2021-01-29 09:00:00
2021-01-29 10:00:00+00:00,7.5059766667,62.6877816667,0.1,41.760963306395595,0.0324076683873865,0.036000834475145196,0.00180020334841695,0.8292892021722359,0.0120021344995818,0.000600310073396042,No (reported postion),anchor,2021-01-29 10:00:00
2021-01-29 11:00:00+00:00,7.5059816667,62.6877766667,0.0,41.76,0.0324,0.036,0.0018,0.8292,0.012,0.0006,No (reported postion),anchor,2021-01-29 11:00:00
2021-01-29 12:00:00+00:00,7.506,62.6877783333,0.0,41.76,0.0324,0.036,0.0018,0.8292,0.012,0.0006,No (reported postion),anchor,2021-01-29 12:00:00
2021-01-29 13:00:00+00:00,7.5059933333,62.6877816667,0.0,41.76,0.0324,0.036,0.0018,0.8292,0.012,0.0006,No (reported postion),anchor,2021-01-29 13:00:00
2021-01-29 14:00:00+00:00,7.460345,62.68223,9.7,920.943738023485,0.753918569198605,0.797602934154083,0.041884364955477996,18.4128747604697,0.279229099703187,0.0139614549851593,No (reported postion),cruise,2021-01-29 14:00:00
2021-01-29 15:00:00+00:00,7.1012933333,62.7036783333,10.0,1005.06639563511,0.8229554006731931,0.870475145155037,0.045719744481844,20.095327912702302,0.304798296545627,0.0152399148272813,No (reported postion),cruise,2021-01-29 15:00:00
2021-01-29 16:00:00+00:00,6.971345,62.8245166667,10.3,1009.6648399999999,0.8267291999999999,0.8744586000000001,0.0459294,20.1872968,0.306196,0.015309799999999998,No (reported postion),cruise,2021-01-29 16:00:00
2021-01-29 17:00:00+00:00,6.858105,62.96412,9.8,948.4162731206029,0.776464418670404,0.821401330818759,0.0431369121483558,18.9623254624121,0.287579414322372,0.0143789707161186,No (reported postion),cruise,2021-01-29 17:00:00
2021-01-29 18:00:00+00:00,7.0016133333,63.1081016667,9.7,960.906635206371,0.786714867798541,0.832221249342905,0.043706381544363404,19.212132704127402,0.29137587696242295,0.0145687938481211,No (reported postion),cruise,2021-01-29 18:00:00
2021-01-29 19:00:00+00:00,7.1686566667,63.2572316667,9.5,905.2164037284571,0.7410116383181871,0.7839789515580861,0.0411673132398993,18.0983280745691,0.27444875493266196,0.0137224377466331,No (reported postion),cruise,2021-01-29 19:00:00
2021-01-29 20:00:00+00:00,7.3296883333,63.390995,9.7,960.906635206371,0.786714867798541,0.832221249342905,0.043706381544363404,19.212132704127402,0.29137587696242295,0.0145687938481211,No (reported postion),cruise,2021-01-29 20:00:00
2021-01-29 21:00:00+00:00,7.5764966667,63.52081,11.2,1009.6648399999999,0.8267291999999999,0.8744586000000001,0.0459294,20.1872968,0.306196,0.015309799999999998,No (reported postion),cruise,2021-01-29 21:00:00
2021-01-29 22:00:00+00:00,7.801775,63.663545,10.2,1009.6648399999999,0.8267291999999999,0.8744586000000001,0.0459294,20.1872968,0.306196,0.015309799999999998,No (reported postion),cruise,2021-01-29 22:00:00
2021-01-29 23:00:00+00:00,8.0708533333,63.794075,10.6,1009.6648399999999,0.8267291999999999,0.8744586000000001,0.0459294,20.1872968,0.306196,0.015309799999999998,No (reported postion),cruise,2021-01-29 23:00:00
2021-01-30 00:00:00+00:00,8.3145716667,63.9285466667,10.5,1009.6648399999999,0.8267291999999999,0.8744586000000001,0.0459294,20.1872968,0.306196,0.015309799999999998,No (reported postion),cruise,2021-01-30 00:00:00
2021-01-30 01:00:00+00:00,8.5925483333,64.0437583333,9.5,905.2164037284571,0.7410116383181871,0.7839789515580861,0.0411673132398993,18.0983280745691,0.27444875493266196,0.0137224377466331,No (reported postion),cruise,2021-01-30 01:00:00
2021-01-30 02:00:00+00:00,8.8543316667,64.1475066667,9.5,905.2164037284571,0.7410116383181871,0.7839789515580861,0.0411673132398993,18.0983280745691,0.27444875493266196,0.0137224377466331,No (reported postion),cruise,2021-01-30 02:00:00
2021-01-30 03:00:00+00:00,9.1248916667,64.25259,9.9,1018.94137930464,0.8343421653867891,0.882494507908277,0.0463523425214883,20.3728275860929,0.309015616809922,0.015450780840496099,No (reported postion),cruise,2021-01-30 03:00:00
2021-01-30 04:00:00+00:00,9.4069116667,64.3590716667,9.8,989.627921898812,0.8102855286099669,0.857101391310521,0.045015862700553695,19.7865584379762,0.30010575133702505,0.0150052875668512,No (reported postion),cruise,2021-01-30 04:00:00
2021-01-30 05:00:00+00:00,9.6698083333,64.4707816667,10.4,1009.6648399999999,0.8267291999999999,0.8744586000000001,0.0459294,20.1872968,0.306196,0.015309799999999998,No (reported postion),cruise,2021-01-30 05:00:00
2021-01-30 06:00:00+00:00,9.99163,64.5639316667,10.0,1009.6648399999999,0.8267291999999999,0.8744586000000001,0.0459294,20.1872968,0.306196,0.015309799999999998,No (reported postion),cruise,2021-01-30 06:00:00
2021-01-30 07:00:00+00:00,10.34049,64.6133683333,9.3,851.822344404503,0.697192805438346,0.73772573907381,0.0387329336354637,17.0304468880901,0.258219557569758,0.0129109778784879,No (reported postion),cruise,2021-01-30 07:00:00
2021-01-30 08:00:00+00:00,10.717545,64.6248833333,10.3,1009.6648399999999,0.8267291999999999,0.8744586000000001,0.0459294,20.1872968,0.306196,0.015309799999999998,No (reported postion),cruise,2021-01-30 08:00:00
2021-01-30 09:00:00+00:00,11.065285,64.5822166667,9.6,894.031847248627,0.731832822969998,0.774290202023887,0.040657379053888804,17.874636944972497,0.271049193692592,0.0135524596846296,No (reported postion),cruise,2021-01-30 09:00:00
2021-01-30 10:00:00+00:00,11.323475,64.47605,9.7,920.943738023485,0.753918569198605,0.797602934154083,0.041884364955477996,18.4128747604697,0.279229099703187,0.0139614549851593,No (reported postion),cruise,2021-01-30 10:00:00
2021-01-30 11:00:00+00:00,11.5061733333,64.45971,0.2,41.7677064511651,0.0324613470990922,0.0360066758011612,0.00180162678733561,0.829913617377887,0.012017075996654499,0.000602480587168335,No (reported postion),anchor,2021-01-30 11:00:00
2021-01-30 12:00:00+00:00,11.506305,64.4597233333,0.1,41.760963306395595,0.0324076683873865,0.036000834475145196,0.00180020334841695,0.8292892021722359,0.0120021344995818,0.000600310073396042,No (reported postion),anchor,2021-01-30 12:00:00
2021-01-30 13:00:00+00:00,11.50631,64.45972,0.0,41.76,0.0324,0.036,0.0018,0.8292,0.012,0.0006,No (reported postion),anchor,2021-01-30 13:00:00
2021-01-30 14:00:00+00:00,11.506315,64.459755,0.1,41.760963306395595,0.0324076683873865,0.036000834475145196,0.00180020334841695,0.8292892021722359,0.0120021344995818,0.000600310073396042,No (reported postion),anchor,2021-01-30 14:00:00
2021-01-30 15:00:00+00:00,11.5063166667,64.459715,0.1,41.760963306395595,0.0324076683873865,0.036000834475145196,0.00180020334841695,0.8292892021722359,0.0120021344995818,0.000600310073396042,No (reported postion),anchor,2021-01-30 15:00:00
2021-01-30 16:00:00+00:00,11.5062933333,64.45973,0.0,41.76,0.0324,0.036,0.0018,0.8292,0.012,0.0006,No (reported postion),anchor,2021-01-30 16:00:00
2021-01-30 17:00:00+00:00,11.5062866667,64.4597166667,0.0,41.76,0.0324,0.036,0.0018,0.8292,0.012,0.0006,No (reported postion),anchor,2021-01-30 17:00:00
2021-01-30 18:00:00+00:00,11.5062933333,64.4597216667,0.0,41.76,0.0324,0.036,0.0018,0.8292,0.012,0.0006,No (reported postion),anchor,2021-01-30 18:00:00
2021-01-30 19:00:00+00:00,11.5063133333,64.45972,0.0,41.76,0.0324,0.036,0.0018,0.8292,0.012,0.0006,No (reported postion),anchor,2021-01-30 19:00:00
2021-01-30 20:00:00+00:00,11.506275,64.4597183333,0.1,41.760963306395595,0.0324076683873865,0.036000834475145196,0.00180020334841695,0.8292892021722359,0.0120021344995818,0.000600310073396042,No (reported postion),anchor,2021-01-30 20:00:00
2021-01-30 21:00:00+00:00,11.5062766667,64.45972,0.0,41.76,0.0324,0.036,0.0018,0.8292,0.012,0.0006,No (reported postion),anchor,2021-01-30 21:00:00
2021-01-30 22:00:00+00:00,11.50629,64.4597233333,0.0,41.76,0.0324,0.036,0.0018,0.8292,0.012,0.0006,No (reported postion),anchor,2021-01-30 22:00:00
2021-01-30 23:00:00+00:00,11.418005,64.4595583333,10.8,1009.6648399999999,0.8267291999999999,0.8744586000000001,0.0459294,20.1872968,0.306196,0.015309799999999998,No (reported postion),cruise,2021-01-30 23:00:00
2021-01-31 00:00:00+00:00,11.1055883333,64.5633566667,11.3,1009.6648399999999,0.8267291999999999,0.8744586000000001,0.0459294,20.1872968,0.306196,0.015309799999999998,No (reported postion),cruise,2021-01-31 00:00:00
2021-01-31 01:00:00+00:00,10.7415716667,64.6091183333,10.8,1009.6648399999999,0.8267291999999999,0.8744586000000001,0.0459294,20.1872968,0.306196,0.015309799999999998,No (reported postion),cruise,2021-01-31 01:00:00
2021-01-31 02:00:00+00:00,10.40514,64.5248116667,9.6,894.031847248627,0.731832822969998,0.774290202023887,0.040657379053888804,17.874636944972497,0.271049193692592,0.0135524596846296,No (reported postion),cruise,2021-01-31 02:00:00
2021-01-31 03:00:00+00:00,10.0799283333,64.4441483333,9.7,960.906635206371,0.786714867798541,0.832221249342905,0.043706381544363404,19.212132704127402,0.29137587696242295,0.0145687938481211,No (reported postion),cruise,2021-01-31 03:00:00
2021-01-31 04:00:00+00:00,9.7695066667,64.361565,9.7,960.906635206371,0.786714867798541,0.832221249342905,0.043706381544363404,19.212132704127402,0.29137587696242295,0.0145687938481211,No (reported postion),cruise,2021-01-31 04:00:00
2021-01-31 05:00:00+00:00,9.456015,64.2879966667,8.7,704.933794692404,0.576645971328113,0.610481858624119,0.0320358872960063,14.0926758938481,0.213572581973375,0.0106786290986688,No (reported postion),cruise,2021-01-31 05:00:00
2021-01-31 06:00:00+00:00,9.1506783333,64.2041866667,9.6,932.771476669019,0.7636252240140889,0.807848847570427,0.0424236235563382,18.6494295333804,0.282824157042255,0.0141412078521128,No (reported postion),cruise,2021-01-31 06:00:00
2021-01-31 07:00:00+00:00,8.8477533333,64.1085,9.6,932.771476669019,0.7636252240140889,0.807848847570427,0.0424236235563382,18.6494295333804,0.282824157042255,0.0141412078521128,No (reported postion),cruise,2021-01-31 07:00:00
2021-01-31 08:00:00+00:00,8.5696483333,64.0067666667,10.1,1009.6648399999999,0.8267291999999999,0.8744586000000001,0.0459294,20.1872968,0.306196,0.015309799999999998,No (reported postion),cruise,2021-01-31 08:00:00
2021-01-31 09:00:00+00:00,8.3006516667,63.9104766667,9.3,816.602242473872,0.668288770419288,0.70721592433147,0.037127153912182596,16.326044849477498,0.247514359414551,0.0123757179707275,No (reported postion),cruise,2021-01-31 09:00:00
2021-01-31 10:00:00+00:00,8.0600416667,63.803415,9.2,825.97127290451,0.675977640377562,0.715331953731871,0.037554313354309005,16.5134254580902,0.25036208902872703,0.012518104451436298,No (reported postion),cruise,2021-01-31 10:00:00
2021-01-31 11:00:00+00:00,7.835855,63.6820783333,9.9,1018.94137930464,0.8343421653867891,0.882494507908277,0.0463523425214883,20.3728275860929,0.309015616809922,0.015450780840496099,No (reported postion),cruise,2021-01-31 11:00:00
2021-01-31 12:00:00+00:00,7.6028383333,63.569295,8.9,751.729380352875,0.615049643450688,0.6510190680868371,0.034169424636149304,15.0285876070575,0.227796164240996,0.0113898082120498,No (reported postion),cruise,2021-01-31 12:00:00
2021-01-31 13:00:00+00:00,7.3782633333,63.4517983333,9.7,960.906635206371,0.786714867798541,0.832221249342905,0.043706381544363404,19.212132704127402,0.29137587696242295,0.0145687938481211,No (reported postion),cruise,2021-01-31 13:00:00
2021-01-31 14:00:00+00:00,7.1544016667,63.3408316667,9.0,775.930833436997,0.634911018322155,0.671983852673386,0.0352728343512309,15.5126166687399,0.235152229008206,0.0117576114504103,No (reported postion),cruise,2021-01-31 14:00:00
2021-01-31 15:00:00+00:00,6.9095183333,63.2207616667,10.0,1009.6648399999999,0.8267291999999999,0.8744586000000001,0.0459294,20.1872968,0.306196,0.015309799999999998,No (reported postion),cruise,2021-01-31 15:00:00
2021-01-31 16:00:00+00:00,6.65728,63.0931266667,10.5,1009.6648399999999,0.8267291999999999,0.8744586000000001,0.0459294,20.1872968,0.306196,0.015309799999999998,No (reported postion),cruise,2021-01-31 16:00:00
2021-01-31 17:00:00+00:00,6.3963316667,62.95977,10.1,1009.6648399999999,0.8267291999999999,0.8744586000000001,0.0459294,20.1872968,0.306196,0.015309799999999998,No (reported postion),cruise,2021-01-31 17:00:00
2021-01-31 18:00:00+00:00,6.1573433333,62.84046,9.8,948.4162731206029,0.776464418670404,0.821401330818759,0.0431369121483558,18.9623254624121,0.287579414322372,0.0143789707161186,No (reported postion),cruise,2021-01-31 18:00:00
2021-01-31 19:00:00+00:00,5.9140716667,62.7196716667,9.5,905.2164037284571,0.7410116383181871,0.7839789515580861,0.0411673132398993,18.0983280745691,0.27444875493266196,0.0137224377466331,No (reported postion),cruise,2021-01-31 19:00:00
2021-01-31 20:00:00+00:00,5.67845,62.59889,9.4,878.2353738263851,0.7188691517724131,0.760606326870881,0.0399371750984674,17.5587074765277,0.26624783398978297,0.0133123916994891,No (reported postion),cruise,2021-01-31 20:00:00
2021-01-31 21:00:00+00:00,5.444905,62.4796833333,9.5,905.2164037284571,0.7410116383181871,0.7839789515580861,0.0411673132398993,18.0983280745691,0.27444875493266196,0.0137224377466331,No (reported postion),cruise,2021-01-31 21:00:00
2021-01-31 22:00:00+00:00,5.2301433333,62.3549116667,9.5,905.2164037284571,0.7410116383181871,0.7839789515580861,0.0411673132398993,18.0983280745691,0.27444875493266196,0.0137224377466331,No (reported postion),cruise,2021-01-31 22:00:00
2021-01-31 23:00:00+00:00,5.017385,62.2145083333,10.5,1009.6648399999999,0.8267291999999999,0.8744586000000001,0.0459294,20.1872968,0.306196,0.015309799999999998,No (reported postion),cruise,2021-01-31 23:00:00
2021-02-01 00:00:00+00:00,4.8003716667,62.074935,9.6,932.771476669019,0.7636252240140889,0.807848847570427,0.0424236235563382,18.6494295333804,0.282824157042255,0.0141412078521128,No (reported postion),cruise,2021-02-01 00:00:00
2021-02-01 01:00:00+00:00,4.679825,61.921,10.2,1009.6648399999999,0.8267291999999999,0.8744586000000001,0.0459294,20.1872968,0.306196,0.015309799999999998,No (reported postion),cruise,2021-02-01 01:00:00
2021-02-01 02:00:00+00:00,4.548745,61.7681916667,9.3,851.822344404503,0.697192805438346,0.73772573907381,0.0387329336354637,17.0304468880901,0.258219557569758,0.0129109778784879,No (reported postion),cruise,2021-02-01 02:00:00
2021-02-01 03:00:00+00:00,4.4497466667,61.6140616667,10.1,1009.6648399999999,0.8267291999999999,0.8744586000000001,0.0459294,20.1872968,0.306196,0.015309799999999998,No (reported postion),cruise,2021-02-01 03:00:00
2021-02-01 04:00:00+00:00,4.431315,61.4361566667,10.7,1009.6648399999999,0.8267291999999999,0.8744586000000001,0.0459294,20.1872968,0.306196,0.015309799999999998,No (reported postion),cruise,2021-02-01 04:00:00
2021-02-01 05:00:00+00:00,4.4071433333,61.2767666667,10.6,1009.6648399999999,0.8267291999999999,0.8744586000000001,0.0459294,20.1872968,0.306196,0.015309799999999998,No (reported postion),cruise,2021-02-01 05:00:00
2021-02-01 06:00:00+00:00,4.4214466667,61.1088883333,9.4,878.2353738263851,0.7188691517724131,0.760606326870881,0.0399371750984674,17.5587074765277,0.26624783398978297,0.0133123916994891,No (reported postion),cruise,2021-02-01 06:00:00
2021-02-01 07:00:00+00:00,4.4937583333,60.95477,9.8,948.4162731206029,0.776464418670404,0.821401330818759,0.0431369121483558,18.9623254624121,0.287579414322372,0.0143789707161186,No (reported postion),cruise,2021-02-01 07:00:00
2021-02-01 08:00:00+00:00,4.6143466667,60.8029883333,9.6,894.031847248627,0.731832822969998,0.774290202023887,0.040657379053888804,17.874636944972497,0.271049193692592,0.0135524596846296,No (reported postion),cruise,2021-02-01 08:00:00
2021-02-01 09:00:00+00:00,4.8273066667,60.6823416667,10.1,1009.6648399999999,0.8267291999999999,0.8744586000000001,0.0459294,20.1872968,0.306196,0.015309799999999998,No (reported postion),cruise,2021-02-01 09:00:00
2021-02-01 10:00:00+00:00,4.9492333333,60.5222033333,10.8,1009.6648399999999,0.8267291999999999,0.8744586000000001,0.0459294,20.1872968,0.306196,0.015309799999999998,No (reported postion),cruise,2021-02-01 10:00:00
2021-02-01 11:00:00+00:00,5.156015,60.39042,11.1,1009.6648399999999,0.8267291999999999,0.8744586000000001,0.0459294,20.1872968,0.306196,0.015309799999999998,No (reported postion),cruise,2021-02-01 11:00:00
2021-02-01 12:00:00+00:00,5.2694666667,60.3942966667,0.0,41.76,0.0324,0.036,0.0018,0.8292,0.012,0.0006,No (reported postion),anchor,2021-02-01 12:00:00
2021-02-01 13:00:00+00:00,5.269465,60.3942933333,0.0,41.76,0.0324,0.036,0.0018,0.8292,0.012,0.0006,No (reported postion),anchor,2021-02-01 13:00:00
2021-02-01 14:00:00+00:00,5.26947,60.394275,0.3,41.7860092726821,0.032607046459436295,0.0360225308289192,0.0018054904072576801,0.8316084586503669,0.0120576314887091,0.000608371981693129,No (reported postion),anchor,2021-02-01 14:00:00
2021-02-01 15:00:00+00:00,5.2695116667,60.3942416667,0.0,41.76,0.0324,0.036,0.0018,0.8292,0.012,0.0006,No (reported postion),anchor,2021-02-01 15:00:00
2021-02-01 16:00:00+00:00,5.269445,60.39431,0.1,41.760963306395595,0.0324076683873865,0.036000834475145196,0.00180020334841695,0.8292892021722359,0.0120021344995818,0.000600310073396042,No (reported postion),anchor,2021-02-01 16:00:00
2021-02-01 17:00:00+00:00,5.26949,60.3943066667,0.3,41.7860092726821,0.032607046459436295,0.0360225308289192,0.0018054904072576801,0.8316084586503669,0.0120576314887091,0.000608371981693129,No (reported postion),anchor,2021-02-01 17:00:00
2021-02-01 18:00:00+00:00,5.2694366667,60.3942966667,0.2,41.7677064511651,0.0324613470990922,0.0360066758011612,0.00180162678733561,0.829913617377887,0.012017075996654499,0.000602480587168335,No (reported postion),anchor,2021-02-01 18:00:00
2021-02-01 19:00:00+00:00,5.2694666667,60.3943116667,0.1,41.760963306395595,0.0324076683873865,0.036000834475145196,0.00180020334841695,0.8292892021722359,0.0120021344995818,0.000600310073396042,No (reported postion),anchor,2021-02-01 19:00:00
2021-02-01 20:00:00+00:00,5.2154883333,60.3956516667,10.0,1005.06639563511,0.8229554006731931,0.870475145155037,0.045719744481844,20.095327912702302,0.304798296545627,0.0152399148272813,No (reported postion),cruise,2021-02-01 20:00:00
2021-02-01 21:00:00+00:00,5.165925,60.2713466667,9.6,894.031847248627,0.731832822969998,0.774290202023887,0.040657379053888804,17.874636944972497,0.271049193692592,0.0135524596846296,No (reported postion),cruise,2021-02-01 21:00:00
2021-02-01 22:00:00+00:00,5.0466483333,60.1524783333,10.4,1009.6648399999999,0.8267291999999999,0.8744586000000001,0.0459294,20.1872968,0.306196,0.015309799999999998,No (reported postion),cruise,2021-02-01 22:00:00
2021-02-01 23:00:00+00:00,4.8959233333,60.0379633333,9.1,767.679763865147,0.6281396238406981,0.664836269609626,0.034896645768927696,15.3475952773029,0.232644305126185,0.0116322152563092,No (reported postion),cruise,2021-02-01 23:00:00
2021-02-02 00:00:00+00:00,4.91351,59.8929983333,8.7,676.100151444908,0.552983103009499,0.585504386510027,0.0307212835005277,13.516003028898199,0.204808556670185,0.010240427833509199,No (reported postion),cruise,2021-02-02 00:00:00
2021-02-02 01:00:00+00:00,4.9398716667,59.7505666667,8.2,572.896320748541,0.468286950158377,0.49610289183384204,0.0260159416754654,11.4519264149708,0.173439611169769,0.00867198055848846,No (reported postion),cruise,2021-02-02 01:00:00
2021-02-02 02:00:00+00:00,4.9750816667,59.6190383333,8.8,698.2263360462521,0.571141370007562,0.6046714461190931,0.031730076111531204,13.958526720924999,0.21153384074354198,0.0105766920371771,No (reported postion),cruise,2021-02-02 02:00:00
2021-02-02 03:00:00+00:00,5.0668216667,59.4947133333,7.8,498.898976661434,0.407559646500265,0.432001849083613,0.022642202583348103,9.97197953322868,0.15094801722232,0.00754740086111602,No (reported postion),cruise,2021-02-02 03:00:00
2021-02-02 04:00:00+00:00,5.2560783333,59.4062216667,6.0,249.834181457184,0.20315996654541,0.216246631353488,0.011286664808078299,4.990683629143691,0.0752444320538554,0.0037622216026927703,No (reported postion),cruise,2021-02-02 04:00:00
2021-02-02 05:00:00+00:00,5.2708516667,59.3962033333,0.0,41.76,0.0324,0.036,0.0018,0.8292,0.012,0.0006,No (reported postion),anchor,2021-02-02 05:00:00
2021-02-02 06:00:00+00:00,5.27086,59.3962083333,0.0,41.76,0.0324,0.036,0.0018,0.8292,0.012,0.0006,No (reported postion),anchor,2021-02-02 06:00:00
2021-02-02 07:00:00+00:00,5.270865,59.3962066667,0.0,41.76,0.0324,0.036,0.0018,0.8292,0.012,0.0006,No (reported postion),anchor,2021-02-02 07:00:00
2021-02-02 08:00:00+00:00,5.2708533333,59.3962033333,0.0,41.76,0.0324,0.036,0.0018,0.8292,0.012,0.0006,No (reported postion),anchor,2021-02-02 08:00:00
2021-02-02 09:00:00+00:00,5.2825833333,59.3609766667,1.5,45.011159085268496,0.0582808074295387,0.0388163536148982,0.00248630090720942,1.13025733129586,0.0192039360886345,0.00164649771164114,No (reported postion),anchor,2021-02-02 09:00:00
2021-02-02 10:00:00+00:00,5.2821966667,59.3617616667,0.0,41.76,0.0324,0.036,0.0018,0.8292,0.012,0.0006,No (reported postion),anchor,2021-02-02 10:00:00
2021-02-02 11:00:00+00:00,5.3371333333,59.2565316667,10.0,1005.06639563511,0.8229554006731931,0.870475145155037,0.045719744481844,20.095327912702302,0.304798296545627,0.0152399148272813,No (reported postion),cruise,2021-02-02 11:00:00
2021-02-02 12:00:00+00:00,5.3237216667,59.08999,9.4,841.866879312195,0.689022666912743,0.729101703963451,0.038279037050707995,16.831337586243897,0.255193580338053,0.0127596790169027,No (reported postion),cruise,2021-02-02 12:00:00
2021-02-02 13:00:00+00:00,5.3334416667,58.9310966667,9.9,976.4552323783539,0.799475114717798,0.845690398868787,0.044415284150988804,19.5231046475671,0.296101894339925,0.014805094716996299,No (reported postion),cruise,2021-02-02 13:00:00
2021-02-02 14:00:00+00:00,5.40336,58.771385,9.5,867.674820957655,0.710202436652179,0.7514581275773,0.039455690925120995,17.3474964191531,0.263037939500807,0.0131518969750403,No (reported postion),cruise,2021-02-02 14:00:00
2021-02-02 15:00:00+00:00,5.5319066667,58.627015,10.0,1005.06639563511,0.8229554006731931,0.870475145155037,0.045719744481844,20.095327912702302,0.304798296545627,0.0152399148272813,No (reported postion),cruise,2021-02-02 15:00:00
2021-02-02 16:00:00+00:00,5.6915483333,58.48421,10.2,1009.6648399999999,0.8267291999999999,0.8744586000000001,0.0459294,20.1872968,0.306196,0.015309799999999998,No (reported postion),cruise,2021-02-02 16:00:00
2021-02-02 17:00:00+00:00,5.9346833333,58.3740383333,10.2,1009.6648399999999,0.8267291999999999,0.8744586000000001,0.0459294,20.1872968,0.306196,0.015309799999999998,No (reported postion),cruise,2021-02-02 17:00:00
2021-02-02 18:00:00+00:00,6.158785,58.261585,9.4,841.866879312195,0.689022666912743,0.729101703963451,0.038279037050707995,16.831337586243897,0.255193580338053,0.0127596790169027,No (reported postion),cruise,2021-02-02 18:00:00
2021-02-02 19:00:00+00:00,6.3686133333,58.16019,9.1,800.6761167681079,0.655218697651639,0.693419736410063,0.036401038758424396,16.0075223353622,0.242673591722829,0.012133679586141501,No (reported postion),cruise,2021-02-02 19:00:00
2021-02-02 20:00:00+00:00,6.5793833333,58.0546433333,9.2,791.875130604314,0.6479960038394069,0.685795781830485,0.035999777991078195,15.8315026120863,0.239998519940521,0.0119999259970261,No (reported postion),cruise,2021-02-02 20:00:00
2021-02-02 21:00:00+00:00,6.8363833333,57.9914683333,9.0,744.0103624179969,0.608714887090758,0.644332380818022,0.0338174937272643,14.8742072483599,0.225449958181762,0.011272497909088101,No (reported postion),cruise,2021-02-02 21:00:00
2021-02-02 22:00:00+00:00,7.10082,57.943415,9.0,744.0103624179969,0.608714887090758,0.644332380818022,0.0338174937272643,14.8742072483599,0.225449958181762,0.011272497909088101,No (reported postion),cruise,2021-02-02 22:00:00
2021-02-02 23:00:00+00:00,7.363155,57.92175,8.7,676.100151444908,0.552983103009499,0.585504386510027,0.0307212835005277,13.516003028898199,0.204808556670185,0.010240427833509199,No (reported postion),cruise,2021-02-02 23:00:00
2021-02-03 00:00:00+00:00,7.6255966667,57.905385,8.2,572.896320748541,0.468286950158377,0.49610289183384204,0.0260159416754654,11.4519264149708,0.173439611169769,0.00867198055848846,No (reported postion),cruise,2021-02-03 00:00:00
2021-02-03 01:00:00+00:00,7.8735366667,57.8957383333,7.6,483.84967870897003,0.395209158818912,0.41896522319774,0.0219560643788284,9.6709935741794,0.146373762525523,0.00731868812627614,No (reported postion),cruise,2021-02-03 01:00:00
2021-02-03 02:00:00+00:00,8.11525,57.882335,7.9,538.296150270156,0.439891673473988,0.466130099778098,0.0244384263041104,10.759923005403099,0.16292284202740298,0.00814614210137015,No (reported postion),cruise,2021-02-03 02:00:00
2021-02-03 03:00:00+00:00,8.3480816667,57.8757116667,7.2,417.655466719743,0.34088564138094396,0.361623732568774,0.0189380911878302,8.347109334394851,0.126253941252201,0.00631269706261007,No (reported postion),cruise,2021-02-03 03:00:00
2021-02-03 04:00:00+00:00,8.5685583333,57.8634783333,7.7,501.53121138750697,0.409719839132605,0.43428205241774903,0.0227622132851447,10.0246242277501,0.15174808856763097,0.00758740442838157,No (reported postion),cruise,2021-02-03 04:00:00
2021-02-03 05:00:00+00:00,8.8091866667,57.85439,8.4,638.668079096628,0.522263773118814,0.55307842718097,0.0290146540621563,12.767361581932601,0.193431027081042,0.0096715513540521,No (reported postion),cruise,2021-02-03 05:00:00
2021-02-03 06:00:00+00:00,9.0669416667,57.841655,8.6,682.327576999455,0.558093756200161,0.590898964877947,0.0310052086777867,13.640551539989099,0.206701391185245,0.0103350695592622,No (reported postion),cruise,2021-02-03 06:00:00
2021-02-03 07:00:00+00:00,9.3372266667,57.8338333333,8.6,682.327576999455,0.558093756200161,0.590898964877947,0.0310052086777867,13.640551539989099,0.206701391185245,0.0103350695592622,No (reported postion),cruise,2021-02-03 07:00:00
2021-02-03 08:00:00+00:00,9.5895283333,57.8281966667,7.8,519.678021055135,0.424612357704822,0.45000193313286796,0.023589575428045698,10.3875604211027,0.15726383618697098,0.00786319180934856,No (reported postion),cruise,2021-02-03 08:00:00
2021-02-03 09:00:00+00:00,9.8224033333,57.819805,7.5,466.627380461225,0.381075357825322,0.404046211037839,0.021170853212517902,9.326547609224502,0.141139021416786,0.00705695107083929,No (reported postion),cruise,2021-02-03 09:00:00
2021-02-03 10:00:00+00:00,10.0511833333,57.80997,7.2,417.655466719743,0.34088564138094396,0.361623732568774,0.0189380911878302,8.347109334394851,0.126253941252201,0.00631269706261007,No (reported postion),cruise,2021-02-03 10:00:00
2021-02-03 11:00:00+00:00,10.2718033333,57.803675,6.5,318.332928851352,0.259374744042143,0.275584452044484,0.014409708002341301,6.3606585770270305,0.0960647200156084,0.004803236000780421,No (reported postion),cruise,2021-02-03 11:00:00
2021-02-03 12:00:00+00:00,10.4867133333,57.8036883333,7.0,372.174093702844,0.303560502430905,0.32222497478817796,0.0168644723572725,7.43748187405687,0.11242981571515,0.0056214907857575,No (reported postion),cruise,2021-02-03 12:00:00
2021-02-03 13:00:00+00:00,10.7067816667,57.79611,7.4,432.114870864843,0.352752021682394,0.374149356220305,0.0195973345379108,8.636297417296861,0.13064889691940498,0.00653244484597026,No (reported postion),cruise,2021-02-03 13:00:00
2021-02-03 14:00:00+00:00,10.75542,57.69083,8.4,612.715553918514,0.500965348200604,0.530596756433971,0.0278314082333669,12.2483110783703,0.185542721555779,0.00927713607778897,No (reported postion),cruise,2021-02-03 14:00:00
2021-02-03 15:00:00+00:00,10.73644,57.5542933333,8.4,638.668079096628,0.522263773118814,0.55307842718097,0.0290146540621563,12.767361581932601,0.193431027081042,0.0096715513540521,No (reported postion),cruise,2021-02-03 15:00:00
2021-02-03 16:00:00+00:00,10.7291233333,57.4118066667,8.4,638.668079096628,0.522263773118814,0.55307842718097,0.0290146540621563,12.767361581932601,0.193431027081042,0.0096715513540521,No (reported postion),cruise,2021-02-03 16:00:00
2021-02-03 17:00:00+00:00,10.7069266667,57.2782733333,8.3,592.566074041014,0.48442930088472297,0.513142039822763,0.0269127389380402,11.8453214808203,0.179418259586934,0.00897091297934672,No (reported postion),cruise,2021-02-03 17:00:00
2021-02-03 18:00:00+00:00,10.7530016667,57.13854,8.8,728.065714957445,0.595629614098815,0.630520148215416,0.0330905341166008,14.5553142991489,0.220603560777339,0.011030178038866901,No (reported postion),cruise,2021-02-03 18:00:00
2021-02-03 19:00:00+00:00,10.8426033333,57.0009683333,8.8,728.065714957445,0.595629614098815,0.630520148215416,0.0330905341166008,14.5553142991489,0.220603560777339,0.011030178038866901,No (reported postion),cruise,2021-02-03 19:00:00
2021-02-03 20:00:00+00:00,10.78799,56.85999,9.1,800.6761167681079,0.655218697651639,0.693419736410063,0.036401038758424396,16.0075223353622,0.242673591722829,0.012133679586141501,No (reported postion),cruise,2021-02-03 20:00:00
2021-02-03 21:00:00+00:00,10.65908,56.7289816667,9.3,851.822344404503,0.697192805438346,0.73772573907381,0.0387329336354637,17.0304468880901,0.258219557569758,0.0129109778784879,No (reported postion),cruise,2021-02-03 21:00:00
2021-02-03 22:00:00+00:00,10.48501,56.6171783333,9.0,744.0103624179969,0.608714887090758,0.644332380818022,0.0338174937272643,14.8742072483599,0.225449958181762,0.011272497909088101,No (reported postion),cruise,2021-02-03 22:00:00
2021-02-03 23:00:00+00:00,10.288135,56.5924066667,8.2,572.896320748541,0.468286950158377,0.49610289183384204,0.0260159416754654,11.4519264149708,0.173439611169769,0.00867198055848846,No (reported postion),cruise,2021-02-03 23:00:00
2021-02-04 00:00:00+00:00,10.2227466667,56.4928716667,6.4,294.284991777371,0.239639354954074,0.254752652451522,0.0133132974974485,5.87969983554742,0.0887553166496568,0.004437765832482839,No (reported postion),cruise,2021-02-04 00:00:00
2021-02-04 01:00:00+00:00,10.0881916667,56.4647866667,4.3,118.349601597761,0.18639398619124298,0.102346615365842,0.006514101618099269,2.8971192431395396,0.049480017803159596,0.00403372833910934,No (reported postion),cruise,2021-02-04 01:00:00
2021-02-04 02:00:00+00:00,10.0554666667,56.459345,0.1,41.760963306395595,0.0324076683873865,0.036000834475145196,0.00180020334841695,0.8292892021722359,0.0120021344995818,0.000600310073396042,No (reported postion),anchor,2021-02-04 02:00:00
2021-02-04 03:00:00+00:00,10.0554316667,56.45935,0.1,41.760963306395595,0.0324076683873865,0.036000834475145196,0.00180020334841695,0.8292892021722359,0.0120021344995818,0.000600310073396042,No (reported postion),anchor,2021-02-04 03:00:00
2021-02-04 04:00:00+00:00,10.05543,56.4593616667,0.0,41.76,0.0324,0.036,0.0018,0.8292,0.012,0.0006,No (reported postion),anchor,2021-02-04 04:00:00
2021-02-04 05:00:00+00:00,10.0554316667,56.459345,0.1,41.760963306395595,0.0324076683873865,0.036000834475145196,0.00180020334841695,0.8292892021722359,0.0120021344995818,0.000600310073396042,No (reported postion),anchor,2021-02-04 05:00:00
2021-02-04 06:00:00+00:00,10.055435,56.459345,0.2,41.7677064511651,0.0324613470990922,0.0360066758011612,0.00180162678733561,0.829913617377887,0.012017075996654499,0.000602480587168335,No (reported postion),anchor,2021-02-04 06:00:00
2021-02-04 07:00:00+00:00,10.05545,56.459345,0.0,41.76,0.0324,0.036,0.0018,0.8292,0.012,0.0006,No (reported postion),anchor,2021-02-04 07:00:00
2021-02-04 08:00:00+00:00,10.055445,56.4593783333,0.0,41.76,0.0324,0.036,0.0018,0.8292,0.012,0.0006,No (reported postion),anchor,2021-02-04 08:00:00
2021-02-04 09:00:00+00:00,10.06104,56.4612716667,4.5,129.54129530225,0.189445806732231,0.112041547602253,0.006882777129203209,3.0588449006771397,0.051488242263626,0.00396183684136275,No (reported postion),cruise,2021-02-04 09:00:00
2021-02-04 10:00:00+00:00,10.22012,56.4878883333,6.5,306.308018901293,0.24950627690987598,0.265167736738202,0.0138614598283264,6.12016037802586,0.0924097321888428,0.00462048660944214,No (reported postion),cruise,2021-02-04 10:00:00
2021-02-04 11:00:00+00:00,10.2882716667,56.5931,7.7,481.54115871848495,0.393314628735535,0.416965441443065,0.0218508127075297,9.6248231743697,0.145672084716865,0.00728360423584324,No (reported postion),cruise,2021-02-04 11:00:00
2021-02-04 12:00:00+00:00,10.541945,56.582285,10.5,1009.6648399999999,0.8267291999999999,0.8744586000000001,0.0459294,20.1872968,0.306196,0.015309799999999998,No (reported postion),cruise,2021-02-04 12:00:00
2021-02-04 13:00:00+00:00,10.860575,56.548005,10.8,1009.6648399999999,0.8267291999999999,0.8744586000000001,0.0459294,20.1872968,0.306196,0.015309799999999998,No (reported postion),cruise,2021-02-04 13:00:00
2021-02-04 14:00:00+00:00,11.1500616667,56.4823716667,10.3,1009.6648399999999,0.8267291999999999,0.8744586000000001,0.0459294,20.1872968,0.306196,0.015309799999999998,No (reported postion),cruise,2021-02-04 14:00:00
2021-02-04 15:00:00+00:00,11.43783,56.41871,10.2,1009.6648399999999,0.8267291999999999,0.8744586000000001,0.0459294,20.1872968,0.306196,0.015309799999999998,No (reported postion),cruise,2021-02-04 15:00:00
2021-02-04 16:00:00+00:00,11.716645,56.3490783333,10.1,1009.6648399999999,0.8267291999999999,0.8744586000000001,0.0459294,20.1872968,0.306196,0.015309799999999998,No (reported postion),cruise,2021-02-04 16:00:00
2021-02-04 17:00:00+00:00,11.9837116667,56.2656866667,10.7,1009.6648399999999,0.8267291999999999,0.8744586000000001,0.0459294,20.1872968,0.306196,0.015309799999999998,No (reported postion),cruise,2021-02-04 17:00:00
2021-02-04 18:00:00+00:00,12.279855,56.1904183333,10.8,1009.6648399999999,0.8267291999999999,0.8744586000000001,0.0459294,20.1872968,0.306196,0.015309799999999998,No (reported postion),cruise,2021-02-04 18:00:00
2021-02-04 19:00:00+00:00,12.5167283333,56.1115433333,7.5,448.154885658563,0.365915559659003,0.388044201862281,0.020328642203278,8.95709771317126,0.135524281355186,0.006776214067759321,No (reported postion),cruise,2021-02-04 19:00:00
2021-02-04 20:00:00+00:00,12.62938,56.012475,9.5,867.674820957655,0.710202436652179,0.7514581275773,0.039455690925120995,17.3474964191531,0.263037939500807,0.0131518969750403,No (reported postion),cruise,2021-02-04 20:00:00
2021-02-04 21:00:00+00:00,12.6674783333,55.8481833333,10.1,1009.6648399999999,0.8267291999999999,0.8744586000000001,0.0459294,20.1872968,0.306196,0.015309799999999998,No (reported postion),cruise,2021-02-04 21:00:00
2021-02-04 22:00:00+00:00,12.681525,55.6841733333,9.6,894.031847248627,0.731832822969998,0.774290202023887,0.040657379053888804,17.874636944972497,0.271049193692592,0.0135524596846296,No (reported postion),cruise,2021-02-04 22:00:00
2021-02-04 23:00:00+00:00,12.6985166667,55.5283983333,10.0,1005.06639563511,0.8229554006731931,0.870475145155037,0.045719744481844,20.095327912702302,0.304798296545627,0.0152399148272813,No (reported postion),cruise,2021-02-04 23:00:00
2021-02-05 00:00:00+00:00,12.6460133333,55.3565766667,10.5,1009.6648399999999,0.8267291999999999,0.8744586000000001,0.0459294,20.1872968,0.306196,0.015309799999999998,No (reported postion),cruise,2021-02-05 00:00:00
2021-02-05 01:00:00+00:00,12.8131066667,55.25794,9.7,960.906635206371,0.786714867798541,0.832221249342905,0.043706381544363404,19.212132704127402,0.29137587696242295,0.0145687938481211,No (reported postion),cruise,2021-02-05 01:00:00
2021-02-05 02:00:00+00:00,13.0343333333,55.1569316667,9.9,1018.94137930464,0.8343421653867891,0.882494507908277,0.0463523425214883,20.3728275860929,0.309015616809922,0.015450780840496099,No (reported postion),cruise,2021-02-05 02:00:00
2021-02-05 03:00:00+00:00,13.2641883333,55.05705,9.7,960.906635206371,0.786714867798541,0.832221249342905,0.043706381544363404,19.212132704127402,0.29137587696242295,0.0145687938481211,No (reported postion),cruise,2021-02-05 03:00:00
2021-02-05 04:00:00+00:00,13.48766,54.9474983333,10.1,1009.6648399999999,0.8267291999999999,0.8744586000000001,0.0459294,20.1872968,0.306196,0.015309799999999998,No (reported postion),cruise,2021-02-05 04:00:00
2021-02-05 05:00:00+00:00,13.6288933333,54.81767,9.0,775.930833436997,0.634911018322155,0.671983852673386,0.0352728343512309,15.5126166687399,0.235152229008206,0.0117576114504103,No (reported postion),cruise,2021-02-05 05:00:00
2021-02-05 06:00:00+00:00,13.8722283333,54.7387766667,9.8,989.627921898812,0.8102855286099669,0.857101391310521,0.045015862700553695,19.7865584379762,0.30010575133702505,0.0150052875668512,No (reported postion),cruise,2021-02-05 06:00:00
2021-02-05 07:00:00+00:00,14.0601766667,54.6181416667,9.9,1018.94137930464,0.8343421653867891,0.882494507908277,0.0463523425214883,20.3728275860929,0.309015616809922,0.015450780840496099,No (reported postion),cruise,2021-02-05 07:00:00
2021-02-05 08:00:00+00:00,14.2916,54.5292866667,9.7,960.906635206371,0.786714867798541,0.832221249342905,0.043706381544363404,19.212132704127402,0.29137587696242295,0.0145687938481211,No (reported postion),cruise,2021-02-05 08:00:00
2021-02-05 09:00:00+00:00,14.5468783333,54.46246,9.9,1018.94137930464,0.8343421653867891,0.882494507908277,0.0463523425214883,20.3728275860929,0.309015616809922,0.015450780840496099,No (reported postion),cruise,2021-02-05 09:00:00
2021-02-05 10:00:00+00:00,14.8066183333,54.39854,10.0,1009.6648399999999,0.8267291999999999,0.8744586000000001,0.0459294,20.1872968,0.306196,0.015309799999999998,No (reported postion),cruise,2021-02-05 10:00:00
2021-02-05 11:00:00+00:00,15.0744033333,54.3324083333,10.2,1009.6648399999999,0.8267291999999999,0.8744586000000001,0.0459294,20.1872968,0.306196,0.015309799999999998,No (reported postion),cruise,2021-02-05 11:00:00
2021-02-05 12:00:00+00:00,15.0912487120909,54.3391496211818,10.1590909090909,1009.6648399999999,0.8267291999999999,0.8744586000000001,0.0459294,20.1872968,0.306196,0.015309799999999998,Linear (small gap),cruise,2021-02-05 12:00:00
2021-02-05 13:00:00+00:00,15.1080940908818,54.3458909090636,10.1181818181818,1009.6648399999999,0.8267291999999999,0.8744586000000001,0.0459294,20.1872968,0.306196,0.015309799999999998,Linear (small gap),cruise,2021-02-05 13:00:00
2021-02-05 14:00:00+00:00,15.1249394696727,54.3526321969455,10.0772727272727,1009.6648399999999,0.8267291999999999,0.8744586000000001,0.0459294,20.1872968,0.306196,0.015309799999999998,Linear (small gap),cruise,2021-02-05 14:00:00
2021-02-05 15:00:00+00:00,15.1417848484636,54.3593734848273,10.0363636363636,1009.6648399999999,0.8267291999999999,0.8744586000000001,0.0459294,20.1872968,0.306196,0.015309799999999998,Linear (small gap),cruise,2021-02-05 15:00:00
2021-02-05 16:00:00+00:00,15.1586302272545,54.3661147727091,9.99545454545454,1009.6648399999999,0.8267291999999999,0.8744586000000001,0.0459294,20.1872968,0.306196,0.015309799999999998,Linear (small gap),cruise,2021-02-05 16:00:00
2021-02-05 17:00:00+00:00,15.1754756060455,54.3728560605909,9.95454545454546,1009.6648399999999,0.8267291999999999,0.8744586000000001,0.0459294,20.1872968,0.306196,0.015309799999999998,Linear (small gap),cruise,2021-02-05 17:00:00
2021-02-05 18:00:00+00:00,15.1923209848364,54.3795973484727,9.91363636363636,1009.6648399999999,0.8267291999999999,0.8744586000000001,0.0459294,20.1872968,0.306196,0.015309799999999998,Linear (small gap),cruise,2021-02-05 18:00:00
2021-02-05 19:00:00+00:00,15.2091663636273,54.3863386363545,9.87272727272727,1009.6648399999999,0.8267291999999999,0.8744586000000001,0.0459294,20.1872968,0.306196,0.015309799999999998,Linear (small gap),cruise,2021-02-05 19:00:00
2021-02-05 20:00:00+00:00,15.2260117424182,54.3930799242364,9.83181818181818,1009.6648399999999,0.8267291999999999,0.8744586000000001,0.0459294,20.1872968,0.306196,0.015309799999999998,Linear (small gap),cruise,2021-02-05 20:00:00
2021-02-05 21:00:00+00:00,15.2428571212091,54.3998212121182,9.79090909090909,1020.46155138358,0.835589723019959,0.8838113742988459,0.0464216512788866,20.403231027671602,0.30947767519257796,0.015473883759628899,Linear (small gap),cruise,2021-02-05 21:00:00
2021-02-05 22:00:00+00:00,15.2597025,54.4065625,9.75,1008.24489166125,0.825563892852699,0.873228553566737,0.0458646607140388,20.158897833225,0.305764404760259,0.015288220238012901,Linear (small gap),cruise,2021-02-05 22:00:00
2021-02-05 23:00:00+00:00,15.2765478787909,54.4133037878818,9.70909090909091,996.130320420804,0.815621843506435,0.862734168145682,0.0453123246392464,19.9166064084161,0.302082164261643,0.0151041082130821,Linear (small gap),cruise,2021-02-05 23:00:00
2021-02-06 00:00:00+00:00,15.2933932575818,54.4200450757636,9.66818181818182,984.1174093189579,0.805763223453248,0.852327846978429,0.044764623525180396,19.6763481863792,0.29843082350120304,0.0149215411750602,Linear (small gap),cruise,2021-02-06 00:00:00
2021-02-06 01:00:00+00:00,15.3102386363727,54.4267863636455,9.62727272727273,972.205730012432,0.795987681165217,0.8420092190077291,0.0442215378425121,19.4381146002486,0.294810252283414,0.014740512614170701,Linear (small gap),cruise,2021-02-06 01:00:00
2021-02-06 02:00:00+00:00,15.3270840151636,54.4335276515273,9.58636363636364,960.394854157944,0.786294865114422,0.831777913176334,0.043683048061912304,19.2018970831589,0.291220320412749,0.0145610160206374,Linear (small gap),cruise,2021-02-06 02:00:00
2021-02-06 03:00:00+00:00,15.3439293939545,54.4402689394091,9.54545454545455,948.684353412216,0.776684423772943,0.821633558426995,0.0431491346540524,18.9676870682443,0.287660897693683,0.0143830448846841,Linear (small gap),cruise,2021-02-06 03:00:00
2021-02-06 04:00:00+00:00,15.3607747727455,54.4470102272909,9.50454545454545,937.073799431965,0.767156005612858,0.811575783702462,0.042619778089603204,18.7354759886393,0.284131853930688,0.0142065926965344,Linear (small gap),cruise,2021-02-06 04:00:00
2021-02-06 05:00:00+00:00,15.3776201515364,54.4537515151727,9.46363636363636,925.562763873913,0.75770925910625,0.801604217945486,0.0420949588392361,18.505255277478202,0.280633058928241,0.014031652946412001,Linear (small gap),cruise,2021-02-06 05:00:00
2021-02-06 06:00:00+00:00,15.3944655303273,54.4604928030545,9.42272727272727,914.150818394776,0.748343832725196,0.791718490098818,0.041574657373622,18.2770163678955,0.277164382490813,0.0138582191245407,Linear (small gap),cruise,2021-02-06 06:00:00
2021-02-06 07:00:00+00:00,15.4113109091182,54.4672340909364,9.38181818181818,902.837534651276,0.7390593749417771,0.781918229105209,0.041058854163432,18.0507506930255,0.27372569442288,0.013686284721144,Linear (small gap),cruise,2021-02-06 07:00:00
2021-02-06 08:00:00+00:00,15.4281562879091,54.4739753788182,9.34090909090909,891.622484300131,0.7298555342280709,0.772203063907409,0.0405475296793373,17.8264496860026,0.270316864528915,0.0135158432264458,Linear (small gap),cruise,2021-02-06 08:00:00
2021-02-06 09:00:00+00:00,15.4450016667,54.4807166667,9.3,851.822344404503,0.697192805438346,0.73772573907381,0.0387329336354637,17.0304468880901,0.258219557569758,0.0129109778784879,No (reported postion),cruise,2021-02-06 09:00:00
2021-02-06 10:00:00+00:00,15.4279566667,54.579785,8.5,660.241019320296,0.539968009776535,0.5717662325418981,0.029998222765363,13.198820386405899,0.19998815176908702,0.00999940758845435,No (reported postion),cruise,2021-02-06 10:00:00
2021-02-06 11:00:00+00:00,15.40837,54.7229283333,7.9,538.296150270156,0.439891673473988,0.466130099778098,0.0244384263041104,10.759923005403099,0.16292284202740298,0.00814614210137015,No (reported postion),cruise,2021-02-06 11:00:00
2021-02-06 12:00:00+00:00,15.372035,54.8702016667,8.9,751.729380352875,0.615049643450688,0.6510190680868371,0.034169424636149304,15.0285876070575,0.227796164240996,0.0113898082120498,No (reported postion),cruise,2021-02-06 12:00:00
2021-02-06 13:00:00+00:00,15.3041416667,55.01493,8.7,704.933794692404,0.576645971328113,0.610481858624119,0.0320358872960063,14.0926758938481,0.213572581973375,0.0106786290986688,No (reported postion),cruise,2021-02-06 13:00:00
2021-02-06 14:00:00+00:00,15.2392583333,55.15465,8.5,633.350540219414,0.517899835438425,0.5484720485183371,0.0287722130799125,12.6610108043883,0.19181475386608302,0.009590737693304159,No (reported postion),cruise,2021-02-06 14:00:00
2021-02-06 15:00:00+00:00,15.1345133333,55.2848383333,9.2,825.97127290451,0.675977640377562,0.715331953731871,0.037554313354309005,16.5134254580902,0.25036208902872703,0.012518104451436298,No (reported postion),cruise,2021-02-06 15:00:00
2021-02-06 16:00:00+00:00,15.0189533333,55.4210166667,9.3,851.822344404503,0.697192805438346,0.73772573907381,0.0387329336354637,17.0304468880901,0.258219557569758,0.0129109778784879,No (reported postion),cruise,2021-02-06 16:00:00
2021-02-06 17:00:00+00:00,14.912505,55.5566783333,8.6,682.327576999455,0.558093756200161,0.590898964877947,0.0310052086777867,13.640551539989099,0.206701391185245,0.0103350695592622,No (reported postion),cruise,2021-02-06 17:00:00
2021-02-06 18:00:00+00:00,14.817665,55.6936766667,9.1,800.6761167681079,0.655218697651639,0.693419736410063,0.036401038758424396,16.0075223353622,0.242673591722829,0.012133679586141501,No (reported postion),cruise,2021-02-06 18:00:00
2021-02-06 19:00:00+00:00,14.71438,55.8338933333,9.0,775.930833436997,0.634911018322155,0.671983852673386,0.0352728343512309,15.5126166687399,0.235152229008206,0.0117576114504103,No (reported postion),cruise,2021-02-06 19:00:00
2021-02-06 20:00:00+00:00,14.5949866667,55.9641533333,9.3,816.602242473872,0.668288770419288,0.70721592433147,0.037127153912182596,16.326044849477498,0.247514359414551,0.0123757179707275,No (reported postion),cruise,2021-02-06 20:00:00
2021-02-06 21:00:00+00:00,14.57783,56.0321333333,0.0,41.76,0.0324,0.036,0.0018,0.8292,0.012,0.0006,No (reported postion),anchor,2021-02-06 21:00:00
2021-02-06 22:00:00+00:00,14.577835,56.0321383333,0.0,41.76,0.0324,0.036,0.0018,0.8292,0.012,0.0006,No (reported postion),anchor,2021-02-06 22:00:00
2021-02-06 23:00:00+00:00,14.577835,56.0321316667,0.0,41.76,0.0324,0.036,0.0018,0.8292,0.012,0.0006,No (reported postion),anchor,2021-02-06 23:00:00
2021-02-07 00:00:00+00:00,14.5778366667,56.0321416667,0.0,41.76,0.0324,0.036,0.0018,0.8292,0.012,0.0006,No (reported postion),anchor,2021-02-07 00:00:00
2021-02-07 01:00:00+00:00,14.57785,56.032145,0.0,41.76,0.0324,0.036,0.0018,0.8292,0.012,0.0006,No (reported postion),anchor,2021-02-07 01:00:00
2021-02-07 02:00:00+00:00,14.5778333333,56.032125,0.0,41.76,0.0324,0.036,0.0018,0.8292,0.012,0.0006,No (reported postion),anchor,2021-02-07 02:00:00
2021-02-07 03:00:00+00:00,14.5778416667,56.0321266667,0.0,41.76,0.0324,0.036,0.0018,0.8292,0.012,0.0006,No (reported postion),anchor,2021-02-07 03:00:00
2021-02-07 04:00:00+00:00,14.5778433333,56.0321333333,0.0,41.76,0.0324,0.036,0.0018,0.8292,0.012,0.0006,No (reported postion),anchor,2021-02-07 04:00:00
2021-02-07 05:00:00+00:00,14.5778333333,56.0321333333,0.0,41.76,0.0324,0.036,0.0018,0.8292,0.012,0.0006,No (reported postion),anchor,2021-02-07 05:00:00
2021-02-07 06:00:00+00:00,14.5778383333,56.0321266667,0.0,41.76,0.0324,0.036,0.0018,0.8292,0.012,0.0006,No (reported postion),anchor,2021-02-07 06:00:00
2021-02-07 07:00:00+00:00,14.5778383333,56.0321433333,0.0,41.76,0.0324,0.036,0.0018,0.8292,0.012,0.0006,No (reported postion),anchor,2021-02-07 07:00:00
2021-02-07 08:00:00+00:00,14.5778483333,56.032135,0.0,41.76,0.0324,0.036,0.0018,0.8292,0.012,0.0006,No (reported postion),anchor,2021-02-07 08:00:00
2021-02-07 09:00:00+00:00,14.5778416667,56.032125,0.1,41.760963306395595,0.0324076683873865,0.036000834475145196,0.00180020334841695,0.8292892021722359,0.0120021344995818,0.000600310073396042,No (reported postion),anchor,2021-02-07 09:00:00
2021-02-07 10:00:00+00:00,14.57782,56.0320966667,0.0,41.76,0.0324,0.036,0.0018,0.8292,0.012,0.0006,No (reported postion),anchor,2021-02-07 10:00:00
2021-02-07 11:00:00+00:00,14.57763,56.0319416667,0.1,41.760963306395595,0.0324076683873865,0.036000834475145196,0.00180020334841695,0.8292892021722359,0.0120021344995818,0.000600310073396042,No (reported postion),anchor,2021-02-07 11:00:00
2021-02-07 12:00:00+00:00,14.5776416667,56.031945,0.2,41.7677064511651,0.0324613470990922,0.0360066758011612,0.00180162678733561,0.829913617377887,0.012017075996654499,0.000602480587168335,No (reported postion),anchor,2021-02-07 12:00:00
2021-02-07 13:00:00+00:00,14.5776366667,56.0319483333,0.1,41.760963306395595,0.0324076683873865,0.036000834475145196,0.00180020334841695,0.8292892021722359,0.0120021344995818,0.000600310073396042,No (reported postion),anchor,2021-02-07 13:00:00
2021-02-07 14:00:00+00:00,14.5776366667,56.031935,0.0,41.76,0.0324,0.036,0.0018,0.8292,0.012,0.0006,No (reported postion),anchor,2021-02-07 14:00:00
2021-02-07 15:00:00+00:00,14.577635,56.03194,0.0,41.76,0.0324,0.036,0.0018,0.8292,0.012,0.0006,No (reported postion),anchor,2021-02-07 15:00:00
2021-02-07 16:00:00+00:00,14.57763,56.031935,0.1,41.760963306395595,0.0324076683873865,0.036000834475145196,0.00180020334841695,0.8292892021722359,0.0120021344995818,0.000600310073396042,No (reported postion),anchor,2021-02-07 16:00:00
2021-02-07 17:00:00+00:00,14.5779566667,56.0322333333,0.2,41.7677064511651,0.0324613470990922,0.0360066758011612,0.00180162678733561,0.829913617377887,0.012017075996654499,0.000602480587168335,No (reported postion),anchor,2021-02-07 17:00:00
2021-02-07 18:00:00+00:00,14.57803,56.0323283333,0.0,41.76,0.0324,0.036,0.0018,0.8292,0.012,0.0006,No (reported postion),anchor,2021-02-07 18:00:00
2021-02-07 19:00:00+00:00,14.5780183333,56.0323283333,0.1,41.760963306395595,0.0324076683873865,0.036000834475145196,0.00180020334841695,0.8292892021722359,0.0120021344995818,0.000600310073396042,No (reported postion),anchor,2021-02-07 19:00:00
2021-02-07 20:00:00+00:00,14.5780133333,56.0323166667,0.0,41.76,0.0324,0.036,0.0018,0.8292,0.012,0.0006,No (reported postion),anchor,2021-02-07 20:00:00
2021-02-07 21:00:00+00:00,14.5780383333,56.0323133333,0.0,41.76,0.0324,0.036,0.0018,0.8292,0.012,0.0006,No (reported postion),anchor,2021-02-07 21:00:00
2021-02-07 22:00:00+00:00,14.5780316667,56.03231,0.0,41.76,0.0324,0.036,0.0018,0.8292,0.012,0.0006,No (reported postion),anchor,2021-02-07 22:00:00
2021-02-07 23:00:00+00:00,14.5780266667,56.0323166667,0.0,41.76,0.0324,0.036,0.0018,0.8292,0.012,0.0006,No (reported postion),anchor,2021-02-07 23:00:00
2021-02-08 00:00:00+00:00,14.5780316667,56.0323183333,0.0,41.76,0.0324,0.036,0.0018,0.8292,0.012,0.0006,No (reported postion),anchor,2021-02-08 00:00:00
2021-02-08 01:00:00+00:00,14.5780433333,56.0323166667,0.0,41.76,0.0324,0.036,0.0018,0.8292,0.012,0.0006,No (reported postion),anchor,2021-02-08 01:00:00
2021-02-08 02:00:00+00:00,14.5780466667,56.032325,0.0,41.76,0.0324,0.036,0.0018,0.8292,0.012,0.0006,No (reported postion),anchor,2021-02-08 02:00:00
2021-02-08 03:00:00+00:00,14.5780516667,56.03233,0.0,41.76,0.0324,0.036,0.0018,0.8292,0.012,0.0006,No (reported postion),anchor,2021-02-08 03:00:00
2021-02-08 04:00:00+00:00,14.57803,56.0323366667,0.0,41.76,0.0324,0.036,0.0018,0.8292,0.012,0.0006,No (reported postion),anchor,2021-02-08 04:00:00
2021-02-08 05:00:00+00:00,14.5780333333,56.0323216667,0.0,41.76,0.0324,0.036,0.0018,0.8292,0.012,0.0006,No (reported postion),anchor,2021-02-08 05:00:00
2021-02-08 06:00:00+00:00,14.578035,56.0323266667,0.0,41.76,0.0324,0.036,0.0018,0.8292,0.012,0.0006,No (reported postion),anchor,2021-02-08 06:00:00
2021-02-08 07:00:00+00:00,14.5780216667,56.032325,0.1,41.760963306395595,0.0324076683873865,0.036000834475145196,0.00180020334841695,0.8292892021722359,0.0120021344995818,0.000600310073396042,No (reported postion),anchor,2021-02-08 07:00:00
2021-02-08 08:00:00+00:00,14.57805,56.0323416667,0.0,41.76,0.0324,0.036,0.0018,0.8292,0.012,0.0006,No (reported postion),anchor,2021-02-08 08:00:00
2021-02-08 09:00:00+00:00,14.5780333333,56.032315,0.0,41.76,0.0324,0.036,0.0018,0.8292,0.012,0.0006,No (reported postion),anchor,2021-02-08 09:00:00
2021-02-08 10:00:00+00:00,14.5780283333,56.0323066667,0.0,41.76,0.0324,0.036,0.0018,0.8292,0.012,0.0006,No (reported postion),anchor,2021-02-08 10:00:00
2021-02-08 11:00:00+00:00,14.5780183333,56.0323033333,0.0,41.76,0.0324,0.036,0.0018,0.8292,0.012,0.0006,No (reported postion),anchor,2021-02-08 11:00:00
2021-02-08 12:00:00+00:00,14.57804,56.032315,0.0,41.76,0.0324,0.036,0.0018,0.8292,0.012,0.0006,No (reported postion),anchor,2021-02-08 12:00:00
2021-02-08 13:00:00+00:00,14.5780533333,56.0323116667,0.0,41.76,0.0324,0.036,0.0018,0.8292,0.012,0.0006,No (reported postion),anchor,2021-02-08 13:00:00
2021-02-08 14:00:00+00:00,14.6246733333,55.963335,6.8,344.65435659234,0.280975915744473,0.29838568884138905,0.0156097730969152,6.887087131846799,0.104065153979435,0.00520325769897173,No (reported postion),cruise,2021-02-08 14:00:00
2021-02-08 15:00:00+00:00,14.7826483333,55.9823416667,6.7,331.486921470404,0.270169813972672,0.286979248082264,0.015009434109592901,6.62373842940807,0.100062894063952,0.00500314470319762,No (reported postion),cruise,2021-02-08 15:00:00
2021-02-08 16:00:00+00:00,14.8833183333,56.10807,8.2,572.896320748541,0.468286950158377,0.49610289183384204,0.0260159416754654,11.4519264149708,0.173439611169769,0.00867198055848846,No (reported postion),cruise,2021-02-08 16:00:00
2021-02-08 17:00:00+00:00,14.8598216667,56.16172,0.0,41.76,0.0324,0.036,0.0018,0.8292,0.012,0.0006,No (reported postion),anchor,2021-02-08 17:00:00
2021-02-08 18:00:00+00:00,14.8598216667,56.1617283333,0.0,41.76,0.0324,0.036,0.0018,0.8292,0.012,0.0006,No (reported postion),anchor,2021-02-08 18:00:00
2021-02-08 19:00:00+00:00,14.8598433333,56.1617316667,0.0,41.76,0.0324,0.036,0.0018,0.8292,0.012,0.0006,No (reported postion),anchor,2021-02-08 19:00:00
2021-02-08 20:00:00+00:00,14.8598233333,56.1617266667,0.0,41.76,0.0324,0.036,0.0018,0.8292,0.012,0.0006,No (reported postion),anchor,2021-02-08 20:00:00
2021-02-08 21:00:00+00:00,14.8598266667,56.1617166667,0.0,41.76,0.0324,0.036,0.0018,0.8292,0.012,0.0006,No (reported postion),anchor,2021-02-08 21:00:00
2021-02-08 22:00:00+00:00,14.8598133333,56.1617266667,0.0,41.76,0.0324,0.036,0.0018,0.8292,0.012,0.0006,No (reported postion),anchor,2021-02-08 22:00:00
2021-02-08 23:00:00+00:00,14.8598183333,56.161725,0.1,41.760963306395595,0.0324076683873865,0.036000834475145196,0.00180020334841695,0.8292892021722359,0.0120021344995818,0.000600310073396042,No (reported postion),anchor,2021-02-08 23:00:00
2021-02-09 00:00:00+00:00,14.85983,56.1617266667,0.0,41.76,0.0324,0.036,0.0018,0.8292,0.012,0.0006,No (reported postion),anchor,2021-02-09 00:00:00
2021-02-09 01:00:00+00:00,14.8598383333,56.161735,0.1,41.760963306395595,0.0324076683873865,0.036000834475145196,0.00180020334841695,0.8292892021722359,0.0120021344995818,0.000600310073396042,No (reported postion),anchor,2021-02-09 01:00:00
2021-02-09 02:00:00+00:00,14.85982,56.1617116667,0.0,41.76,0.0324,0.036,0.0018,0.8292,0.012,0.0006,No (reported postion),anchor,2021-02-09 02:00:00
2021-02-09 03:00:00+00:00,14.859825,56.1617216667,0.0,41.76,0.0324,0.036,0.0018,0.8292,0.012,0.0006,No (reported postion),anchor,2021-02-09 03:00:00
2021-02-09 04:00:00+00:00,14.85983,56.1617283333,0.1,41.760963306395595,0.0324076683873865,0.036000834475145196,0.00180020334841695,0.8292892021722359,0.0120021344995818,0.000600310073396042,No (reported postion),anchor,2021-02-09 04:00:00
2021-02-09 05:00:00+00:00,14.8598233333,56.161715,0.0,41.76,0.0324,0.036,0.0018,0.8292,0.012,0.0006,No (reported postion),anchor,2021-02-09 05:00:00
2021-02-09 06:00:00+00:00,14.859815,56.16171,0.0,41.76,0.0324,0.036,0.0018,0.8292,0.012,0.0006,No (reported postion),anchor,2021-02-09 06:00:00
2021-02-09 07:00:00+00:00,14.8598233333,56.16172,0.0,41.76,0.0324,0.036,0.0018,0.8292,0.012,0.0006,No (reported postion),anchor,2021-02-09 07:00:00
2021-02-09 08:00:00+00:00,14.859835,56.16173,0.0,41.76,0.0324,0.036,0.0018,0.8292,0.012,0.0006,No (reported postion),anchor,2021-02-09 08:00:00
2021-02-09 09:00:00+00:00,14.8598283333,56.1617116667,0.0,41.76,0.0324,0.036,0.0018,0.8292,0.012,0.0006,No (reported postion),anchor,2021-02-09 09:00:00
2021-02-09 10:00:00+00:00,14.8598166667,56.161715,0.0,41.76,0.0324,0.036,0.0018,0.8292,0.012,0.0006,No (reported postion),anchor,2021-02-09 10:00:00
2021-02-09 11:00:00+00:00,14.85982,56.1617183333,0.0,41.76,0.0324,0.036,0.0018,0.8292,0.012,0.0006,No (reported postion),anchor,2021-02-09 11:00:00
2021-02-09 12:00:00+00:00,14.8598316667,56.1617166667,0.0,41.76,0.0324,0.036,0.0018,0.8292,0.012,0.0006,No (reported postion),anchor,2021-02-09 12:00:00
2021-02-09 13:00:00+00:00,14.8598166667,56.1617266667,0.0,41.76,0.0324,0.036,0.0018,0.8292,0.012,0.0006,No (reported postion),anchor,2021-02-09 13:00:00
2021-02-09 14:00:00+00:00,14.8598316667,56.16172,0.0,41.76,0.0324,0.036,0.0018,0.8292,0.012,0.0006,No (reported postion),anchor,2021-02-09 14:00:00
2021-02-09 15:00:00+00:00,14.8598283333,56.1617316667,0.0,41.76,0.0324,0.036,0.0018,0.8292,0.012,0.0006,No (reported postion),anchor,2021-02-09 15:00:00
2021-02-09 16:00:00+00:00,14.8598233333,56.1617133333,0.0,41.76,0.0324,0.036,0.0018,0.8292,0.012,0.0006,No (reported postion),anchor,2021-02-09 16:00:00
2021-02-09 17:00:00+00:00,14.85983,56.1617016667,0.0,41.76,0.0324,0.036,0.0018,0.8292,0.012,0.0006,No (reported postion),anchor,2021-02-09 17:00:00
2021-02-09 18:00:00+00:00,14.859815,56.161725,0.0,41.76,0.0324,0.036,0.0018,0.8292,0.012,0.0006,No (reported postion),anchor,2021-02-09 18:00:00
2021-02-09 19:00:00+00:00,14.859815,56.161735,0.0,41.76,0.0324,0.036,0.0018,0.8292,0.012,0.0006,No (reported postion),anchor,2021-02-09 19:00:00
2021-02-09 20:00:00+00:00,14.85982,56.1617216667,0.0,41.76,0.0324,0.036,0.0018,0.8292,0.012,0.0006,No (reported postion),anchor,2021-02-09 20:00:00
2021-02-09 21:00:00+00:00,14.8598166667,56.1617166667,0.0,41.76,0.0324,0.036,0.0018,0.8292,0.012,0.0006,No (reported postion),anchor,2021-02-09 21:00:00
2021-02-09 22:00:00+00:00,14.8598166667,56.1617283333,0.0,41.76,0.0324,0.036,0.0018,0.8292,0.012,0.0006,No (reported postion),anchor,2021-02-09 22:00:00
2021-02-09 23:00:00+00:00,14.8598316667,56.161725,0.0,41.76,0.0324,0.036,0.0018,0.8292,0.012,0.0006,No (reported postion),anchor,2021-02-09 23:00:00
2021-02-10 00:00:00+00:00,14.8598233333,56.1617233333,0.0,41.76,0.0324,0.036,0.0018,0.8292,0.012,0.0006,No (reported postion),anchor,2021-02-10 00:00:00
2021-02-10 01:00:00+00:00,14.8598366667,56.1617083333,0.0,41.76,0.0324,0.036,0.0018,0.8292,0.012,0.0006,No (reported postion),anchor,2021-02-10 01:00:00
2021-02-10 02:00:00+00:00,14.85983,56.1617116667,0.0,41.76,0.0324,0.036,0.0018,0.8292,0.012,0.0006,No (reported postion),anchor,2021-02-10 02:00:00
2021-02-10 03:00:00+00:00,14.8598133333,56.1617166667,0.0,41.76,0.0324,0.036,0.0018,0.8292,0.012,0.0006,No (reported postion),anchor,2021-02-10 03:00:00
2021-02-10 04:00:00+00:00,14.8598383333,56.1617316667,0.0,41.76,0.0324,0.036,0.0018,0.8292,0.012,0.0006,No (reported postion),anchor,2021-02-10 04:00:00
2021-02-10 05:00:00+00:00,14.85982,56.1617033333,0.0,41.76,0.0324,0.036,0.0018,0.8292,0.012,0.0006,No (reported postion),anchor,2021-02-10 05:00:00
2021-02-10 06:00:00+00:00,14.8598366667,56.1616966667,0.0,41.76,0.0324,0.036,0.0018,0.8292,0.012,0.0006,No (reported postion),anchor,2021-02-10 06:00:00
2021-02-10 07:00:00+00:00,14.8598416667,56.1616966667,0.0,41.76,0.0324,0.036,0.0018,0.8292,0.012,0.0006,No (reported postion),anchor,2021-02-10 07:00:00
2021-02-10 08:00:00+00:00,14.8598216667,56.1617383333,0.0,41.76,0.0324,0.036,0.0018,0.8292,0.012,0.0006,No (reported postion),anchor,2021-02-10 08:00:00
2021-02-10 09:00:00+00:00,14.859785,56.1618566667,0.0,41.76,0.0324,0.036,0.0018,0.8292,0.012,0.0006,No (reported postion),anchor,2021-02-10 09:00:00
2021-02-10 10:00:00+00:00,14.859785,56.1618583333,0.0,41.76,0.0324,0.036,0.0018,0.8292,0.012,0.0006,No (reported postion),anchor,2021-02-10 10:00:00
2021-02-10 11:00:00+00:00,14.8597983333,56.1618633333,0.0,41.76,0.0324,0.036,0.0018,0.8292,0.012,0.0006,No (reported postion),anchor,2021-02-10 11:00:00
2021-02-10 12:00:00+00:00,14.8598016667,56.161855,0.0,41.76,0.0324,0.036,0.0018,0.8292,0.012,0.0006,No (reported postion),anchor,2021-02-10 12:00:00
2021-02-10 13:00:00+00:00,14.859805,56.161905,0.0,41.76,0.0324,0.036,0.0018,0.8292,0.012,0.0006,No (reported postion),anchor,2021-02-10 13:00:00
2021-02-10 14:00:00+00:00,14.859785,56.16191,0.0,41.76,0.0324,0.036,0.0018,0.8292,0.012,0.0006,No (reported postion),anchor,2021-02-10 14:00:00
2021-02-10 15:00:00+00:00,14.8597983333,56.1619183333,0.0,41.76,0.0324,0.036,0.0018,0.8292,0.012,0.0006,No (reported postion),anchor,2021-02-10 15:00:00
2021-02-10 16:00:00+00:00,14.8597816667,56.1619183333,0.0,41.76,0.0324,0.036,0.0018,0.8292,0.012,0.0006,No (reported postion),anchor,2021-02-10 16:00:00
2021-02-10 17:00:00+00:00,14.8597916667,56.161935,0.0,41.76,0.0324,0.036,0.0018,0.8292,0.012,0.0006,No (reported postion),anchor,2021-02-10 17:00:00
2021-02-10 18:00:00+00:00,14.8597783333,56.161925,0.0,41.76,0.0324,0.036,0.0018,0.8292,0.012,0.0006,No (reported postion),anchor,2021-02-10 18:00:00
2021-02-10 19:00:00+00:00,14.8598133333,56.1617983333,0.0,41.76,0.0324,0.036,0.0018,0.8292,0.012,0.0006,No (reported postion),anchor,2021-02-10 19:00:00
2021-02-10 20:00:00+00:00,14.8598516667,56.161635,0.0,41.76,0.0324,0.036,0.0018,0.8292,0.012,0.0006,No (reported postion),anchor,2021-02-10 20:00:00
2021-02-10 21:00:00+00:00,14.8608633333,56.161805,0.8,42.2532128745652,0.036326214341903404,0.0364272512743194,0.0019041143894788799,0.874871512184735,0.0130928637858906,0.000758757578773411,No (reported postion),anchor,2021-02-10 21:00:00
2021-02-10 22:00:00+00:00,14.88205,56.021195,9.8,948.4162731206029,0.776464418670404,0.821401330818759,0.0431369121483558,18.9623254624121,0.287579414322372,0.0143789707161186,No (reported postion),cruise,2021-02-10 22:00:00
2021-02-10 23:00:00+00:00,14.8005616667,55.86484,9.7,960.906635206371,0.786714867798541,0.832221249342905,0.043706381544363404,19.212132704127402,0.29137587696242295,0.0145687938481211,No (reported postion),cruise,2021-02-10 23:00:00
2021-02-11 00:00:00+00:00,14.7081833333,55.7064283333,9.8,989.627921898812,0.8102855286099669,0.857101391310521,0.045015862700553695,19.7865584379762,0.30010575133702505,0.0150052875668512,No (reported postion),cruise,2021-02-11 00:00:00
2021-02-11 01:00:00+00:00,14.6228583333,55.5479166667,9.8,989.627921898812,0.8102855286099669,0.857101391310521,0.045015862700553695,19.7865584379762,0.30010575133702505,0.0150052875668512,No (reported postion),cruise,2021-02-11 01:00:00
2021-02-11 02:00:00+00:00,14.5002366667,55.40194,9.6,932.771476669019,0.7636252240140889,0.807848847570427,0.0424236235563382,18.6494295333804,0.282824157042255,0.0141412078521128,No (reported postion),cruise,2021-02-11 02:00:00
2021-02-11 03:00:00+00:00,14.326275,55.2762183333,9.7,960.906635206371,0.786714867798541,0.832221249342905,0.043706381544363404,19.212132704127402,0.29137587696242295,0.0145687938481211,No (reported postion),cruise,2021-02-11 03:00:00
2021-02-11 04:00:00+00:00,14.0898583333,55.2322316667,9.5,905.2164037284571,0.7410116383181871,0.7839789515580861,0.0411673132398993,18.0983280745691,0.27444875493266196,0.0137224377466331,No (reported postion),cruise,2021-02-11 04:00:00
2021-02-11 05:00:00+00:00,13.7943583333,55.2403533333,10.8,1009.6648399999999,0.8267291999999999,0.8744586000000001,0.0459294,20.1872968,0.306196,0.015309799999999998,No (reported postion),cruise,2021-02-11 05:00:00
2021-02-11 06:00:00+00:00,13.4953166667,55.2443183333,10.2,1009.6648399999999,0.8267291999999999,0.8744586000000001,0.0459294,20.1872968,0.306196,0.015309799999999998,No (reported postion),cruise,2021-02-11 06:00:00
2021-02-11 07:00:00+00:00,13.20324,55.250195,9.9,1018.94137930464,0.8343421653867891,0.882494507908277,0.0463523425214883,20.3728275860929,0.309015616809922,0.015450780840496099,No (reported postion),cruise,2021-02-11 07:00:00
2021-02-11 08:00:00+00:00,12.9367316667,55.262735,9.8,989.627921898812,0.8102855286099669,0.857101391310521,0.045015862700553695,19.7865584379762,0.30010575133702505,0.0150052875668512,No (reported postion),cruise,2021-02-11 08:00:00
2021-02-11 09:00:00+00:00,12.6844416667,55.3151033333,9.0,775.930833436997,0.634911018322155,0.671983852673386,0.0352728343512309,15.5126166687399,0.235152229008206,0.0117576114504103,No (reported postion),cruise,2021-02-11 09:00:00
2021-02-11 10:00:00+00:00,12.707945,55.46728,9.5,867.674820957655,0.710202436652179,0.7514581275773,0.039455690925120995,17.3474964191531,0.263037939500807,0.0131518969750403,No (reported postion),cruise,2021-02-11 10:00:00
2021-02-11 11:00:00+00:00,12.6972933333,55.6221866667,9.7,920.943738023485,0.753918569198605,0.797602934154083,0.041884364955477996,18.4128747604697,0.279229099703187,0.0139614549851593,No (reported postion),cruise,2021-02-11 11:00:00
2021-02-11 12:00:00+00:00,12.710535,55.7847616667,9.9,976.4552323783539,0.799475114717798,0.845690398868787,0.044415284150988804,19.5231046475671,0.296101894339925,0.014805094716996299,No (reported postion),cruise,2021-02-11 12:00:00
2021-02-11 13:00:00+00:00,12.716395,55.9479216667,9.9,976.4552323783539,0.799475114717798,0.845690398868787,0.044415284150988804,19.5231046475671,0.296101894339925,0.014805094716996299,No (reported postion),cruise,2021-02-11 13:00:00
2021-02-11 14:00:00+00:00,12.5838083333,56.0970583333,11.2,1009.6648399999999,0.8267291999999999,0.8744586000000001,0.0459294,20.1872968,0.306196,0.015309799999999998,No (reported postion),cruise,2021-02-11 14:00:00
2021-02-11 15:00:00+00:00,12.4268933333,56.2358633333,10.0,1005.06639563511,0.8229554006731931,0.870475145155037,0.045719744481844,20.095327912702302,0.304798296545627,0.0152399148272813,No (reported postion),cruise,2021-02-11 15:00:00
2021-02-11 16:00:00+00:00,12.3435816667,56.3948833333,9.8,989.627921898812,0.8102855286099669,0.857101391310521,0.045015862700553695,19.7865584379762,0.30010575133702505,0.0150052875668512,No (reported postion),cruise,2021-02-11 16:00:00
2021-02-11 17:00:00+00:00,12.2686383333,56.5472416667,9.4,878.2353738263851,0.7188691517724131,0.760606326870881,0.0399371750984674,17.5587074765277,0.26624783398978297,0.0133123916994891,No (reported postion),cruise,2021-02-11 17:00:00
2021-02-11 18:00:00+00:00,12.2110033333,56.701805,8.9,751.729380352875,0.615049643450688,0.6510190680868371,0.034169424636149304,15.0285876070575,0.227796164240996,0.0113898082120498,No (reported postion),cruise,2021-02-11 18:00:00
2021-02-11 19:00:00+00:00,12.1433883333,56.8509916667,9.5,905.2164037284571,0.7410116383181871,0.7839789515580861,0.0411673132398993,18.0983280745691,0.27444875493266196,0.0137224377466331,No (reported postion),cruise,2021-02-11 19:00:00
2021-02-11 20:00:00+00:00,12.0553866667,56.9964933333,9.1,800.6761167681079,0.655218697651639,0.693419736410063,0.036401038758424396,16.0075223353622,0.242673591722829,0.012133679586141501,No (reported postion),cruise,2021-02-11 20:00:00
2021-02-11 21:00:00+00:00,11.9411433333,57.132795,9.0,775.930833436997,0.634911018322155,0.671983852673386,0.0352728343512309,15.5126166687399,0.235152229008206,0.0117576114504103,No (reported postion),cruise,2021-02-11 21:00:00
2021-02-11 22:00:00+00:00,11.8216266667,57.2732533333,9.7,960.906635206371,0.786714867798541,0.832221249342905,0.043706381544363404,19.212132704127402,0.29137587696242295,0.0145687938481211,No (reported postion),cruise,2021-02-11 22:00:00
2021-02-11 23:00:00+00:00,11.62067,57.3987966667,10.0,1009.6648399999999,0.8267291999999999,0.8744586000000001,0.0459294,20.1872968,0.306196,0.015309799999999998,No (reported postion),cruise,2021-02-11 23:00:00
2021-02-12 00:00:00+00:00,11.405015,57.518455,10.3,1009.6648399999999,0.8267291999999999,0.8744586000000001,0.0459294,20.1872968,0.306196,0.015309799999999998,No (reported postion),cruise,2021-02-12 00:00:00
2021-02-12 01:00:00+00:00,11.1866383333,57.6439783333,10.2,1009.6648399999999,0.8267291999999999,0.8744586000000001,0.0459294,20.1872968,0.306196,0.015309799999999998,No (reported postion),cruise,2021-02-12 01:00:00
2021-02-12 02:00:00+00:00,10.9730833333,57.764055,9.8,989.627921898812,0.8102855286099669,0.857101391310521,0.045015862700553695,19.7865584379762,0.30010575133702505,0.0150052875668512,No (reported postion),cruise,2021-02-12 02:00:00
2021-02-12 03:00:00+00:00,10.704415,57.8472533333,10.6,1009.6648399999999,0.8267291999999999,0.8744586000000001,0.0459294,20.1872968,0.306196,0.015309799999999998,No (reported postion),cruise,2021-02-12 03:00:00
2021-02-12 04:00:00+00:00,10.38277,57.8730466667,10.4,1009.6648399999999,0.8267291999999999,0.8744586000000001,0.0459294,20.1872968,0.306196,0.015309799999999998,No (reported postion),cruise,2021-02-12 04:00:00
2021-02-12 05:00:00+00:00,10.0648316667,57.876525,10.1,1009.6648399999999,0.8267291999999999,0.8744586000000001,0.0459294,20.1872968,0.306196,0.015309799999999998,No (reported postion),cruise,2021-02-12 05:00:00
2021-02-12 06:00:00+00:00,9.7445516667,57.8835883333,10.4,1009.6648399999999,0.8267291999999999,0.8744586000000001,0.0459294,20.1872968,0.306196,0.015309799999999998,No (reported postion),cruise,2021-02-12 06:00:00
2021-02-12 07:00:00+00:00,9.42588,57.880965,10.2,1009.6648399999999,0.8267291999999999,0.8744586000000001,0.0459294,20.1872968,0.306196,0.015309799999999998,No (reported postion),cruise,2021-02-12 07:00:00
2021-02-12 08:00:00+00:00,9.11308,57.88687,9.3,851.822344404503,0.697192805438346,0.73772573907381,0.0387329336354637,17.0304468880901,0.258219557569758,0.0129109778784879,No (reported postion),cruise,2021-02-12 08:00:00
2021-02-12 09:00:00+00:00,8.8272466667,57.88675,9.3,851.822344404503,0.697192805438346,0.73772573907381,0.0387329336354637,17.0304468880901,0.258219557569758,0.0129109778784879,No (reported postion),cruise,2021-02-12 09:00:00
2021-02-12 10:00:00+00:00,8.51132,57.888005,10.1,1009.6648399999999,0.8267291999999999,0.8744586000000001,0.0459294,20.1872968,0.306196,0.015309799999999998,No (reported postion),cruise,2021-02-12 10:00:00
2021-02-12 11:00:00+00:00,8.19682,57.8984366667,10.1,1009.6648399999999,0.8267291999999999,0.8744586000000001,0.0459294,20.1872968,0.306196,0.015309799999999998,No (reported postion),cruise,2021-02-12 11:00:00
2021-02-12 12:00:00+00:00,7.867625,57.8877433333,10.3,1009.6648399999999,0.8267291999999999,0.8744586000000001,0.0459294,20.1872968,0.306196,0.015309799999999998,No (reported postion),cruise,2021-02-12 12:00:00
2021-02-12 13:00:00+00:00,7.5435283333,57.885555,10.1,1009.6648399999999,0.8267291999999999,0.8744586000000001,0.0459294,20.1872968,0.306196,0.015309799999999998,No (reported postion),cruise,2021-02-12 13:00:00
2021-02-12 14:00:00+00:00,7.2515516667,57.8991133333,9.2,825.97127290451,0.675977640377562,0.715331953731871,0.037554313354309005,16.5134254580902,0.25036208902872703,0.012518104451436298,No (reported postion),cruise,2021-02-12 14:00:00
2021-02-12 15:00:00+00:00,6.96343,57.9240083333,9.8,948.4162731206029,0.776464418670404,0.821401330818759,0.0431369121483558,18.9623254624121,0.287579414322372,0.0143789707161186,No (reported postion),cruise,2021-02-12 15:00:00
2021-02-12 16:00:00+00:00,6.70419,57.9845183333,8.5,660.241019320296,0.539968009776535,0.5717662325418981,0.029998222765363,13.198820386405899,0.19998815176908702,0.00999940758845435,No (reported postion),cruise,2021-02-12 16:00:00
2021-02-12 17:00:00+00:00,6.4714733333,58.0566666667,9.0,744.0103624179969,0.608714887090758,0.644332380818022,0.0338174937272643,14.8742072483599,0.225449958181762,0.011272497909088101,No (reported postion),cruise,2021-02-12 17:00:00
2021-02-12 18:00:00+00:00,6.2711583333,58.1732366667,10.3,1009.6648399999999,0.8267291999999999,0.8744586000000001,0.0459294,20.1872968,0.306196,0.015309799999999998,No (reported postion),cruise,2021-02-12 18:00:00
2021-02-12 19:00:00+00:00,6.0329266667,58.28109,9.9,1018.94137930464,0.8343421653867891,0.882494507908277,0.0463523425214883,20.3728275860929,0.309015616809922,0.015450780840496099,No (reported postion),cruise,2021-02-12 19:00:00
2021-02-12 20:00:00+00:00,5.8327783333,58.3858433333,8.7,676.100151444908,0.552983103009499,0.585504386510027,0.0307212835005277,13.516003028898199,0.204808556670185,0.010240427833509199,No (reported postion),cruise,2021-02-12 20:00:00
2021-02-12 21:00:00+00:00,5.6495066667,58.5024016667,10.2,1009.6648399999999,0.8267291999999999,0.8744586000000001,0.0459294,20.1872968,0.306196,0.015309799999999998,No (reported postion),cruise,2021-02-12 21:00:00
2021-02-12 22:00:00+00:00,5.4539733333,58.65394,9.8,948.4162731206029,0.776464418670404,0.821401330818759,0.0431369121483558,18.9623254624121,0.287579414322372,0.0143789707161186,No (reported postion),cruise,2021-02-12 22:00:00
2021-02-12 23:00:00+00:00,5.274905,58.7872416667,9.9,1018.94137930464,0.8343421653867891,0.882494507908277,0.0463523425214883,20.3728275860929,0.309015616809922,0.015450780840496099,No (reported postion),cruise,2021-02-12 23:00:00
2021-02-13 00:00:00+00:00,5.1126616667,58.92428,10.1,1009.6648399999999,0.8267291999999999,0.8744586000000001,0.0459294,20.1872968,0.306196,0.015309799999999998,No (reported postion),cruise,2021-02-13 00:00:00
2021-02-13 01:00:00+00:00,4.909765,59.0727133333,11.3,1009.6648399999999,0.8267291999999999,0.8744586000000001,0.0459294,20.1872968,0.306196,0.015309799999999998,No (reported postion),cruise,2021-02-13 01:00:00
2021-02-13 02:00:00+00:00,4.7179133333,59.2320433333,11.2,1009.6648399999999,0.8267291999999999,0.8744586000000001,0.0459294,20.1872968,0.306196,0.015309799999999998,No (reported postion),cruise,2021-02-13 02:00:00
2021-02-13 03:00:00+00:00,4.6836033333,59.4155466667,11.4,1009.6648399999999,0.8267291999999999,0.8744586000000001,0.0459294,20.1872968,0.306196,0.015309799999999998,No (reported postion),cruise,2021-02-13 03:00:00
2021-02-13 04:00:00+00:00,4.6622583333,59.5938866667,10.0,1009.6648399999999,0.8267291999999999,0.8744586000000001,0.0459294,20.1872968,0.306196,0.015309799999999998,No (reported postion),cruise,2021-02-13 04:00:00
2021-02-13 05:00:00+00:00,4.6321066667,59.759295,10.0,1009.6648399999999,0.8267291999999999,0.8744586000000001,0.0459294,20.1872968,0.306196,0.015309799999999998,No (reported postion),cruise,2021-02-13 05:00:00
2021-02-13 06:00:00+00:00,4.6125066667,59.9303366667,10.6,1009.6648399999999,0.8267291999999999,0.8744586000000001,0.0459294,20.1872968,0.306196,0.015309799999999998,No (reported postion),cruise,2021-02-13 06:00:00
2021-02-13 07:00:00+00:00,4.57001,60.1080016667,10.7,1009.6648399999999,0.8267291999999999,0.8744586000000001,0.0459294,20.1872968,0.306196,0.015309799999999998,No (reported postion),cruise,2021-02-13 07:00:00
2021-02-13 08:00:00+00:00,4.5442183333,60.27951,10.5,1009.6648399999999,0.8267291999999999,0.8744586000000001,0.0459294,20.1872968,0.306196,0.015309799999999998,No (reported postion),cruise,2021-02-13 08:00:00
2021-02-13 09:00:00+00:00,4.5481583333,60.461995,10.6,1009.6648399999999,0.8267291999999999,0.8744586000000001,0.0459294,20.1872968,0.306196,0.015309799999999998,No (reported postion),cruise,2021-02-13 09:00:00
2021-02-13 10:00:00+00:00,4.5032366667,60.6285783333,10.9,1009.6648399999999,0.8267291999999999,0.8744586000000001,0.0459294,20.1872968,0.306196,0.015309799999999998,No (reported postion),cruise,2021-02-13 10:00:00
2021-02-13 11:00:00+00:00,4.4770766667,60.8086433333,10.4,1009.6648399999999,0.8267291999999999,0.8744586000000001,0.0459294,20.1872968,0.306196,0.015309799999999998,No (reported postion),cruise,2021-02-13 11:00:00
2021-02-13 12:00:00+00:00,4.455225,60.979725,10.5,1009.6648399999999,0.8267291999999999,0.8744586000000001,0.0459294,20.1872968,0.306196,0.015309799999999998,No (reported postion),cruise,2021-02-13 12:00:00
2021-02-13 13:00:00+00:00,4.44887,61.1619616667,11.2,1009.6648399999999,0.8267291999999999,0.8744586000000001,0.0459294,20.1872968,0.306196,0.015309799999999998,No (reported postion),cruise,2021-02-13 13:00:00
2021-02-13 14:00:00+00:00,4.47705,61.3315433333,10.0,1005.06639563511,0.8229554006731931,0.870475145155037,0.045719744481844,20.095327912702302,0.304798296545627,0.0152399148272813,No (reported postion),cruise,2021-02-13 14:00:00
2021-02-13 15:00:00+00:00,4.4908866667,61.490875,9.8,989.627921898812,0.8102855286099669,0.857101391310521,0.045015862700553695,19.7865584379762,0.30010575133702505,0.0150052875668512,No (reported postion),cruise,2021-02-13 15:00:00
2021-02-13 16:00:00+00:00,4.504935,61.6486166667,9.5,905.2164037284571,0.7410116383181871,0.7839789515580861,0.0411673132398993,18.0983280745691,0.27444875493266196,0.0137224377466331,No (reported postion),cruise,2021-02-13 16:00:00
2021-02-13 17:00:00+00:00,4.610585,61.7940233333,9.7,920.943738023485,0.753918569198605,0.797602934154083,0.041884364955477996,18.4128747604697,0.279229099703187,0.0139614549851593,No (reported postion),cruise,2021-02-13 17:00:00
2021-02-13 18:00:00+00:00,4.73335,61.954335,10.4,1009.6648399999999,0.8267291999999999,0.8744586000000001,0.0459294,20.1872968,0.306196,0.015309799999999998,No (reported postion),cruise,2021-02-13 18:00:00
2021-02-13 19:00:00+00:00,4.8828233333,62.10644,10.0,1005.06639563511,0.8229554006731931,0.870475145155037,0.045719744481844,20.095327912702302,0.304798296545627,0.0152399148272813,No (reported postion),cruise,2021-02-13 19:00:00
2021-02-13 20:00:00+00:00,5.0812966667,62.2432583333,9.9,976.4552323783539,0.799475114717798,0.845690398868787,0.044415284150988804,19.5231046475671,0.296101894339925,0.014805094716996299,No (reported postion),cruise,2021-02-13 20:00:00
2021-02-13 21:00:00+00:00,5.28637,62.3758566667,10.0,1009.6648399999999,0.8267291999999999,0.8744586000000001,0.0459294,20.1872968,0.306196,0.015309799999999998,No (reported postion),cruise,2021-02-13 21:00:00
2021-02-13 22:00:00+00:00,5.525485,62.4918016667,9.6,894.031847248627,0.731832822969998,0.774290202023887,0.040657379053888804,17.874636944972497,0.271049193692592,0.0135524596846296,No (reported postion),cruise,2021-02-13 22:00:00
2021-02-13 23:00:00+00:00,5.7635633333,62.6169116667,10.6,1009.6648399999999,0.8267291999999999,0.8744586000000001,0.0459294,20.1872968,0.306196,0.015309799999999998,No (reported postion),cruise,2021-02-13 23:00:00
2021-02-14 00:00:00+00:00,6.0102916667,62.74459,10.5,1009.6648399999999,0.8267291999999999,0.8744586000000001,0.0459294,20.1872968,0.306196,0.015309799999999998,No (reported postion),cruise,2021-02-14 00:00:00
2021-02-14 01:00:00+00:00,6.274,62.8647683333,10.3,1009.6648399999999,0.8267291999999999,0.8744586000000001,0.0459294,20.1872968,0.306196,0.015309799999999998,No (reported postion),cruise,2021-02-14 01:00:00
2021-02-14 02:00:00+00:00,6.5532433333,62.9567283333,9.1,767.679763865147,0.6281396238406981,0.664836269609626,0.034896645768927696,15.3475952773029,0.232644305126185,0.0116322152563092,No (reported postion),cruise,2021-02-14 02:00:00
2021-02-14 03:00:00+00:00,6.80577,63.0432283333,8.8,728.065714957445,0.595629614098815,0.630520148215416,0.0330905341166008,14.5553142991489,0.220603560777339,0.011030178038866901,No (reported postion),cruise,2021-02-14 03:00:00
2021-02-14 04:00:00+00:00,7.0670083333,63.12973,8.7,704.933794692404,0.576645971328113,0.610481858624119,0.0320358872960063,14.0926758938481,0.213572581973375,0.0106786290986688,No (reported postion),cruise,2021-02-14 04:00:00
2021-02-14 05:00:00+00:00,7.31834,63.225955,9.2,825.97127290451,0.675977640377562,0.715331953731871,0.037554313354309005,16.5134254580902,0.25036208902872703,0.012518104451436298,No (reported postion),cruise,2021-02-14 05:00:00
2021-02-14 06:00:00+00:00,7.6779483333,63.240535,10.0,1005.06639563511,0.8229554006731931,0.870475145155037,0.045719744481844,20.095327912702302,0.304798296545627,0.0152399148272813,No (reported postion),cruise,2021-02-14 06:00:00
2021-02-14 07:00:00+00:00,8.0453966667,63.247565,10.9,1009.6648399999999,0.8267291999999999,0.8744586000000001,0.0459294,20.1872968,0.306196,0.015309799999999998,No (reported postion),cruise,2021-02-14 07:00:00
2021-02-14 08:00:00+00:00,8.355095,63.3535083333,10.5,1009.6648399999999,0.8267291999999999,0.8744586000000001,0.0459294,20.1872968,0.306196,0.015309799999999998,No (reported postion),cruise,2021-02-14 08:00:00
2021-02-14 09:00:00+00:00,8.7037833333,63.4292383333,10.4,1009.6648399999999,0.8267291999999999,0.8744586000000001,0.0459294,20.1872968,0.306196,0.015309799999999998,No (reported postion),cruise,2021-02-14 09:00:00
2021-02-14 10:00:00+00:00,9.065055,63.4933516667,11.4,1009.6648399999999,0.8267291999999999,0.8744586000000001,0.0459294,20.1872968,0.306196,0.015309799999999998,No (reported postion),cruise,2021-02-14 10:00:00
2021-02-14 11:00:00+00:00,9.44245,63.58562,11.0,1009.6648399999999,0.8267291999999999,0.8744586000000001,0.0459294,20.1872968,0.306196,0.015309799999999998,No (reported postion),cruise,2021-02-14 11:00:00
2021-02-14 12:00:00+00:00,9.7744316667,63.6413933333,9.9,976.4552323783539,0.799475114717798,0.845690398868787,0.044415284150988804,19.5231046475671,0.296101894339925,0.014805094716996299,No (reported postion),cruise,2021-02-14 12:00:00
2021-02-14 13:00:00+00:00,9.9182233333,63.49271,9.9,976.4552323783539,0.799475114717798,0.845690398868787,0.044415284150988804,19.5231046475671,0.296101894339925,0.014805094716996299,No (reported postion),cruise,2021-02-14 13:00:00
2021-02-14 14:00:00+00:00,10.2464083333,63.515825,9.5,867.674820957655,0.710202436652179,0.7514581275773,0.039455690925120995,17.3474964191531,0.263037939500807,0.0131518969750403,No (reported postion),cruise,2021-02-14 14:00:00
2021-02-14 15:00:00+00:00,10.559885,63.5964383333,9.4,841.866879312195,0.689022666912743,0.729101703963451,0.038279037050707995,16.831337586243897,0.255193580338053,0.0127596790169027,No (reported postion),cruise,2021-02-14 15:00:00
2021-02-14 16:00:00+00:00,10.8396516667,63.6965516667,9.8,948.4162731206029,0.776464418670404,0.821401330818759,0.0431369121483558,18.9623254624121,0.287579414322372,0.0143789707161186,No (reported postion),cruise,2021-02-14 16:00:00
2021-02-14 17:00:00+00:00,11.0627233333,63.818015,9.4,841.866879312195,0.689022666912743,0.729101703963451,0.038279037050707995,16.831337586243897,0.255193580338053,0.0127596790169027,No (reported postion),cruise,2021-02-14 17:00:00
2021-02-14 18:00:00+00:00,11.1898683333,63.9512316667,10.5,1009.6648399999999,0.8267291999999999,0.8744586000000001,0.0459294,20.1872968,0.306196,0.015309799999999998,No (reported postion),cruise,2021-02-14 18:00:00
2021-02-14 19:00:00+00:00,11.4813483333,64.0112666667,0.7,42.0904140937028,0.0350302568735798,0.0362862249747882,0.0018697485070141699,0.859796345076883,0.0127321333565634,0.000706355174842344,No (reported postion),anchor,2021-02-14 19:00:00
2021-02-14 20:00:00+00:00,11.4834016667,64.0118433333,0.0,41.76,0.0324,0.036,0.0018,0.8292,0.012,0.0006,No (reported postion),anchor,2021-02-14 20:00:00
2021-02-14 21:00:00+00:00,11.4834216667,64.01183,0.0,41.76,0.0324,0.036,0.0018,0.8292,0.012,0.0006,No (reported postion),anchor,2021-02-14 21:00:00
2021-02-14 22:00:00+00:00,11.4834133333,64.0118266667,0.0,41.76,0.0324,0.036,0.0018,0.8292,0.012,0.0006,No (reported postion),anchor,2021-02-14 22:00:00
2021-02-14 23:00:00+00:00,11.483425,64.011845,0.0,41.76,0.0324,0.036,0.0018,0.8292,0.012,0.0006,No (reported postion),anchor,2021-02-14 23:00:00
2021-02-15 00:00:00+00:00,11.48341,64.0118483333,0.0,41.76,0.0324,0.036,0.0018,0.8292,0.012,0.0006,No (reported postion),anchor,2021-02-15 00:00:00
2021-02-15 01:00:00+00:00,11.4834016667,64.0118466667,0.0,41.76,0.0324,0.036,0.0018,0.8292,0.012,0.0006,No (reported postion),anchor,2021-02-15 01:00:00
2021-02-15 02:00:00+00:00,11.4833916667,64.0118383333,0.0,41.76,0.0324,0.036,0.0018,0.8292,0.012,0.0006,No (reported postion),anchor,2021-02-15 02:00:00
2021-02-15 03:00:00+00:00,11.483415,64.011855,0.0,41.76,0.0324,0.036,0.0018,0.8292,0.012,0.0006,No (reported postion),anchor,2021-02-15 03:00:00
2021-02-15 04:00:00+00:00,11.4834266667,64.0118516667,0.0,41.76,0.0324,0.036,0.0018,0.8292,0.012,0.0006,No (reported postion),anchor,2021-02-15 04:00:00
2021-02-15 05:00:00+00:00,11.4834316667,64.0118316667,0.0,41.76,0.0324,0.036,0.0018,0.8292,0.012,0.0006,No (reported postion),anchor,2021-02-15 05:00:00
2021-02-15 06:00:00+00:00,11.4834283333,64.011835,0.0,41.76,0.0324,0.036,0.0018,0.8292,0.012,0.0006,No (reported postion),anchor,2021-02-15 06:00:00
2021-02-15 07:00:00+00:00,11.48343,64.0118583333,0.0,41.76,0.0324,0.036,0.0018,0.8292,0.012,0.0006,No (reported postion),anchor,2021-02-15 07:00:00
2021-02-15 08:00:00+00:00,11.483225,64.011695,0.0,41.76,0.0324,0.036,0.0018,0.8292,0.012,0.0006,No (reported postion),anchor,2021-02-15 08:00:00
2021-02-15 09:00:00+00:00,11.4832416667,64.01169,0.0,41.76,0.0324,0.036,0.0018,0.8292,0.012,0.0006,No (reported postion),anchor,2021-02-15 09:00:00
2021-02-15 10:00:00+00:00,11.4832216667,64.0116883333,0.0,41.76,0.0324,0.036,0.0018,0.8292,0.012,0.0006,No (reported postion),anchor,2021-02-15 10:00:00
2021-02-15 11:00:00+00:00,11.483215,64.0116866667,0.0,41.76,0.0324,0.036,0.0018,0.8292,0.012,0.0006,No (reported postion),anchor,2021-02-15 11:00:00
2021-02-15 12:00:00+00:00,11.4832133333,64.011695,0.0,41.76,0.0324,0.036,0.0018,0.8292,0.012,0.0006,No (reported postion),anchor,2021-02-15 12:00:00
2021-02-15 13:00:00+00:00,11.48323,64.011685,0.0,41.76,0.0324,0.036,0.0018,0.8292,0.012,0.0006,No (reported postion),anchor,2021-02-15 13:00:00
2021-02-15 14:00:00+00:00,11.4845583333,64.0128866667,0.0,41.76,0.0324,0.036,0.0018,0.8292,0.012,0.0006,No (reported postion),anchor,2021-02-15 14:00:00
2021-02-15 15:00:00+00:00,11.48454,64.0129266667,0.0,41.76,0.0324,0.036,0.0018,0.8292,0.012,0.0006,No (reported postion),anchor,2021-02-15 15:00:00
2021-02-15 16:00:00+00:00,11.484565,64.012905,0.0,41.76,0.0324,0.036,0.0018,0.8292,0.012,0.0006,No (reported postion),anchor,2021-02-15 16:00:00
2021-02-15 17:00:00+00:00,11.484565,64.0129333333,0.0,41.76,0.0324,0.036,0.0018,0.8292,0.012,0.0006,No (reported postion),anchor,2021-02-15 17:00:00
2021-02-15 18:00:00+00:00,11.484545,64.012915,0.0,41.76,0.0324,0.036,0.0018,0.8292,0.012,0.0006,No (reported postion),anchor,2021-02-15 18:00:00
2021-02-15 19:00:00+00:00,11.4845333333,64.0129066667,0.0,41.76,0.0324,0.036,0.0018,0.8292,0.012,0.0006,No (reported postion),anchor,2021-02-15 19:00:00
2021-02-15 20:00:00+00:00,11.4845316667,64.0129016667,0.0,41.76,0.0324,0.036,0.0018,0.8292,0.012,0.0006,No (reported postion),anchor,2021-02-15 20:00:00
2021-02-15 21:00:00+00:00,11.4845616667,64.01291,0.0,41.76,0.0324,0.036,0.0018,0.8292,0.012,0.0006,No (reported postion),anchor,2021-02-15 21:00:00
2021-02-15 22:00:00+00:00,11.4845583333,64.012905,0.0,41.76,0.0324,0.036,0.0018,0.8292,0.012,0.0006,No (reported postion),anchor,2021-02-15 22:00:00
2021-02-15 23:00:00+00:00,11.484545,64.0129066667,0.0,41.76,0.0324,0.036,0.0018,0.8292,0.012,0.0006,No (reported postion),anchor,2021-02-15 23:00:00
2021-02-16 00:00:00+00:00,11.4809733333,64.01098,2.8,62.906501996982,0.145029226289701,0.054318398386443395,0.00461524859412709,2.06415571662375,0.0398311105309824,0.00435366479216945,No (reported postion),anchor,2021-02-16 00:00:00
2021-02-16 01:00:00+00:00,11.1612616667,63.940155,10.9,1009.6648399999999,0.8267291999999999,0.8744586000000001,0.0459294,20.1872968,0.306196,0.015309799999999998,No (reported postion),cruise,2021-02-16 01:00:00
2021-02-16 02:00:00+00:00,11.0175533333,63.787355,10.8,1009.6648399999999,0.8267291999999999,0.8744586000000001,0.0459294,20.1872968,0.306196,0.015309799999999998,No (reported postion),cruise,2021-02-16 02:00:00
2021-02-16 03:00:00+00:00,10.7455633333,63.656725,10.8,1009.6648399999999,0.8267291999999999,0.8744586000000001,0.0459294,20.1872968,0.306196,0.015309799999999998,No (reported postion),cruise,2021-02-16 03:00:00
2021-02-16 04:00:00+00:00,10.454045,63.5313116667,10.5,1009.6648399999999,0.8267291999999999,0.8744586000000001,0.0459294,20.1872968,0.306196,0.015309799999999998,No (reported postion),cruise,2021-02-16 04:00:00
2021-02-16 05:00:00+00:00,10.3672316667,63.4328283333,0.0,41.76,0.0324,0.036,0.0018,0.8292,0.012,0.0006,No (reported postion),anchor,2021-02-16 05:00:00
2021-02-16 06:00:00+00:00,10.3672583333,63.43285,0.0,41.76,0.0324,0.036,0.0018,0.8292,0.012,0.0006,No (reported postion),anchor,2021-02-16 06:00:00
2021-02-16 07:00:00+00:00,10.3672366667,63.4328766667,0.0,41.76,0.0324,0.036,0.0018,0.8292,0.012,0.0006,No (reported postion),anchor,2021-02-16 07:00:00
2021-02-16 08:00:00+00:00,10.3672516667,63.4328366667,0.0,41.76,0.0324,0.036,0.0018,0.8292,0.012,0.0006,No (reported postion),anchor,2021-02-16 08:00:00
2021-02-16 09:00:00+00:00,10.36464,63.4338316667,4.1,108.15204009356799,0.184960432555432,0.0935128614792303,0.0061891394286781,2.75456916271346,0.048122112999235904,0.00415167144573492,No (reported postion),cruise,2021-02-16 09:00:00
2021-02-16 10:00:00+00:00,10.0116566667,63.4795516667,10.7,1009.6648399999999,0.8267291999999999,0.8744586000000001,0.0459294,20.1872968,0.306196,0.015309799999999998,No (reported postion),cruise,2021-02-16 10:00:00
2021-02-16 11:00:00+00:00,9.7934933333,63.6232466667,11.3,1009.6648399999999,0.8267291999999999,0.8744586000000001,0.0459294,20.1872968,0.306196,0.015309799999999998,No (reported postion),cruise,2021-02-16 11:00:00
2021-02-16 12:00:00+00:00,9.4837683333,63.6445883333,10.6,1009.6648399999999,0.8267291999999999,0.8744586000000001,0.0459294,20.1872968,0.306196,0.015309799999999998,No (reported postion),cruise,2021-02-16 12:00:00
2021-02-16 13:00:00+00:00,9.3461916667,63.80546,10.9,1009.6648399999999,0.8267291999999999,0.8744586000000001,0.0459294,20.1872968,0.306196,0.015309799999999998,No (reported postion),cruise,2021-02-16 13:00:00
2021-02-16 14:00:00+00:00,9.4944283333,63.97,10.6,1009.6648399999999,0.8267291999999999,0.8744586000000001,0.0459294,20.1872968,0.306196,0.015309799999999998,No (reported postion),cruise,2021-02-16 14:00:00
2021-02-16 15:00:00+00:00,9.6447883333,64.1267133333,10.3,1009.6648399999999,0.8267291999999999,0.8744586000000001,0.0459294,20.1872968,0.306196,0.015309799999999998,No (reported postion),cruise,2021-02-16 15:00:00
2021-02-16 16:00:00+00:00,9.7850683333,64.282945,10.2,1009.6648399999999,0.8267291999999999,0.8744586000000001,0.0459294,20.1872968,0.306196,0.015309799999999998,No (reported postion),cruise,2021-02-16 16:00:00
2021-02-16 17:00:00+00:00,9.9345933333,64.4423016667,10.9,1009.6648399999999,0.8267291999999999,0.8744586000000001,0.0459294,20.1872968,0.306196,0.015309799999999998,No (reported postion),cruise,2021-02-16 17:00:00
2021-02-16 18:00:00+00:00,10.0741766667,64.6112283333,10.6,1009.6648399999999,0.8267291999999999,0.8744586000000001,0.0459294,20.1872968,0.306196,0.015309799999999998,No (reported postion),cruise,2021-02-16 18:00:00
2021-02-16 19:00:00+00:00,10.1865466667,64.7784933333,10.2,1009.6648399999999,0.8267291999999999,0.8744586000000001,0.0459294,20.1872968,0.306196,0.015309799999999998,No (reported postion),cruise,2021-02-16 19:00:00
2021-02-16 20:00:00+00:00,10.31012,64.93638,9.6,932.771476669019,0.7636252240140889,0.807848847570427,0.0424236235563382,18.6494295333804,0.282824157042255,0.0141412078521128,No (reported postion),cruise,2021-02-16 20:00:00
2021-02-16 21:00:00+00:00,10.408705,65.092175,9.6,932.771476669019,0.7636252240140889,0.807848847570427,0.0424236235563382,18.6494295333804,0.282824157042255,0.0141412078521128,No (reported postion),cruise,2021-02-16 21:00:00
2021-02-16 22:00:00+00:00,10.4757316667,65.2490016667,10.2,1009.6648399999999,0.8267291999999999,0.8744586000000001,0.0459294,20.1872968,0.306196,0.015309799999999998,No (reported postion),cruise,2021-02-16 22:00:00
2021-02-16 23:00:00+00:00,10.5455516667,65.4145416667,10.5,1009.6648399999999,0.8267291999999999,0.8744586000000001,0.0459294,20.1872968,0.306196,0.015309799999999998,No (reported postion),cruise,2021-02-16 23:00:00
2021-02-17 00:00:00+00:00,10.6273333333,65.5815916667,10.6,1009.6648399999999,0.8267291999999999,0.8744586000000001,0.0459294,20.1872968,0.306196,0.015309799999999998,No (reported postion),cruise,2021-02-17 00:00:00
2021-02-17 01:00:00+00:00,10.7067816667,65.74986,11.3,1009.6648399999999,0.8267291999999999,0.8744586000000001,0.0459294,20.1872968,0.306196,0.015309799999999998,No (reported postion),cruise,2021-02-17 01:00:00
2021-02-17 02:00:00+00:00,10.81093,65.92782,10.5,1009.6648399999999,0.8267291999999999,0.8744586000000001,0.0459294,20.1872968,0.306196,0.015309799999999998,No (reported postion),cruise,2021-02-17 02:00:00
2021-02-17 03:00:00+00:00,10.8867383333,66.1034183333,11.0,1009.6648399999999,0.8267291999999999,0.8744586000000001,0.0459294,20.1872968,0.306196,0.015309799999999998,No (reported postion),cruise,2021-02-17 03:00:00
2021-02-17 04:00:00+00:00,10.96743,66.2737183333,10.9,1009.6648399999999,0.8267291999999999,0.8744586000000001,0.0459294,20.1872968,0.306196,0.015309799999999998,No (reported postion),cruise,2021-02-17 04:00:00
2021-02-17 05:00:00+00:00,11.057655,66.4468366667,10.2,1009.6648399999999,0.8267291999999999,0.8744586000000001,0.0459294,20.1872968,0.306196,0.015309799999999998,No (reported postion),cruise,2021-02-17 05:00:00
2021-02-17 06:00:00+00:00,11.1332916667,66.61,9.3,851.822344404503,0.697192805438346,0.73772573907381,0.0387329336354637,17.0304468880901,0.258219557569758,0.0129109778784879,No (reported postion),cruise,2021-02-17 06:00:00
2021-02-17 07:00:00+00:00,11.215375,66.77332,10.0,1009.6648399999999,0.8267291999999999,0.8744586000000001,0.0459294,20.1872968,0.306196,0.015309799999999998,No (reported postion),cruise,2021-02-17 07:00:00
2021-02-17 08:00:00+00:00,11.2768966667,66.938905,9.8,989.627921898812,0.8102855286099669,0.857101391310521,0.045015862700553695,19.7865584379762,0.30010575133702505,0.0150052875668512,No (reported postion),cruise,2021-02-17 08:00:00
2021-02-17 09:00:00+00:00,11.3108283333,67.1085383333,10.1,1009.6648399999999,0.8267291999999999,0.8744586000000001,0.0459294,20.1872968,0.306196,0.015309799999999998,No (reported postion),cruise,2021-02-17 09:00:00
2021-02-17 10:00:00+00:00,11.4142,67.27017,9.8,989.627921898812,0.8102855286099669,0.857101391310521,0.045015862700553695,19.7865584379762,0.30010575133702505,0.0150052875668512,No (reported postion),cruise,2021-02-17 10:00:00
2021-02-17 11:00:00+00:00,11.5552516667,67.426275,10.1,1009.6648399999999,0.8267291999999999,0.8744586000000001,0.0459294,20.1872968,0.306196,0.015309799999999998,No (reported postion),cruise,2021-02-17 11:00:00
2021-02-17 12:00:00+00:00,11.780385,67.5700433333,10.1,1009.6648399999999,0.8267291999999999,0.8744586000000001,0.0459294,20.1872968,0.306196,0.015309799999999998,No (reported postion),cruise,2021-02-17 12:00:00
2021-02-17 13:00:00+00:00,12.0407033333,67.71062,10.1,1009.6648399999999,0.8267291999999999,0.8744586000000001,0.0459294,20.1872968,0.306196,0.015309799999999998,No (reported postion),cruise,2021-02-17 13:00:00
2021-02-17 14:00:00+00:00,12.3043283333,67.853905,10.3,1009.6648399999999,0.8267291999999999,0.8744586000000001,0.0459294,20.1872968,0.306196,0.015309799999999998,No (reported postion),cruise,2021-02-17 14:00:00
2021-02-17 15:00:00+00:00,12.5754416667,67.996655,11.6,1009.6648399999999,0.8267291999999999,0.8744586000000001,0.0459294,20.1872968,0.306196,0.015309799999999998,No (reported postion),cruise,2021-02-17 15:00:00
2021-02-17 16:00:00+00:00,12.8627466667,68.1392816667,10.5,1009.6648399999999,0.8267291999999999,0.8744586000000001,0.0459294,20.1872968,0.306196,0.015309799999999998,No (reported postion),cruise,2021-02-17 16:00:00
2021-02-17 17:00:00+00:00,13.14601,68.2913316667,10.8,1009.6648399999999,0.8267291999999999,0.8744586000000001,0.0459294,20.1872968,0.306196,0.015309799999999998,No (reported postion),cruise,2021-02-17 17:00:00
2021-02-17 18:00:00+00:00,13.414095,68.43571,10.3,1009.6648399999999,0.8267291999999999,0.8744586000000001,0.0459294,20.1872968,0.306196,0.015309799999999998,No (reported postion),cruise,2021-02-17 18:00:00
2021-02-17 19:00:00+00:00,13.6786133333,68.5809966667,10.0,1009.6648399999999,0.8267291999999999,0.8744586000000001,0.0459294,20.1872968,0.306196,0.015309799999999998,No (reported postion),cruise,2021-02-17 19:00:00
2021-02-17 20:00:00+00:00,13.9489866667,68.7158366667,10.4,1009.6648399999999,0.8267291999999999,0.8744586000000001,0.0459294,20.1872968,0.306196,0.015309799999999998,No (reported postion),cruise,2021-02-17 20:00:00
2021-02-17 21:00:00+00:00,14.2721783333,68.8463033333,11.0,1009.6648399999999,0.8267291999999999,0.8744586000000001,0.0459294,20.1872968,0.306196,0.015309799999999998,No (reported postion),cruise,2021-02-17 21:00:00
2021-02-17 22:00:00+00:00,14.61491,68.9776066667,11.0,1009.6648399999999,0.8267291999999999,0.8744586000000001,0.0459294,20.1872968,0.306196,0.015309799999999998,No (reported postion),cruise,2021-02-17 22:00:00
2021-02-17 23:00:00+00:00,14.965435,69.1058133333,11.0,1009.6648399999999,0.8267291999999999,0.8744586000000001,0.0459294,20.1872968,0.306196,0.015309799999999998,No (reported postion),cruise,2021-02-17 23:00:00
2021-02-18 00:00:00+00:00,15.3790033333,69.2148083333,10.8,1009.6648399999999,0.8267291999999999,0.8744586000000001,0.0459294,20.1872968,0.306196,0.015309799999999998,No (reported postion),cruise,2021-02-18 00:00:00
2021-02-18 01:00:00+00:00,15.8008283333,69.32072,11.6,1009.6648399999999,0.8267291999999999,0.8744586000000001,0.0459294,20.1872968,0.306196,0.015309799999999998,No (reported postion),cruise,2021-02-18 01:00:00
2021-02-18 02:00:00+00:00,16.226785,69.43809,10.9,1009.6648399999999,0.8267291999999999,0.8744586000000001,0.0459294,20.1872968,0.306196,0.015309799999999998,No (reported postion),cruise,2021-02-18 02:00:00
2021-02-18 03:00:00+00:00,16.69011,69.5092966667,10.4,1009.6648399999999,0.8267291999999999,0.8744586000000001,0.0459294,20.1872968,0.306196,0.015309799999999998,No (reported postion),cruise,2021-02-18 03:00:00
2021-02-18 04:00:00+00:00,17.127185,69.583065,10.5,1009.6648399999999,0.8267291999999999,0.8744586000000001,0.0459294,20.1872968,0.306196,0.015309799999999998,No (reported postion),cruise,2021-02-18 04:00:00
2021-02-18 05:00:00+00:00,17.5857733333,69.6530116667,11.1,1009.6648399999999,0.8267291999999999,0.8744586000000001,0.0459294,20.1872968,0.306196,0.015309799999999998,No (reported postion),cruise,2021-02-18 05:00:00
2021-02-18 06:00:00+00:00,17.938785,69.57406,9.9,976.4552323783539,0.799475114717798,0.845690398868787,0.044415284150988804,19.5231046475671,0.296101894339925,0.014805094716996299,No (reported postion),cruise,2021-02-18 06:00:00
2021-02-18 07:00:00+00:00,18.3438416667,69.521485,10.6,1009.6648399999999,0.8267291999999999,0.8744586000000001,0.0459294,20.1872968,0.306196,0.015309799999999998,No (reported postion),cruise,2021-02-18 07:00:00
2021-02-18 08:00:00+00:00,18.7987633333,69.56489,9.4,841.866879312195,0.689022666912743,0.729101703963451,0.038279037050707995,16.831337586243897,0.255193580338053,0.0127596790169027,No (reported postion),cruise,2021-02-18 08:00:00
2021-02-18 09:00:00+00:00,18.99676,69.43013,10.2,1009.6648399999999,0.8267291999999999,0.8744586000000001,0.0459294,20.1872968,0.306196,0.015309799999999998,No (reported postion),cruise,2021-02-18 09:00:00
2021-02-18 10:00:00+00:00,19.343765,69.32989,10.0,1005.06639563511,0.8229554006731931,0.870475145155037,0.045719744481844,20.095327912702302,0.304798296545627,0.0152399148272813,No (reported postion),cruise,2021-02-18 10:00:00
2021-02-18 11:00:00+00:00,19.36182,69.2380183333,0.0,41.76,0.0324,0.036,0.0018,0.8292,0.012,0.0006,No (reported postion),anchor,2021-02-18 11:00:00
2021-02-18 12:00:00+00:00,19.361805,69.2380266667,0.0,41.76,0.0324,0.036,0.0018,0.8292,0.012,0.0006,No (reported postion),anchor,2021-02-18 12:00:00
2021-02-18 13:00:00+00:00,19.36185,69.2380166667,0.0,41.76,0.0324,0.036,0.0018,0.8292,0.012,0.0006,No (reported postion),anchor,2021-02-18 13:00:00
2021-02-18 14:00:00+00:00,19.3618366667,69.2380166667,0.0,41.76,0.0324,0.036,0.0018,0.8292,0.012,0.0006,No (reported postion),anchor,2021-02-18 14:00:00
2021-02-18 15:00:00+00:00,19.3618133333,69.2380216667,0.0,41.76,0.0324,0.036,0.0018,0.8292,0.012,0.0006,No (reported postion),anchor,2021-02-18 15:00:00
2021-02-18 16:00:00+00:00,19.361805,69.2380216667,0.1,41.760963306395595,0.0324076683873865,0.036000834475145196,0.00180020334841695,0.8292892021722359,0.0120021344995818,0.000600310073396042,No (reported postion),anchor,2021-02-18 16:00:00
2021-02-18 17:00:00+00:00,19.3621166667,69.2380016667,0.0,41.76,0.0324,0.036,0.0018,0.8292,0.012,0.0006,No (reported postion),anchor,2021-02-18 17:00:00
2021-02-18 18:00:00+00:00,19.36215,69.2380033333,0.0,41.76,0.0324,0.036,0.0018,0.8292,0.012,0.0006,No (reported postion),anchor,2021-02-18 18:00:00
2021-02-18 19:00:00+00:00,19.3622366667,69.2379933333,0.1,41.760963306395595,0.0324076683873865,0.036000834475145196,0.00180020334841695,0.8292892021722359,0.0120021344995818,0.000600310073396042,No (reported postion),anchor,2021-02-18 19:00:00
2021-02-18 20:00:00+00:00,19.362255,69.2379766667,0.0,41.76,0.0324,0.036,0.0018,0.8292,0.012,0.0006,No (reported postion),anchor,2021-02-18 20:00:00
2021-02-18 21:00:00+00:00,19.362275,69.2379883333,0.0,41.76,0.0324,0.036,0.0018,0.8292,0.012,0.0006,No (reported postion),anchor,2021-02-18 21:00:00
2021-02-18 22:00:00+00:00,19.3622466667,69.2379933333,0.1,41.760963306395595,0.0324076683873865,0.036000834475145196,0.00180020334841695,0.8292892021722359,0.0120021344995818,0.000600310073396042,No (reported postion),anchor,2021-02-18 22:00:00
2021-02-18 23:00:00+00:00,19.3622883333,69.237985,0.1,41.760963306395595,0.0324076683873865,0.036000834475145196,0.00180020334841695,0.8292892021722359,0.0120021344995818,0.000600310073396042,No (reported postion),anchor,2021-02-18 23:00:00
2021-02-19 00:00:00+00:00,19.3625683333,69.2379933333,0.0,41.76,0.0324,0.036,0.0018,0.8292,0.012,0.0006,No (reported postion),anchor,2021-02-19 00:00:00
2021-02-19 01:00:00+00:00,19.3625383333,69.237955,0.0,41.76,0.0324,0.036,0.0018,0.8292,0.012,0.0006,No (reported postion),anchor,2021-02-19 01:00:00
2021-02-19 02:00:00+00:00,19.3625183333,69.2379533333,0.0,41.76,0.0324,0.036,0.0018,0.8292,0.012,0.0006,No (reported postion),anchor,2021-02-19 02:00:00
2021-02-19 03:00:00+00:00,19.3285716667,69.343355,10.9,1009.6648399999999,0.8267291999999999,0.8744586000000001,0.0459294,20.1872968,0.306196,0.015309799999999998,No (reported postion),cruise,2021-02-19 03:00:00
2021-02-19 04:00:00+00:00,18.9568,69.4545083333,10.9,1009.6648399999999,0.8267291999999999,0.8744586000000001,0.0459294,20.1872968,0.306196,0.015309799999999998,No (reported postion),cruise,2021-02-19 04:00:00
2021-02-19 05:00:00+00:00,18.6948183333,69.5529233333,9.9,976.4552323783539,0.799475114717798,0.845690398868787,0.044415284150988804,19.5231046475671,0.296101894339925,0.014805094716996299,No (reported postion),cruise,2021-02-19 05:00:00
2021-02-19 06:00:00+00:00,18.2020416667,69.51253,11.4,1009.6648399999999,0.8267291999999999,0.8744586000000001,0.0459294,20.1872968,0.306196,0.015309799999999998,No (reported postion),cruise,2021-02-19 06:00:00
2021-02-19 07:00:00+00:00,17.7986816667,69.6383133333,11.6,1009.6648399999999,0.8267291999999999,0.8744586000000001,0.0459294,20.1872968,0.306196,0.015309799999999998,No (reported postion),cruise,2021-02-19 07:00:00
2021-02-19 08:00:00+00:00,17.3605916667,69.6135316667,10.8,1009.6648399999999,0.8267291999999999,0.8744586000000001,0.0459294,20.1872968,0.306196,0.015309799999999998,No (reported postion),cruise,2021-02-19 08:00:00
2021-02-19 09:00:00+00:00,16.9063416667,69.53967,10.3,1009.6648399999999,0.8267291999999999,0.8744586000000001,0.0459294,20.1872968,0.306196,0.015309799999999998,No (reported postion),cruise,2021-02-19 09:00:00
2021-02-19 10:00:00+00:00,16.4555783333,69.4620766667,10.5,1009.6648399999999,0.8267291999999999,0.8744586000000001,0.0459294,20.1872968,0.306196,0.015309799999999998,No (reported postion),cruise,2021-02-19 10:00:00
2021-02-19 11:00:00+00:00,16.03236,69.3818166667,10.4,1009.6648399999999,0.8267291999999999,0.8744586000000001,0.0459294,20.1872968,0.306196,0.015309799999999998,No (reported postion),cruise,2021-02-19 11:00:00
2021-02-19 12:00:00+00:00,15.7093666667,69.2564616667,10.2,1009.6648399999999,0.8267291999999999,0.8744586000000001,0.0459294,20.1872968,0.306196,0.015309799999999998,No (reported postion),cruise,2021-02-19 12:00:00
2021-02-19 13:00:00+00:00,15.4661016667,69.1039866667,10.8,1009.6648399999999,0.8267291999999999,0.8744586000000001,0.0459294,20.1872968,0.306196,0.015309799999999998,No (reported postion),cruise,2021-02-19 13:00:00
2021-02-19 14:00:00+00:00,15.3828716667,68.92995,10.8,1009.6648399999999,0.8267291999999999,0.8744586000000001,0.0459294,20.1872968,0.306196,0.015309799999999998,No (reported postion),cruise,2021-02-19 14:00:00
2021-02-19 15:00:00+00:00,15.4171733333,68.7480283333,10.9,1009.6648399999999,0.8267291999999999,0.8744586000000001,0.0459294,20.1872968,0.306196,0.015309799999999998,No (reported postion),cruise,2021-02-19 15:00:00
2021-02-19 16:00:00+00:00,15.254465,68.60004,11.1,1009.6648399999999,0.8267291999999999,0.8744586000000001,0.0459294,20.1872968,0.306196,0.015309799999999998,No (reported postion),cruise,2021-02-19 16:00:00
2021-02-19 17:00:00+00:00,15.1884533333,68.45218,10.1,1009.6648399999999,0.8267291999999999,0.8744586000000001,0.0459294,20.1872968,0.306196,0.015309799999999998,No (reported postion),cruise,2021-02-19 17:00:00
2021-02-19 18:00:00+00:00,14.9676766667,68.3032166667,10.9,1009.6648399999999,0.8267291999999999,0.8744586000000001,0.0459294,20.1872968,0.306196,0.015309799999999998,No (reported postion),cruise,2021-02-19 18:00:00
2021-02-19 19:00:00+00:00,14.773825,68.130745,11.7,1009.6648399999999,0.8267291999999999,0.8744586000000001,0.0459294,20.1872968,0.306196,0.015309799999999998,No (reported postion),cruise,2021-02-19 19:00:00
2021-02-19 20:00:00+00:00,14.4951483333,67.9762183333,11.2,1009.6648399999999,0.8267291999999999,0.8744586000000001,0.0459294,20.1872968,0.306196,0.015309799999999998,No (reported postion),cruise,2021-02-19 20:00:00
2021-02-19 21:00:00+00:00,14.2121333333,67.8262816667,11.0,1009.6648399999999,0.8267291999999999,0.8744586000000001,0.0459294,20.1872968,0.306196,0.015309799999999998,No (reported postion),cruise,2021-02-19 21:00:00
2021-02-19 22:00:00+00:00,13.9469283333,67.6854366667,10.7,1009.6648399999999,0.8267291999999999,0.8744586000000001,0.0459294,20.1872968,0.306196,0.015309799999999998,No (reported postion),cruise,2021-02-19 22:00:00
2021-02-19 23:00:00+00:00,13.66753,67.535785,11.1,1009.6648399999999,0.8267291999999999,0.8744586000000001,0.0459294,20.1872968,0.306196,0.015309799999999998,No (reported postion),cruise,2021-02-19 23:00:00
2021-02-20 00:00:00+00:00,13.37803,67.3911033333,10.3,1009.6648399999999,0.8267291999999999,0.8744586000000001,0.0459294,20.1872968,0.306196,0.015309799999999998,No (reported postion),cruise,2021-02-20 00:00:00
2021-02-20 01:00:00+00:00,13.1217516667,67.252155,10.7,1009.6648399999999,0.8267291999999999,0.8744586000000001,0.0459294,20.1872968,0.306196,0.015309799999999998,No (reported postion),cruise,2021-02-20 01:00:00
2021-02-20 02:00:00+00:00,12.8669433333,67.10389,10.7,1009.6648399999999,0.8267291999999999,0.8744586000000001,0.0459294,20.1872968,0.306196,0.015309799999999998,No (reported postion),cruise,2021-02-20 02:00:00
2021-02-20 03:00:00+00:00,12.6119066667,66.9577716667,10.8,1009.6648399999999,0.8267291999999999,0.8744586000000001,0.0459294,20.1872968,0.306196,0.015309799999999998,No (reported postion),cruise,2021-02-20 03:00:00
2021-02-20 04:00:00+00:00,12.3456316667,66.8287033333,10.3,1009.6648399999999,0.8267291999999999,0.8744586000000001,0.0459294,20.1872968,0.306196,0.015309799999999998,No (reported postion),cruise,2021-02-20 04:00:00
2021-02-20 05:00:00+00:00,12.0974766667,66.6981633333,9.5,905.2164037284571,0.7410116383181871,0.7839789515580861,0.0411673132398993,18.0983280745691,0.27444875493266196,0.0137224377466331,No (reported postion),cruise,2021-02-20 05:00:00
2021-02-20 06:00:00+00:00,11.929575,66.56523,9.0,744.0103624179969,0.608714887090758,0.644332380818022,0.0338174937272643,14.8742072483599,0.225449958181762,0.011272497909088101,No (reported postion),cruise,2021-02-20 06:00:00
2021-02-20 07:00:00+00:00,11.771615,66.425505,9.4,878.2353738263851,0.7188691517724131,0.760606326870881,0.0399371750984674,17.5587074765277,0.26624783398978297,0.0133123916994891,No (reported postion),cruise,2021-02-20 07:00:00
2021-02-20 08:00:00+00:00,11.5933116667,66.286075,9.6,932.771476669019,0.7636252240140889,0.807848847570427,0.0424236235563382,18.6494295333804,0.282824157042255,0.0141412078521128,No (reported postion),cruise,2021-02-20 08:00:00
2021-02-20 09:00:00+00:00,11.4444,66.1496366667,8.9,751.729380352875,0.615049643450688,0.6510190680868371,0.034169424636149304,15.0285876070575,0.227796164240996,0.0113898082120498,No (reported postion),cruise,2021-02-20 09:00:00
2021-02-20 10:00:00+00:00,11.2895766667,66.0071383333,9.7,960.906635206371,0.786714867798541,0.832221249342905,0.043706381544363404,19.212132704127402,0.29137587696242295,0.0145687938481211,No (reported postion),cruise,2021-02-20 10:00:00
2021-02-20 11:00:00+00:00,11.1626666667,65.861995,9.4,878.2353738263851,0.7188691517724131,0.760606326870881,0.0399371750984674,17.5587074765277,0.26624783398978297,0.0133123916994891,No (reported postion),cruise,2021-02-20 11:00:00
2021-02-20 12:00:00+00:00,11.076965,65.7122916667,9.0,775.930833436997,0.634911018322155,0.671983852673386,0.0352728343512309,15.5126166687399,0.235152229008206,0.0117576114504103,No (reported postion),cruise,2021-02-20 12:00:00
2021-02-20 13:00:00+00:00,10.9972633333,65.571075,9.2,825.97127290451,0.675977640377562,0.715331953731871,0.037554313354309005,16.5134254580902,0.25036208902872703,0.012518104451436298,No (reported postion),cruise,2021-02-20 13:00:00
2021-02-20 14:00:00+00:00,10.936285,65.4195733333,9.5,905.2164037284571,0.7410116383181871,0.7839789515580861,0.0411673132398993,18.0983280745691,0.27444875493266196,0.0137224377466331,No (reported postion),cruise,2021-02-20 14:00:00
2021-02-20 15:00:00+00:00,10.8330483333,65.2670666667,10.2,1009.6648399999999,0.8267291999999999,0.8744586000000001,0.0459294,20.1872968,0.306196,0.015309799999999998,No (reported postion),cruise,2021-02-20 15:00:00
2021-02-20 16:00:00+00:00,10.6271483333,65.1280516667,10.2,1009.6648399999999,0.8267291999999999,0.8744586000000001,0.0459294,20.1872968,0.306196,0.015309799999999998,No (reported postion),cruise,2021-02-20 16:00:00
2021-02-20 17:00:00+00:00,10.4867816667,64.9747283333,9.9,1018.94137930464,0.8343421653867891,0.882494507908277,0.0463523425214883,20.3728275860929,0.309015616809922,0.015450780840496099,No (reported postion),cruise,2021-02-20 17:00:00
2021-02-20 18:00:00+00:00,10.2686166667,64.8402833333,9.3,851.822344404503,0.697192805438346,0.73772573907381,0.0387329336354637,17.0304468880901,0.258219557569758,0.0129109778784879,No (reported postion),cruise,2021-02-20 18:00:00
2021-02-20 19:00:00+00:00,10.0496383333,64.7092433333,9.5,905.2164037284571,0.7410116383181871,0.7839789515580861,0.0411673132398993,18.0983280745691,0.27444875493266196,0.0137224377466331,No (reported postion),cruise,2021-02-20 19:00:00
2021-02-20 20:00:00+00:00,9.8409816667,64.58055,9.5,905.2164037284571,0.7410116383181871,0.7839789515580861,0.0411673132398993,18.0983280745691,0.27444875493266196,0.0137224377466331,No (reported postion),cruise,2021-02-20 20:00:00
2021-02-20 21:00:00+00:00,9.5874366667,64.4623733333,9.9,1018.94137930464,0.8343421653867891,0.882494507908277,0.0463523425214883,20.3728275860929,0.309015616809922,0.015450780840496099,No (reported postion),cruise,2021-02-20 21:00:00
2021-02-20 22:00:00+00:00,9.3113216667,64.3558383333,9.4,878.2353738263851,0.7188691517724131,0.760606326870881,0.0399371750984674,17.5587074765277,0.26624783398978297,0.0133123916994891,No (reported postion),cruise,2021-02-20 22:00:00
2021-02-20 23:00:00+00:00,9.03393,64.2468983333,9.7,960.906635206371,0.786714867798541,0.832221249342905,0.043706381544363404,19.212132704127402,0.29137587696242295,0.0145687938481211,No (reported postion),cruise,2021-02-20 23:00:00
2021-02-21 00:00:00+00:00,8.7475533333,64.1313166667,10.1,1009.6648399999999,0.8267291999999999,0.8744586000000001,0.0459294,20.1872968,0.306196,0.015309799999999998,No (reported postion),cruise,2021-02-21 00:00:00
2021-02-21 01:00:00+00:00,8.4420933333,64.0279766667,9.7,960.906635206371,0.786714867798541,0.832221249342905,0.043706381544363404,19.212132704127402,0.29137587696242295,0.0145687938481211,No (reported postion),cruise,2021-02-21 01:00:00
2021-02-21 02:00:00+00:00,8.1814483333,63.9140583333,9.6,932.771476669019,0.7636252240140889,0.807848847570427,0.0424236235563382,18.6494295333804,0.282824157042255,0.0141412078521128,No (reported postion),cruise,2021-02-21 02:00:00
2021-02-21 03:00:00+00:00,7.93223,63.7905483333,10.4,1009.6648399999999,0.8267291999999999,0.8744586000000001,0.0459294,20.1872968,0.306196,0.015309799999999998,No (reported postion),cruise,2021-02-21 03:00:00
2021-02-21 04:00:00+00:00,7.67502,63.66009,10.1,1009.6648399999999,0.8267291999999999,0.8744586000000001,0.0459294,20.1872968,0.306196,0.015309799999999998,No (reported postion),cruise,2021-02-21 04:00:00
2021-02-21 05:00:00+00:00,7.43727,63.5317583333,9.9,1018.94137930464,0.8343421653867891,0.882494507908277,0.0463523425214883,20.3728275860929,0.309015616809922,0.015450780840496099,No (reported postion),cruise,2021-02-21 05:00:00
2021-02-21 06:00:00+00:00,7.238485,63.3928783333,10.2,1009.6648399999999,0.8267291999999999,0.8744586000000001,0.0459294,20.1872968,0.306196,0.015309799999999998,No (reported postion),cruise,2021-02-21 06:00:00
2021-02-21 07:00:00+00:00,7.0861983333,63.2389833333,9.7,960.906635206371,0.786714867798541,0.832221249342905,0.043706381544363404,19.212132704127402,0.29137587696242295,0.0145687938481211,No (reported postion),cruise,2021-02-21 07:00:00
2021-02-21 08:00:00+00:00,6.9614083333,63.087475,9.9,1018.94137930464,0.8343421653867891,0.882494507908277,0.0463523425214883,20.3728275860929,0.309015616809922,0.015450780840496099,No (reported postion),cruise,2021-02-21 08:00:00
2021-02-21 09:00:00+00:00,6.8034966667,62.9290366667,11.0,1009.6648399999999,0.8267291999999999,0.8744586000000001,0.0459294,20.1872968,0.306196,0.015309799999999998,No (reported postion),cruise,2021-02-21 09:00:00
2021-02-21 10:00:00+00:00,6.5812833333,62.78261,11.1,1009.6648399999999,0.8267291999999999,0.8744586000000001,0.0459294,20.1872968,0.306196,0.015309799999999998,No (reported postion),cruise,2021-02-21 10:00:00
2021-02-21 11:00:00+00:00,6.3517716667,62.629745,10.7,1009.6648399999999,0.8267291999999999,0.8744586000000001,0.0459294,20.1872968,0.306196,0.015309799999999998,No (reported postion),cruise,2021-02-21 11:00:00
2021-02-21 12:00:00+00:00,6.132215,62.4924016667,10.7,1009.6648399999999,0.8267291999999999,0.8744586000000001,0.0459294,20.1872968,0.306196,0.015309799999999998,No (reported postion),cruise,2021-02-21 12:00:00
2021-02-21 13:00:00+00:00,5.8107716667,62.394965,10.8,1009.6648399999999,0.8267291999999999,0.8744586000000001,0.0459294,20.1872968,0.306196,0.015309799999999998,No (reported postion),cruise,2021-02-21 13:00:00
2021-02-21 14:00:00+00:00,5.5471283333,62.2989116667,10.9,1009.6648399999999,0.8267291999999999,0.8744586000000001,0.0459294,20.1872968,0.306196,0.015309799999999998,No (reported postion),cruise,2021-02-21 14:00:00
2021-02-21 15:00:00+00:00,5.206045,62.25449,9.6,894.031847248627,0.731832822969998,0.774290202023887,0.040657379053888804,17.874636944972497,0.271049193692592,0.0135524596846296,No (reported postion),cruise,2021-02-21 15:00:00
2021-02-21 16:00:00+00:00,4.9956933333,62.17868,5.4,193.446078282287,0.18676017935838898,0.16739979425669302,0.00906156757734355,4.01460764392804,0.0617936062446415,0.00350462703093742,No (reported postion),cruise,2021-02-21 16:00:00
2021-02-21 17:00:00+00:00,4.8779283333,62.0912616667,4.5,129.54129530225,0.189445806732231,0.112041547602253,0.006882777129203209,3.0588449006771397,0.051488242263626,0.00396183684136275,No (reported postion),cruise,2021-02-21 17:00:00
2021-02-21 18:00:00+00:00,4.799615,62.0215616667,3.8,117.901209838621,0.196444732218706,0.101870652899718,0.00673121287576568,3.0121587148358797,0.052265309444008305,0.00455328666866265,No (reported postion),maneuver,2021-02-21 18:00:00
2021-02-21 19:00:00+00:00,4.73545,61.9468483333,6.1,270.35098757800097,0.219997467009302,0.23401954850981901,0.0122220815005168,5.40101975156003,0.0814805433367785,0.004074027166838931,No (reported postion),cruise,2021-02-21 19:00:00
2021-02-21 20:00:00+00:00,4.6551833333,61.8590533333,5.1,169.543556687393,0.191799305971144,0.146693962479961,0.00826685780803981,3.66599495846013,0.058219584333738,0.0037071989468059198,No (reported postion),cruise,2021-02-21 20:00:00
2021-02-21 21:00:00+00:00,4.6303583333,61.7490133333,6.5,318.332928851352,0.259374744042143,0.275584452044484,0.014409708002341301,6.3606585770270305,0.0960647200156084,0.004803236000780421,No (reported postion),cruise,2021-02-21 21:00:00
2021-02-21 22:00:00+00:00,4.8572266667,61.6514366667,10.6,1009.6648399999999,0.8267291999999999,0.8744586000000001,0.0459294,20.1872968,0.306196,0.015309799999999998,No (reported postion),cruise,2021-02-21 22:00:00
2021-02-21 23:00:00+00:00,4.9926066667,61.503295,11.0,1009.6648399999999,0.8267291999999999,0.8744586000000001,0.0459294,20.1872968,0.306196,0.015309799999999998,No (reported postion),cruise,2021-02-21 23:00:00
2021-02-22 00:00:00+00:00,4.8093633333,61.3587516667,10.4,1009.6648399999999,0.8267291999999999,0.8744586000000001,0.0459294,20.1872968,0.306196,0.015309799999999998,No (reported postion),cruise,2021-02-22 00:00:00
2021-02-22 01:00:00+00:00,4.7127816667,61.2016383333,10.7,1009.6648399999999,0.8267291999999999,0.8744586000000001,0.0459294,20.1872968,0.306196,0.015309799999999998,No (reported postion),cruise,2021-02-22 01:00:00
2021-02-22 02:00:00+00:00,4.7474566667,61.033785,9.8,948.4162731206029,0.776464418670404,0.821401330818759,0.0431369121483558,18.9623254624121,0.287579414322372,0.0143789707161186,No (reported postion),cruise,2021-02-22 02:00:00
2021-02-22 03:00:00+00:00,4.77041,60.85465,11.2,1009.6648399999999,0.8267291999999999,0.8744586000000001,0.0459294,20.1872968,0.306196,0.015309799999999998,No (reported postion),cruise,2021-02-22 03:00:00
2021-02-22 04:00:00+00:00,4.8213083333,60.6908683333,10.8,1009.6648399999999,0.8267291999999999,0.8744586000000001,0.0459294,20.1872968,0.306196,0.015309799999999998,No (reported postion),cruise,2021-02-22 04:00:00
2021-02-22 05:00:00+00:00,4.9506983333,60.5171233333,11.3,1009.6648399999999,0.8267291999999999,0.8744586000000001,0.0459294,20.1872968,0.306196,0.015309799999999998,No (reported postion),cruise,2021-02-22 05:00:00
2021-02-22 06:00:00+00:00,5.180635,60.385075,11.2,1009.6648399999999,0.8267291999999999,0.8744586000000001,0.0459294,20.1872968,0.306196,0.015309799999999998,No (reported postion),cruise,2021-02-22 06:00:00
2021-02-22 07:00:00+00:00,5.2695016667,60.3942833333,0.0,41.76,0.0324,0.036,0.0018,0.8292,0.012,0.0006,No (reported postion),anchor,2021-02-22 07:00:00
2021-02-22 08:00:00+00:00,5.2695233333,60.3942866667,0.2,41.7677064511651,0.0324613470990922,0.0360066758011612,0.00180162678733561,0.829913617377887,0.012017075996654499,0.000602480587168335,No (reported postion),anchor,2021-02-22 08:00:00
2021-02-22 09:00:00+00:00,5.2695066667,60.3942683333,0.1,41.760963306395595,0.0324076683873865,0.036000834475145196,0.00180020334841695,0.8292892021722359,0.0120021344995818,0.000600310073396042,No (reported postion),anchor,2021-02-22 09:00:00
2021-02-22 10:00:00+00:00,5.2695116667,60.3942966667,0.1,41.760963306395595,0.0324076683873865,0.036000834475145196,0.00180020334841695,0.8292892021722359,0.0120021344995818,0.000600310073396042,No (reported postion),anchor,2021-02-22 10:00:00
2021-02-22 11:00:00+00:00,5.26953,60.3942866667,0.0,41.76,0.0324,0.036,0.0018,0.8292,0.012,0.0006,No (reported postion),anchor,2021-02-22 11:00:00
2021-02-22 12:00:00+00:00,5.2694983333,60.394295,0.0,41.76,0.0324,0.036,0.0018,0.8292,0.012,0.0006,No (reported postion),anchor,2021-02-22 12:00:00
2021-02-22 13:00:00+00:00,5.2695366667,60.3942766667,0.0,41.76,0.0324,0.036,0.0018,0.8292,0.012,0.0006,No (reported postion),anchor,2021-02-22 13:00:00
2021-02-22 14:00:00+00:00,5.2481616667,60.40136,6.9,358.21482072369497,0.29210456411975,0.31013259545973604,0.0162280313399861,7.1582964144739,0.108186875599907,0.00540934377999537,No (reported postion),cruise,2021-02-22 14:00:00
2021-02-22 15:00:00+00:00,5.2343883333,60.3960716667,0.0,41.76,0.0324,0.036,0.0018,0.8292,0.012,0.0006,No (reported postion),anchor,2021-02-22 15:00:00
2021-02-22 16:00:00+00:00,5.1710666667,60.344585,9.0,744.0103624179969,0.608714887090758,0.644332380818022,0.0338174937272643,14.8742072483599,0.225449958181762,0.011272497909088101,No (reported postion),cruise,2021-02-22 16:00:00
2021-02-22 17:00:00+00:00,5.1828133333,60.1954033333,9.9,976.4552323783539,0.799475114717798,0.845690398868787,0.044415284150988804,19.5231046475671,0.296101894339925,0.014805094716996299,No (reported postion),cruise,2021-02-22 17:00:00
2021-02-22 18:00:00+00:00,5.1626083333,60.1147333333,0.0,41.76,0.0324,0.036,0.0018,0.8292,0.012,0.0006,No (reported postion),anchor,2021-02-22 18:00:00
2021-02-22 19:00:00+00:00,5.18018,60.0928833333,9.6,894.031847248627,0.731832822969998,0.774290202023887,0.040657379053888804,17.874636944972497,0.271049193692592,0.0135524596846296,No (reported postion),cruise,2021-02-22 19:00:00
2021-02-22 20:00:00+00:00,5.1727766667,59.9600733333,9.3,816.602242473872,0.668288770419288,0.70721592433147,0.037127153912182596,16.326044849477498,0.247514359414551,0.0123757179707275,No (reported postion),cruise,2021-02-22 20:00:00
2021-02-22 21:00:00+00:00,4.9566833333,59.870425,8.2,572.896320748541,0.468286950158377,0.49610289183384204,0.0260159416754654,11.4519264149708,0.173439611169769,0.00867198055848846,No (reported postion),cruise,2021-02-22 21:00:00
2021-02-22 22:00:00+00:00,4.8957833333,59.7415916667,8.2,597.038880782565,0.488099993347394,0.517016659644471,0.027116666297077402,11.9347776156513,0.18077777531384998,0.00903888876569248,No (reported postion),cruise,2021-02-22 22:00:00
2021-02-22 23:00:00+00:00,4.8300033333,59.597955,9.2,825.97127290451,0.675977640377562,0.715331953731871,0.037554313354309005,16.5134254580902,0.25036208902872703,0.012518104451436298,No (reported postion),cruise,2021-02-22 23:00:00
2021-02-23 00:00:00+00:00,4.76535,59.447465,9.5,905.2164037284571,0.7410116383181871,0.7839789515580861,0.0411673132398993,18.0983280745691,0.27444875493266196,0.0137224377466331,No (reported postion),cruise,2021-02-23 00:00:00
2021-02-23 01:00:00+00:00,4.6883333333,59.2946433333,9.3,851.822344404503,0.697192805438346,0.73772573907381,0.0387329336354637,17.0304468880901,0.258219557569758,0.0129109778784879,No (reported postion),cruise,2021-02-23 01:00:00
2021-02-23 02:00:00+00:00,4.7537133333,59.13692,9.5,905.2164037284571,0.7410116383181871,0.7839789515580861,0.0411673132398993,18.0983280745691,0.27444875493266196,0.0137224377466331,No (reported postion),cruise,2021-02-23 02:00:00
2021-02-23 03:00:00+00:00,4.9278583333,59.0301183333,8.7,704.933794692404,0.576645971328113,0.610481858624119,0.0320358872960063,14.0926758938481,0.213572581973375,0.0106786290986688,No (reported postion),cruise,2021-02-23 03:00:00
2021-02-23 04:00:00+00:00,5.068015,58.89514,9.2,825.97127290451,0.675977640377562,0.715331953731871,0.037554313354309005,16.5134254580902,0.25036208902872703,0.012518104451436298,No (reported postion),cruise,2021-02-23 04:00:00
2021-02-23 05:00:00+00:00,5.1884983333,58.7572266667,9.0,775.930833436997,0.634911018322155,0.671983852673386,0.0352728343512309,15.5126166687399,0.235152229008206,0.0117576114504103,No (reported postion),cruise,2021-02-23 05:00:00
2021-02-23 06:00:00+00:00,5.399835,58.6414233333,10.2,1009.6648399999999,0.8267291999999999,0.8744586000000001,0.0459294,20.1872968,0.306196,0.015309799999999998,No (reported postion),cruise,2021-02-23 06:00:00
2021-02-23 07:00:00+00:00,5.5912033333,58.51262,9.1,767.679763865147,0.6281396238406981,0.664836269609626,0.034896645768927696,15.3475952773029,0.232644305126185,0.0116322152563092,No (reported postion),cruise,2021-02-23 07:00:00
2021-02-23 08:00:00+00:00,5.7902983333,58.3965,9.1,767.679763865147,0.6281396238406981,0.664836269609626,0.034896645768927696,15.3475952773029,0.232644305126185,0.0116322152563092,No (reported postion),cruise,2021-02-23 08:00:00
2021-02-23 09:00:00+00:00,6.02087,58.2940733333,9.7,960.906635206371,0.786714867798541,0.832221249342905,0.043706381544363404,19.212132704127402,0.29137587696242295,0.0145687938481211,No (reported postion),cruise,2021-02-23 09:00:00
2021-02-23 10:00:00+00:00,6.22336,58.1838316667,9.2,825.97127290451,0.675977640377562,0.715331953731871,0.037554313354309005,16.5134254580902,0.25036208902872703,0.012518104451436298,No (reported postion),cruise,2021-02-23 10:00:00
2021-02-23 11:00:00+00:00,6.4362816667,58.09145,8.4,612.715553918514,0.500965348200604,0.530596756433971,0.0278314082333669,12.2483110783703,0.185542721555779,0.00927713607778897,No (reported postion),cruise,2021-02-23 11:00:00
2021-02-23 12:00:00+00:00,6.6435,58.004015,8.5,633.350540219414,0.517899835438425,0.5484720485183371,0.0287722130799125,12.6610108043883,0.19181475386608302,0.009590737693304159,No (reported postion),cruise,2021-02-23 12:00:00
2021-02-23 13:00:00+00:00,6.8854516667,57.9549716667,7.9,516.70762199754,0.42217464419251,0.447428791092094,0.0234541468995839,10.3281524399508,0.15636097933055898,0.00781804896652797,No (reported postion),cruise,2021-02-23 13:00:00
2021-02-23 14:00:00+00:00,7.1368666667,57.9086733333,9.0,775.930833436997,0.634911018322155,0.671983852673386,0.0352728343512309,15.5126166687399,0.235152229008206,0.0117576114504103,No (reported postion),cruise,2021-02-23 14:00:00
2021-02-23 15:00:00+00:00,7.43266,57.896095,9.7,920.943738023485,0.753918569198605,0.797602934154083,0.041884364955477996,18.4128747604697,0.279229099703187,0.0139614549851593,No (reported postion),cruise,2021-02-23 15:00:00
2021-02-23 16:00:00+00:00,7.70074,57.8858216667,8.9,751.729380352875,0.615049643450688,0.6510190680868371,0.034169424636149304,15.0285876070575,0.227796164240996,0.0113898082120498,No (reported postion),cruise,2021-02-23 16:00:00
2021-02-23 17:00:00+00:00,7.9862966667,57.875035,10.0,1009.6648399999999,0.8267291999999999,0.8744586000000001,0.0459294,20.1872968,0.306196,0.015309799999999998,No (reported postion),cruise,2021-02-23 17:00:00
2021-02-23 18:00:00+00:00,8.2996933333,57.864635,10.0,1009.6648399999999,0.8267291999999999,0.8744586000000001,0.0459294,20.1872968,0.306196,0.015309799999999998,No (reported postion),cruise,2021-02-23 18:00:00
2021-02-23 19:00:00+00:00,8.6086283333,57.854475,9.9,1018.94137930464,0.8343421653867891,0.882494507908277,0.0463523425214883,20.3728275860929,0.309015616809922,0.015450780840496099,No (reported postion),cruise,2021-02-23 19:00:00
2021-02-23 20:00:00+00:00,8.91945,57.84153,10.3,1009.6648399999999,0.8267291999999999,0.8744586000000001,0.0459294,20.1872968,0.306196,0.015309799999999998,No (reported postion),cruise,2021-02-23 20:00:00
2021-02-23 21:00:00+00:00,9.2451533333,57.8316333333,11.0,1009.6648399999999,0.8267291999999999,0.8744586000000001,0.0459294,20.1872968,0.306196,0.015309799999999998,No (reported postion),cruise,2021-02-23 21:00:00
2021-02-23 22:00:00+00:00,9.5805883333,57.82316,10.7,1009.6648399999999,0.8267291999999999,0.8744586000000001,0.0459294,20.1872968,0.306196,0.015309799999999998,No (reported postion),cruise,2021-02-23 22:00:00
2021-02-23 23:00:00+00:00,9.9060583333,57.809885,10.3,1009.6648399999999,0.8267291999999999,0.8744586000000001,0.0459294,20.1872968,0.306196,0.015309799999999998,No (reported postion),cruise,2021-02-23 23:00:00
2021-02-24 00:00:00+00:00,10.230225,57.80061,10.6,1009.6648399999999,0.8267291999999999,0.8744586000000001,0.0459294,20.1872968,0.306196,0.015309799999999998,No (reported postion),cruise,2021-02-24 00:00:00
2021-02-24 01:00:00+00:00,10.5716116667,57.8025383333,11.1,1009.6648399999999,0.8267291999999999,0.8744586000000001,0.0459294,20.1872968,0.306196,0.015309799999999998,No (reported postion),cruise,2021-02-24 01:00:00
2021-02-24 02:00:00+00:00,10.767925,57.7241466667,9.2,791.875130604314,0.6479960038394069,0.685795781830485,0.035999777991078195,15.8315026120863,0.239998519940521,0.0119999259970261,No (reported postion),cruise,2021-02-24 02:00:00
2021-02-24 03:00:00+00:00,10.75576,57.5743016667,8.6,682.327576999455,0.558093756200161,0.590898964877947,0.0310052086777867,13.640551539989099,0.206701391185245,0.0103350695592622,No (reported postion),cruise,2021-02-24 03:00:00
2021-02-24 04:00:00+00:00,10.7320916667,57.4315933333,9.2,825.97127290451,0.675977640377562,0.715331953731871,0.037554313354309005,16.5134254580902,0.25036208902872703,0.012518104451436298,No (reported postion),cruise,2021-02-24 04:00:00
2021-02-24 05:00:00+00:00,10.7179783333,57.28568,8.8,698.2263360462521,0.571141370007562,0.6046714461190931,0.031730076111531204,13.958526720924999,0.21153384074354198,0.0105766920371771,No (reported postion),cruise,2021-02-24 05:00:00
2021-02-24 06:00:00+00:00,10.7069616667,57.1415683333,8.8,728.065714957445,0.595629614098815,0.630520148215416,0.0330905341166008,14.5553142991489,0.220603560777339,0.011030178038866901,No (reported postion),cruise,2021-02-24 06:00:00
2021-02-24 07:00:00+00:00,10.696815,56.9946916667,8.8,728.065714957445,0.595629614098815,0.630520148215416,0.0330905341166008,14.5553142991489,0.220603560777339,0.011030178038866901,No (reported postion),cruise,2021-02-24 07:00:00
2021-02-24 08:00:00+00:00,10.662075,56.8448233333,9.2,825.97127290451,0.675977640377562,0.715331953731871,0.037554313354309005,16.5134254580902,0.25036208902872703,0.012518104451436298,No (reported postion),cruise,2021-02-24 08:00:00
2021-02-24 09:00:00+00:00,10.6192366667,56.6884916667,9.6,932.771476669019,0.7636252240140889,0.807848847570427,0.0424236235563382,18.6494295333804,0.282824157042255,0.0141412078521128,No (reported postion),cruise,2021-02-24 09:00:00
2021-02-24 10:00:00+00:00,10.4016383333,56.61155,7.1,386.537955368159,0.315348474010343,0.33466783367758396,0.0175193596672413,7.7247591073631705,0.116795731114942,0.00583978655574709,No (reported postion),cruise,2021-02-24 10:00:00
2021-02-24 11:00:00+00:00,10.26614,56.5778516667,5.6,210.932015975856,0.18650593674153199,0.182547187091547,0.009667270043861989,4.2803091259074595,0.06547686827200311,0.0034538136433617003,No (reported postion),cruise,2021-02-24 11:00:00
2021-02-24 12:00:00+00:00,10.217245,56.4828166667,6.1,260.412248987653,0.211841055400202,0.22541000292243502,0.0117689475222334,5.20224497975307,0.07845965014822291,0.00392298250741115,No (reported postion),cruise,2021-02-24 12:00:00
2021-02-24 13:00:00+00:00,10.0792166667,56.4641366667,5.1,169.543556687393,0.191799305971144,0.146693962479961,0.00826685780803981,3.66599495846013,0.058219584333738,0.0037071989468059198,No (reported postion),cruise,2021-02-24 13:00:00
2021-02-24 14:00:00+00:00,10.05667,56.459745,0.1,41.760963306395595,0.0324076683873865,0.036000834475145196,0.00180020334841695,0.8292892021722359,0.0120021344995818,0.000600310073396042,No (reported postion),anchor,2021-02-24 14:00:00
2021-02-24 15:00:00+00:00,10.056665,56.4597466667,0.0,41.76,0.0324,0.036,0.0018,0.8292,0.012,0.0006,No (reported postion),anchor,2021-02-24 15:00:00
2021-02-24 16:00:00+00:00,10.0566583333,56.4597316667,0.1,41.760963306395595,0.0324076683873865,0.036000834475145196,0.00180020334841695,0.8292892021722359,0.0120021344995818,0.000600310073396042,No (reported postion),anchor,2021-02-24 16:00:00
2021-02-24 17:00:00+00:00,10.0566666667,56.4597683333,0.1,41.760963306395595,0.0324076683873865,0.036000834475145196,0.00180020334841695,0.8292892021722359,0.0120021344995818,0.000600310073396042,No (reported postion),anchor,2021-02-24 17:00:00
2021-02-24 18:00:00+00:00,10.0566566667,56.459745,0.1,41.760963306395595,0.0324076683873865,0.036000834475145196,0.00180020334841695,0.8292892021722359,0.0120021344995818,0.000600310073396042,No (reported postion),anchor,2021-02-24 18:00:00
2021-02-24 19:00:00+00:00,10.0566616667,56.45975,0.0,41.76,0.0324,0.036,0.0018,0.8292,0.012,0.0006,No (reported postion),anchor,2021-02-24 19:00:00
2021-02-24 20:00:00+00:00,10.05666,56.4597416667,0.0,41.76,0.0324,0.036,0.0018,0.8292,0.012,0.0006,No (reported postion),anchor,2021-02-24 20:00:00
2021-02-24 21:00:00+00:00,10.05667,56.459765,0.0,41.76,0.0324,0.036,0.0018,0.8292,0.012,0.0006,No (reported postion),anchor,2021-02-24 21:00:00
2021-02-24 22:00:00+00:00,10.056615,56.45973,0.0,41.76,0.0324,0.036,0.0018,0.8292,0.012,0.0006,No (reported postion),anchor,2021-02-24 22:00:00
2021-02-24 23:00:00+00:00,10.1690716667,56.46764,8.2,572.896320748541,0.468286950158377,0.49610289183384204,0.0260159416754654,11.4519264149708,0.173439611169769,0.00867198055848846,No (reported postion),cruise,2021-02-24 23:00:00
2021-02-25 00:00:00+00:00,10.25817,56.571555,8.6,654.476812782087,0.5352375059305879,0.566772922926732,0.0297354169961438,13.0835362556417,0.198236113307625,0.00991180566538127,No (reported postion),cruise,2021-02-25 00:00:00
2021-02-25 01:00:00+00:00,10.4806583333,56.59791,11.0,1009.6648399999999,0.8267291999999999,0.8744586000000001,0.0459294,20.1872968,0.306196,0.015309799999999998,No (reported postion),cruise,2021-02-25 01:00:00
2021-02-25 02:00:00+00:00,10.8018633333,56.5531266667,11.2,1009.6648399999999,0.8267291999999999,0.8744586000000001,0.0459294,20.1872968,0.306196,0.015309799999999998,No (reported postion),cruise,2021-02-25 02:00:00
2021-02-25 03:00:00+00:00,10.9937783333,56.4390216667,9.6,894.031847248627,0.731832822969998,0.774290202023887,0.040657379053888804,17.874636944972497,0.271049193692592,0.0135524596846296,No (reported postion),cruise,2021-02-25 03:00:00
2021-02-25 04:00:00+00:00,10.9891416667,56.2756416667,10.5,1009.6648399999999,0.8267291999999999,0.8744586000000001,0.0459294,20.1872968,0.306196,0.015309799999999998,No (reported postion),cruise,2021-02-25 04:00:00
2021-02-25 05:00:00+00:00,10.9719633333,56.09366,11.2,1009.6648399999999,0.8267291999999999,0.8744586000000001,0.0459294,20.1872968,0.306196,0.015309799999999998,No (reported postion),cruise,2021-02-25 05:00:00
2021-02-25 06:00:00+00:00,10.9280383333,55.9111083333,11.5,1009.6648399999999,0.8267291999999999,0.8744586000000001,0.0459294,20.1872968,0.306196,0.015309799999999998,No (reported postion),cruise,2021-02-25 06:00:00
2021-02-25 07:00:00+00:00,10.7878966667,55.7439583333,11.7,1009.6648399999999,0.8267291999999999,0.8744586000000001,0.0459294,20.1872968,0.306196,0.015309799999999998,No (reported postion),cruise,2021-02-25 07:00:00
2021-02-25 08:00:00+00:00,10.838015,55.55466,11.5,1009.6648399999999,0.8267291999999999,0.8744586000000001,0.0459294,20.1872968,0.306196,0.015309799999999998,No (reported postion),cruise,2021-02-25 08:00:00
2021-02-25 09:00:00+00:00,10.98943,55.398045,9.8,948.4162731206029,0.776464418670404,0.821401330818759,0.0431369121483558,18.9623254624121,0.287579414322372,0.0143789707161186,No (reported postion),cruise,2021-02-25 09:00:00
2021-02-25 10:00:00+00:00,11.0404233333,55.2333083333,10.0,1005.06639563511,0.8229554006731931,0.870475145155037,0.045719744481844,20.095327912702302,0.304798296545627,0.0152399148272813,No (reported postion),cruise,2021-02-25 10:00:00
2021-02-25 11:00:00+00:00,11.015585,55.0674066667,10.1,1009.6648399999999,0.8267291999999999,0.8744586000000001,0.0459294,20.1872968,0.306196,0.015309799999999998,No (reported postion),cruise,2021-02-25 11:00:00
2021-02-25 12:00:00+00:00,10.89068,54.915255,10.2,1009.6648399999999,0.8267291999999999,0.8744586000000001,0.0459294,20.1872968,0.306196,0.015309799999999998,No (reported postion),cruise,2021-02-25 12:00:00
2021-02-25 13:00:00+00:00,10.8673883333,54.7491633333,8.6,654.476812782087,0.5352375059305879,0.566772922926732,0.0297354169961438,13.0835362556417,0.198236113307625,0.00991180566538127,No (reported postion),cruise,2021-02-25 13:00:00
2021-02-25 14:00:00+00:00,11.0252333333,54.6417233333,10.3,1009.6648399999999,0.8267291999999999,0.8744586000000001,0.0459294,20.1872968,0.306196,0.015309799999999998,No (reported postion),cruise,2021-02-25 14:00:00
2021-02-25 15:00:00+00:00,11.2647516667,54.5404266667,10.4,1009.6648399999999,0.8267291999999999,0.8744586000000001,0.0459294,20.1872968,0.306196,0.015309799999999998,No (reported postion),cruise,2021-02-25 15:00:00
2021-02-25 16:00:00+00:00,11.36888,54.4090233333,9.5,867.674820957655,0.710202436652179,0.7514581275773,0.039455690925120995,17.3474964191531,0.263037939500807,0.0131518969750403,No (reported postion),cruise,2021-02-25 16:00:00
2021-02-25 17:00:00+00:00,11.2647716667,54.2712533333,9.0,775.930833436997,0.634911018322155,0.671983852673386,0.0352728343512309,15.5126166687399,0.235152229008206,0.0117576114504103,No (reported postion),cruise,2021-02-25 17:00:00
2021-02-25 18:00:00+00:00,11.1299516667,54.143715,9.0,744.0103624179969,0.608714887090758,0.644332380818022,0.0338174937272643,14.8742072483599,0.225449958181762,0.011272497909088101,No (reported postion),cruise,2021-02-25 18:00:00
2021-02-25 19:00:00+00:00,10.9682666667,54.0361333333,5.9,239.602904229144,0.19476347763486002,0.207383670836796,0.0108201932019367,4.78605808458288,0.07213462134624431,0.00360673106731222,No (reported postion),cruise,2021-02-25 19:00:00
2021-02-25 20:00:00+00:00,10.961275,54.0343833333,0.6,41.968074181457204,0.034056371675490506,0.036180246631353497,0.0018439232580614,0.848467669202935,0.0124610519096726,0.0006669758535450329,No (reported postion),anchor,2021-02-25 20:00:00
2021-02-25 21:00:00+00:00,10.8820383333,53.9594383333,6.9,358.21482072369497,0.29210456411975,0.31013259545973604,0.0162280313399861,7.1582964144739,0.108186875599907,0.00540934377999537,No (reported postion),cruise,2021-02-25 21:00:00
2021-02-25 22:00:00+00:00,10.7824216667,53.8913316667,2.0,49.4664511650809,0.0937470990922398,0.0426758011612403,0.0034267873356075,1.54281737788649,0.029075996654541,0.00308058716833455,No (reported postion),anchor,2021-02-25 22:00:00
2021-02-25 23:00:00+00:00,10.77661,53.8896466667,0.0,41.76,0.0324,0.036,0.0018,0.8292,0.012,0.0006,No (reported postion),anchor,2021-02-25 23:00:00
2021-02-26 00:00:00+00:00,10.776565,53.8896383333,0.0,41.76,0.0324,0.036,0.0018,0.8292,0.012,0.0006,No (reported postion),anchor,2021-02-26 00:00:00
2021-02-26 01:00:00+00:00,10.7762666667,53.889675,0.0,41.76,0.0324,0.036,0.0018,0.8292,0.012,0.0006,No (reported postion),anchor,2021-02-26 01:00:00
2021-02-26 02:00:00+00:00,10.7762733333,53.8896766667,0.0,41.76,0.0324,0.036,0.0018,0.8292,0.012,0.0006,No (reported postion),anchor,2021-02-26 02:00:00
2021-02-26 03:00:00+00:00,10.77626,53.8896783333,0.0,41.76,0.0324,0.036,0.0018,0.8292,0.012,0.0006,No (reported postion),anchor,2021-02-26 03:00:00
2021-02-26 04:00:00+00:00,10.7762733333,53.8896816667,0.0,41.76,0.0324,0.036,0.0018,0.8292,0.012,0.0006,No (reported postion),anchor,2021-02-26 04:00:00
2021-02-26 05:00:00+00:00,10.7762633333,53.8896633333,0.0,41.76,0.0324,0.036,0.0018,0.8292,0.012,0.0006,No (reported postion),anchor,2021-02-26 05:00:00
2021-02-26 06:00:00+00:00,10.77624,53.88972,0.0,41.76,0.0324,0.036,0.0018,0.8292,0.012,0.0006,No (reported postion),anchor,2021-02-26 06:00:00
2021-02-26 07:00:00+00:00,10.776255,53.8897116667,0.0,41.76,0.0324,0.036,0.0018,0.8292,0.012,0.0006,No (reported postion),anchor,2021-02-26 07:00:00
2021-02-26 08:00:00+00:00,10.7763,53.8896416667,0.0,41.76,0.0324,0.036,0.0018,0.8292,0.012,0.0006,No (reported postion),anchor,2021-02-26 08:00:00
2021-02-26 09:00:00+00:00,10.7762916667,53.8896533333,0.0,41.76,0.0324,0.036,0.0018,0.8292,0.012,0.0006,No (reported postion),anchor,2021-02-26 09:00:00
2021-02-26 10:00:00+00:00,10.7762616667,53.88968,0.0,41.76,0.0324,0.036,0.0018,0.8292,0.012,0.0006,No (reported postion),anchor,2021-02-26 10:00:00
2021-02-26 11:00:00+00:00,10.7762933333,53.88967,0.0,41.76,0.0324,0.036,0.0018,0.8292,0.012,0.0006,No (reported postion),anchor,2021-02-26 11:00:00
2021-02-26 12:00:00+00:00,10.77629,53.88967,0.0,41.76,0.0324,0.036,0.0018,0.8292,0.012,0.0006,No (reported postion),anchor,2021-02-26 12:00:00
2021-02-26 13:00:00+00:00,10.776285,53.8896666667,0.0,41.76,0.0324,0.036,0.0018,0.8292,0.012,0.0006,No (reported postion),anchor,2021-02-26 13:00:00
2021-02-26 14:00:00+00:00,10.7762716667,53.8896766667,0.0,41.76,0.0324,0.036,0.0018,0.8292,0.012,0.0006,No (reported postion),anchor,2021-02-26 14:00:00
2021-02-26 15:00:00+00:00,10.77626,53.88967,0.0,41.76,0.0324,0.036,0.0018,0.8292,0.012,0.0006,No (reported postion),anchor,2021-02-26 15:00:00
2021-02-26 16:00:00+00:00,10.7762916667,53.8896383333,0.0,41.76,0.0324,0.036,0.0018,0.8292,0.012,0.0006,No (reported postion),anchor,2021-02-26 16:00:00
2021-02-26 17:00:00+00:00,10.7762783333,53.88968,0.0,41.76,0.0324,0.036,0.0018,0.8292,0.012,0.0006,No (reported postion),anchor,2021-02-26 17:00:00
2021-02-26 18:00:00+00:00,10.776245,53.889675,0.0,41.76,0.0324,0.036,0.0018,0.8292,0.012,0.0006,No (reported postion),anchor,2021-02-26 18:00:00
2021-02-26 19:00:00+00:00,10.7762716667,53.8896883333,0.0,41.76,0.0324,0.036,0.0018,0.8292,0.012,0.0006,No (reported postion),anchor,2021-02-26 19:00:00
2021-02-26 20:00:00+00:00,10.7762733333,53.8896666667,0.0,41.76,0.0324,0.036,0.0018,0.8292,0.012,0.0006,No (reported postion),anchor,2021-02-26 20:00:00
2021-02-26 21:00:00+00:00,10.7762916667,53.8896716667,0.0,41.76,0.0324,0.036,0.0018,0.8292,0.012,0.0006,No (reported postion),anchor,2021-02-26 21:00:00
2021-02-26 22:00:00+00:00,10.77628,53.8896683333,0.0,41.76,0.0324,0.036,0.0018,0.8292,0.012,0.0006,No (reported postion),anchor,2021-02-26 22:00:00
2021-02-26 23:00:00+00:00,10.7762933333,53.88967,0.0,41.76,0.0324,0.036,0.0018,0.8292,0.012,0.0006,No (reported postion),anchor,2021-02-26 23:00:00
2021-02-27 00:00:00+00:00,10.77628,53.8896716667,0.0,41.76,0.0324,0.036,0.0018,0.8292,0.012,0.0006,No (reported postion),anchor,2021-02-27 00:00:00
2021-02-27 01:00:00+00:00,10.7762716667,53.8896733333,0.1,41.760963306395595,0.0324076683873865,0.036000834475145196,0.00180020334841695,0.8292892021722359,0.0120021344995818,0.000600310073396042,No (reported postion),anchor,2021-02-27 01:00:00
2021-02-27 02:00:00+00:00,10.7762833333,53.8896766667,0.0,41.76,0.0324,0.036,0.0018,0.8292,0.012,0.0006,No (reported postion),anchor,2021-02-27 02:00:00
2021-02-27 03:00:00+00:00,10.7762633333,53.8898,0.0,41.76,0.0324,0.036,0.0018,0.8292,0.012,0.0006,No (reported postion),anchor,2021-02-27 03:00:00
2021-02-27 04:00:00+00:00,10.871515,53.9259633333,7.9,516.70762199754,0.42217464419251,0.447428791092094,0.0234541468995839,10.3281524399508,0.15636097933055898,0.00781804896652797,No (reported postion),cruise,2021-02-27 04:00:00
2021-02-27 05:00:00+00:00,10.9991766667,54.0226616667,8.4,612.715553918514,0.500965348200604,0.530596756433971,0.0278314082333669,12.2483110783703,0.185542721555779,0.00927713607778897,No (reported postion),cruise,2021-02-27 05:00:00
2021-02-27 06:00:00+00:00,11.1448166667,54.1288833333,8.2,572.896320748541,0.468286950158377,0.49610289183384204,0.0260159416754654,11.4519264149708,0.173439611169769,0.00867198055848846,No (reported postion),cruise,2021-02-27 06:00:00
2021-02-27 07:00:00+00:00,11.264265,54.2512083333,8.7,704.933794692404,0.576645971328113,0.610481858624119,0.0320358872960063,14.0926758938481,0.213572581973375,0.0106786290986688,No (reported postion),cruise,2021-02-27 07:00:00
2021-02-27 08:00:00+00:00,11.3811766667,54.3733333333,8.5,633.350540219414,0.517899835438425,0.5484720485183371,0.0287722130799125,12.6610108043883,0.19181475386608302,0.009590737693304159,No (reported postion),cruise,2021-02-27 08:00:00
2021-02-27 09:00:00+00:00,11.3636016667,54.5089633333,7.9,516.70762199754,0.42217464419251,0.447428791092094,0.0234541468995839,10.3281524399508,0.15636097933055898,0.00781804896652797,No (reported postion),cruise,2021-02-27 09:00:00
2021-02-27 10:00:00+00:00,11.2357766667,54.598535,7.5,448.154885658563,0.365915559659003,0.388044201862281,0.020328642203278,8.95709771317126,0.135524281355186,0.006776214067759321,No (reported postion),cruise,2021-02-27 10:00:00
2021-02-27 11:00:00+00:00,11.0349016667,54.6632583333,8.4,638.668079096628,0.522263773118814,0.55307842718097,0.0290146540621563,12.767361581932601,0.193431027081042,0.0096715513540521,No (reported postion),cruise,2021-02-27 11:00:00
2021-02-27 12:00:00+00:00,10.8872933333,54.74725,8.3,592.566074041014,0.48442930088472297,0.513142039822763,0.0269127389380402,11.8453214808203,0.179418259586934,0.00897091297934672,No (reported postion),cruise,2021-02-27 12:00:00
2021-02-27 13:00:00+00:00,10.8950783333,54.872715,7.4,432.114870864843,0.352752021682394,0.374149356220305,0.0195973345379108,8.636297417296861,0.13064889691940498,0.00653244484597026,No (reported postion),cruise,2021-02-27 13:00:00
2021-02-27 14:00:00+00:00,11.01019,54.9736416667,7.7,481.54115871848495,0.393314628735535,0.416965441443065,0.0218508127075297,9.6248231743697,0.145672084716865,0.00728360423584324,No (reported postion),cruise,2021-02-27 14:00:00
2021-02-27 15:00:00+00:00,11.0471833333,55.096005,7.8,498.898976661434,0.407559646500265,0.432001849083613,0.022642202583348103,9.97197953322868,0.15094801722232,0.00754740086111602,No (reported postion),cruise,2021-02-27 15:00:00
2021-02-27 16:00:00+00:00,11.1054683333,55.2248166667,8.3,592.566074041014,0.48442930088472297,0.513142039822763,0.0269127389380402,11.8453214808203,0.179418259586934,0.00897091297934672,No (reported postion),cruise,2021-02-27 16:00:00
2021-02-27 17:00:00+00:00,11.04033,55.3572333333,8.7,676.100151444908,0.552983103009499,0.585504386510027,0.0307212835005277,13.516003028898199,0.204808556670185,0.010240427833509199,No (reported postion),cruise,2021-02-27 17:00:00
2021-02-27 18:00:00+00:00,10.942285,55.4777633333,7.9,538.296150270156,0.439891673473988,0.466130099778098,0.0244384263041104,10.759923005403099,0.16292284202740298,0.00814614210137015,No (reported postion),cruise,2021-02-27 18:00:00
2021-02-27 19:00:00+00:00,10.8520716667,55.59729,7.5,448.154885658563,0.365915559659003,0.388044201862281,0.020328642203278,8.95709771317126,0.135524281355186,0.006776214067759321,No (reported postion),cruise,2021-02-27 19:00:00
2021-02-27 20:00:00+00:00,10.81623,55.7296983333,8.3,592.566074041014,0.48442930088472297,0.513142039822763,0.0269127389380402,11.8453214808203,0.179418259586934,0.00897091297934672,No (reported postion),cruise,2021-02-27 20:00:00
2021-02-27 21:00:00+00:00,10.8748166667,55.8580566667,8.3,617.602713770151,0.504976087288574,0.534830314360162,0.028054227071587397,12.346054275402999,0.18702818047725,0.00935140902386248,No (reported postion),cruise,2021-02-27 21:00:00
2021-02-27 22:00:00+00:00,10.9681266667,55.97048,8.1,553.70051420272,0.45253355268916196,0.47947430561633797,0.0251407529271757,11.0680102840544,0.167605019514505,0.00838025097572523,No (reported postion),cruise,2021-02-27 22:00:00
2021-02-27 23:00:00+00:00,10.9824516667,56.0994516667,8.0,557.3916415908669,0.455562745378523,0.482671786788441,0.025309041409918,11.1418328318173,0.168726942732786,0.00843634713663932,No (reported postion),cruise,2021-02-27 23:00:00
2021-02-28 00:00:00+00:00,11.0226683333,56.2347066667,8.6,682.327576999455,0.558093756200161,0.590898964877947,0.0310052086777867,13.640551539989099,0.206701391185245,0.0103350695592622,No (reported postion),cruise,2021-02-28 00:00:00
2021-02-28 01:00:00+00:00,11.051645,56.38155,9.2,791.875130604314,0.6479960038394069,0.685795781830485,0.035999777991078195,15.8315026120863,0.239998519940521,0.0119999259970261,No (reported postion),cruise,2021-02-28 01:00:00
2021-02-28 02:00:00+00:00,11.0764683333,56.5354033333,8.9,751.729380352875,0.615049643450688,0.6510190680868371,0.034169424636149304,15.0285876070575,0.227796164240996,0.0113898082120498,No (reported postion),cruise,2021-02-28 02:00:00
2021-02-28 03:00:00+00:00,11.04386,56.67605,8.7,704.933794692404,0.576645971328113,0.610481858624119,0.0320358872960063,14.0926758938481,0.213572581973375,0.0106786290986688,No (reported postion),cruise,2021-02-28 03:00:00
2021-02-28 04:00:00+00:00,10.9055216667,56.7956083333,8.8,728.065714957445,0.595629614098815,0.630520148215416,0.0330905341166008,14.5553142991489,0.220603560777339,0.011030178038866901,No (reported postion),cruise,2021-02-28 04:00:00
2021-02-28 05:00:00+00:00,10.6937233333,56.851325,8.2,597.038880782565,0.488099993347394,0.517016659644471,0.027116666297077402,11.9347776156513,0.18077777531384998,0.00903888876569248,No (reported postion),cruise,2021-02-28 05:00:00
2021-02-28 06:00:00+00:00,10.4930916667,56.915845,8.3,617.602713770151,0.504976087288574,0.534830314360162,0.028054227071587397,12.346054275402999,0.18702818047725,0.00935140902386248,No (reported postion),cruise,2021-02-28 06:00:00
2021-02-28 07:00:00+00:00,10.293875,56.9896183333,7.6,464.628388330319,0.379434847565916,0.40231456131957705,0.021079713753661997,9.286567766606389,0.14053142502441301,0.00702657125122066,No (reported postion),cruise,2021-02-28 07:00:00
2021-02-28 08:00:00+00:00,10.0863433333,57.045195,8.3,592.566074041014,0.48442930088472297,0.513142039822763,0.0269127389380402,11.8453214808203,0.179418259586934,0.00897091297934672,No (reported postion),cruise,2021-02-28 08:00:00
2021-02-28 09:00:00+00:00,10.0462683333,57.0564033333,0.1,41.760963306395595,0.0324076683873865,0.036000834475145196,0.00180020334841695,0.8292892021722359,0.0120021344995818,0.000600310073396042,No (reported postion),anchor,2021-02-28 09:00:00
2021-02-28 10:00:00+00:00,10.04624,57.0563716667,0.0,41.76,0.0324,0.036,0.0018,0.8292,0.012,0.0006,No (reported postion),anchor,2021-02-28 10:00:00
2021-02-28 11:00:00+00:00,10.04626,57.0563633333,0.0,41.76,0.0324,0.036,0.0018,0.8292,0.012,0.0006,No (reported postion),anchor,2021-02-28 11:00:00
2021-02-28 12:00:00+00:00,10.046235,57.0563866667,0.0,41.76,0.0324,0.036,0.0018,0.8292,0.012,0.0006,No (reported postion),anchor,2021-02-28 12:00:00
2021-02-28 13:00:00+00:00,10.0462533333,57.056365,0.0,41.76,0.0324,0.036,0.0018,0.8292,0.012,0.0006,No (reported postion),anchor,2021-02-28 13:00:00
2021-02-28 14:00:00+00:00,10.0462466667,57.0563766667,0.0,41.76,0.0324,0.036,0.0018,0.8292,0.012,0.0006,No (reported postion),anchor,2021-02-28 14:00:00
2021-02-28 15:00:00+00:00,10.04625,57.0563783333,0.0,41.76,0.0324,0.036,0.0018,0.8292,0.012,0.0006,No (reported postion),anchor,2021-02-28 15:00:00
2021-02-28 16:00:00+00:00,10.0462383333,57.0563683333,0.0,41.76,0.0324,0.036,0.0018,0.8292,0.012,0.0006,No (reported postion),anchor,2021-02-28 16:00:00
2021-02-28 17:00:00+00:00,10.0462466667,57.0563733333,0.0,41.76,0.0324,0.036,0.0018,0.8292,0.012,0.0006,No (reported postion),anchor,2021-02-28 17:00:00
2021-02-28 18:00:00+00:00,10.0462283333,57.05637,0.0,41.76,0.0324,0.036,0.0018,0.8292,0.012,0.0006,No (reported postion),anchor,2021-02-28 18:00:00
2021-02-28 19:00:00+00:00,10.0462566667,57.056375,0.0,41.76,0.0324,0.036,0.0018,0.8292,0.012,0.0006,No (reported postion),anchor,2021-02-28 19:00:00
2021-02-28 20:00:00+00:00,10.046245,57.0563683333,0.0,41.76,0.0324,0.036,0.0018,0.8292,0.012,0.0006,No (reported postion),anchor,2021-02-28 20:00:00
2021-02-28 21:00:00+00:00,10.0462466667,57.056365,0.0,41.76,0.0324,0.036,0.0018,0.8292,0.012,0.0006,No (reported postion),anchor,2021-02-28 21:00:00
2021-02-28 22:00:00+00:00,10.0462516667,57.0563716667,0.0,41.76,0.0324,0.036,0.0018,0.8292,0.012,0.0006,No (reported postion),anchor,2021-02-28 22:00:00
2021-02-28 23:00:00+00:00,10.04625,57.0563983333,0.0,41.76,0.0324,0.036,0.0018,0.8292,0.012,0.0006,No (reported postion),anchor,2021-02-28 23:00:00
2021-03-01 00:00:00+00:00,10.0462683333,57.056365,0.0,41.76,0.0324,0.036,0.0018,0.8292,0.012,0.0006,No (reported postion),anchor,2021-03-01 00:00:00
2021-03-01 01:00:00+00:00,10.046255,57.0563766667,0.0,41.76,0.0324,0.036,0.0018,0.8292,0.012,0.0006,No (reported postion),anchor,2021-03-01 01:00:00
2021-03-01 02:00:00+00:00,10.04626,57.0563816667,0.0,41.76,0.0324,0.036,0.0018,0.8292,0.012,0.0006,No (reported postion),anchor,2021-03-01 02:00:00
2021-03-01 03:00:00+00:00,10.0462416667,57.056375,0.0,41.76,0.0324,0.036,0.0018,0.8292,0.012,0.0006,No (reported postion),anchor,2021-03-01 03:00:00
2021-03-01 04:00:00+00:00,10.0462733333,57.056355,0.0,41.76,0.0324,0.036,0.0018,0.8292,0.012,0.0006,No (reported postion),anchor,2021-03-01 04:00:00
2021-03-01 05:00:00+00:00,10.046225,57.0563866667,0.0,41.76,0.0324,0.036,0.0018,0.8292,0.012,0.0006,No (reported postion),anchor,2021-03-01 05:00:00
2021-03-01 06:00:00+00:00,10.0462616667,57.0563866667,0.0,41.76,0.0324,0.036,0.0018,0.8292,0.012,0.0006,No (reported postion),anchor,2021-03-01 06:00:00
2021-03-01 07:00:00+00:00,10.046255,57.056395,0.0,41.76,0.0324,0.036,0.0018,0.8292,0.012,0.0006,No (reported postion),anchor,2021-03-01 07:00:00
2021-03-01 08:00:00+00:00,10.04625,57.0563733333,0.0,41.76,0.0324,0.036,0.0018,0.8292,0.012,0.0006,No (reported postion),anchor,2021-03-01 08:00:00
2021-03-01 09:00:00+00:00,10.04624,57.05636,0.0,41.76,0.0324,0.036,0.0018,0.8292,0.012,0.0006,No (reported postion),anchor,2021-03-01 09:00:00
2021-03-01 10:00:00+00:00,10.04624,57.0563733333,0.0,41.76,0.0324,0.036,0.0018,0.8292,0.012,0.0006,No (reported postion),anchor,2021-03-01 10:00:00
2021-03-01 11:00:00+00:00,10.164435,57.0054866667,10.0,1005.06639563511,0.8229554006731931,0.870475145155037,0.045719744481844,20.095327912702302,0.304798296545627,0.0152399148272813,No (reported postion),cruise,2021-03-01 11:00:00
2021-03-01 12:00:00+00:00,10.433255,56.9476883333,9.3,816.602242473872,0.668288770419288,0.70721592433147,0.037127153912182596,16.326044849477498,0.247514359414551,0.0123757179707275,No (reported postion),cruise,2021-03-01 12:00:00
2021-03-01 13:00:00+00:00,10.6457633333,56.8498466667,9.6,932.771476669019,0.7636252240140889,0.807848847570427,0.0424236235563382,18.6494295333804,0.282824157042255,0.0141412078521128,No (reported postion),cruise,2021-03-01 13:00:00
2021-03-01 14:00:00+00:00,10.846395,56.9217433333,9.9,1018.94137930464,0.8343421653867891,0.882494507908277,0.0463523425214883,20.3728275860929,0.309015616809922,0.015450780840496099,No (reported postion),cruise,2021-03-01 14:00:00
2021-03-01 15:00:00+00:00,10.7916683333,57.0734316667,9.7,960.906635206371,0.786714867798541,0.832221249342905,0.043706381544363404,19.212132704127402,0.29137587696242295,0.0145687938481211,No (reported postion),cruise,2021-03-01 15:00:00
2021-03-01 16:00:00+00:00,10.73386,57.232385,9.9,976.4552323783539,0.799475114717798,0.845690398868787,0.044415284150988804,19.5231046475671,0.296101894339925,0.014805094716996299,No (reported postion),cruise,2021-03-01 16:00:00
2021-03-01 17:00:00+00:00,10.7454666667,57.4017116667,10.2,1009.6648399999999,0.8267291999999999,0.8744586000000001,0.0459294,20.1872968,0.306196,0.015309799999999998,No (reported postion),cruise,2021-03-01 17:00:00
2021-03-01 18:00:00+00:00,10.7769966667,57.5748683333,10.5,1009.6648399999999,0.8267291999999999,0.8744586000000001,0.0459294,20.1872968,0.306196,0.015309799999999998,No (reported postion),cruise,2021-03-01 18:00:00
2021-03-01 19:00:00+00:00,10.7916883333,57.7364866667,9.2,791.875130604314,0.6479960038394069,0.685795781830485,0.035999777991078195,15.8315026120863,0.239998519940521,0.0119999259970261,No (reported postion),cruise,2021-03-01 19:00:00
2021-03-01 20:00:00+00:00,10.65317,57.8414383333,7.7,501.53121138750697,0.409719839132605,0.43428205241774903,0.0227622132851447,10.0246242277501,0.15174808856763097,0.00758740442838157,No (reported postion),cruise,2021-03-01 20:00:00
2021-03-01 21:00:00+00:00,10.4025466667,57.851855,8.0,557.3916415908669,0.455562745378523,0.482671786788441,0.025309041409918,11.1418328318173,0.168726942732786,0.00843634713663932,No (reported postion),cruise,2021-03-01 21:00:00
2021-03-01 22:00:00+00:00,10.1493316667,57.8572116667,8.3,617.602713770151,0.504976087288574,0.534830314360162,0.028054227071587397,12.346054275402999,0.18702818047725,0.00935140902386248,No (reported postion),cruise,2021-03-01 22:00:00
2021-03-01 23:00:00+00:00,9.906165,57.861935,7.8,519.678021055135,0.424612357704822,0.45000193313286796,0.023589575428045698,10.3875604211027,0.15726383618697098,0.00786319180934856,No (reported postion),cruise,2021-03-01 23:00:00
2021-03-02 00:00:00+00:00,9.6648033333,57.8662783333,7.8,519.678021055135,0.424612357704822,0.45000193313286796,0.023589575428045698,10.3875604211027,0.15726383618697098,0.00786319180934856,No (reported postion),cruise,2021-03-02 00:00:00
2021-03-02 01:00:00+00:00,9.4194033333,57.8699916667,8.3,617.602713770151,0.504976087288574,0.534830314360162,0.028054227071587397,12.346054275402999,0.18702818047725,0.00935140902386248,No (reported postion),cruise,2021-03-02 01:00:00
2021-03-02 02:00:00+00:00,9.0922683333,57.8812216667,8.5,660.241019320296,0.539968009776535,0.5717662325418981,0.029998222765363,13.198820386405899,0.19998815176908702,0.00999940758845435,No (reported postion),cruise,2021-03-02 02:00:00
2021-03-02 03:00:00+00:00,8.8860216667,57.8828033333,8.8,728.065714957445,0.595629614098815,0.630520148215416,0.0330905341166008,14.5553142991489,0.220603560777339,0.011030178038866901,No (reported postion),cruise,2021-03-02 03:00:00
2021-03-02 04:00:00+00:00,8.61388,57.8836766667,8.8,728.065714957445,0.595629614098815,0.630520148215416,0.0330905341166008,14.5553142991489,0.220603560777339,0.011030178038866901,No (reported postion),cruise,2021-03-02 04:00:00
2021-03-02 05:00:00+00:00,8.3298766667,57.8926733333,9.4,878.2353738263851,0.7188691517724131,0.760606326870881,0.0399371750984674,17.5587074765277,0.26624783398978297,0.0133123916994891,No (reported postion),cruise,2021-03-02 05:00:00
2021-03-02 06:00:00+00:00,8.0163883333,57.8954816667,10.4,1009.6648399999999,0.8267291999999999,0.8744586000000001,0.0459294,20.1872968,0.306196,0.015309799999999998,No (reported postion),cruise,2021-03-02 06:00:00
2021-03-02 07:00:00+00:00,7.692355,57.9013633333,10.2,1009.6648399999999,0.8267291999999999,0.8744586000000001,0.0459294,20.1872968,0.306196,0.015309799999999998,No (reported postion),cruise,2021-03-02 07:00:00
2021-03-02 08:00:00+00:00,7.3857216667,57.913795,9.7,920.943738023485,0.753918569198605,0.797602934154083,0.041884364955477996,18.4128747604697,0.279229099703187,0.0139614549851593,No (reported postion),cruise,2021-03-02 08:00:00
2021-03-02 09:00:00+00:00,7.0923133333,57.9350366667,9.2,791.875130604314,0.6479960038394069,0.685795781830485,0.035999777991078195,15.8315026120863,0.239998519940521,0.0119999259970261,No (reported postion),cruise,2021-03-02 09:00:00
2021-03-02 10:00:00+00:00,6.8077716667,57.9831916667,9.6,894.031847248627,0.731832822969998,0.774290202023887,0.040657379053888804,17.874636944972497,0.271049193692592,0.0135524596846296,No (reported postion),cruise,2021-03-02 10:00:00
2021-03-02 11:00:00+00:00,6.5349966667,58.0508516667,9.7,920.943738023485,0.753918569198605,0.797602934154083,0.041884364955477996,18.4128747604697,0.279229099703187,0.0139614549851593,No (reported postion),cruise,2021-03-02 11:00:00
2021-03-02 12:00:00+00:00,6.2997066667,58.1477783333,9.5,905.2164037284571,0.7410116383181871,0.7839789515580861,0.0411673132398993,18.0983280745691,0.27444875493266196,0.0137224377466331,No (reported postion),cruise,2021-03-02 12:00:00
2021-03-02 13:00:00+00:00,6.0975033333,58.2535116667,8.8,728.065714957445,0.595629614098815,0.630520148215416,0.0330905341166008,14.5553142991489,0.220603560777339,0.011030178038866901,No (reported postion),cruise,2021-03-02 13:00:00
2021-03-02 14:00:00+00:00,5.88236,58.3491283333,8.9,720.86114642449,0.5897170502571799,0.624279108604801,0.0327620583476211,14.411222928489801,0.218413722317474,0.0109206861158737,No (reported postion),cruise,2021-03-02 14:00:00
2021-03-02 15:00:00+00:00,5.6668683333,58.4415016667,8.8,698.2263360462521,0.571141370007562,0.6046714461190931,0.031730076111531204,13.958526720924999,0.21153384074354198,0.0105766920371771,No (reported postion),cruise,2021-03-02 15:00:00
2021-03-02 16:00:00+00:00,5.49539,58.558605,9.0,744.0103624179969,0.608714887090758,0.644332380818022,0.0338174937272643,14.8742072483599,0.225449958181762,0.011272497909088101,No (reported postion),cruise,2021-03-02 16:00:00
2021-03-02 17:00:00+00:00,5.3543133333,58.6867683333,9.2,825.97127290451,0.675977640377562,0.715331953731871,0.037554313354309005,16.5134254580902,0.25036208902872703,0.012518104451436298,No (reported postion),cruise,2021-03-02 17:00:00
2021-03-02 18:00:00+00:00,5.1937016667,58.8222533333,9.6,932.771476669019,0.7636252240140889,0.807848847570427,0.0424236235563382,18.6494295333804,0.282824157042255,0.0141412078521128,No (reported postion),cruise,2021-03-02 18:00:00
2021-03-02 19:00:00+00:00,5.025545,58.9502583333,9.0,775.930833436997,0.634911018322155,0.671983852673386,0.0352728343512309,15.5126166687399,0.235152229008206,0.0117576114504103,No (reported postion),cruise,2021-03-02 19:00:00
2021-03-02 20:00:00+00:00,4.87679,59.0814516667,9.4,878.2353738263851,0.7188691517724131,0.760606326870881,0.0399371750984674,17.5587074765277,0.26624783398978297,0.0133123916994891,No (reported postion),cruise,2021-03-02 20:00:00
2021-03-02 21:00:00+00:00,4.7377033333,59.207485,8.7,704.933794692404,0.576645971328113,0.610481858624119,0.0320358872960063,14.0926758938481,0.213572581973375,0.0106786290986688,No (reported postion),cruise,2021-03-02 21:00:00
2021-03-02 22:00:00+00:00,4.6652383333,59.353745,9.5,905.2164037284571,0.7410116383181871,0.7839789515580861,0.0411673132398993,18.0983280745691,0.27444875493266196,0.0137224377466331,No (reported postion),cruise,2021-03-02 22:00:00
2021-03-02 23:00:00+00:00,4.624755,59.5266633333,10.9,1009.6648399999999,0.8267291999999999,0.8744586000000001,0.0459294,20.1872968,0.306196,0.015309799999999998,No (reported postion),cruise,2021-03-02 23:00:00
2021-03-03 00:00:00+00:00,4.57928,59.6976216667,9.9,1018.94137930464,0.8343421653867891,0.882494507908277,0.0463523425214883,20.3728275860929,0.309015616809922,0.015450780840496099,No (reported postion),cruise,2021-03-03 00:00:00
2021-03-03 01:00:00+00:00,4.5377266667,59.8477066667,8.6,682.327576999455,0.558093756200161,0.590898964877947,0.0310052086777867,13.640551539989099,0.206701391185245,0.0103350695592622,No (reported postion),cruise,2021-03-03 01:00:00
2021-03-03 02:00:00+00:00,4.4961333333,59.99413,9.7,960.906635206371,0.786714867798541,0.832221249342905,0.043706381544363404,19.212132704127402,0.29137587696242295,0.0145687938481211,No (reported postion),cruise,2021-03-03 02:00:00
2021-03-03 03:00:00+00:00,4.4628266667,60.1500183333,9.2,825.97127290451,0.675977640377562,0.715331953731871,0.037554313354309005,16.5134254580902,0.25036208902872703,0.012518104451436298,No (reported postion),cruise,2021-03-03 03:00:00
2021-03-03 04:00:00+00:00,4.4209483333,60.3047966667,9.5,905.2164037284571,0.7410116383181871,0.7839789515580861,0.0411673132398993,18.0983280745691,0.27444875493266196,0.0137224377466331,No (reported postion),cruise,2021-03-03 04:00:00
2021-03-03 05:00:00+00:00,4.38888,60.4714866667,10.7,1009.6648399999999,0.8267291999999999,0.8744586000000001,0.0459294,20.1872968,0.306196,0.015309799999999998,No (reported postion),cruise,2021-03-03 05:00:00
2021-03-03 06:00:00+00:00,4.3281016667,60.63121,9.9,1018.94137930464,0.8343421653867891,0.882494507908277,0.0463523425214883,20.3728275860929,0.309015616809922,0.015450780840496099,No (reported postion),cruise,2021-03-03 06:00:00
2021-03-03 07:00:00+00:00,4.262005,60.7939,10.3,1009.6648399999999,0.8267291999999999,0.8744586000000001,0.0459294,20.1872968,0.306196,0.015309799999999998,No (reported postion),cruise,2021-03-03 07:00:00
2021-03-03 08:00:00+00:00,4.2380616667,60.96744,10.3,1009.6648399999999,0.8267291999999999,0.8744586000000001,0.0459294,20.1872968,0.306196,0.015309799999999998,No (reported postion),cruise,2021-03-03 08:00:00
2021-03-03 09:00:00+00:00,4.27627,61.1371783333,10.1,1009.6648399999999,0.8267291999999999,0.8744586000000001,0.0459294,20.1872968,0.306196,0.015309799999999998,No (reported postion),cruise,2021-03-03 09:00:00
2021-03-03 10:00:00+00:00,4.3399016667,61.3031483333,10.0,1009.6648399999999,0.8267291999999999,0.8744586000000001,0.0459294,20.1872968,0.306196,0.015309799999999998,No (reported postion),cruise,2021-03-03 10:00:00
2021-03-03 11:00:00+00:00,4.3898866667,61.4617866667,9.4,878.2353738263851,0.7188691517724131,0.760606326870881,0.0399371750984674,17.5587074765277,0.26624783398978297,0.0133123916994891,No (reported postion),cruise,2021-03-03 11:00:00
2021-03-03 12:00:00+00:00,4.44465,61.6133533333,9.1,800.6761167681079,0.655218697651639,0.693419736410063,0.036401038758424396,16.0075223353622,0.242673591722829,0.012133679586141501,No (reported postion),cruise,2021-03-03 12:00:00
2021-03-03 13:00:00+00:00,4.5369866667,61.7543583333,8.8,728.065714957445,0.595629614098815,0.630520148215416,0.0330905341166008,14.5553142991489,0.220603560777339,0.011030178038866901,No (reported postion),cruise,2021-03-03 13:00:00
2021-03-03 14:00:00+00:00,4.6581133333,61.8797633333,8.4,612.715553918514,0.500965348200604,0.530596756433971,0.0278314082333669,12.2483110783703,0.185542721555779,0.00927713607778897,No (reported postion),cruise,2021-03-03 14:00:00
2021-03-03 15:00:00+00:00,4.7620516667,62.0044,8.3,617.602713770151,0.504976087288574,0.534830314360162,0.028054227071587397,12.346054275402999,0.18702818047725,0.00935140902386248,No (reported postion),cruise,2021-03-03 15:00:00
2021-03-03 16:00:00+00:00,4.89218,62.122045,7.6,464.628388330319,0.379434847565916,0.40231456131957705,0.021079713753661997,9.286567766606389,0.14053142502441301,0.00702657125122066,No (reported postion),cruise,2021-03-03 16:00:00
2021-03-03 17:00:00+00:00,5.0390733333,62.225365,7.1,386.537955368159,0.315348474010343,0.33466783367758396,0.0175193596672413,7.7247591073631705,0.116795731114942,0.00583978655574709,No (reported postion),cruise,2021-03-03 17:00:00
2021-03-03 18:00:00+00:00,5.1959966667,62.320965,6.6,331.295223497672,0.27001249344793804,0.28681318752837803,0.015000694080441001,6.61990446995344,0.10000462720294,0.00500023136014699,No (reported postion),cruise,2021-03-03 18:00:00
2021-03-03 19:00:00+00:00,5.3578583333,62.4199566667,7.8,498.898976661434,0.407559646500265,0.432001849083613,0.022642202583348103,9.97197953322868,0.15094801722232,0.00754740086111602,No (reported postion),cruise,2021-03-03 19:00:00
2021-03-03 20:00:00+00:00,5.5394133333,62.5150816667,7.3,433.536317024911,0.35391855804476,0.375380700158358,0.0196621421135978,8.66472634049822,0.13108094742398502,0.00655404737119926,No (reported postion),cruise,2021-03-03 20:00:00
2021-03-03 21:00:00+00:00,5.724575,62.6050366667,7.1,402.209680612166,0.32820976828354,0.348243644299293,0.0182338760157522,8.03819361224332,0.121559173438348,0.00607795867191741,No (reported postion),cruise,2021-03-03 21:00:00
2021-03-03 22:00:00+00:00,5.88839,62.6868516667,7.5,466.627380461225,0.381075357825322,0.404046211037839,0.021170853212517902,9.326547609224502,0.141139021416786,0.00705695107083929,No (reported postion),cruise,2021-03-03 22:00:00
2021-03-03 23:00:00+00:00,6.0655916667,62.7768616667,7.7,481.54115871848495,0.393314628735535,0.416965441443065,0.0218508127075297,9.6248231743697,0.145672084716865,0.00728360423584324,No (reported postion),cruise,2021-03-03 23:00:00
2021-03-04 00:00:00+00:00,6.2423183333,62.8581033333,7.3,416.50256411078504,0.339939490303683,0.36062501754277704,0.018885527239093498,8.32405128221569,0.12590351492729002,0.00629517574636451,No (reported postion),cruise,2021-03-04 00:00:00
2021-03-04 01:00:00+00:00,6.45235,62.9269316667,7.9,516.70762199754,0.42217464419251,0.447428791092094,0.0234541468995839,10.3281524399508,0.15636097933055898,0.00781804896652797,No (reported postion),cruise,2021-03-04 01:00:00
2021-03-04 02:00:00+00:00,6.6496833333,62.9987283333,6.7,331.486921470404,0.270169813972672,0.286979248082264,0.015009434109592901,6.62373842940807,0.100062894063952,0.00500314470319762,No (reported postion),cruise,2021-03-04 02:00:00
2021-03-04 03:00:00+00:00,6.856625,63.0640816667,7.2,417.655466719743,0.34088564138094396,0.361623732568774,0.0189380911878302,8.347109334394851,0.126253941252201,0.00631269706261007,No (reported postion),cruise,2021-03-04 03:00:00
2021-03-04 04:00:00+00:00,7.0907233333,63.1467166667,7.2,417.655466719743,0.34088564138094396,0.361623732568774,0.0189380911878302,8.347109334394851,0.126253941252201,0.00631269706261007,No (reported postion),cruise,2021-03-04 04:00:00
2021-03-04 05:00:00+00:00,7.3057816667,63.1970266667,8.1,576.970537575571,0.471630532356851,0.499632228598899,0.026201696242047302,11.533410751511399,0.174677974946982,0.0087338987473491,No (reported postion),cruise,2021-03-04 05:00:00
2021-03-04 06:00:00+00:00,7.5868616667,63.2494266667,8.4,612.715553918514,0.500965348200604,0.530596756433971,0.0278314082333669,12.2483110783703,0.185542721555779,0.00927713607778897,No (reported postion),cruise,2021-03-04 06:00:00
2021-03-04 07:00:00+00:00,7.9276866667,63.22602,9.8,948.4162731206029,0.776464418670404,0.821401330818759,0.0431369121483558,18.9623254624121,0.287579414322372,0.0143789707161186,No (reported postion),cruise,2021-03-04 07:00:00
2021-03-04 08:00:00+00:00,8.2530966667,63.3038066667,9.6,894.031847248627,0.731832822969998,0.774290202023887,0.040657379053888804,17.874636944972497,0.271049193692592,0.0135524596846296,No (reported postion),cruise,2021-03-04 08:00:00
2021-03-04 09:00:00+00:00,8.5496066667,63.398075,10.4,1009.6648399999999,0.8267291999999999,0.8744586000000001,0.0459294,20.1872968,0.306196,0.015309799999999998,No (reported postion),cruise,2021-03-04 09:00:00
2021-03-04 10:00:00+00:00,8.91199,63.4631216667,10.7,1009.6648399999999,0.8267291999999999,0.8744586000000001,0.0459294,20.1872968,0.306196,0.015309799999999998,No (reported postion),cruise,2021-03-04 10:00:00
2021-03-04 11:00:00+00:00,9.27777,63.54395,10.8,1009.6648399999999,0.8267291999999999,0.8744586000000001,0.0459294,20.1872968,0.306196,0.015309799999999998,No (reported postion),cruise,2021-03-04 11:00:00
2021-03-04 12:00:00+00:00,9.6310333333,63.636125,11.1,1009.6648399999999,0.8267291999999999,0.8744586000000001,0.0459294,20.1872968,0.306196,0.015309799999999998,No (reported postion),cruise,2021-03-04 12:00:00
2021-03-04 13:00:00+00:00,9.8695466667,63.5380916667,11.1,1009.6648399999999,0.8267291999999999,0.8744586000000001,0.0459294,20.1872968,0.306196,0.015309799999999998,No (reported postion),cruise,2021-03-04 13:00:00
2021-03-04 14:00:00+00:00,10.1983516667,63.4685133333,10.5,1009.6648399999999,0.8267291999999999,0.8744586000000001,0.0459294,20.1872968,0.306196,0.015309799999999998,No (reported postion),cruise,2021-03-04 14:00:00
2021-03-04 15:00:00+00:00,10.3672766667,63.4328583333,0.0,41.76,0.0324,0.036,0.0018,0.8292,0.012,0.0006,No (reported postion),anchor,2021-03-04 15:00:00
2021-03-04 16:00:00+00:00,10.367275,63.4328533333,0.0,41.76,0.0324,0.036,0.0018,0.8292,0.012,0.0006,No (reported postion),anchor,2021-03-04 16:00:00
2021-03-04 17:00:00+00:00,10.367285,63.4328566667,0.0,41.76,0.0324,0.036,0.0018,0.8292,0.012,0.0006,No (reported postion),anchor,2021-03-04 17:00:00
2021-03-04 18:00:00+00:00,10.3672966667,63.43284,0.0,41.76,0.0324,0.036,0.0018,0.8292,0.012,0.0006,No (reported postion),anchor,2021-03-04 18:00:00
2021-03-04 19:00:00+00:00,10.36728,63.4328383333,0.0,41.76,0.0324,0.036,0.0018,0.8292,0.012,0.0006,No (reported postion),anchor,2021-03-04 19:00:00
2021-03-04 20:00:00+00:00,10.3673,63.4328416667,0.0,41.76,0.0324,0.036,0.0018,0.8292,0.012,0.0006,No (reported postion),anchor,2021-03-04 20:00:00
2021-03-04 21:00:00+00:00,10.367305,63.432845,0.0,41.76,0.0324,0.036,0.0018,0.8292,0.012,0.0006,No (reported postion),anchor,2021-03-04 21:00:00
2021-03-04 22:00:00+00:00,10.3672866667,63.4328766667,0.0,41.76,0.0324,0.036,0.0018,0.8292,0.012,0.0006,No (reported postion),anchor,2021-03-04 22:00:00
2021-03-04 23:00:00+00:00,10.3672916667,63.4328483333,0.0,41.76,0.0324,0.036,0.0018,0.8292,0.012,0.0006,No (reported postion),anchor,2021-03-04 23:00:00
2021-03-05 00:00:00+00:00,10.3672833333,63.4328333333,0.0,41.76,0.0324,0.036,0.0018,0.8292,0.012,0.0006,No (reported postion),anchor,2021-03-05 00:00:00
2021-03-05 01:00:00+00:00,10.367245,63.4328166667,0.0,41.76,0.0324,0.036,0.0018,0.8292,0.012,0.0006,No (reported postion),anchor,2021-03-05 01:00:00
2021-03-05 02:00:00+00:00,10.3672866667,63.4328533333,0.0,41.76,0.0324,0.036,0.0018,0.8292,0.012,0.0006,No (reported postion),anchor,2021-03-05 02:00:00
2021-03-05 03:00:00+00:00,10.3672716667,63.4328216667,0.0,41.76,0.0324,0.036,0.0018,0.8292,0.012,0.0006,No (reported postion),anchor,2021-03-05 03:00:00
2021-03-05 04:00:00+00:00,10.36729,63.43287,0.0,41.76,0.0324,0.036,0.0018,0.8292,0.012,0.0006,No (reported postion),anchor,2021-03-05 04:00:00
2021-03-05 05:00:00+00:00,10.3672733333,63.4328533333,0.0,41.76,0.0324,0.036,0.0018,0.8292,0.012,0.0006,No (reported postion),anchor,2021-03-05 05:00:00
2021-03-05 06:00:00+00:00,10.3673016667,63.4328383333,0.0,41.76,0.0324,0.036,0.0018,0.8292,0.012,0.0006,No (reported postion),anchor,2021-03-05 06:00:00
2021-03-05 07:00:00+00:00,10.36747,63.4327866667,0.0,41.76,0.0324,0.036,0.0018,0.8292,0.012,0.0006,No (reported postion),anchor,2021-03-05 07:00:00
2021-03-05 08:00:00+00:00,10.36744,63.4327933333,0.0,41.76,0.0324,0.036,0.0018,0.8292,0.012,0.0006,No (reported postion),anchor,2021-03-05 08:00:00
2021-03-05 09:00:00+00:00,10.367445,63.4327816667,0.1,41.760963306395595,0.0324076683873865,0.036000834475145196,0.00180020334841695,0.8292892021722359,0.0120021344995818,0.000600310073396042,No (reported postion),anchor,2021-03-05 09:00:00
2021-03-05 10:00:00+00:00,10.3674666667,63.4328016667,0.0,41.76,0.0324,0.036,0.0018,0.8292,0.012,0.0006,No (reported postion),anchor,2021-03-05 10:00:00
2021-03-05 11:00:00+00:00,10.3674633333,63.43278,0.0,41.76,0.0324,0.036,0.0018,0.8292,0.012,0.0006,No (reported postion),anchor,2021-03-05 11:00:00
2021-03-05 12:00:00+00:00,10.3674583333,63.4327866667,0.0,41.76,0.0324,0.036,0.0018,0.8292,0.012,0.0006,No (reported postion),anchor,2021-03-05 12:00:00
2021-03-05 13:00:00+00:00,10.3674783333,63.4328116667,0.0,41.76,0.0324,0.036,0.0018,0.8292,0.012,0.0006,No (reported postion),anchor,2021-03-05 13:00:00
2021-03-05 14:00:00+00:00,10.42809,63.4695683333,11.1,1009.6648399999999,0.8267291999999999,0.8744586000000001,0.0459294,20.1872968,0.306196,0.015309799999999998,No (reported postion),cruise,2021-03-05 14:00:00
2021-03-05 15:00:00+00:00,10.674655,63.6177283333,11.3,1009.6648399999999,0.8267291999999999,0.8744586000000001,0.0459294,20.1872968,0.306196,0.015309799999999998,No (reported postion),cruise,2021-03-05 15:00:00
2021-03-05 16:00:00+00:00,11.0118316667,63.7242783333,11.3,1009.6648399999999,0.8267291999999999,0.8744586000000001,0.0459294,20.1872968,0.306196,0.015309799999999998,No (reported postion),cruise,2021-03-05 16:00:00
2021-03-05 17:00:00+00:00,11.3944483333,63.7841733333,7.8,498.898976661434,0.407559646500265,0.432001849083613,0.022642202583348103,9.97197953322868,0.15094801722232,0.00754740086111602,No (reported postion),cruise,2021-03-05 17:00:00
2021-03-05 18:00:00+00:00,11.4377266667,63.7871083333,0.0,41.76,0.0324,0.036,0.0018,0.8292,0.012,0.0006,No (reported postion),anchor,2021-03-05 18:00:00
2021-03-05 19:00:00+00:00,11.437725,63.78711,0.0,41.76,0.0324,0.036,0.0018,0.8292,0.012,0.0006,No (reported postion),anchor,2021-03-05 19:00:00
2021-03-05 20:00:00+00:00,11.4377283333,63.7871033333,0.0,41.76,0.0324,0.036,0.0018,0.8292,0.012,0.0006,No (reported postion),anchor,2021-03-05 20:00:00
2021-03-05 21:00:00+00:00,11.4377333333,63.787095,0.0,41.76,0.0324,0.036,0.0018,0.8292,0.012,0.0006,No (reported postion),anchor,2021-03-05 21:00:00
2021-03-05 22:00:00+00:00,11.4377466667,63.7871166667,0.0,41.76,0.0324,0.036,0.0018,0.8292,0.012,0.0006,No (reported postion),anchor,2021-03-05 22:00:00
2021-03-05 23:00:00+00:00,11.4377183333,63.7871133333,0.0,41.76,0.0324,0.036,0.0018,0.8292,0.012,0.0006,No (reported postion),anchor,2021-03-05 23:00:00
2021-03-06 00:00:00+00:00,11.4377233333,63.7871,0.0,41.76,0.0324,0.036,0.0018,0.8292,0.012,0.0006,No (reported postion),anchor,2021-03-06 00:00:00
2021-03-06 01:00:00+00:00,11.43773,63.7871083333,0.0,41.76,0.0324,0.036,0.0018,0.8292,0.012,0.0006,No (reported postion),anchor,2021-03-06 01:00:00
2021-03-06 02:00:00+00:00,11.437715,63.787105,0.0,41.76,0.0324,0.036,0.0018,0.8292,0.012,0.0006,No (reported postion),anchor,2021-03-06 02:00:00
2021-03-06 03:00:00+00:00,11.4377233333,63.78713,0.0,41.76,0.0324,0.036,0.0018,0.8292,0.012,0.0006,No (reported postion),anchor,2021-03-06 03:00:00
2021-03-06 04:00:00+00:00,11.4377533333,63.7871,0.0,41.76,0.0324,0.036,0.0018,0.8292,0.012,0.0006,No (reported postion),anchor,2021-03-06 04:00:00
2021-03-06 05:00:00+00:00,11.43773,63.7871116667,0.0,41.76,0.0324,0.036,0.0018,0.8292,0.012,0.0006,No (reported postion),anchor,2021-03-06 05:00:00
2021-03-06 06:00:00+00:00,11.4377183333,63.7871033333,0.0,41.76,0.0324,0.036,0.0018,0.8292,0.012,0.0006,No (reported postion),anchor,2021-03-06 06:00:00
2021-03-06 07:00:00+00:00,11.4377366667,63.7870966667,0.0,41.76,0.0324,0.036,0.0018,0.8292,0.012,0.0006,No (reported postion),anchor,2021-03-06 07:00:00
2021-03-06 08:00:00+00:00,11.4377366667,63.787115,0.0,41.76,0.0324,0.036,0.0018,0.8292,0.012,0.0006,No (reported postion),anchor,2021-03-06 08:00:00
2021-03-06 09:00:00+00:00,11.437725,63.7871116667,0.0,41.76,0.0324,0.036,0.0018,0.8292,0.012,0.0006,No (reported postion),anchor,2021-03-06 09:00:00
2021-03-06 10:00:00+00:00,11.4377316667,63.7871,0.0,41.76,0.0324,0.036,0.0018,0.8292,0.012,0.0006,No (reported postion),anchor,2021-03-06 10:00:00
2021-03-06 11:00:00+00:00,11.4377333333,63.7871116667,0.0,41.76,0.0324,0.036,0.0018,0.8292,0.012,0.0006,No (reported postion),anchor,2021-03-06 11:00:00
2021-03-06 12:00:00+00:00,11.437725,63.7870933333,0.0,41.76,0.0324,0.036,0.0018,0.8292,0.012,0.0006,No (reported postion),anchor,2021-03-06 12:00:00
2021-03-06 13:00:00+00:00,11.4377566667,63.7871016667,0.0,41.76,0.0324,0.036,0.0018,0.8292,0.012,0.0006,No (reported postion),anchor,2021-03-06 13:00:00
2021-03-06 14:00:00+00:00,11.4377283333,63.7871266667,0.0,41.76,0.0324,0.036,0.0018,0.8292,0.012,0.0006,No (reported postion),anchor,2021-03-06 14:00:00
2021-03-06 15:00:00+00:00,11.4377166667,63.7871133333,0.0,41.76,0.0324,0.036,0.0018,0.8292,0.012,0.0006,No (reported postion),anchor,2021-03-06 15:00:00
2021-03-06 16:00:00+00:00,11.4377316667,63.7871,0.0,41.76,0.0324,0.036,0.0018,0.8292,0.012,0.0006,No (reported postion),anchor,2021-03-06 16:00:00
2021-03-06 17:00:00+00:00,11.43771,63.7871116667,0.0,41.76,0.0324,0.036,0.0018,0.8292,0.012,0.0006,No (reported postion),anchor,2021-03-06 17:00:00
2021-03-06 18:00:00+00:00,11.4377116667,63.7871066667,0.0,41.76,0.0324,0.036,0.0018,0.8292,0.012,0.0006,No (reported postion),anchor,2021-03-06 18:00:00
2021-03-06 19:00:00+00:00,11.4377283333,63.7871033333,0.0,41.76,0.0324,0.036,0.0018,0.8292,0.012,0.0006,No (reported postion),anchor,2021-03-06 19:00:00
2021-03-06 20:00:00+00:00,11.4377216667,63.7871166667,0.0,41.76,0.0324,0.036,0.0018,0.8292,0.012,0.0006,No (reported postion),anchor,2021-03-06 20:00:00
2021-03-06 21:00:00+00:00,11.4377283333,63.7870916667,0.0,41.76,0.0324,0.036,0.0018,0.8292,0.012,0.0006,No (reported postion),anchor,2021-03-06 21:00:00
2021-03-06 22:00:00+00:00,11.43773,63.787115,0.0,41.76,0.0324,0.036,0.0018,0.8292,0.012,0.0006,No (reported postion),anchor,2021-03-06 22:00:00
2021-03-06 23:00:00+00:00,11.4377,63.7871383333,0.0,41.76,0.0324,0.036,0.0018,0.8292,0.012,0.0006,No (reported postion),anchor,2021-03-06 23:00:00
2021-03-07 00:00:00+00:00,11.4377183333,63.7871033333,0.0,41.76,0.0324,0.036,0.0018,0.8292,0.012,0.0006,No (reported postion),anchor,2021-03-07 00:00:00
2021-03-07 01:00:00+00:00,11.4377116667,63.78711,0.0,41.76,0.0324,0.036,0.0018,0.8292,0.012,0.0006,No (reported postion),anchor,2021-03-07 01:00:00
2021-03-07 02:00:00+00:00,11.4377316667,63.7870966667,0.0,41.76,0.0324,0.036,0.0018,0.8292,0.012,0.0006,No (reported postion),anchor,2021-03-07 02:00:00
2021-03-07 03:00:00+00:00,11.4377266667,63.7871066667,0.0,41.76,0.0324,0.036,0.0018,0.8292,0.012,0.0006,No (reported postion),anchor,2021-03-07 03:00:00
2021-03-07 04:00:00+00:00,11.4377316667,63.7870933333,0.0,41.76,0.0324,0.036,0.0018,0.8292,0.012,0.0006,No (reported postion),anchor,2021-03-07 04:00:00
2021-03-07 05:00:00+00:00,11.4377,63.7871166667,0.0,41.76,0.0324,0.036,0.0018,0.8292,0.012,0.0006,No (reported postion),anchor,2021-03-07 05:00:00
2021-03-07 06:00:00+00:00,11.4377183333,63.7871166667,0.0,41.76,0.0324,0.036,0.0018,0.8292,0.012,0.0006,No (reported postion),anchor,2021-03-07 06:00:00
2021-03-07 07:00:00+00:00,11.43772,63.7871,0.0,41.76,0.0324,0.036,0.0018,0.8292,0.012,0.0006,No (reported postion),anchor,2021-03-07 07:00:00
2021-03-07 08:00:00+00:00,11.437775,63.787095,0.1,41.760963306395595,0.0324076683873865,0.036000834475145196,0.00180020334841695,0.8292892021722359,0.0120021344995818,0.000600310073396042,No (reported postion),anchor,2021-03-07 08:00:00
2021-03-07 09:00:00+00:00,11.438105,63.7871066667,0.0,41.76,0.0324,0.036,0.0018,0.8292,0.012,0.0006,No (reported postion),anchor,2021-03-07 09:00:00
2021-03-07 10:00:00+00:00,11.4380983333,63.7871016667,0.0,41.76,0.0324,0.036,0.0018,0.8292,0.012,0.0006,No (reported postion),anchor,2021-03-07 10:00:00
2021-03-07 11:00:00+00:00,11.4381333333,63.787115,0.0,41.76,0.0324,0.036,0.0018,0.8292,0.012,0.0006,No (reported postion),anchor,2021-03-07 11:00:00
2021-03-07 12:00:00+00:00,11.43811,63.7871083333,0.0,41.76,0.0324,0.036,0.0018,0.8292,0.012,0.0006,No (reported postion),anchor,2021-03-07 12:00:00
2021-03-07 13:00:00+00:00,11.43813,63.7871166667,0.0,41.76,0.0324,0.036,0.0018,0.8292,0.012,0.0006,No (reported postion),anchor,2021-03-07 13:00:00
2021-03-07 14:00:00+00:00,11.43812,63.78711,0.0,41.76,0.0324,0.036,0.0018,0.8292,0.012,0.0006,No (reported postion),anchor,2021-03-07 14:00:00
2021-03-07 15:00:00+00:00,11.438075,63.78713,0.0,41.76,0.0324,0.036,0.0018,0.8292,0.012,0.0006,No (reported postion),anchor,2021-03-07 15:00:00
2021-03-07 16:00:00+00:00,11.43808,63.7871166667,0.0,41.76,0.0324,0.036,0.0018,0.8292,0.012,0.0006,No (reported postion),anchor,2021-03-07 16:00:00
2021-03-07 17:00:00+00:00,11.4381016667,63.7871483333,0.0,41.76,0.0324,0.036,0.0018,0.8292,0.012,0.0006,No (reported postion),anchor,2021-03-07 17:00:00
2021-03-07 18:00:00+00:00,11.4380966667,63.7871133333,0.0,41.76,0.0324,0.036,0.0018,0.8292,0.012,0.0006,No (reported postion),anchor,2021-03-07 18:00:00
2021-03-07 19:00:00+00:00,11.4380983333,63.78711,0.0,41.76,0.0324,0.036,0.0018,0.8292,0.012,0.0006,No (reported postion),anchor,2021-03-07 19:00:00
2021-03-07 20:00:00+00:00,11.4381133333,63.78711,0.0,41.76,0.0324,0.036,0.0018,0.8292,0.012,0.0006,No (reported postion),anchor,2021-03-07 20:00:00
2021-03-07 21:00:00+00:00,11.410685,63.7842483333,8.9,720.86114642449,0.5897170502571799,0.624279108604801,0.0327620583476211,14.411222928489801,0.218413722317474,0.0109206861158737,No (reported postion),cruise,2021-03-07 21:00:00
2021-03-07 22:00:00+00:00,11.0496383333,63.7328166667,10.4,1009.6648399999999,0.8267291999999999,0.8744586000000001,0.0459294,20.1872968,0.306196,0.015309799999999998,No (reported postion),cruise,2021-03-07 22:00:00
2021-03-07 23:00:00+00:00,10.7241133333,63.6480916667,9.9,976.4552323783539,0.799475114717798,0.845690398868787,0.044415284150988804,19.5231046475671,0.296101894339925,0.014805094716996299,No (reported postion),cruise,2021-03-07 23:00:00
2021-03-08 00:00:00+00:00,10.4096566667,63.55748,10.1,1009.6648399999999,0.8267291999999999,0.8744586000000001,0.0459294,20.1872968,0.306196,0.015309799999999998,No (reported postion),cruise,2021-03-08 00:00:00
2021-03-08 01:00:00+00:00,10.0673133333,63.482955,10.4,1009.6648399999999,0.8267291999999999,0.8744586000000001,0.0459294,20.1872968,0.306196,0.015309799999999998,No (reported postion),cruise,2021-03-08 01:00:00
2021-03-08 02:00:00+00:00,9.825105,63.5926383333,10.4,1009.6648399999999,0.8267291999999999,0.8744586000000001,0.0459294,20.1872968,0.306196,0.015309799999999998,No (reported postion),cruise,2021-03-08 02:00:00
2021-03-08 03:00:00+00:00,9.5658866667,63.6214466667,9.3,816.602242473872,0.668288770419288,0.70721592433147,0.037127153912182596,16.326044849477498,0.247514359414551,0.0123757179707275,No (reported postion),cruise,2021-03-08 03:00:00
2021-03-08 04:00:00+00:00,9.2540383333,63.54241,9.6,894.031847248627,0.731832822969998,0.774290202023887,0.040657379053888804,17.874636944972497,0.271049193692592,0.0135524596846296,No (reported postion),cruise,2021-03-08 04:00:00
2021-03-08 05:00:00+00:00,8.9344166667,63.4714066667,10.0,1005.06639563511,0.8229554006731931,0.870475145155037,0.045719744481844,20.095327912702302,0.304798296545627,0.0152399148272813,No (reported postion),cruise,2021-03-08 05:00:00
2021-03-08 06:00:00+00:00,8.5913616667,63.4078533333,10.0,1005.06639563511,0.8229554006731931,0.870475145155037,0.045719744481844,20.095327912702302,0.304798296545627,0.0152399148272813,No (reported postion),cruise,2021-03-08 06:00:00
2021-03-08 07:00:00+00:00,8.2857983333,63.3244683333,9.8,948.4162731206029,0.776464418670404,0.821401330818759,0.0431369121483558,18.9623254624121,0.287579414322372,0.0143789707161186,No (reported postion),cruise,2021-03-08 07:00:00
2021-03-08 08:00:00+00:00,7.9722516667,63.2329966667,10.1,1009.6648399999999,0.8267291999999999,0.8744586000000001,0.0459294,20.1872968,0.306196,0.015309799999999998,No (reported postion),cruise,2021-03-08 08:00:00
2021-03-08 09:00:00+00:00,7.6724566667,63.1487483333,9.2,791.875130604314,0.6479960038394069,0.685795781830485,0.035999777991078195,15.8315026120863,0.239998519940521,0.0119999259970261,No (reported postion),cruise,2021-03-08 09:00:00
2021-03-08 10:00:00+00:00,7.3954566667,63.0702583333,8.7,676.100151444908,0.552983103009499,0.585504386510027,0.0307212835005277,13.516003028898199,0.204808556670185,0.010240427833509199,No (reported postion),cruise,2021-03-08 10:00:00
2021-03-08 11:00:00+00:00,7.103165,63.0182883333,8.5,633.350540219414,0.517899835438425,0.5484720485183371,0.0287722130799125,12.6610108043883,0.19181475386608302,0.009590737693304159,No (reported postion),cruise,2021-03-08 11:00:00
2021-03-08 12:00:00+00:00,6.8592,62.9604833333,7.5,448.154885658563,0.365915559659003,0.388044201862281,0.020328642203278,8.95709771317126,0.135524281355186,0.006776214067759321,No (reported postion),cruise,2021-03-08 12:00:00
2021-03-08 13:00:00+00:00,6.9763566667,62.8453283333,8.7,676.100151444908,0.552983103009499,0.585504386510027,0.0307212835005277,13.516003028898199,0.204808556670185,0.010240427833509199,No (reported postion),cruise,2021-03-08 13:00:00
2021-03-08 14:00:00+00:00,7.1373933333,62.8503433333,0.0,41.76,0.0324,0.036,0.0018,0.8292,0.012,0.0006,No (reported postion),anchor,2021-03-08 14:00:00
2021-03-08 15:00:00+00:00,7.1373883333,62.8503233333,0.0,41.76,0.0324,0.036,0.0018,0.8292,0.012,0.0006,No (reported postion),anchor,2021-03-08 15:00:00
2021-03-08 16:00:00+00:00,7.137405,62.8503416667,0.0,41.76,0.0324,0.036,0.0018,0.8292,0.012,0.0006,No (reported postion),anchor,2021-03-08 16:00:00
2021-03-08 17:00:00+00:00,7.1374016667,62.8503516667,0.0,41.76,0.0324,0.036,0.0018,0.8292,0.012,0.0006,No (reported postion),anchor,2021-03-08 17:00:00
2021-03-08 18:00:00+00:00,7.1373783333,62.850325,0.0,41.76,0.0324,0.036,0.0018,0.8292,0.012,0.0006,No (reported postion),anchor,2021-03-08 18:00:00
2021-03-08 19:00:00+00:00,7.1374016667,62.8503366667,0.0,41.76,0.0324,0.036,0.0018,0.8292,0.012,0.0006,No (reported postion),anchor,2021-03-08 19:00:00
2021-03-08 20:00:00+00:00,7.1374016667,62.850335,0.0,41.76,0.0324,0.036,0.0018,0.8292,0.012,0.0006,No (reported postion),anchor,2021-03-08 20:00:00
2021-03-08 21:00:00+00:00,7.1374033333,62.8503233333,0.0,41.76,0.0324,0.036,0.0018,0.8292,0.012,0.0006,No (reported postion),anchor,2021-03-08 21:00:00
2021-03-08 22:00:00+00:00,7.1374016667,62.85034,0.0,41.76,0.0324,0.036,0.0018,0.8292,0.012,0.0006,No (reported postion),anchor,2021-03-08 22:00:00
2021-03-08 23:00:00+00:00,7.1374166667,62.8503366667,0.0,41.76,0.0324,0.036,0.0018,0.8292,0.012,0.0006,No (reported postion),anchor,2021-03-08 23:00:00
2021-03-09 00:00:00+00:00,7.1373933333,62.8503233333,0.0,41.76,0.0324,0.036,0.0018,0.8292,0.012,0.0006,No (reported postion),anchor,2021-03-09 00:00:00
2021-03-09 01:00:00+00:00,7.137395,62.8503333333,0.0,41.76,0.0324,0.036,0.0018,0.8292,0.012,0.0006,No (reported postion),anchor,2021-03-09 01:00:00
2021-03-09 02:00:00+00:00,7.1373966667,62.8503383333,0.0,41.76,0.0324,0.036,0.0018,0.8292,0.012,0.0006,No (reported postion),anchor,2021-03-09 02:00:00
2021-03-09 03:00:00+00:00,7.1373916667,62.8503333333,0.0,41.76,0.0324,0.036,0.0018,0.8292,0.012,0.0006,No (reported postion),anchor,2021-03-09 03:00:00
2021-03-09 04:00:00+00:00,7.1374066667,62.85033,0.0,41.76,0.0324,0.036,0.0018,0.8292,0.012,0.0006,No (reported postion),anchor,2021-03-09 04:00:00
2021-03-09 05:00:00+00:00,7.1374116667,62.85034,0.0,41.76,0.0324,0.036,0.0018,0.8292,0.012,0.0006,No (reported postion),anchor,2021-03-09 05:00:00
2021-03-09 06:00:00+00:00,7.1373783333,62.850345,0.0,41.76,0.0324,0.036,0.0018,0.8292,0.012,0.0006,No (reported postion),anchor,2021-03-09 06:00:00
2021-03-09 07:00:00+00:00,7.137385,62.8503333333,0.0,41.76,0.0324,0.036,0.0018,0.8292,0.012,0.0006,No (reported postion),anchor,2021-03-09 07:00:00
2021-03-09 08:00:00+00:00,7.1373966667,62.85034,0.1,41.760963306395595,0.0324076683873865,0.036000834475145196,0.00180020334841695,0.8292892021722359,0.0120021344995818,0.000600310073396042,No (reported postion),anchor,2021-03-09 08:00:00
2021-03-09 09:00:00+00:00,7.1373966667,62.8503316667,0.0,41.76,0.0324,0.036,0.0018,0.8292,0.012,0.0006,No (reported postion),anchor,2021-03-09 09:00:00
2021-03-09 10:00:00+00:00,7.1374133333,62.85035,0.0,41.76,0.0324,0.036,0.0018,0.8292,0.012,0.0006,No (reported postion),anchor,2021-03-09 10:00:00
2021-03-09 11:00:00+00:00,7.1374016667,62.8503483333,0.0,41.76,0.0324,0.036,0.0018,0.8292,0.012,0.0006,No (reported postion),anchor,2021-03-09 11:00:00
2021-03-09 12:00:00+00:00,7.1374183333,62.8503266667,0.1,41.760963306395595,0.0324076683873865,0.036000834475145196,0.00180020334841695,0.8292892021722359,0.0120021344995818,0.000600310073396042,No (reported postion),anchor,2021-03-09 12:00:00
2021-03-09 13:00:00+00:00,7.1374,62.8503466667,0.0,41.76,0.0324,0.036,0.0018,0.8292,0.012,0.0006,No (reported postion),anchor,2021-03-09 13:00:00
2021-03-09 14:00:00+00:00,7.1374183333,62.8503316667,0.0,41.76,0.0324,0.036,0.0018,0.8292,0.012,0.0006,No (reported postion),anchor,2021-03-09 14:00:00
2021-03-09 15:00:00+00:00,7.1373916667,62.8503316667,0.0,41.76,0.0324,0.036,0.0018,0.8292,0.012,0.0006,No (reported postion),anchor,2021-03-09 15:00:00
2021-03-09 16:00:00+00:00,7.1373933333,62.8503483333,0.0,41.76,0.0324,0.036,0.0018,0.8292,0.012,0.0006,No (reported postion),anchor,2021-03-09 16:00:00
2021-03-09 17:00:00+00:00,7.1373883333,62.8503366667,0.0,41.76,0.0324,0.036,0.0018,0.8292,0.012,0.0006,No (reported postion),anchor,2021-03-09 17:00:00
2021-03-09 18:00:00+00:00,7.1374133333,62.8501116667,1.8,47.378002899344,0.0771220352382428,0.0408666590465442,0.0029859279676578703,1.34942706847925,0.024448401561160397,0.00240834804571589,No (reported postion),anchor,2021-03-09 18:00:00
2021-03-09 19:00:00+00:00,6.9542516667,62.74379,10.0,1005.06639563511,0.8229554006731931,0.870475145155037,0.045719744481844,20.095327912702302,0.304798296545627,0.0152399148272813,No (reported postion),cruise,2021-03-09 19:00:00
2021-03-09 20:00:00+00:00,6.67328,62.6535416667,10.3,1009.6648399999999,0.8267291999999999,0.8744586000000001,0.0459294,20.1872968,0.306196,0.015309799999999998,No (reported postion),cruise,2021-03-09 20:00:00
2021-03-09 21:00:00+00:00,6.3187916667,62.618515,9.8,948.4162731206029,0.776464418670404,0.821401330818759,0.0431369121483558,18.9623254624121,0.287579414322372,0.0143789707161186,No (reported postion),cruise,2021-03-09 21:00:00
2021-03-09 22:00:00+00:00,6.1252716667,62.4888966667,9.6,894.031847248627,0.731832822969998,0.774290202023887,0.040657379053888804,17.874636944972497,0.271049193692592,0.0135524596846296,No (reported postion),cruise,2021-03-09 22:00:00
2021-03-09 23:00:00+00:00,6.1297883333,62.46235,0.9,42.462250362418004,0.037990254404780405,0.036608332380817996,0.00194824099595723,0.894228383559907,0.013556050195145,0.0008260435057144861,No (reported postion),anchor,2021-03-09 23:00:00
2021-03-10 00:00:00+00:00,6.12939,62.462295,0.0,41.76,0.0324,0.036,0.0018,0.8292,0.012,0.0006,No (reported postion),anchor,2021-03-10 00:00:00
2021-03-10 01:00:00+00:00,6.1724833333,62.4650183333,9.3,816.602242473872,0.668288770419288,0.70721592433147,0.037127153912182596,16.326044849477498,0.247514359414551,0.0123757179707275,No (reported postion),cruise,2021-03-10 01:00:00
2021-03-10 02:00:00+00:00,5.836875,62.4688966667,10.4,1009.6648399999999,0.8267291999999999,0.8744586000000001,0.0459294,20.1872968,0.306196,0.015309799999999998,No (reported postion),cruise,2021-03-10 02:00:00
2021-03-10 03:00:00+00:00,5.525215,62.4729083333,9.3,816.602242473872,0.668288770419288,0.70721592433147,0.037127153912182596,16.326044849477498,0.247514359414551,0.0123757179707275,No (reported postion),cruise,2021-03-10 03:00:00
2021-03-10 04:00:00+00:00,5.2905766667,62.372915,8.3,617.602713770151,0.504976087288574,0.534830314360162,0.028054227071587397,12.346054275402999,0.18702818047725,0.00935140902386248,No (reported postion),cruise,2021-03-10 04:00:00
2021-03-10 05:00:00+00:00,5.11391,62.2621766667,7.6,464.628388330319,0.379434847565916,0.40231456131957705,0.021079713753661997,9.286567766606389,0.14053142502441301,0.00702657125122066,No (reported postion),cruise,2021-03-10 05:00:00
2021-03-10 06:00:00+00:00,4.962845,62.1609233333,6.6,318.706735519512,0.25968151547193996,0.27590826633149196,0.0144267508595522,6.36813471039025,0.0961783390636816,0.00480891695318408,No (reported postion),cruise,2021-03-10 06:00:00
2021-03-10 07:00:00+00:00,5.0531183333,62.071805,9.8,948.4162731206029,0.776464418670404,0.821401330818759,0.0431369121483558,18.9623254624121,0.287579414322372,0.0143789707161186,No (reported postion),cruise,2021-03-10 07:00:00
2021-03-10 08:00:00+00:00,5.136145,61.94335,9.3,816.602242473872,0.668288770419288,0.70721592433147,0.037127153912182596,16.326044849477498,0.247514359414551,0.0123757179707275,No (reported postion),cruise,2021-03-10 08:00:00
2021-03-10 09:00:00+00:00,5.260105,61.8353566667,9.4,841.866879312195,0.689022666912743,0.729101703963451,0.038279037050707995,16.831337586243897,0.255193580338053,0.0127596790169027,No (reported postion),cruise,2021-03-10 09:00:00
2021-03-10 10:00:00+00:00,4.9837283333,61.74232,9.3,816.602242473872,0.668288770419288,0.70721592433147,0.037127153912182596,16.326044849477498,0.247514359414551,0.0123757179707275,No (reported postion),cruise,2021-03-10 10:00:00
2021-03-10 11:00:00+00:00,4.9614683333,61.6040516667,9.1,767.679763865147,0.6281396238406981,0.664836269609626,0.034896645768927696,15.3475952773029,0.232644305126185,0.0116322152563092,No (reported postion),cruise,2021-03-10 11:00:00
2021-03-10 12:00:00+00:00,4.9610783333,61.4722366667,9.5,867.674820957655,0.710202436652179,0.7514581275773,0.039455690925120995,17.3474964191531,0.263037939500807,0.0131518969750403,No (reported postion),cruise,2021-03-10 12:00:00
2021-03-10 13:00:00+00:00,4.805925,61.3431033333,9.0,744.0103624179969,0.608714887090758,0.644332380818022,0.0338174937272643,14.8742072483599,0.225449958181762,0.011272497909088101,No (reported postion),cruise,2021-03-10 13:00:00
2021-03-10 14:00:00+00:00,4.7005233333,61.2180283333,7.9,516.70762199754,0.42217464419251,0.447428791092094,0.0234541468995839,10.3281524399508,0.15636097933055898,0.00781804896652797,No (reported postion),cruise,2021-03-10 14:00:00
2021-03-10 15:00:00+00:00,4.7232283333,61.077675,8.0,534.9728745651779,0.437164365144675,0.46325127431937896,0.0242869091747041,10.6934574913036,0.161912727831361,0.00809563639156805,No (reported postion),cruise,2021-03-10 15:00:00
2021-03-10 16:00:00+00:00,4.7139466667,60.9635516667,5.9,239.602904229144,0.19476347763486002,0.207383670836796,0.0108201932019367,4.78605808458288,0.07213462134624431,0.00360673106731222,No (reported postion),cruise,2021-03-10 16:00:00
2021-03-10 17:00:00+00:00,4.6077833333,60.8968966667,4.6,135.524391325539,0.18399051594545401,0.117224472728811,0.00701546614363942,3.11705114834316,0.051329744689739894,0.0037064798341895997,No (reported postion),cruise,2021-03-10 17:00:00
2021-03-10 18:00:00+00:00,4.6225566667,60.8582533333,7.0,372.174093702844,0.303560502430905,0.32222497478817796,0.0168644723572725,7.43748187405687,0.11242981571515,0.0056214907857575,No (reported postion),cruise,2021-03-10 18:00:00
2021-03-10 19:00:00+00:00,4.9189166667,60.8371783333,9.5,867.674820957655,0.710202436652179,0.7514581275773,0.039455690925120995,17.3474964191531,0.263037939500807,0.0131518969750403,No (reported postion),cruise,2021-03-10 19:00:00
2021-03-10 20:00:00+00:00,4.959835,60.816815,0.1,41.760963306395595,0.0324076683873865,0.036000834475145196,0.00180020334841695,0.8292892021722359,0.0120021344995818,0.000600310073396042,No (reported postion),anchor,2021-03-10 20:00:00
2021-03-10 21:00:00+00:00,4.959395,60.8165366667,0.1,41.760963306395595,0.0324076683873865,0.036000834475145196,0.00180020334841695,0.8292892021722359,0.0120021344995818,0.000600310073396042,No (reported postion),anchor,2021-03-10 21:00:00
2021-03-10 22:00:00+00:00,4.95967,60.8166816667,0.0,41.76,0.0324,0.036,0.0018,0.8292,0.012,0.0006,No (reported postion),anchor,2021-03-10 22:00:00
2021-03-10 23:00:00+00:00,4.9595466667,60.8165683333,0.0,41.76,0.0324,0.036,0.0018,0.8292,0.012,0.0006,No (reported postion),anchor,2021-03-10 23:00:00
2021-03-11 00:00:00+00:00,4.9595466667,60.8165816667,0.0,41.76,0.0324,0.036,0.0018,0.8292,0.012,0.0006,No (reported postion),anchor,2021-03-11 00:00:00
2021-03-11 01:00:00+00:00,4.9593683333,60.8165283333,0.1,41.760963306395595,0.0324076683873865,0.036000834475145196,0.00180020334841695,0.8292892021722359,0.0120021344995818,0.000600310073396042,No (reported postion),anchor,2021-03-11 01:00:00
2021-03-11 02:00:00+00:00,4.9595716667,60.8166516667,0.2,41.7677064511651,0.0324613470990922,0.0360066758011612,0.00180162678733561,0.829913617377887,0.012017075996654499,0.000602480587168335,No (reported postion),anchor,2021-03-11 02:00:00
2021-03-11 03:00:00+00:00,4.9595916667,60.816605,0.1,41.760963306395595,0.0324076683873865,0.036000834475145196,0.00180020334841695,0.8292892021722359,0.0120021344995818,0.000600310073396042,No (reported postion),anchor,2021-03-11 03:00:00
2021-03-11 04:00:00+00:00,4.9594733333,60.8164883333,0.1,41.760963306395595,0.0324076683873865,0.036000834475145196,0.00180020334841695,0.8292892021722359,0.0120021344995818,0.000600310073396042,No (reported postion),anchor,2021-03-11 04:00:00
2021-03-11 05:00:00+00:00,4.9612316667,60.815875,0.1,41.760963306395595,0.0324076683873865,0.036000834475145196,0.00180020334841695,0.8292892021722359,0.0120021344995818,0.000600310073396042,No (reported postion),anchor,2021-03-11 05:00:00
2021-03-11 06:00:00+00:00,4.7383166667,60.82235,8.3,592.566074041014,0.48442930088472297,0.513142039822763,0.0269127389380402,11.8453214808203,0.179418259586934,0.00897091297934672,No (reported postion),cruise,2021-03-11 06:00:00
2021-03-11 07:00:00+00:00,4.8227083333,60.6901783333,8.9,720.86114642449,0.5897170502571799,0.624279108604801,0.0327620583476211,14.411222928489801,0.218413722317474,0.0109206861158737,No (reported postion),cruise,2021-03-11 07:00:00
2021-03-11 08:00:00+00:00,4.9301033333,60.5450383333,9.0,744.0103624179969,0.608714887090758,0.644332380818022,0.0338174937272643,14.8742072483599,0.225449958181762,0.011272497909088101,No (reported postion),cruise,2021-03-11 08:00:00
2021-03-11 09:00:00+00:00,5.0644333333,60.4161166667,8.9,720.86114642449,0.5897170502571799,0.624279108604801,0.0327620583476211,14.411222928489801,0.218413722317474,0.0109206861158737,No (reported postion),cruise,2021-03-11 09:00:00
2021-03-11 10:00:00+00:00,5.1827083333,60.2833416667,10.0,1005.06639563511,0.8229554006731931,0.870475145155037,0.045719744481844,20.095327912702302,0.304798296545627,0.0152399148272813,No (reported postion),cruise,2021-03-11 10:00:00
2021-03-11 11:00:00+00:00,5.1826116667,60.1292016667,9.8,948.4162731206029,0.776464418670404,0.821401330818759,0.0431369121483558,18.9623254624121,0.287579414322372,0.0143789707161186,No (reported postion),cruise,2021-03-11 11:00:00
2021-03-11 12:00:00+00:00,5.2276716667,59.9868483333,9.7,920.943738023485,0.753918569198605,0.797602934154083,0.041884364955477996,18.4128747604697,0.279229099703187,0.0139614549851593,No (reported postion),cruise,2021-03-11 12:00:00
2021-03-11 13:00:00+00:00,5.2640683333,59.8482433333,9.5,867.674820957655,0.710202436652179,0.7514581275773,0.039455690925120995,17.3474964191531,0.263037939500807,0.0131518969750403,No (reported postion),cruise,2021-03-11 13:00:00
2021-03-11 14:00:00+00:00,5.4026683333,59.700945,9.7,920.943738023485,0.753918569198605,0.797602934154083,0.041884364955477996,18.4128747604697,0.279229099703187,0.0139614549851593,No (reported postion),cruise,2021-03-11 14:00:00
2021-03-11 15:00:00+00:00,5.238475,59.5661816667,9.2,791.875130604314,0.6479960038394069,0.685795781830485,0.035999777991078195,15.8315026120863,0.239998519940521,0.0119999259970261,No (reported postion),cruise,2021-03-11 15:00:00
2021-03-11 16:00:00+00:00,5.2361,59.4164983333,9.0,744.0103624179969,0.608714887090758,0.644332380818022,0.0338174937272643,14.8742072483599,0.225449958181762,0.011272497909088101,No (reported postion),cruise,2021-03-11 16:00:00
2021-03-11 17:00:00+00:00,5.3337866667,59.2753116667,10.0,1005.06639563511,0.8229554006731931,0.870475145155037,0.045719744481844,20.095327912702302,0.304798296545627,0.0152399148272813,No (reported postion),cruise,2021-03-11 17:00:00
2021-03-11 18:00:00+00:00,5.3263333333,59.115705,8.9,720.86114642449,0.5897170502571799,0.624279108604801,0.0327620583476211,14.411222928489801,0.218413722317474,0.0109206861158737,No (reported postion),cruise,2021-03-11 18:00:00
2021-03-11 19:00:00+00:00,5.3107083333,58.9946233333,7.8,498.898976661434,0.407559646500265,0.432001849083613,0.022642202583348103,9.97197953322868,0.15094801722232,0.00754740086111602,No (reported postion),cruise,2021-03-11 19:00:00
2021-03-11 20:00:00+00:00,5.3593916667,58.867925,7.8,498.898976661434,0.407559646500265,0.432001849083613,0.022642202583348103,9.97197953322868,0.15094801722232,0.00754740086111602,No (reported postion),cruise,2021-03-11 20:00:00
2021-03-11 21:00:00+00:00,5.394015,58.7403433333,7.6,464.628388330319,0.379434847565916,0.40231456131957705,0.021079713753661997,9.286567766606389,0.14053142502441301,0.00702657125122066,No (reported postion),cruise,2021-03-11 21:00:00
2021-03-11 22:00:00+00:00,5.435975,58.6158566667,7.8,498.898976661434,0.407559646500265,0.432001849083613,0.022642202583348103,9.97197953322868,0.15094801722232,0.00754740086111602,No (reported postion),cruise,2021-03-11 22:00:00
2021-03-11 23:00:00+00:00,5.539205,58.50073,8.2,572.896320748541,0.468286950158377,0.49610289183384204,0.0260159416754654,11.4519264149708,0.173439611169769,0.00867198055848846,No (reported postion),cruise,2021-03-11 23:00:00
2021-03-12 00:00:00+00:00,5.7098966667,58.4060666667,8.0,534.9728745651779,0.437164365144675,0.46325127431937896,0.0242869091747041,10.6934574913036,0.161912727831361,0.00809563639156805,No (reported postion),cruise,2021-03-12 00:00:00
2021-03-12 01:00:00+00:00,5.8958133333,58.3152116667,8.1,576.970537575571,0.471630532356851,0.499632228598899,0.026201696242047302,11.533410751511399,0.174677974946982,0.0087338987473491,No (reported postion),cruise,2021-03-12 01:00:00
2021-03-12 02:00:00+00:00,6.093645,58.2247333333,8.2,597.038880782565,0.488099993347394,0.517016659644471,0.027116666297077402,11.9347776156513,0.18077777531384998,0.00903888876569248,No (reported postion),cruise,2021-03-12 02:00:00
2021-03-12 03:00:00+00:00,6.28476,58.133615,7.8,519.678021055135,0.424612357704822,0.45000193313286796,0.023589575428045698,10.3875604211027,0.15726383618697098,0.00786319180934856,No (reported postion),cruise,2021-03-12 03:00:00
2021-03-12 04:00:00+00:00,6.460625,58.04287,8.2,597.038880782565,0.488099993347394,0.517016659644471,0.027116666297077402,11.9347776156513,0.18077777531384998,0.00903888876569248,No (reported postion),cruise,2021-03-12 04:00:00
2021-03-12 05:00:00+00:00,6.6911766667,57.973015,9.2,825.97127290451,0.675977640377562,0.715331953731871,0.037554313354309005,16.5134254580902,0.25036208902872703,0.012518104451436298,No (reported postion),cruise,2021-03-12 05:00:00
2021-03-12 06:00:00+00:00,6.9681483333,57.94546,9.0,744.0103624179969,0.608714887090758,0.644332380818022,0.0338174937272643,14.8742072483599,0.225449958181762,0.011272497909088101,No (reported postion),cruise,2021-03-12 06:00:00
2021-03-12 07:00:00+00:00,7.2527583333,57.9304066667,9.7,920.943738023485,0.753918569198605,0.797602934154083,0.041884364955477996,18.4128747604697,0.279229099703187,0.0139614549851593,No (reported postion),cruise,2021-03-12 07:00:00
2021-03-12 08:00:00+00:00,7.5582516667,57.908405,9.8,948.4162731206029,0.776464418670404,0.821401330818759,0.0431369121483558,18.9623254624121,0.287579414322372,0.0143789707161186,No (reported postion),cruise,2021-03-12 08:00:00
2021-03-12 09:00:00+00:00,7.8609383333,57.889325,9.4,878.2353738263851,0.7188691517724131,0.760606326870881,0.0399371750984674,17.5587074765277,0.26624783398978297,0.0133123916994891,No (reported postion),cruise,2021-03-12 09:00:00
2021-03-12 10:00:00+00:00,8.162305,57.8782883333,10.0,1009.6648399999999,0.8267291999999999,0.8744586000000001,0.0459294,20.1872968,0.306196,0.015309799999999998,No (reported postion),cruise,2021-03-12 10:00:00
2021-03-12 11:00:00+00:00,8.4737833333,57.8625133333,10.2,1009.6648399999999,0.8267291999999999,0.8744586000000001,0.0459294,20.1872968,0.306196,0.015309799999999998,No (reported postion),cruise,2021-03-12 11:00:00
2021-03-12 12:00:00+00:00,8.7954,57.844225,10.4,1009.6648399999999,0.8267291999999999,0.8744586000000001,0.0459294,20.1872968,0.306196,0.015309799999999998,No (reported postion),cruise,2021-03-12 12:00:00
2021-03-12 13:00:00+00:00,9.1146733333,57.831235,10.6,1009.6648399999999,0.8267291999999999,0.8744586000000001,0.0459294,20.1872968,0.306196,0.015309799999999998,No (reported postion),cruise,2021-03-12 13:00:00
2021-03-12 14:00:00+00:00,9.4561116667,57.8217833333,11.6,1009.6648399999999,0.8267291999999999,0.8744586000000001,0.0459294,20.1872968,0.306196,0.015309799999999998,No (reported postion),cruise,2021-03-12 14:00:00
2021-03-12 15:00:00+00:00,9.793575,57.8104366667,10.5,1009.6648399999999,0.8267291999999999,0.8744586000000001,0.0459294,20.1872968,0.306196,0.015309799999999998,No (reported postion),cruise,2021-03-12 15:00:00
2021-03-12 16:00:00+00:00,10.1128133333,57.8012866667,10.7,1009.6648399999999,0.8267291999999999,0.8744586000000001,0.0459294,20.1872968,0.306196,0.015309799999999998,No (reported postion),cruise,2021-03-12 16:00:00
2021-03-12 17:00:00+00:00,10.460355,57.793555,11.4,1009.6648399999999,0.8267291999999999,0.8744586000000001,0.0459294,20.1872968,0.306196,0.015309799999999998,No (reported postion),cruise,2021-03-12 17:00:00
2021-03-12 18:00:00+00:00,10.8217466667,57.7845816667,11.0,1009.6648399999999,0.8267291999999999,0.8744586000000001,0.0459294,20.1872968,0.306196,0.015309799999999998,No (reported postion),cruise,2021-03-12 18:00:00
2021-03-12 19:00:00+00:00,11.06226,57.672745,10.2,1009.6648399999999,0.8267291999999999,0.8744586000000001,0.0459294,20.1872968,0.306196,0.015309799999999998,No (reported postion),cruise,2021-03-12 19:00:00
2021-03-12 20:00:00+00:00,11.2816666667,57.5566816667,9.9,1018.94137930464,0.8343421653867891,0.882494507908277,0.0463523425214883,20.3728275860929,0.309015616809922,0.015450780840496099,No (reported postion),cruise,2021-03-12 20:00:00
2021-03-12 21:00:00+00:00,11.4947816667,57.435815,10.4,1009.6648399999999,0.8267291999999999,0.8744586000000001,0.0459294,20.1872968,0.306196,0.015309799999999998,No (reported postion),cruise,2021-03-12 21:00:00
2021-03-12 22:00:00+00:00,11.7102,57.3110816667,10.2,1009.6648399999999,0.8267291999999999,0.8744586000000001,0.0459294,20.1872968,0.306196,0.015309799999999998,No (reported postion),cruise,2021-03-12 22:00:00
2021-03-12 23:00:00+00:00,11.885845,57.1816083333,10.1,1009.6648399999999,0.8267291999999999,0.8744586000000001,0.0459294,20.1872968,0.306196,0.015309799999999998,No (reported postion),cruise,2021-03-12 23:00:00
2021-03-13 00:00:00+00:00,11.99747,57.021495,10.1,1009.6648399999999,0.8267291999999999,0.8744586000000001,0.0459294,20.1872968,0.306196,0.015309799999999998,No (reported postion),cruise,2021-03-13 00:00:00
2021-03-13 01:00:00+00:00,12.07671,56.8610183333,10.0,1009.6648399999999,0.8267291999999999,0.8744586000000001,0.0459294,20.1872968,0.306196,0.015309799999999998,No (reported postion),cruise,2021-03-13 01:00:00
2021-03-13 02:00:00+00:00,12.15204,56.698685,10.0,1009.6648399999999,0.8267291999999999,0.8744586000000001,0.0459294,20.1872968,0.306196,0.015309799999999998,No (reported postion),cruise,2021-03-13 02:00:00
2021-03-13 03:00:00+00:00,12.2296233333,56.5362833333,10.4,1009.6648399999999,0.8267291999999999,0.8744586000000001,0.0459294,20.1872968,0.306196,0.015309799999999998,No (reported postion),cruise,2021-03-13 03:00:00
2021-03-13 04:00:00+00:00,12.3084616667,56.3626716667,10.7,1009.6648399999999,0.8267291999999999,0.8744586000000001,0.0459294,20.1872968,0.306196,0.015309799999999998,No (reported postion),cruise,2021-03-13 04:00:00
2021-03-13 05:00:00+00:00,12.3932033333,56.1985933333,10.4,1009.6648399999999,0.8267291999999999,0.8744586000000001,0.0459294,20.1872968,0.306196,0.015309799999999998,No (reported postion),cruise,2021-03-13 05:00:00
2021-03-13 06:00:00+00:00,12.6104816667,56.0693683333,11.0,1009.6648399999999,0.8267291999999999,0.8744586000000001,0.0459294,20.1872968,0.306196,0.015309799999999998,No (reported postion),cruise,2021-03-13 06:00:00
2021-03-13 07:00:00+00:00,12.6438533333,55.908025,9.8,948.4162731206029,0.776464418670404,0.821401330818759,0.0431369121483558,18.9623254624121,0.287579414322372,0.0143789707161186,No (reported postion),cruise,2021-03-13 07:00:00
2021-03-13 08:00:00+00:00,12.6832483333,55.74707,10.2,1009.6648399999999,0.8267291999999999,0.8744586000000001,0.0459294,20.1872968,0.306196,0.015309799999999998,No (reported postion),cruise,2021-03-13 08:00:00
2021-03-13 09:00:00+00:00,12.7015,55.5729483333,10.7,1009.6648399999999,0.8267291999999999,0.8744586000000001,0.0459294,20.1872968,0.306196,0.015309799999999998,No (reported postion),cruise,2021-03-13 09:00:00
2021-03-13 10:00:00+00:00,12.6644033333,55.4084366667,9.4,878.2353738263851,0.7188691517724131,0.760606326870881,0.0399371750984674,17.5587074765277,0.26624783398978297,0.0133123916994891,No (reported postion),cruise,2021-03-13 10:00:00
2021-03-13 11:00:00+00:00,12.72356,55.283755,9.7,960.906635206371,0.786714867798541,0.832221249342905,0.043706381544363404,19.212132704127402,0.29137587696242295,0.0145687938481211,No (reported postion),cruise,2021-03-13 11:00:00
2021-03-13 12:00:00+00:00,12.9939966667,55.24477,9.6,932.771476669019,0.7636252240140889,0.807848847570427,0.0424236235563382,18.6494295333804,0.282824157042255,0.0141412078521128,No (reported postion),cruise,2021-03-13 12:00:00
2021-03-13 13:00:00+00:00,13.2718,55.2277,9.6,932.771476669019,0.7636252240140889,0.807848847570427,0.0424236235563382,18.6494295333804,0.282824157042255,0.0141412078521128,No (reported postion),cruise,2021-03-13 13:00:00
2021-03-13 14:00:00+00:00,13.54644,55.2098133333,9.5,905.2164037284571,0.7410116383181871,0.7839789515580861,0.0411673132398993,18.0983280745691,0.27444875493266196,0.0137224377466331,No (reported postion),cruise,2021-03-13 14:00:00
2021-03-13 15:00:00+00:00,13.8169083333,55.1903183333,9.3,851.822344404503,0.697192805438346,0.73772573907381,0.0387329336354637,17.0304468880901,0.258219557569758,0.0129109778784879,No (reported postion),cruise,2021-03-13 15:00:00
2021-03-13 16:00:00+00:00,14.0913233333,55.1752583333,9.5,905.2164037284571,0.7410116383181871,0.7839789515580861,0.0411673132398993,18.0983280745691,0.27444875493266196,0.0137224377466331,No (reported postion),cruise,2021-03-13 16:00:00
2021-03-13 17:00:00+00:00,14.3671816667,55.197575,9.8,989.627921898812,0.8102855286099669,0.857101391310521,0.045015862700553695,19.7865584379762,0.30010575133702505,0.0150052875668512,No (reported postion),cruise,2021-03-13 17:00:00
2021-03-13 18:00:00+00:00,14.5641783333,55.3200216667,9.9,1018.94137930464,0.8343421653867891,0.882494507908277,0.0463523425214883,20.3728275860929,0.309015616809922,0.015450780840496099,No (reported postion),cruise,2021-03-13 18:00:00
2021-03-13 19:00:00+00:00,14.8158283333,55.3945416667,10.4,1009.6648399999999,0.8267291999999999,0.8744586000000001,0.0459294,20.1872968,0.306196,0.015309799999999998,No (reported postion),cruise,2021-03-13 19:00:00
2021-03-13 20:00:00+00:00,15.12152,55.4206616667,10.5,1009.6648399999999,0.8267291999999999,0.8744586000000001,0.0459294,20.1872968,0.306196,0.015309799999999998,No (reported postion),cruise,2021-03-13 20:00:00
2021-03-13 21:00:00+00:00,15.4234883333,55.445025,10.5,1009.6648399999999,0.8267291999999999,0.8744586000000001,0.0459294,20.1872968,0.306196,0.015309799999999998,No (reported postion),cruise,2021-03-13 21:00:00
2021-03-13 22:00:00+00:00,15.721895,55.47004,10.1,1009.6648399999999,0.8267291999999999,0.8744586000000001,0.0459294,20.1872968,0.306196,0.015309799999999998,No (reported postion),cruise,2021-03-13 22:00:00
2021-03-13 23:00:00+00:00,16.009205,55.497465,10.1,1009.6648399999999,0.8267291999999999,0.8744586000000001,0.0459294,20.1872968,0.306196,0.015309799999999998,No (reported postion),cruise,2021-03-13 23:00:00
2021-03-14 00:00:00+00:00,16.30553,55.51667,10.2,1009.6648399999999,0.8267291999999999,0.8744586000000001,0.0459294,20.1872968,0.306196,0.015309799999999998,No (reported postion),cruise,2021-03-14 00:00:00
2021-03-14 01:00:00+00:00,16.6026814444467,55.53018077778,10.1933333333333,1009.6648399999999,0.8267291999999999,0.8744586000000001,0.0459294,20.1872968,0.306196,0.015309799999999998,Linear (small gap),cruise,2021-03-14 01:00:00
2021-03-14 02:00:00+00:00,16.8998328888933,55.54369155556,10.1866666666667,1009.6648399999999,0.8267291999999999,0.8744586000000001,0.0459294,20.1872968,0.306196,0.015309799999999998,Linear (small gap),cruise,2021-03-14 02:00:00
2021-03-14 03:00:00+00:00,17.19698433334,55.55720233334,10.18,1009.6648399999999,0.8267291999999999,0.8744586000000001,0.0459294,20.1872968,0.306196,0.015309799999999998,Linear (small gap),cruise,2021-03-14 03:00:00
2021-03-14 04:00:00+00:00,17.4941357777867,55.57071311112,10.1733333333333,1009.6648399999999,0.8267291999999999,0.8744586000000001,0.0459294,20.1872968,0.306196,0.015309799999999998,Linear (small gap),cruise,2021-03-14 04:00:00
2021-03-14 05:00:00+00:00,17.7912872222333,55.5842238889,10.1666666666667,1009.6648399999999,0.8267291999999999,0.8744586000000001,0.0459294,20.1872968,0.306196,0.015309799999999998,Linear (small gap),cruise,2021-03-14 05:00:00
2021-03-14 06:00:00+00:00,18.08843866668,55.59773466668,10.16,1009.6648399999999,0.8267291999999999,0.8744586000000001,0.0459294,20.1872968,0.306196,0.015309799999999998,Linear (small gap),cruise,2021-03-14 06:00:00
2021-03-14 07:00:00+00:00,18.3855901111267,55.61124544446,10.1533333333333,1009.6648399999999,0.8267291999999999,0.8744586000000001,0.0459294,20.1872968,0.306196,0.015309799999999998,Linear (small gap),cruise,2021-03-14 07:00:00
2021-03-14 08:00:00+00:00,18.6827415555733,55.62475622224,10.1466666666667,1009.6648399999999,0.8267291999999999,0.8744586000000001,0.0459294,20.1872968,0.306196,0.015309799999999998,Linear (small gap),cruise,2021-03-14 08:00:00
2021-03-14 09:00:00+00:00,18.97989300002,55.63826700002,10.14,1009.6648399999999,0.8267291999999999,0.8744586000000001,0.0459294,20.1872968,0.306196,0.015309799999999998,Linear (small gap),cruise,2021-03-14 09:00:00
2021-03-14 10:00:00+00:00,19.2770444444667,55.6517777778,10.1333333333333,1009.6648399999999,0.8267291999999999,0.8744586000000001,0.0459294,20.1872968,0.306196,0.015309799999999998,Linear (small gap),cruise,2021-03-14 10:00:00
2021-03-14 11:00:00+00:00,19.5741958889133,55.66528855558,10.1266666666667,1009.6648399999999,0.8267291999999999,0.8744586000000001,0.0459294,20.1872968,0.306196,0.015309799999999998,Linear (small gap),cruise,2021-03-14 11:00:00
2021-03-14 12:00:00+00:00,19.87134733336,55.67879933336,10.12,1009.6648399999999,0.8267291999999999,0.8744586000000001,0.0459294,20.1872968,0.306196,0.015309799999999998,Linear (small gap),cruise,2021-03-14 12:00:00
2021-03-14 13:00:00+00:00,20.1684987778067,55.69231011114,10.1133333333333,1009.6648399999999,0.8267291999999999,0.8744586000000001,0.0459294,20.1872968,0.306196,0.015309799999999998,Linear (small gap),cruise,2021-03-14 13:00:00
2021-03-14 14:00:00+00:00,20.4656502222533,55.70582088892,10.1066666666667,1009.6648399999999,0.8267291999999999,0.8744586000000001,0.0459294,20.1872968,0.306196,0.015309799999999998,Linear (small gap),cruise,2021-03-14 14:00:00
2021-03-14 15:00:00+00:00,20.7628016667,55.7193316667,10.1,1009.6648399999999,0.8267291999999999,0.8744586000000001,0.0459294,20.1872968,0.306196,0.015309799999999998,No (reported postion),cruise,2021-03-14 15:00:00
2021-03-14 16:00:00+00:00,20.8573583333,55.7217183333,0.0,41.76,0.0324,0.036,0.0018,0.8292,0.012,0.0006,No (reported postion),anchor,2021-03-14 16:00:00
2021-03-14 17:00:00+00:00,20.857495,55.7215966667,0.2,41.7680567443999,0.03246413560359639,0.0360069792466686,0.0018017007322145,0.829946054531427,0.0120178521783207,0.0006025933411305319,No (reported postion),anchor,2021-03-14 17:00:00
2021-03-14 18:00:00+00:00,20.857515,55.7216966667,0.1,41.76100709305,0.0324080169504496,0.0360008724058336,0.00180021259152681,0.829293256816428,0.012002231522290099,0.000600324167641316,No (reported postion),anchor,2021-03-14 18:00:00
2021-03-14 19:00:00+00:00,20.8574633333,55.7214566667,0.2,41.7680567443999,0.03246413560359639,0.0360069792466686,0.0018017007322145,0.829946054531427,0.0120178521783207,0.0006025933411305319,No (reported postion),anchor,2021-03-14 19:00:00
2021-03-14 20:00:00+00:00,20.8570866667,55.7216266667,0.4,41.8244539551989,0.032913084828771505,0.0360558339733486,0.0018136058577159898,0.835168436251414,0.012142817426565299,0.000620746729044253,No (reported postion),anchor,2021-03-14 20:00:00
2021-03-14 21:00:00+00:00,21.0102616667,55.7277733333,9.7,920.943738023485,0.753918569198605,0.797602934154083,0.041884364955477996,18.4128747604697,0.279229099703187,0.0139614549851593,No (reported postion),cruise,2021-03-14 21:00:00
2021-03-14 22:00:00+00:00,21.154815,55.65599,1.8,47.378002899344,0.0771220352382428,0.0408666590465442,0.0029859279676578703,1.34942706847925,0.024448401561160397,0.00240834804571589,No (reported postion),anchor,2021-03-14 22:00:00
2021-03-14 23:00:00+00:00,21.1574233333,55.655635,0.0,41.76,0.0324,0.036,0.0018,0.8292,0.012,0.0006,No (reported postion),anchor,2021-03-14 23:00:00
2021-03-15 00:00:00+00:00,21.1574233333,55.6556283333,0.0,41.76,0.0324,0.036,0.0018,0.8292,0.012,0.0006,No (reported postion),anchor,2021-03-15 00:00:00
2021-03-15 01:00:00+00:00,21.15742,55.6556283333,0.0,41.76,0.0324,0.036,0.0018,0.8292,0.012,0.0006,No (reported postion),anchor,2021-03-15 01:00:00
2021-03-15 02:00:00+00:00,21.1574,55.6556466667,0.0,41.76,0.0324,0.036,0.0018,0.8292,0.012,0.0006,No (reported postion),anchor,2021-03-15 02:00:00
2021-03-15 03:00:00+00:00,21.1573966667,55.6556483333,0.0,41.76,0.0324,0.036,0.0018,0.8292,0.012,0.0006,No (reported postion),anchor,2021-03-15 03:00:00
2021-03-15 04:00:00+00:00,21.1574283333,55.6556283333,0.0,41.76,0.0324,0.036,0.0018,0.8292,0.012,0.0006,No (reported postion),anchor,2021-03-15 04:00:00
2021-03-15 05:00:00+00:00,21.1574216667,55.6556616667,0.0,41.76,0.0324,0.036,0.0018,0.8292,0.012,0.0006,No (reported postion),anchor,2021-03-15 05:00:00
2021-03-15 06:00:00+00:00,21.1573866667,55.6556383333,0.0,41.76,0.0324,0.036,0.0018,0.8292,0.012,0.0006,No (reported postion),anchor,2021-03-15 06:00:00
2021-03-15 07:00:00+00:00,21.1574033333,55.6556116667,0.0,41.76,0.0324,0.036,0.0018,0.8292,0.012,0.0006,No (reported postion),anchor,2021-03-15 07:00:00
2021-03-15 08:00:00+00:00,21.157405,55.6556316667,0.0,41.76,0.0324,0.036,0.0018,0.8292,0.012,0.0006,No (reported postion),anchor,2021-03-15 08:00:00
2021-03-15 09:00:00+00:00,21.1574183333,55.6556483333,0.0,41.76,0.0324,0.036,0.0018,0.8292,0.012,0.0006,No (reported postion),anchor,2021-03-15 09:00:00
2021-03-15 10:00:00+00:00,21.1574166667,55.655625,0.0,41.76,0.0324,0.036,0.0018,0.8292,0.012,0.0006,No (reported postion),anchor,2021-03-15 10:00:00
2021-03-15 11:00:00+00:00,21.1574216667,55.6556416667,0.0,41.76,0.0324,0.036,0.0018,0.8292,0.012,0.0006,No (reported postion),anchor,2021-03-15 11:00:00
2021-03-15 12:00:00+00:00,21.1574166667,55.6556283333,0.0,41.76,0.0324,0.036,0.0018,0.8292,0.012,0.0006,No (reported postion),anchor,2021-03-15 12:00:00
2021-03-15 13:00:00+00:00,21.1574083333,55.6556333333,0.0,41.76,0.0324,0.036,0.0018,0.8292,0.012,0.0006,No (reported postion),anchor,2021-03-15 13:00:00
2021-03-15 14:00:00+00:00,21.1574,55.65564,0.0,41.76,0.0324,0.036,0.0018,0.8292,0.012,0.0006,No (reported postion),anchor,2021-03-15 14:00:00
2021-03-15 15:00:00+00:00,21.157425,55.6556483333,0.0,41.76,0.0324,0.036,0.0018,0.8292,0.012,0.0006,No (reported postion),anchor,2021-03-15 15:00:00
2021-03-15 16:00:00+00:00,21.1574,55.6556516667,0.0,41.76,0.0324,0.036,0.0018,0.8292,0.012,0.0006,No (reported postion),anchor,2021-03-15 16:00:00
2021-03-15 17:00:00+00:00,21.1573966667,55.65564,0.0,41.76,0.0324,0.036,0.0018,0.8292,0.012,0.0006,No (reported postion),anchor,2021-03-15 17:00:00
2021-03-15 18:00:00+00:00,21.1573966667,55.6556316667,0.0,41.76,0.0324,0.036,0.0018,0.8292,0.012,0.0006,No (reported postion),anchor,2021-03-15 18:00:00
2021-03-15 19:00:00+00:00,21.1574016667,55.6556233333,0.0,41.76,0.0324,0.036,0.0018,0.8292,0.012,0.0006,No (reported postion),anchor,2021-03-15 19:00:00
2021-03-15 20:00:00+00:00,21.1574066667,55.655625,0.0,41.76,0.0324,0.036,0.0018,0.8292,0.012,0.0006,No (reported postion),anchor,2021-03-15 20:00:00
2021-03-15 21:00:00+00:00,21.157415,55.6556233333,0.0,41.76,0.0324,0.036,0.0018,0.8292,0.012,0.0006,No (reported postion),anchor,2021-03-15 21:00:00
2021-03-15 22:00:00+00:00,21.1573716667,55.655625,0.0,41.76,0.0324,0.036,0.0018,0.8292,0.012,0.0006,No (reported postion),anchor,2021-03-15 22:00:00
2021-03-15 23:00:00+00:00,21.15741,55.6556233333,0.0,41.76,0.0324,0.036,0.0018,0.8292,0.012,0.0006,No (reported postion),anchor,2021-03-15 23:00:00
2021-03-16 00:00:00+00:00,21.1574,55.6556216667,0.0,41.76,0.0324,0.036,0.0018,0.8292,0.012,0.0006,No (reported postion),anchor,2021-03-16 00:00:00
2021-03-16 01:00:00+00:00,21.1573866667,55.6556266667,0.0,41.76,0.0324,0.036,0.0018,0.8292,0.012,0.0006,No (reported postion),anchor,2021-03-16 01:00:00
2021-03-16 02:00:00+00:00,21.1573683333,55.65556,0.0,41.76,0.0324,0.036,0.0018,0.8292,0.012,0.0006,No (reported postion),anchor,2021-03-16 02:00:00
2021-03-16 03:00:00+00:00,21.1574083333,55.6556366667,0.0,41.76,0.0324,0.036,0.0018,0.8292,0.012,0.0006,No (reported postion),anchor,2021-03-16 03:00:00
2021-03-16 04:00:00+00:00,21.1574033333,55.655615,0.0,41.76,0.0324,0.036,0.0018,0.8292,0.012,0.0006,No (reported postion),anchor,2021-03-16 04:00:00
2021-03-16 05:00:00+00:00,21.1574266667,55.6556316667,0.0,41.76,0.0324,0.036,0.0018,0.8292,0.012,0.0006,No (reported postion),anchor,2021-03-16 05:00:00
2021-03-16 06:00:00+00:00,21.1574066667,55.6556333333,0.0,41.76,0.0324,0.036,0.0018,0.8292,0.012,0.0006,No (reported postion),anchor,2021-03-16 06:00:00
2021-03-16 07:00:00+00:00,21.1573966667,55.65562,0.0,41.76,0.0324,0.036,0.0018,0.8292,0.012,0.0006,No (reported postion),anchor,2021-03-16 07:00:00
2021-03-16 08:00:00+00:00,21.1573983333,55.6556633333,0.0,41.76,0.0324,0.036,0.0018,0.8292,0.012,0.0006,No (reported postion),anchor,2021-03-16 08:00:00
2021-03-16 09:00:00+00:00,21.157375,55.6556366667,0.0,41.76,0.0324,0.036,0.0018,0.8292,0.012,0.0006,No (reported postion),anchor,2021-03-16 09:00:00
2021-03-16 10:00:00+00:00,21.157375,55.6556483333,0.0,41.76,0.0324,0.036,0.0018,0.8292,0.012,0.0006,No (reported postion),anchor,2021-03-16 10:00:00
2021-03-16 11:00:00+00:00,21.1574166667,55.6555916667,0.1,41.760963306395595,0.0324076683873865,0.036000834475145196,0.00180020334841695,0.8292892021722359,0.0120021344995818,0.000600310073396042,No (reported postion),anchor,2021-03-16 11:00:00
2021-03-16 12:00:00+00:00,21.1573783333,55.6556333333,0.0,41.76,0.0324,0.036,0.0018,0.8292,0.012,0.0006,No (reported postion),anchor,2021-03-16 12:00:00
2021-03-16 13:00:00+00:00,21.157415,55.6556133333,0.0,41.76,0.0324,0.036,0.0018,0.8292,0.012,0.0006,No (reported postion),anchor,2021-03-16 13:00:00
2021-03-16 14:00:00+00:00,21.1573833333,55.65566,0.0,41.76,0.0324,0.036,0.0018,0.8292,0.012,0.0006,No (reported postion),anchor,2021-03-16 14:00:00
2021-03-16 15:00:00+00:00,21.1574016667,55.6556316667,0.0,41.76,0.0324,0.036,0.0018,0.8292,0.012,0.0006,No (reported postion),anchor,2021-03-16 15:00:00
2021-03-16 16:00:00+00:00,21.157375,55.655655,0.0,41.76,0.0324,0.036,0.0018,0.8292,0.012,0.0006,No (reported postion),anchor,2021-03-16 16:00:00
2021-03-16 17:00:00+00:00,21.1573583333,55.65562,0.0,41.76,0.0324,0.036,0.0018,0.8292,0.012,0.0006,No (reported postion),anchor,2021-03-16 17:00:00
2021-03-16 18:00:00+00:00,21.1573866667,55.6556316667,0.0,41.76,0.0324,0.036,0.0018,0.8292,0.012,0.0006,No (reported postion),anchor,2021-03-16 18:00:00
2021-03-16 19:00:00+00:00,21.15737,55.6556383333,0.0,41.76,0.0324,0.036,0.0018,0.8292,0.012,0.0006,No (reported postion),anchor,2021-03-16 19:00:00
2021-03-16 20:00:00+00:00,21.1573816667,55.6556183333,0.0,41.76,0.0324,0.036,0.0018,0.8292,0.012,0.0006,No (reported postion),anchor,2021-03-16 20:00:00
2021-03-16 21:00:00+00:00,21.1573983333,55.6556233333,0.0,41.76,0.0324,0.036,0.0018,0.8292,0.012,0.0006,No (reported postion),anchor,2021-03-16 21:00:00
2021-03-16 22:00:00+00:00,21.15741,55.65564,0.0,41.76,0.0324,0.036,0.0018,0.8292,0.012,0.0006,No (reported postion),anchor,2021-03-16 22:00:00
2021-03-16 23:00:00+00:00,21.157395,55.6556166667,0.0,41.76,0.0324,0.036,0.0018,0.8292,0.012,0.0006,No (reported postion),anchor,2021-03-16 23:00:00
2021-03-17 00:00:00+00:00,21.157385,55.6556183333,0.0,41.76,0.0324,0.036,0.0018,0.8292,0.012,0.0006,No (reported postion),anchor,2021-03-17 00:00:00
2021-03-17 01:00:00+00:00,21.157385,55.65562,0.0,41.76,0.0324,0.036,0.0018,0.8292,0.012,0.0006,No (reported postion),anchor,2021-03-17 01:00:00
2021-03-17 02:00:00+00:00,21.1573916667,55.6556316667,0.0,41.76,0.0324,0.036,0.0018,0.8292,0.012,0.0006,No (reported postion),anchor,2021-03-17 02:00:00
2021-03-17 03:00:00+00:00,21.157395,55.6556283333,0.0,41.76,0.0324,0.036,0.0018,0.8292,0.012,0.0006,No (reported postion),anchor,2021-03-17 03:00:00
2021-03-17 04:00:00+00:00,21.157425,55.6556083333,0.0,41.76,0.0324,0.036,0.0018,0.8292,0.012,0.0006,No (reported postion),anchor,2021-03-17 04:00:00
2021-03-17 05:00:00+00:00,21.1574083333,55.6556566667,0.0,41.76,0.0324,0.036,0.0018,0.8292,0.012,0.0006,No (reported postion),anchor,2021-03-17 05:00:00
2021-03-17 06:00:00+00:00,21.1574133333,55.655625,0.0,41.76,0.0324,0.036,0.0018,0.8292,0.012,0.0006,No (reported postion),anchor,2021-03-17 06:00:00
2021-03-17 07:00:00+00:00,21.1573783333,55.6556433333,0.0,41.76,0.0324,0.036,0.0018,0.8292,0.012,0.0006,No (reported postion),anchor,2021-03-17 07:00:00
2021-03-17 08:00:00+00:00,21.1574083333,55.6556433333,0.0,41.76,0.0324,0.036,0.0018,0.8292,0.012,0.0006,No (reported postion),anchor,2021-03-17 08:00:00
2021-03-17 09:00:00+00:00,21.1574066667,55.655635,0.0,41.76,0.0324,0.036,0.0018,0.8292,0.012,0.0006,No (reported postion),anchor,2021-03-17 09:00:00
2021-03-17 10:00:00+00:00,21.1573966667,55.6556333333,0.0,41.76,0.0324,0.036,0.0018,0.8292,0.012,0.0006,No (reported postion),anchor,2021-03-17 10:00:00
2021-03-17 11:00:00+00:00,21.1574016667,55.6555983333,0.0,41.76,0.0324,0.036,0.0018,0.8292,0.012,0.0006,No (reported postion),anchor,2021-03-17 11:00:00
2021-03-17 12:00:00+00:00,21.157415,55.6556266667,0.0,41.76,0.0324,0.036,0.0018,0.8292,0.012,0.0006,No (reported postion),anchor,2021-03-17 12:00:00
2021-03-17 13:00:00+00:00,21.1574183333,55.6556166667,0.0,41.76,0.0324,0.036,0.0018,0.8292,0.012,0.0006,No (reported postion),anchor,2021-03-17 13:00:00
2021-03-17 14:00:00+00:00,21.1574216667,55.6556283333,0.0,41.76,0.0324,0.036,0.0018,0.8292,0.012,0.0006,No (reported postion),anchor,2021-03-17 14:00:00
2021-03-17 15:00:00+00:00,21.1574,55.6556183333,0.0,41.76,0.0324,0.036,0.0018,0.8292,0.012,0.0006,No (reported postion),anchor,2021-03-17 15:00:00
2021-03-17 16:00:00+00:00,21.1574116667,55.6556466667,0.0,41.76,0.0324,0.036,0.0018,0.8292,0.012,0.0006,No (reported postion),anchor,2021-03-17 16:00:00
2021-03-17 17:00:00+00:00,21.1573816667,55.6556333333,0.0,41.76,0.0324,0.036,0.0018,0.8292,0.012,0.0006,No (reported postion),anchor,2021-03-17 17:00:00
2021-03-17 18:00:00+00:00,21.1574,55.65564,0.0,41.76,0.0324,0.036,0.0018,0.8292,0.012,0.0006,No (reported postion),anchor,2021-03-17 18:00:00
2021-03-17 19:00:00+00:00,21.157405,55.6556333333,0.0,41.76,0.0324,0.036,0.0018,0.8292,0.012,0.0006,No (reported postion),anchor,2021-03-17 19:00:00
2021-03-17 20:00:00+00:00,21.157385,55.6556266667,0.0,41.76,0.0324,0.036,0.0018,0.8292,0.012,0.0006,No (reported postion),anchor,2021-03-17 20:00:00
2021-03-17 21:00:00+00:00,21.1574083333,55.6556366667,0.0,41.76,0.0324,0.036,0.0018,0.8292,0.012,0.0006,No (reported postion),anchor,2021-03-17 21:00:00
2021-03-17 22:00:00+00:00,21.157415,55.655625,0.0,41.76,0.0324,0.036,0.0018,0.8292,0.012,0.0006,No (reported postion),anchor,2021-03-17 22:00:00
2021-03-17 23:00:00+00:00,21.1574,55.65563,0.0,41.76,0.0324,0.036,0.0018,0.8292,0.012,0.0006,No (reported postion),anchor,2021-03-17 23:00:00
2021-03-18 00:00:00+00:00,21.1573883333,55.6556316667,0.0,41.76,0.0324,0.036,0.0018,0.8292,0.012,0.0006,No (reported postion),anchor,2021-03-18 00:00:00
2021-03-18 01:00:00+00:00,21.1573916667,55.655645,0.0,41.76,0.0324,0.036,0.0018,0.8292,0.012,0.0006,No (reported postion),anchor,2021-03-18 01:00:00
2021-03-18 02:00:00+00:00,21.1573983333,55.655625,0.0,41.76,0.0324,0.036,0.0018,0.8292,0.012,0.0006,No (reported postion),anchor,2021-03-18 02:00:00
2021-03-18 03:00:00+00:00,21.15742,55.6556266667,0.0,41.76,0.0324,0.036,0.0018,0.8292,0.012,0.0006,No (reported postion),anchor,2021-03-18 03:00:00
2021-03-18 04:00:00+00:00,21.1573883333,55.65565,0.0,41.76,0.0324,0.036,0.0018,0.8292,0.012,0.0006,No (reported postion),anchor,2021-03-18 04:00:00
2021-03-18 05:00:00+00:00,21.1574183333,55.65566,0.0,41.76,0.0324,0.036,0.0018,0.8292,0.012,0.0006,No (reported postion),anchor,2021-03-18 05:00:00
2021-03-18 06:00:00+00:00,21.15743,55.65561,0.0,41.76,0.0324,0.036,0.0018,0.8292,0.012,0.0006,No (reported postion),anchor,2021-03-18 06:00:00
2021-03-18 07:00:00+00:00,21.1574016667,55.6556333333,0.0,41.76,0.0324,0.036,0.0018,0.8292,0.012,0.0006,No (reported postion),anchor,2021-03-18 07:00:00
2021-03-18 08:00:00+00:00,21.15739,55.6556233333,0.0,41.76,0.0324,0.036,0.0018,0.8292,0.012,0.0006,No (reported postion),anchor,2021-03-18 08:00:00
2021-03-18 09:00:00+00:00,21.1573766667,55.6556433333,0.0,41.76,0.0324,0.036,0.0018,0.8292,0.012,0.0006,No (reported postion),anchor,2021-03-18 09:00:00
2021-03-18 10:00:00+00:00,21.15739,55.6556283333,0.0,41.76,0.0324,0.036,0.0018,0.8292,0.012,0.0006,No (reported postion),anchor,2021-03-18 10:00:00
2021-03-18 11:00:00+00:00,21.157425,55.6556083333,0.0,41.76,0.0324,0.036,0.0018,0.8292,0.012,0.0006,No (reported postion),anchor,2021-03-18 11:00:00
2021-03-18 12:00:00+00:00,21.0186616667,55.7323516667,9.7,920.943738023485,0.753918569198605,0.797602934154083,0.041884364955477996,18.4128747604697,0.279229099703187,0.0139614549851593,No (reported postion),cruise,2021-03-18 12:00:00
2021-03-18 13:00:00+00:00,20.73335,55.727305,9.8,989.627921898812,0.8102855286099669,0.857101391310521,0.045015862700553695,19.7865584379762,0.30010575133702505,0.0150052875668512,No (reported postion),cruise,2021-03-18 13:00:00
2021-03-18 14:00:00+00:00,19.89580078125,55.68486328125,10.3952445920594,1009.6648399999999,0.8267291999999999,0.8744586000000001,0.0459294,20.1872968,0.306196,0.015309799999999998,Routed (large gap),cruise,2021-03-18 14:00:00
2021-03-18 15:00:00+00:00,19.34736328125,55.64970703125,10.3952445920594,1009.6648399999999,0.8267291999999999,0.8744586000000001,0.0459294,20.1872968,0.306196,0.015309799999999998,Routed (large gap),cruise,2021-03-18 15:00:00
2021-03-18 16:00:00+00:00,18.78662109375,55.61279296875,10.3952445920594,1009.6648399999999,0.8267291999999999,0.8744586000000001,0.0459294,20.1872968,0.306196,0.015309799999999998,Routed (large gap),cruise,2021-03-18 16:00:00
2021-03-18 17:00:00+00:00,18.22587890625,55.56884765625,10.3952445920594,1009.6648399999999,0.8267291999999999,0.8744586000000001,0.0459294,20.1872968,0.306196,0.015309799999999998,Routed (large gap),cruise,2021-03-18 17:00:00
2021-03-18 18:00:00+00:00,17.67744140625,55.53017578125,10.3952445920594,1009.6648399999999,0.8267291999999999,0.8744586000000001,0.0459294,20.1872968,0.306196,0.015309799999999998,Routed (large gap),cruise,2021-03-18 18:00:00
2021-03-18 19:00:00+00:00,17.12724609375,55.51259765625,10.3952445920594,1009.6648399999999,0.8267291999999999,0.8744586000000001,0.0459294,20.1872968,0.306196,0.015309799999999998,Routed (large gap),cruise,2021-03-18 19:00:00
2021-03-18 20:00:00+00:00,16.5568033854167,55.48095703125,10.3952445920594,1009.6648399999999,0.8267291999999999,0.8744586000000001,0.0459294,20.1872968,0.306196,0.015309799999999998,Routed (large gap),cruise,2021-03-18 20:00:00
2021-03-18 21:00:00+00:00,16.5039548611148,55.4827251388889,10.2735507484972,1009.6648399999999,0.8267291999999999,0.8744586000000001,0.0459294,20.1872968,0.306196,0.015309799999999998,Linear (small gap),cruise,2021-03-18 21:00:00
2021-03-18 22:00:00+00:00,16.451106336813,55.4844932465278,10.1518569049351,1009.6648399999999,0.8267291999999999,0.8744586000000001,0.0459294,20.1872968,0.306196,0.015309799999999998,Linear (small gap),cruise,2021-03-18 22:00:00
2021-03-18 23:00:00+00:00,16.3982578125111,55.4862613541667,10.0301630613729,1009.6648399999999,0.8267291999999999,0.8744586000000001,0.0459294,20.1872968,0.306196,0.015309799999999998,Linear (small gap),cruise,2021-03-18 23:00:00
2021-03-19 00:00:00+00:00,16.3454092882093,55.4880294618056,9.90846921781078,1009.6648399999999,0.8267291999999999,0.8744586000000001,0.0459294,20.1872968,0.306196,0.015309799999999998,Linear (small gap),cruise,2021-03-19 00:00:00
2021-03-19 01:00:00+00:00,16.2925607639074,55.4897975694444,9.78677537424862,1019.22245283933,0.834572833637139,0.882737991061424,0.0463651574242855,20.3784490567866,0.30910104949523703,0.0154550524747618,Linear (small gap),cruise,2021-03-19 01:00:00
2021-03-19 02:00:00+00:00,16.2397122396056,55.4915656770833,9.66508153068647,983.21114518766,0.805019480853094,0.851542785344933,0.044723304491838596,19.658222903753202,0.298155363278924,0.0149077681639462,Linear (small gap),cruise,2021-03-19 02:00:00
2021-03-19 03:00:00+00:00,16.1868637153037,55.4933337847222,9.54338768712431,948.09535737328,0.776201053163482,0.8211233338947871,0.0431222807313046,18.955907147465602,0.28748187154203,0.0143740935771015,Linear (small gap),cruise,2021-03-19 03:00:00
2021-03-19 04:00:00+00:00,16.1340151910019,55.4951018923611,9.42169384356216,913.8638138316089,0.748108297065454,0.791469869124646,0.041561572059191906,18.2712762766322,0.277077147061279,0.013853857353064,Linear (small gap),cruise,2021-03-19 04:00:00
2021-03-19 05:00:00+00:00,16.0811666667,55.49687,9.3,851.822344404503,0.697192805438346,0.73772573907381,0.0387329336354637,17.0304468880901,0.258219557569758,0.0129109778784879,No (reported postion),cruise,2021-03-19 05:00:00
2021-03-19 06:00:00+00:00,15.8566783333,55.4876916667,8.4,638.668079096628,0.522263773118814,0.55307842718097,0.0290146540621563,12.767361581932601,0.193431027081042,0.0096715513540521,No (reported postion),cruise,2021-03-19 06:00:00
2021-03-19 07:00:00+00:00,15.5902216667,55.47584,9.3,851.822344404503,0.697192805438346,0.73772573907381,0.0387329336354637,17.0304468880901,0.258219557569758,0.0129109778784879,No (reported postion),cruise,2021-03-19 07:00:00
2021-03-19 08:00:00+00:00,15.32295,55.4603616667,9.2,825.97127290451,0.675977640377562,0.715331953731871,0.037554313354309005,16.5134254580902,0.25036208902872703,0.012518104451436298,No (reported postion),cruise,2021-03-19 08:00:00
2021-03-19 09:00:00+00:00,15.0452433333,55.4436683333,9.6,932.771476669019,0.7636252240140889,0.807848847570427,0.0424236235563382,18.6494295333804,0.282824157042255,0.0141412078521128,No (reported postion),cruise,2021-03-19 09:00:00
2021-03-19 10:00:00+00:00,14.7721966667,55.42403,9.5,905.2164037284571,0.7410116383181871,0.7839789515580861,0.0411673132398993,18.0983280745691,0.27444875493266196,0.0137224377466331,No (reported postion),cruise,2021-03-19 10:00:00
2021-03-19 11:00:00+00:00,14.512575,55.3802416667,9.7,960.906635206371,0.786714867798541,0.832221249342905,0.043706381544363404,19.212132704127402,0.29137587696242295,0.0145687938481211,No (reported postion),cruise,2021-03-19 11:00:00
2021-03-19 12:00:00+00:00,14.3147416667,55.2634283333,9.8,989.627921898812,0.8102855286099669,0.857101391310521,0.045015862700553695,19.7865584379762,0.30010575133702505,0.0150052875668512,No (reported postion),cruise,2021-03-19 12:00:00
2021-03-19 13:00:00+00:00,14.0543633333,55.2350566667,10.3,1009.6648399999999,0.8267291999999999,0.8744586000000001,0.0459294,20.1872968,0.306196,0.015309799999999998,No (reported postion),cruise,2021-03-19 13:00:00
2021-03-19 14:00:00+00:00,13.7470766667,55.24434,10.4,1009.6648399999999,0.8267291999999999,0.8744586000000001,0.0459294,20.1872968,0.306196,0.015309799999999998,No (reported postion),cruise,2021-03-19 14:00:00
2021-03-19 15:00:00+00:00,13.442235,55.25337,10.5,1009.6648399999999,0.8267291999999999,0.8744586000000001,0.0459294,20.1872968,0.306196,0.015309799999999998,No (reported postion),cruise,2021-03-19 15:00:00
2021-03-19 16:00:00+00:00,13.14609,55.2628566667,10.2,1009.6648399999999,0.8267291999999999,0.8744586000000001,0.0459294,20.1872968,0.306196,0.015309799999999998,No (reported postion),cruise,2021-03-19 16:00:00
2021-03-19 17:00:00+00:00,12.85638,55.276255,10.0,1009.6648399999999,0.8267291999999999,0.8744586000000001,0.0459294,20.1872968,0.306196,0.015309799999999998,No (reported postion),cruise,2021-03-19 17:00:00
2021-03-19 18:00:00+00:00,12.78258416665,55.4134125,9.85,994.961591123172,0.8146627039612659,0.861721743070225,0.045259039108959204,19.8932318224635,0.301726927393062,0.0150863463696531,Linear (small gap),cruise,2021-03-19 18:00:00
2021-03-19 19:00:00+00:00,12.7087883333,55.55057,9.7,920.943738023485,0.753918569198605,0.797602934154083,0.041884364955477996,18.4128747604697,0.279229099703187,0.0139614549851593,No (reported postion),cruise,2021-03-19 19:00:00
2021-03-19 20:00:00+00:00,12.68911,55.7102883333,11.0,1009.6648399999999,0.8267291999999999,0.8744586000000001,0.0459294,20.1872968,0.306196,0.015309799999999998,No (reported postion),cruise,2021-03-19 20:00:00
2021-03-19 21:00:00+00:00,12.731835,55.8783233333,10.6,1009.6648399999999,0.8267291999999999,0.8744586000000001,0.0459294,20.1872968,0.306196,0.015309799999999998,No (reported postion),cruise,2021-03-19 21:00:00
2021-03-19 22:00:00+00:00,12.6564116667,56.0487883333,11.0,1009.6648399999999,0.8267291999999999,0.8744586000000001,0.0459294,20.1872968,0.306196,0.015309799999999998,No (reported postion),cruise,2021-03-19 22:00:00
2021-03-19 23:00:00+00:00,12.4707633333,56.211075,11.6,1009.6648399999999,0.8267291999999999,0.8744586000000001,0.0459294,20.1872968,0.306196,0.015309799999999998,No (reported postion),cruise,2021-03-19 23:00:00
2021-03-20 00:00:00+00:00,12.373215,56.39398,11.2,1009.6648399999999,0.8267291999999999,0.8744586000000001,0.0459294,20.1872968,0.306196,0.015309799999999998,No (reported postion),cruise,2021-03-20 00:00:00
2021-03-20 01:00:00+00:00,12.30417,56.5665533333,10.2,1009.6648399999999,0.8267291999999999,0.8744586000000001,0.0459294,20.1872968,0.306196,0.015309799999999998,No (reported postion),cruise,2021-03-20 01:00:00
2021-03-20 02:00:00+00:00,12.2334366667,56.7363016667,10.5,1009.6648399999999,0.8267291999999999,0.8744586000000001,0.0459294,20.1872968,0.306196,0.015309799999999998,No (reported postion),cruise,2021-03-20 02:00:00
2021-03-20 03:00:00+00:00,12.16075,56.9028133333,10.2,1009.6648399999999,0.8267291999999999,0.8744586000000001,0.0459294,20.1872968,0.306196,0.015309799999999998,No (reported postion),cruise,2021-03-20 03:00:00
2021-03-20 04:00:00+00:00,12.0624233333,57.0596066667,10.0,1009.6648399999999,0.8267291999999999,0.8744586000000001,0.0459294,20.1872968,0.306196,0.015309799999999998,No (reported postion),cruise,2021-03-20 04:00:00
2021-03-20 05:00:00+00:00,11.91854,57.2046466667,9.5,905.2164037284571,0.7410116383181871,0.7839789515580861,0.0411673132398993,18.0983280745691,0.27444875493266196,0.0137224377466331,No (reported postion),cruise,2021-03-20 05:00:00
2021-03-20 06:00:00+00:00,11.7919366667,57.3416633333,9.0,744.0103624179969,0.608714887090758,0.644332380818022,0.0338174937272643,14.8742072483599,0.225449958181762,0.011272497909088101,No (reported postion),cruise,2021-03-20 06:00:00
2021-03-20 07:00:00+00:00,11.663245,57.4882916667,9.4,841.866879312195,0.689022666912743,0.729101703963451,0.038279037050707995,16.831337586243897,0.255193580338053,0.0127596790169027,No (reported postion),cruise,2021-03-20 07:00:00
2021-03-20 08:00:00+00:00,11.6985866667,57.6375366667,10.1,1009.6648399999999,0.8267291999999999,0.8744586000000001,0.0459294,20.1872968,0.306196,0.015309799999999998,No (reported postion),cruise,2021-03-20 08:00:00
2021-03-20 09:00:00+00:00,11.80258,57.6672083333,0.0,41.76,0.0324,0.036,0.0018,0.8292,0.012,0.0006,No (reported postion),anchor,2021-03-20 09:00:00
2021-03-20 10:00:00+00:00,11.8027,57.6671,0.1,41.760963306395595,0.0324076683873865,0.036000834475145196,0.00180020334841695,0.8292892021722359,0.0120021344995818,0.000600310073396042,No (reported postion),anchor,2021-03-20 10:00:00
2021-03-20 11:00:00+00:00,11.8030616667,57.6667533333,0.0,41.76,0.0324,0.036,0.0018,0.8292,0.012,0.0006,No (reported postion),anchor,2021-03-20 11:00:00
2021-03-20 12:00:00+00:00,11.77912,57.6639483333,8.9,720.86114642449,0.5897170502571799,0.624279108604801,0.0327620583476211,14.411222928489801,0.218413722317474,0.0109206861158737,No (reported postion),cruise,2021-03-20 12:00:00
2021-03-20 13:00:00+00:00,11.5362683333,57.6440716667,10.3,1009.6648399999999,0.8267291999999999,0.8744586000000001,0.0459294,20.1872968,0.306196,0.015309799999999998,No (reported postion),cruise,2021-03-20 13:00:00
2021-03-20 14:00:00+00:00,11.40163,57.8035866667,10.9,1009.6648399999999,0.8267291999999999,0.8744586000000001,0.0459294,20.1872968,0.306196,0.015309799999999998,No (reported postion),cruise,2021-03-20 14:00:00
2021-03-20 15:00:00+00:00,11.2800683333,57.9683666667,10.6,1009.6648399999999,0.8267291999999999,0.8744586000000001,0.0459294,20.1872968,0.306196,0.015309799999999998,No (reported postion),cruise,2021-03-20 15:00:00
2021-03-20 16:00:00+00:00,11.1605866667,58.1380616667,11.1,1009.6648399999999,0.8267291999999999,0.8744586000000001,0.0459294,20.1872968,0.306196,0.015309799999999998,No (reported postion),cruise,2021-03-20 16:00:00
2021-03-20 17:00:00+00:00,11.0391166667,58.3023716667,10.1,1009.6648399999999,0.8267291999999999,0.8744586000000001,0.0459294,20.1872968,0.306196,0.015309799999999998,No (reported postion),cruise,2021-03-20 17:00:00
2021-03-20 18:00:00+00:00,10.9377033333,58.4553466667,9.5,905.2164037284571,0.7410116383181871,0.7839789515580861,0.0411673132398993,18.0983280745691,0.27444875493266196,0.0137224377466331,No (reported postion),cruise,2021-03-20 18:00:00
2021-03-20 19:00:00+00:00,10.845515,58.604695,9.5,905.2164037284571,0.7410116383181871,0.7839789515580861,0.0411673132398993,18.0983280745691,0.27444875493266196,0.0137224377466331,No (reported postion),cruise,2021-03-20 19:00:00
2021-03-20 20:00:00+00:00,10.7746133333,58.7611683333,9.9,1018.94137930464,0.8343421653867891,0.882494507908277,0.0463523425214883,20.3728275860929,0.309015616809922,0.015450780840496099,No (reported postion),cruise,2021-03-20 20:00:00
2021-03-20 21:00:00+00:00,10.7149583333,58.9248583333,10.0,1009.6648399999999,0.8267291999999999,0.8744586000000001,0.0459294,20.1872968,0.306196,0.015309799999999998,No (reported postion),cruise,2021-03-20 21:00:00
2021-03-20 22:00:00+00:00,10.66743,59.087625,9.9,976.4552323783539,0.799475114717798,0.845690398868787,0.044415284150988804,19.5231046475671,0.296101894339925,0.014805094716996299,No (reported postion),cruise,2021-03-20 22:00:00
2021-03-20 23:00:00+00:00,10.62325,59.25408,10.2,1009.6648399999999,0.8267291999999999,0.8744586000000001,0.0459294,20.1872968,0.306196,0.015309799999999998,No (reported postion),cruise,2021-03-20 23:00:00
2021-03-21 00:00:00+00:00,10.56668,59.4203516667,9.9,976.4552323783539,0.799475114717798,0.845690398868787,0.044415284150988804,19.5231046475671,0.296101894339925,0.014805094716996299,No (reported postion),cruise,2021-03-21 00:00:00
2021-03-21 01:00:00+00:00,10.6802766667,59.481195,6.3,282.63187430937296,0.23007600627213,0.24465800662058101,0.0127820003484517,5.64663748618746,0.0852133356563444,0.0042606667828172205,No (reported postion),cruise,2021-03-21 01:00:00
2021-03-21 02:00:00+00:00,10.680555,59.472965,0.0,41.76,0.0324,0.036,0.0018,0.8292,0.012,0.0006,No (reported postion),anchor,2021-03-21 02:00:00
2021-03-21 03:00:00+00:00,10.6805283333,59.472945,0.0,41.76,0.0324,0.036,0.0018,0.8292,0.012,0.0006,No (reported postion),anchor,2021-03-21 03:00:00
2021-03-21 04:00:00+00:00,10.68054,59.4729683333,0.0,41.76,0.0324,0.036,0.0018,0.8292,0.012,0.0006,No (reported postion),anchor,2021-03-21 04:00:00
2021-03-21 05:00:00+00:00,10.68055,59.4729733333,0.0,41.76,0.0324,0.036,0.0018,0.8292,0.012,0.0006,No (reported postion),anchor,2021-03-21 05:00:00
2021-03-21 06:00:00+00:00,10.6805466667,59.47297,0.0,41.76,0.0324,0.036,0.0018,0.8292,0.012,0.0006,No (reported postion),anchor,2021-03-21 06:00:00
2021-03-21 07:00:00+00:00,10.680545,59.4729516667,0.0,41.76,0.0324,0.036,0.0018,0.8292,0.012,0.0006,No (reported postion),anchor,2021-03-21 07:00:00
2021-03-21 08:00:00+00:00,10.680545,59.4729566667,0.0,41.76,0.0324,0.036,0.0018,0.8292,0.012,0.0006,No (reported postion),anchor,2021-03-21 08:00:00
2021-03-21 09:00:00+00:00,10.6805516667,59.4729783333,0.0,41.76,0.0324,0.036,0.0018,0.8292,0.012,0.0006,No (reported postion),anchor,2021-03-21 09:00:00
2021-03-21 10:00:00+00:00,10.680505,59.4730266667,0.0,41.76,0.0324,0.036,0.0018,0.8292,0.012,0.0006,No (reported postion),anchor,2021-03-21 10:00:00
2021-03-21 11:00:00+00:00,10.68056,59.47295,0.0,41.76,0.0324,0.036,0.0018,0.8292,0.012,0.0006,No (reported postion),anchor,2021-03-21 11:00:00
2021-03-21 12:00:00+00:00,10.6805433333,59.472965,0.0,41.76,0.0324,0.036,0.0018,0.8292,0.012,0.0006,No (reported postion),anchor,2021-03-21 12:00:00
2021-03-21 13:00:00+00:00,10.6805766667,59.473055,0.0,41.76,0.0324,0.036,0.0018,0.8292,0.012,0.0006,No (reported postion),anchor,2021-03-21 13:00:00
2021-03-21 14:00:00+00:00,10.6805866667,59.47305,0.0,41.76,0.0324,0.036,0.0018,0.8292,0.012,0.0006,No (reported postion),anchor,2021-03-21 14:00:00
2021-03-21 15:00:00+00:00,10.6805833333,59.4730533333,0.0,41.76,0.0324,0.036,0.0018,0.8292,0.012,0.0006,No (reported postion),anchor,2021-03-21 15:00:00
2021-03-21 16:00:00+00:00,10.68057,59.47306,0.1,41.760963306395595,0.0324076683873865,0.036000834475145196,0.00180020334841695,0.8292892021722359,0.0120021344995818,0.000600310073396042,No (reported postion),anchor,2021-03-21 16:00:00
2021-03-21 17:00:00+00:00,10.6805783333,59.4730916667,0.1,41.760963306395595,0.0324076683873865,0.036000834475145196,0.00180020334841695,0.8292892021722359,0.0120021344995818,0.000600310073396042,No (reported postion),anchor,2021-03-21 17:00:00
2021-03-21 18:00:00+00:00,10.6805883333,59.4730933333,0.0,41.76,0.0324,0.036,0.0018,0.8292,0.012,0.0006,No (reported postion),anchor,2021-03-21 18:00:00
2021-03-21 19:00:00+00:00,10.680545,59.47293,0.2,41.7677064511651,0.0324613470990922,0.0360066758011612,0.00180162678733561,0.829913617377887,0.012017075996654499,0.000602480587168335,No (reported postion),anchor,2021-03-21 19:00:00
2021-03-21 20:00:00+00:00,10.6805366667,59.4729116667,0.0,41.76,0.0324,0.036,0.0018,0.8292,0.012,0.0006,No (reported postion),anchor,2021-03-21 20:00:00
2021-03-21 21:00:00+00:00,10.6805483333,59.4729316667,0.0,41.76,0.0324,0.036,0.0018,0.8292,0.012,0.0006,No (reported postion),anchor,2021-03-21 21:00:00
2021-03-21 22:00:00+00:00,10.6805,59.4728966667,0.0,41.76,0.0324,0.036,0.0018,0.8292,0.012,0.0006,No (reported postion),anchor,2021-03-21 22:00:00
2021-03-21 23:00:00+00:00,10.6804966667,59.472955,0.0,41.76,0.0324,0.036,0.0018,0.8292,0.012,0.0006,No (reported postion),anchor,2021-03-21 23:00:00
2021-03-22 00:00:00+00:00,10.6804833333,59.4729216667,0.0,41.76,0.0324,0.036,0.0018,0.8292,0.012,0.0006,No (reported postion),anchor,2021-03-22 00:00:00
2021-03-22 01:00:00+00:00,10.6805233333,59.4729233333,0.0,41.76,0.0324,0.036,0.0018,0.8292,0.012,0.0006,No (reported postion),anchor,2021-03-22 01:00:00
2021-03-22 02:00:00+00:00,10.6805366667,59.4729383333,0.0,41.76,0.0324,0.036,0.0018,0.8292,0.012,0.0006,No (reported postion),anchor,2021-03-22 02:00:00
2021-03-22 03:00:00+00:00,10.6805416667,59.4729066667,0.0,41.76,0.0324,0.036,0.0018,0.8292,0.012,0.0006,No (reported postion),anchor,2021-03-22 03:00:00
2021-03-22 04:00:00+00:00,10.6805283333,59.4729133333,0.0,41.76,0.0324,0.036,0.0018,0.8292,0.012,0.0006,No (reported postion),anchor,2021-03-22 04:00:00
2021-03-22 05:00:00+00:00,10.680535,59.47294,0.0,41.76,0.0324,0.036,0.0018,0.8292,0.012,0.0006,No (reported postion),anchor,2021-03-22 05:00:00
2021-03-22 06:00:00+00:00,10.6805016667,59.4729316667,0.0,41.76,0.0324,0.036,0.0018,0.8292,0.012,0.0006,No (reported postion),anchor,2021-03-22 06:00:00
2021-03-22 07:00:00+00:00,10.5529583333,59.46845,10.2,1009.6648399999999,0.8267291999999999,0.8744586000000001,0.0459294,20.1872968,0.306196,0.015309799999999998,No (reported postion),cruise,2021-03-22 07:00:00
2021-03-22 08:00:00+00:00,10.5928616667,59.2987983333,10.4,1009.6648399999999,0.8267291999999999,0.8744586000000001,0.0459294,20.1872968,0.306196,0.015309799999999998,No (reported postion),cruise,2021-03-22 08:00:00
2021-03-22 09:00:00+00:00,10.5775383333,59.1320016667,10.3,1009.6648399999999,0.8267291999999999,0.8744586000000001,0.0459294,20.1872968,0.306196,0.015309799999999998,No (reported postion),cruise,2021-03-22 09:00:00
2021-03-22 10:00:00+00:00,10.3908933333,58.99418,10.4,1009.6648399999999,0.8267291999999999,0.8744586000000001,0.0459294,20.1872968,0.306196,0.015309799999999998,No (reported postion),cruise,2021-03-22 10:00:00
2021-03-22 11:00:00+00:00,10.1222033333,58.88149,11.1,1009.6648399999999,0.8267291999999999,0.8744586000000001,0.0459294,20.1872968,0.306196,0.015309799999999998,No (reported postion),cruise,2021-03-22 11:00:00
2021-03-22 12:00:00+00:00,9.854495,58.7708883333,10.2,1009.6648399999999,0.8267291999999999,0.8744586000000001,0.0459294,20.1872968,0.306196,0.015309799999999998,No (reported postion),cruise,2021-03-22 12:00:00
2021-03-22 13:00:00+00:00,9.61851,58.65826,9.7,960.906635206371,0.786714867798541,0.832221249342905,0.043706381544363404,19.212132704127402,0.29137587696242295,0.0145687938481211,No (reported postion),cruise,2021-03-22 13:00:00
2021-03-22 14:00:00+00:00,9.362455,58.5566116667,10.2,1009.6648399999999,0.8267291999999999,0.8744586000000001,0.0459294,20.1872968,0.306196,0.015309799999999998,No (reported postion),cruise,2021-03-22 14:00:00
2021-03-22 15:00:00+00:00,9.11328,58.4436283333,10.6,1009.6648399999999,0.8267291999999999,0.8744586000000001,0.0459294,20.1872968,0.306196,0.015309799999999998,No (reported postion),cruise,2021-03-22 15:00:00
2021-03-22 16:00:00+00:00,8.86079,58.3290316667,10.4,1009.6648399999999,0.8267291999999999,0.8744586000000001,0.0459294,20.1872968,0.306196,0.015309799999999998,No (reported postion),cruise,2021-03-22 16:00:00
2021-03-22 17:00:00+00:00,8.6041,58.22436,10.4,1009.6648399999999,0.8267291999999999,0.8744586000000001,0.0459294,20.1872968,0.306196,0.015309799999999998,No (reported postion),cruise,2021-03-22 17:00:00
2021-03-22 18:00:00+00:00,8.35928,58.1143883333,10.0,1005.06639563511,0.8229554006731931,0.870475145155037,0.045719744481844,20.095327912702302,0.304798296545627,0.0152399148272813,No (reported postion),cruise,2021-03-22 18:00:00
2021-03-22 19:00:00+00:00,8.0855683333,58.0432033333,10.0,1005.06639563511,0.8229554006731931,0.870475145155037,0.045719744481844,20.095327912702302,0.304798296545627,0.0152399148272813,No (reported postion),cruise,2021-03-22 19:00:00
2021-03-22 20:00:00+00:00,7.8000616667,57.9822333333,9.9,976.4552323783539,0.799475114717798,0.845690398868787,0.044415284150988804,19.5231046475671,0.296101894339925,0.014805094716996299,No (reported postion),cruise,2021-03-22 20:00:00
2021-03-22 21:00:00+00:00,7.51203,57.9409833333,9.6,894.031847248627,0.731832822969998,0.774290202023887,0.040657379053888804,17.874636944972497,0.271049193692592,0.0135524596846296,No (reported postion),cruise,2021-03-22 21:00:00
2021-03-22 22:00:00+00:00,7.20986,57.93869,9.3,816.602242473872,0.668288770419288,0.70721592433147,0.037127153912182596,16.326044849477498,0.247514359414551,0.0123757179707275,No (reported postion),cruise,2021-03-22 22:00:00
2021-03-22 23:00:00+00:00,6.9327583333,57.989455,9.4,841.866879312195,0.689022666912743,0.729101703963451,0.038279037050707995,16.831337586243897,0.255193580338053,0.0127596790169027,No (reported postion),cruise,2021-03-22 23:00:00
2021-03-23 00:00:00+00:00,6.6551233333,58.0465433333,9.4,841.866879312195,0.689022666912743,0.729101703963451,0.038279037050707995,16.831337586243897,0.255193580338053,0.0127596790169027,No (reported postion),cruise,2021-03-23 00:00:00
2021-03-23 01:00:00+00:00,6.4265716667,58.1477866667,9.7,920.943738023485,0.753918569198605,0.797602934154083,0.041884364955477996,18.4128747604697,0.279229099703187,0.0139614549851593,No (reported postion),cruise,2021-03-23 01:00:00
2021-03-23 02:00:00+00:00,6.199565,58.253705,9.6,894.031847248627,0.731832822969998,0.774290202023887,0.040657379053888804,17.874636944972497,0.271049193692592,0.0135524596846296,No (reported postion),cruise,2021-03-23 02:00:00
2021-03-23 03:00:00+00:00,5.97677,58.3599716667,9.8,948.4162731206029,0.776464418670404,0.821401330818759,0.0431369121483558,18.9623254624121,0.287579414322372,0.0143789707161186,No (reported postion),cruise,2021-03-23 03:00:00
2021-03-23 04:00:00+00:00,5.7446716667,58.4629966667,9.7,920.943738023485,0.753918569198605,0.797602934154083,0.041884364955477996,18.4128747604697,0.279229099703187,0.0139614549851593,No (reported postion),cruise,2021-03-23 04:00:00
2021-03-23 05:00:00+00:00,5.54661,58.58626,9.5,867.674820957655,0.710202436652179,0.7514581275773,0.039455690925120995,17.3474964191531,0.263037939500807,0.0131518969750403,No (reported postion),cruise,2021-03-23 05:00:00
2021-03-23 06:00:00+00:00,5.38404,58.71751,9.1,767.679763865147,0.6281396238406981,0.664836269609626,0.034896645768927696,15.3475952773029,0.232644305126185,0.0116322152563092,No (reported postion),cruise,2021-03-23 06:00:00
2021-03-23 07:00:00+00:00,5.2498583333,58.8534316667,9.1,800.6761167681079,0.655218697651639,0.693419736410063,0.036401038758424396,16.0075223353622,0.242673591722829,0.012133679586141501,No (reported postion),cruise,2021-03-23 07:00:00
2021-03-23 08:00:00+00:00,5.1395083333,58.9992533333,9.9,1018.94137930464,0.8343421653867891,0.882494507908277,0.0463523425214883,20.3728275860929,0.309015616809922,0.015450780840496099,No (reported postion),cruise,2021-03-23 08:00:00
2021-03-23 09:00:00+00:00,5.0598283333,59.1579616667,9.7,920.943738023485,0.753918569198605,0.797602934154083,0.041884364955477996,18.4128747604697,0.279229099703187,0.0139614549851593,No (reported postion),cruise,2021-03-23 09:00:00
2021-03-23 10:00:00+00:00,4.9730966667,59.3139416667,9.6,894.031847248627,0.731832822969998,0.774290202023887,0.040657379053888804,17.874636944972497,0.271049193692592,0.0135524596846296,No (reported postion),cruise,2021-03-23 10:00:00
2021-03-23 11:00:00+00:00,4.9097916667,59.47652,10.0,1009.6648399999999,0.8267291999999999,0.8744586000000001,0.0459294,20.1872968,0.306196,0.015309799999999998,No (reported postion),cruise,2021-03-23 11:00:00
2021-03-23 12:00:00+00:00,4.87205,59.642605,10.0,1009.6648399999999,0.8267291999999999,0.8744586000000001,0.0459294,20.1872968,0.306196,0.015309799999999998,No (reported postion),cruise,2021-03-23 12:00:00
2021-03-23 13:00:00+00:00,4.8293183333,59.8150383333,10.5,1009.6648399999999,0.8267291999999999,0.8744586000000001,0.0459294,20.1872968,0.306196,0.015309799999999998,No (reported postion),cruise,2021-03-23 13:00:00
2021-03-23 14:00:00+00:00,4.78019,59.993435,10.4,1009.6648399999999,0.8267291999999999,0.8744586000000001,0.0459294,20.1872968,0.306196,0.015309799999999998,No (reported postion),cruise,2021-03-23 14:00:00
2021-03-23 15:00:00+00:00,4.711705,60.1670716667,10.6,1009.6648399999999,0.8267291999999999,0.8744586000000001,0.0459294,20.1872968,0.306196,0.015309799999999998,No (reported postion),cruise,2021-03-23 15:00:00
2021-03-23 16:00:00+00:00,4.675605,60.3439716667,10.5,1009.6648399999999,0.8267291999999999,0.8744586000000001,0.0459294,20.1872968,0.306196,0.015309799999999998,No (reported postion),cruise,2021-03-23 16:00:00
2021-03-23 17:00:00+00:00,4.6029266667,60.5146283333,10.8,1009.6648399999999,0.8267291999999999,0.8744586000000001,0.0459294,20.1872968,0.306196,0.015309799999999998,No (reported postion),cruise,2021-03-23 17:00:00
2021-03-23 18:00:00+00:00,4.5535933333,60.68054,9.5,867.674820957655,0.710202436652179,0.7514581275773,0.039455690925120995,17.3474964191531,0.263037939500807,0.0131518969750403,No (reported postion),cruise,2021-03-23 18:00:00
2021-03-23 19:00:00+00:00,4.5095633333,60.8363133333,9.3,816.602242473872,0.668288770419288,0.70721592433147,0.037127153912182596,16.326044849477498,0.247514359414551,0.0123757179707275,No (reported postion),cruise,2021-03-23 19:00:00
2021-03-23 20:00:00+00:00,4.4448083333,60.9883166667,9.4,841.866879312195,0.689022666912743,0.729101703963451,0.038279037050707995,16.831337586243897,0.255193580338053,0.0127596790169027,No (reported postion),cruise,2021-03-23 20:00:00
2021-03-23 21:00:00+00:00,4.4192166667,61.1521383333,9.9,1018.94137930464,0.8343421653867891,0.882494507908277,0.0463523425214883,20.3728275860929,0.309015616809922,0.015450780840496099,No (reported postion),cruise,2021-03-23 21:00:00
2021-03-23 22:00:00+00:00,4.4115466667,61.3143116667,9.2,791.875130604314,0.6479960038394069,0.685795781830485,0.035999777991078195,15.8315026120863,0.239998519940521,0.0119999259970261,No (reported postion),cruise,2021-03-23 22:00:00
2021-03-23 23:00:00+00:00,4.413165,61.4685916667,9.0,775.930833436997,0.634911018322155,0.671983852673386,0.0352728343512309,15.5126166687399,0.235152229008206,0.0117576114504103,No (reported postion),cruise,2021-03-23 23:00:00
2021-03-24 00:00:00+00:00,4.4633133333,61.61843,10.1,1009.6648399999999,0.8267291999999999,0.8744586000000001,0.0459294,20.1872968,0.306196,0.015309799999999998,No (reported postion),cruise,2021-03-24 00:00:00
2021-03-24 01:00:00+00:00,4.5524116667,61.774365,9.7,960.906635206371,0.786714867798541,0.832221249342905,0.043706381544363404,19.212132704127402,0.29137587696242295,0.0145687938481211,No (reported postion),cruise,2021-03-24 01:00:00
2021-03-24 02:00:00+00:00,4.6817433333,61.9238866667,9.9,976.4552323783539,0.799475114717798,0.845690398868787,0.044415284150988804,19.5231046475671,0.296101894339925,0.014805094716996299,No (reported postion),cruise,2021-03-24 02:00:00
2021-03-24 03:00:00+00:00,4.8284616667,62.07489,10.2,1009.6648399999999,0.8267291999999999,0.8744586000000001,0.0459294,20.1872968,0.306196,0.015309799999999998,No (reported postion),cruise,2021-03-24 03:00:00
2021-03-24 04:00:00+00:00,5.0219583333,62.2152066667,10.0,1005.06639563511,0.8229554006731931,0.870475145155037,0.045719744481844,20.095327912702302,0.304798296545627,0.0152399148272813,No (reported postion),cruise,2021-03-24 04:00:00
2021-03-24 05:00:00+00:00,5.2391816667,62.3464033333,10.4,1009.6648399999999,0.8267291999999999,0.8744586000000001,0.0459294,20.1872968,0.306196,0.015309799999999998,No (reported postion),cruise,2021-03-24 05:00:00
2021-03-24 06:00:00+00:00,5.484085,62.476835,9.3,816.602242473872,0.668288770419288,0.70721592433147,0.037127153912182596,16.326044849477498,0.247514359414551,0.0123757179707275,No (reported postion),cruise,2021-03-24 06:00:00
2021-03-24 07:00:00+00:00,5.7105916667,62.5896233333,9.1,800.6761167681079,0.655218697651639,0.693419736410063,0.036401038758424396,16.0075223353622,0.242673591722829,0.012133679586141501,No (reported postion),cruise,2021-03-24 07:00:00
2021-03-24 08:00:00+00:00,5.9609033333,62.70759,10.6,1009.6648399999999,0.8267291999999999,0.8744586000000001,0.0459294,20.1872968,0.306196,0.015309799999999998,No (reported postion),cruise,2021-03-24 08:00:00
2021-03-24 09:00:00+00:00,6.229355,62.843275,11.7,1009.6648399999999,0.8267291999999999,0.8744586000000001,0.0459294,20.1872968,0.306196,0.015309799999999998,No (reported postion),cruise,2021-03-24 09:00:00
2021-03-24 10:00:00+00:00,6.53907,62.9518,10.3,1009.6648399999999,0.8267291999999999,0.8744586000000001,0.0459294,20.1872968,0.306196,0.015309799999999998,No (reported postion),cruise,2021-03-24 10:00:00
2021-03-24 11:00:00+00:00,6.8370833333,63.0570316667,10.1,1009.6648399999999,0.8267291999999999,0.8744586000000001,0.0459294,20.1872968,0.306196,0.015309799999999998,No (reported postion),cruise,2021-03-24 11:00:00
2021-03-24 12:00:00+00:00,7.14014,63.163905,10.6,1009.6648399999999,0.8267291999999999,0.8744586000000001,0.0459294,20.1872968,0.306196,0.015309799999999998,No (reported postion),cruise,2021-03-24 12:00:00
2021-03-24 13:00:00+00:00,7.458155,63.233395,10.3,1009.6648399999999,0.8267291999999999,0.8744586000000001,0.0459294,20.1872968,0.306196,0.015309799999999998,No (reported postion),cruise,2021-03-24 13:00:00
2021-03-24 14:00:00+00:00,7.8094616667,63.2253866667,10.3,1009.6648399999999,0.8267291999999999,0.8744586000000001,0.0459294,20.1872968,0.306196,0.015309799999999998,No (reported postion),cruise,2021-03-24 14:00:00
2021-03-24 15:00:00+00:00,8.1697783333,63.2836183333,11.1,1009.6648399999999,0.8267291999999999,0.8744586000000001,0.0459294,20.1872968,0.306196,0.015309799999999998,No (reported postion),cruise,2021-03-24 15:00:00
2021-03-24 16:00:00+00:00,8.5072,63.3887866667,11.1,1009.6648399999999,0.8267291999999999,0.8744586000000001,0.0459294,20.1872968,0.306196,0.015309799999999998,No (reported postion),cruise,2021-03-24 16:00:00
2021-03-24 17:00:00+00:00,8.8887733333,63.4610316667,11.2,1009.6648399999999,0.8267291999999999,0.8744586000000001,0.0459294,20.1872968,0.306196,0.015309799999999998,No (reported postion),cruise,2021-03-24 17:00:00
2021-03-24 18:00:00+00:00,9.2808583333,63.544065,11.7,1009.6648399999999,0.8267291999999999,0.8744586000000001,0.0459294,20.1872968,0.306196,0.015309799999999998,No (reported postion),cruise,2021-03-24 18:00:00
2021-03-24 19:00:00+00:00,9.6362666667,63.63868,11.1,1009.6648399999999,0.8267291999999999,0.8744586000000001,0.0459294,20.1872968,0.306196,0.015309799999999998,No (reported postion),cruise,2021-03-24 19:00:00
2021-03-24 20:00:00+00:00,9.8694833333,63.548305,10.3,1009.6648399999999,0.8267291999999999,0.8744586000000001,0.0459294,20.1872968,0.306196,0.015309799999999998,No (reported postion),cruise,2021-03-24 20:00:00
2021-03-24 21:00:00+00:00,10.1627916667,63.46855,10.3,1009.6648399999999,0.8267291999999999,0.8744586000000001,0.0459294,20.1872968,0.306196,0.015309799999999998,No (reported postion),cruise,2021-03-24 21:00:00
2021-03-24 22:00:00+00:00,10.3675983333,63.4327716667,0.0,41.76,0.0324,0.036,0.0018,0.8292,0.012,0.0006,No (reported postion),anchor,2021-03-24 22:00:00
2021-03-24 23:00:00+00:00,10.3675683333,63.4327516667,0.0,41.76,0.0324,0.036,0.0018,0.8292,0.012,0.0006,No (reported postion),anchor,2021-03-24 23:00:00
2021-03-25 00:00:00+00:00,10.3675783333,63.4327633333,0.0,41.76,0.0324,0.036,0.0018,0.8292,0.012,0.0006,No (reported postion),anchor,2021-03-25 00:00:00
2021-03-25 01:00:00+00:00,10.3675783333,63.4327733333,0.0,41.76,0.0324,0.036,0.0018,0.8292,0.012,0.0006,No (reported postion),anchor,2021-03-25 01:00:00
2021-03-25 02:00:00+00:00,10.3676166667,63.4327483333,0.0,41.76,0.0324,0.036,0.0018,0.8292,0.012,0.0006,No (reported postion),anchor,2021-03-25 02:00:00
2021-03-25 03:00:00+00:00,10.3675966667,63.4327383333,0.0,41.76,0.0324,0.036,0.0018,0.8292,0.012,0.0006,No (reported postion),anchor,2021-03-25 03:00:00
2021-03-25 04:00:00+00:00,10.3676083333,63.432805,0.0,41.76,0.0324,0.036,0.0018,0.8292,0.012,0.0006,No (reported postion),anchor,2021-03-25 04:00:00
2021-03-25 05:00:00+00:00,10.3676,63.432795,0.0,41.76,0.0324,0.036,0.0018,0.8292,0.012,0.0006,No (reported postion),anchor,2021-03-25 05:00:00
2021-03-25 06:00:00+00:00,10.36759,63.4327683333,0.0,41.76,0.0324,0.036,0.0018,0.8292,0.012,0.0006,No (reported postion),anchor,2021-03-25 06:00:00
2021-03-25 07:00:00+00:00,10.3676083333,63.432775,0.1,41.760963306395595,0.0324076683873865,0.036000834475145196,0.00180020334841695,0.8292892021722359,0.0120021344995818,0.000600310073396042,No (reported postion),anchor,2021-03-25 07:00:00
2021-03-25 08:00:00+00:00,10.3676,63.43276,0.2,41.7677064511651,0.0324613470990922,0.0360066758011612,0.00180162678733561,0.829913617377887,0.012017075996654499,0.000602480587168335,No (reported postion),anchor,2021-03-25 08:00:00
2021-03-25 09:00:00+00:00,10.3676183333,63.4327483333,0.1,41.760963306395595,0.0324076683873865,0.036000834475145196,0.00180020334841695,0.8292892021722359,0.0120021344995818,0.000600310073396042,No (reported postion),anchor,2021-03-25 09:00:00
2021-03-25 10:00:00+00:00,10.3676216667,63.4327783333,0.0,41.76,0.0324,0.036,0.0018,0.8292,0.012,0.0006,No (reported postion),anchor,2021-03-25 10:00:00
2021-03-25 11:00:00+00:00,10.3673733333,63.4328533333,0.1,41.760963306395595,0.0324076683873865,0.036000834475145196,0.00180020334841695,0.8292892021722359,0.0120021344995818,0.000600310073396042,No (reported postion),anchor,2021-03-25 11:00:00
2021-03-25 12:00:00+00:00,10.3673416667,63.432845,0.0,41.76,0.0324,0.036,0.0018,0.8292,0.012,0.0006,No (reported postion),anchor,2021-03-25 12:00:00
2021-03-25 13:00:00+00:00,10.3673616667,63.4328466667,0.0,41.76,0.0324,0.036,0.0018,0.8292,0.012,0.0006,No (reported postion),anchor,2021-03-25 13:00:00
2021-03-25 14:00:00+00:00,10.3671216667,63.43289,0.0,41.76,0.0324,0.036,0.0018,0.8292,0.012,0.0006,No (reported postion),anchor,2021-03-25 14:00:00
2021-03-25 15:00:00+00:00,10.3671583333,63.4328966667,0.1,41.760963306395595,0.0324076683873865,0.036000834475145196,0.00180020334841695,0.8292892021722359,0.0120021344995818,0.000600310073396042,No (reported postion),anchor,2021-03-25 15:00:00
2021-03-25 16:00:00+00:00,10.36714,63.4328983333,0.1,41.760963306395595,0.0324076683873865,0.036000834475145196,0.00180020334841695,0.8292892021722359,0.0120021344995818,0.000600310073396042,No (reported postion),anchor,2021-03-25 16:00:00
2021-03-25 17:00:00+00:00,10.3671516667,63.4328766667,0.0,41.76,0.0324,0.036,0.0018,0.8292,0.012,0.0006,No (reported postion),anchor,2021-03-25 17:00:00
2021-03-25 18:00:00+00:00,10.3671383333,63.4328833333,0.1,41.760963306395595,0.0324076683873865,0.036000834475145196,0.00180020334841695,0.8292892021722359,0.0120021344995818,0.000600310073396042,No (reported postion),anchor,2021-03-25 18:00:00
2021-03-25 19:00:00+00:00,10.3671816667,63.4328816667,0.1,41.760963306395595,0.0324076683873865,0.036000834475145196,0.00180020334841695,0.8292892021722359,0.0120021344995818,0.000600310073396042,No (reported postion),anchor,2021-03-25 19:00:00
2021-03-25 20:00:00+00:00,10.3673816667,63.432825,0.1,41.760963306395595,0.0324076683873865,0.036000834475145196,0.00180020334841695,0.8292892021722359,0.0120021344995818,0.000600310073396042,No (reported postion),anchor,2021-03-25 20:00:00
2021-03-25 21:00:00+00:00,10.367435,63.432835,0.0,41.76,0.0324,0.036,0.0018,0.8292,0.012,0.0006,No (reported postion),anchor,2021-03-25 21:00:00
2021-03-25 22:00:00+00:00,10.3674166667,63.43283,0.0,41.76,0.0324,0.036,0.0018,0.8292,0.012,0.0006,No (reported postion),anchor,2021-03-25 22:00:00
2021-03-25 23:00:00+00:00,10.1899516667,63.4669133333,10.9,1009.6648399999999,0.8267291999999999,0.8744586000000001,0.0459294,20.1872968,0.306196,0.015309799999999998,No (reported postion),cruise,2021-03-25 23:00:00
2021-03-26 00:00:00+00:00,9.864265,63.5536333333,11.1,1009.6648399999999,0.8267291999999999,0.8744586000000001,0.0459294,20.1872968,0.306196,0.015309799999999998,No (reported postion),cruise,2021-03-26 00:00:00
2021-03-26 01:00:00+00:00,9.6037833333,63.6385633333,10.8,1009.6648399999999,0.8267291999999999,0.8744586000000001,0.0459294,20.1872968,0.306196,0.015309799999999998,No (reported postion),cruise,2021-03-26 01:00:00
2021-03-26 02:00:00+00:00,9.27193,63.5474966667,10.6,1009.6648399999999,0.8267291999999999,0.8744586000000001,0.0459294,20.1872968,0.306196,0.015309799999999998,No (reported postion),cruise,2021-03-26 02:00:00
2021-03-26 03:00:00+00:00,8.9238516667,63.4676316667,10.8,1009.6648399999999,0.8267291999999999,0.8744586000000001,0.0459294,20.1872968,0.306196,0.015309799999999998,No (reported postion),cruise,2021-03-26 03:00:00
2021-03-26 04:00:00+00:00,8.5591716667,63.4042733333,10.7,1009.6648399999999,0.8267291999999999,0.8744586000000001,0.0459294,20.1872968,0.306196,0.015309799999999998,No (reported postion),cruise,2021-03-26 04:00:00
2021-03-26 05:00:00+00:00,8.2431433333,63.308195,10.2,1009.6648399999999,0.8267291999999999,0.8744586000000001,0.0459294,20.1872968,0.306196,0.015309799999999998,No (reported postion),cruise,2021-03-26 05:00:00
2021-03-26 06:00:00+00:00,7.9171666667,63.220505,10.2,1009.6648399999999,0.8267291999999999,0.8744586000000001,0.0459294,20.1872968,0.306196,0.015309799999999998,No (reported postion),cruise,2021-03-26 06:00:00
2021-03-26 07:00:00+00:00,7.6811333333,63.1041916667,10.4,1009.6648399999999,0.8267291999999999,0.8744586000000001,0.0459294,20.1872968,0.306196,0.015309799999999998,No (reported postion),cruise,2021-03-26 07:00:00
2021-03-26 08:00:00+00:00,7.637,62.9638066667,10.6,1009.6648399999999,0.8267291999999999,0.8744586000000001,0.0459294,20.1872968,0.306196,0.015309799999999998,No (reported postion),cruise,2021-03-26 08:00:00
2021-03-26 09:00:00+00:00,7.40411,62.9572983333,0.0,41.76,0.0324,0.036,0.0018,0.8292,0.012,0.0006,No (reported postion),anchor,2021-03-26 09:00:00
2021-03-26 10:00:00+00:00,7.4040216667,62.95738,0.4,41.821651609320604,0.0328907767927379,0.0360534064092899,0.00181301429868486,0.8349089390230919,0.0121366079732363,0.000619844697346676,No (reported postion),anchor,2021-03-26 10:00:00
2021-03-26 11:00:00+00:00,7.40408,62.957275,0.2,41.7677064511651,0.0324613470990922,0.0360066758011612,0.00180162678733561,0.829913617377887,0.012017075996654499,0.000602480587168335,No (reported postion),anchor,2021-03-26 11:00:00
2021-03-26 12:00:00+00:00,7.4040816667,62.9572766667,0.1,41.760963306395595,0.0324076683873865,0.036000834475145196,0.00180020334841695,0.8292892021722359,0.0120021344995818,0.000600310073396042,No (reported postion),anchor,2021-03-26 12:00:00
2021-03-26 13:00:00+00:00,7.4040816667,62.9572866667,0.1,41.760963306395595,0.0324076683873865,0.036000834475145196,0.00180020334841695,0.8292892021722359,0.0120021344995818,0.000600310073396042,No (reported postion),anchor,2021-03-26 13:00:00
2021-03-26 14:00:00+00:00,7.404045,62.9572716667,0.4,41.821651609320604,0.0328907767927379,0.0360534064092899,0.00181301429868486,0.8349089390230919,0.0121366079732363,0.000619844697346676,No (reported postion),anchor,2021-03-26 14:00:00
2021-03-26 15:00:00+00:00,7.4040683333,62.9573033333,0.0,41.76,0.0324,0.036,0.0018,0.8292,0.012,0.0006,No (reported postion),anchor,2021-03-26 15:00:00
2021-03-26 16:00:00+00:00,7.404075,62.9572966667,0.2,41.7677064511651,0.0324613470990922,0.0360066758011612,0.00180162678733561,0.829913617377887,0.012017075996654499,0.000602480587168335,No (reported postion),anchor,2021-03-26 16:00:00
2021-03-26 17:00:00+00:00,7.4040716667,62.9572983333,0.0,41.76,0.0324,0.036,0.0018,0.8292,0.012,0.0006,No (reported postion),anchor,2021-03-26 17:00:00
2021-03-26 18:00:00+00:00,7.4040983333,62.957285,0.0,41.76,0.0324,0.036,0.0018,0.8292,0.012,0.0006,No (reported postion),anchor,2021-03-26 18:00:00
2021-03-26 19:00:00+00:00,7.3470083333,62.9781716667,9.8,948.4162731206029,0.776464418670404,0.821401330818759,0.0431369121483558,18.9623254624121,0.287579414322372,0.0143789707161186,No (reported postion),cruise,2021-03-26 19:00:00
2021-03-26 20:00:00+00:00,7.1253183333,63.0210066667,9.2,791.875130604314,0.6479960038394069,0.685795781830485,0.035999777991078195,15.8315026120863,0.239998519940521,0.0119999259970261,No (reported postion),cruise,2021-03-26 20:00:00
2021-03-26 21:00:00+00:00,6.8226633333,62.97201,9.2,791.875130604314,0.6479960038394069,0.685795781830485,0.035999777991078195,15.8315026120863,0.239998519940521,0.0119999259970261,No (reported postion),cruise,2021-03-26 21:00:00
2021-03-26 22:00:00+00:00,6.547745,62.92314,7.3,416.50256411078504,0.339939490303683,0.36062501754277704,0.018885527239093498,8.32405128221569,0.12590351492729002,0.00629517574636451,No (reported postion),cruise,2021-03-26 22:00:00
2021-03-26 23:00:00+00:00,6.3190066667,62.8651766667,6.5,306.308018901293,0.24950627690987598,0.265167736738202,0.0138614598283264,6.12016037802586,0.0924097321888428,0.00462048660944214,No (reported postion),cruise,2021-03-26 23:00:00
2021-03-27 00:00:00+00:00,6.1324783333,62.7952033333,6.9,358.21482072369497,0.29210456411975,0.31013259545973604,0.0162280313399861,7.1582964144739,0.108186875599907,0.00540934377999537,No (reported postion),cruise,2021-03-27 00:00:00
2021-03-27 01:00:00+00:00,5.9407933333,62.703065,7.8,519.678021055135,0.424612357704822,0.45000193313286796,0.023589575428045698,10.3875604211027,0.15726383618697098,0.00786319180934856,No (reported postion),cruise,2021-03-27 01:00:00
2021-03-27 02:00:00+00:00,5.763005,62.599935,8.5,660.241019320296,0.539968009776535,0.5717662325418981,0.029998222765363,13.198820386405899,0.19998815176908702,0.00999940758845435,No (reported postion),cruise,2021-03-27 02:00:00
2021-03-27 03:00:00+00:00,5.552945,62.503995,8.3,617.602713770151,0.504976087288574,0.534830314360162,0.028054227071587397,12.346054275402999,0.18702818047725,0.00935140902386248,No (reported postion),cruise,2021-03-27 03:00:00
2021-03-27 04:00:00+00:00,5.3596333333,62.397255,8.4,612.715553918514,0.500965348200604,0.530596756433971,0.0278314082333669,12.2483110783703,0.185542721555779,0.00927713607778897,No (reported postion),cruise,2021-03-27 04:00:00
2021-03-27 05:00:00+00:00,5.1559566667,62.291685,8.4,612.715553918514,0.500965348200604,0.530596756433971,0.0278314082333669,12.2483110783703,0.185542721555779,0.00927713607778897,No (reported postion),cruise,2021-03-27 05:00:00
2021-03-27 06:00:00+00:00,4.972205,62.1920333333,7.5,448.154885658563,0.365915559659003,0.388044201862281,0.020328642203278,8.95709771317126,0.135524281355186,0.006776214067759321,No (reported postion),cruise,2021-03-27 06:00:00
2021-03-27 07:00:00+00:00,4.8611116667,62.0750216667,7.5,448.154885658563,0.365915559659003,0.388044201862281,0.020328642203278,8.95709771317126,0.135524281355186,0.006776214067759321,No (reported postion),cruise,2021-03-27 07:00:00
2021-03-27 08:00:00+00:00,4.75795,61.9604916667,7.9,538.296150270156,0.439891673473988,0.466130099778098,0.0244384263041104,10.759923005403099,0.16292284202740298,0.00814614210137015,No (reported postion),cruise,2021-03-27 08:00:00
2021-03-27 09:00:00+00:00,4.6570316667,61.8452816667,7.4,432.114870864843,0.352752021682394,0.374149356220305,0.0195973345379108,8.636297417296861,0.13064889691940498,0.00653244484597026,No (reported postion),cruise,2021-03-27 09:00:00
2021-03-27 10:00:00+00:00,4.5561116667,61.724525,8.2,597.038880782565,0.488099993347394,0.517016659644471,0.027116666297077402,11.9347776156513,0.18077777531384998,0.00903888876569248,No (reported postion),cruise,2021-03-27 10:00:00
2021-03-27 11:00:00+00:00,4.498675,61.5962366667,8.1,553.70051420272,0.45253355268916196,0.47947430561633797,0.0251407529271757,11.0680102840544,0.167605019514505,0.00838025097572523,No (reported postion),cruise,2021-03-27 11:00:00
2021-03-27 12:00:00+00:00,4.4845583333,61.46112,8.5,660.241019320296,0.539968009776535,0.5717662325418981,0.029998222765363,13.198820386405899,0.19998815176908702,0.00999940758845435,No (reported postion),cruise,2021-03-27 12:00:00
2021-03-27 13:00:00+00:00,4.466165,61.3256233333,8.1,553.70051420272,0.45253355268916196,0.47947430561633797,0.0251407529271757,11.0680102840544,0.167605019514505,0.00838025097572523,No (reported postion),cruise,2021-03-27 13:00:00
2021-03-27 14:00:00+00:00,4.4543266667,61.1873633333,8.0,557.3916415908669,0.455562745378523,0.482671786788441,0.025309041409918,11.1418328318173,0.168726942732786,0.00843634713663932,No (reported postion),cruise,2021-03-27 14:00:00
2021-03-27 15:00:00+00:00,4.44395,61.0528316667,8.2,597.038880782565,0.488099993347394,0.517016659644471,0.027116666297077402,11.9347776156513,0.18077777531384998,0.00903888876569248,No (reported postion),cruise,2021-03-27 15:00:00
2021-03-27 16:00:00+00:00,4.4662216667,60.941695,7.5,448.154885658563,0.365915559659003,0.388044201862281,0.020328642203278,8.95709771317126,0.135524281355186,0.006776214067759321,No (reported postion),cruise,2021-03-27 16:00:00
2021-03-27 17:00:00+00:00,4.5090066667,60.8266183333,7.1,386.537955368159,0.315348474010343,0.33466783367758396,0.0175193596672413,7.7247591073631705,0.116795731114942,0.00583978655574709,No (reported postion),cruise,2021-03-27 17:00:00
2021-03-27 18:00:00+00:00,4.5422466667,60.7082166667,8.0,534.9728745651779,0.437164365144675,0.46325127431937896,0.0242869091747041,10.6934574913036,0.161912727831361,0.00809563639156805,No (reported postion),cruise,2021-03-27 18:00:00
2021-03-27 19:00:00+00:00,4.585725,60.575555,8.3,617.602713770151,0.504976087288574,0.534830314360162,0.028054227071587397,12.346054275402999,0.18702818047725,0.00935140902386248,No (reported postion),cruise,2021-03-27 19:00:00
2021-03-27 20:00:00+00:00,4.626495,60.4412583333,8.5,660.241019320296,0.539968009776535,0.5717662325418981,0.029998222765363,13.198820386405899,0.19998815176908702,0.00999940758845435,No (reported postion),cruise,2021-03-27 20:00:00
2021-03-27 21:00:00+00:00,4.6679133333,60.301815,8.7,704.933794692404,0.576645971328113,0.610481858624119,0.0320358872960063,14.0926758938481,0.213572581973375,0.0106786290986688,No (reported postion),cruise,2021-03-27 21:00:00
2021-03-27 22:00:00+00:00,4.714185,60.1578766667,8.3,617.602713770151,0.504976087288574,0.534830314360162,0.028054227071587397,12.346054275402999,0.18702818047725,0.00935140902386248,No (reported postion),cruise,2021-03-27 22:00:00
2021-03-27 23:00:00+00:00,4.7712916667,60.01389,8.7,704.933794692404,0.576645971328113,0.610481858624119,0.0320358872960063,14.0926758938481,0.213572581973375,0.0106786290986688,No (reported postion),cruise,2021-03-27 23:00:00
2021-03-28 00:00:00+00:00,4.7980133333,59.8634383333,9.1,800.6761167681079,0.655218697651639,0.693419736410063,0.036401038758424396,16.0075223353622,0.242673591722829,0.012133679586141501,No (reported postion),cruise,2021-03-28 00:00:00
2021-03-28 01:00:00+00:00,4.841525,59.7118233333,9.1,800.6761167681079,0.655218697651639,0.693419736410063,0.036401038758424396,16.0075223353622,0.242673591722829,0.012133679586141501,No (reported postion),cruise,2021-03-28 01:00:00
2021-03-28 02:00:00+00:00,4.8854083333,59.5702016667,9.1,800.6761167681079,0.655218697651639,0.693419736410063,0.036401038758424396,16.0075223353622,0.242673591722829,0.012133679586141501,No (reported postion),cruise,2021-03-28 02:00:00
2021-03-28 03:00:00+00:00,4.9268683333,59.42247,9.1,767.679763865147,0.6281396238406981,0.664836269609626,0.034896645768927696,15.3475952773029,0.232644305126185,0.0116322152563092,No (reported postion),cruise,2021-03-28 03:00:00
2021-03-28 04:00:00+00:00,4.9822683333,59.2785933333,8.4,612.715553918514,0.500965348200604,0.530596756433971,0.0278314082333669,12.2483110783703,0.185542721555779,0.00927713607778897,No (reported postion),cruise,2021-03-28 04:00:00
2021-03-28 05:00:00+00:00,5.088675,59.1526016667,8.0,534.9728745651779,0.437164365144675,0.46325127431937896,0.0242869091747041,10.6934574913036,0.161912727831361,0.00809563639156805,No (reported postion),cruise,2021-03-28 05:00:00
2021-03-28 06:00:00+00:00,5.1853966667,59.0280533333,7.9,538.296150270156,0.439891673473988,0.466130099778098,0.0244384263041104,10.759923005403099,0.16292284202740298,0.00814614210137015,No (reported postion),cruise,2021-03-28 06:00:00
2021-03-28 07:00:00+00:00,5.2855733333,58.9071383333,7.9,516.70762199754,0.42217464419251,0.447428791092094,0.0234541468995839,10.3281524399508,0.15636097933055898,0.00781804896652797,No (reported postion),cruise,2021-03-28 07:00:00
2021-03-28 08:00:00+00:00,5.3770333333,58.7812966667,7.8,498.898976661434,0.407559646500265,0.432001849083613,0.022642202583348103,9.97197953322868,0.15094801722232,0.00754740086111602,No (reported postion),cruise,2021-03-28 08:00:00
2021-03-28 09:00:00+00:00,5.4969316667,58.66049,8.3,592.566074041014,0.48442930088472297,0.513142039822763,0.0269127389380402,11.8453214808203,0.179418259586934,0.00897091297934672,No (reported postion),cruise,2021-03-28 09:00:00
2021-03-28 10:00:00+00:00,5.6281633333,58.53681,8.4,612.715553918514,0.500965348200604,0.530596756433971,0.0278314082333669,12.2483110783703,0.185542721555779,0.00927713607778897,No (reported postion),cruise,2021-03-28 10:00:00
2021-03-28 11:00:00+00:00,5.8313016667,58.434565,8.6,654.476812782087,0.5352375059305879,0.566772922926732,0.0297354169961438,13.0835362556417,0.198236113307625,0.00991180566538127,No (reported postion),cruise,2021-03-28 11:00:00
2021-03-28 12:00:00+00:00,6.0443016667,58.3338566667,9.2,791.875130604314,0.6479960038394069,0.685795781830485,0.035999777991078195,15.8315026120863,0.239998519940521,0.0119999259970261,No (reported postion),cruise,2021-03-28 12:00:00
2021-03-28 13:00:00+00:00,6.2704083333,58.2235233333,10.1,1009.6648399999999,0.8267291999999999,0.8744586000000001,0.0459294,20.1872968,0.306196,0.015309799999999998,No (reported postion),cruise,2021-03-28 13:00:00
2021-03-28 14:00:00+00:00,6.49758,58.11075,9.1,767.679763865147,0.6281396238406981,0.664836269609626,0.034896645768927696,15.3475952773029,0.232644305126185,0.0116322152563092,No (reported postion),cruise,2021-03-28 14:00:00
2021-03-28 15:00:00+00:00,6.748465,58.023915,10.0,1005.06639563511,0.8229554006731931,0.870475145155037,0.045719744481844,20.095327912702302,0.304798296545627,0.0152399148272813,No (reported postion),cruise,2021-03-28 15:00:00
2021-03-28 16:00:00+00:00,7.0472283333,57.9683816667,10.6,1009.6648399999999,0.8267291999999999,0.8744586000000001,0.0459294,20.1872968,0.306196,0.015309799999999998,No (reported postion),cruise,2021-03-28 16:00:00
2021-03-28 17:00:00+00:00,7.3510816667,57.941775,9.4,841.866879312195,0.689022666912743,0.729101703963451,0.038279037050707995,16.831337586243897,0.255193580338053,0.0127596790169027,No (reported postion),cruise,2021-03-28 17:00:00
2021-03-28 18:00:00+00:00,7.6478883333,57.9529916667,9.9,976.4552323783539,0.799475114717798,0.845690398868787,0.044415284150988804,19.5231046475671,0.296101894339925,0.014805094716996299,No (reported postion),cruise,2021-03-28 18:00:00
2021-03-28 19:00:00+00:00,7.9299266667,58.0088616667,9.5,867.674820957655,0.710202436652179,0.7514581275773,0.039455690925120995,17.3474964191531,0.263037939500807,0.0131518969750403,No (reported postion),cruise,2021-03-28 19:00:00
2021-03-28 20:00:00+00:00,8.2181516667,58.061825,9.1,767.679763865147,0.6281396238406981,0.664836269609626,0.034896645768927696,15.3475952773029,0.232644305126185,0.0116322152563092,No (reported postion),cruise,2021-03-28 20:00:00
2021-03-28 21:00:00+00:00,8.49122,58.1123433333,9.1,800.6761167681079,0.655218697651639,0.693419736410063,0.036401038758424396,16.0075223353622,0.242673591722829,0.012133679586141501,No (reported postion),cruise,2021-03-28 21:00:00
2021-03-28 22:00:00+00:00,8.7455866667,58.1659333333,9.1,800.6761167681079,0.655218697651639,0.693419736410063,0.036401038758424396,16.0075223353622,0.242673591722829,0.012133679586141501,No (reported postion),cruise,2021-03-28 22:00:00
2021-03-28 23:00:00+00:00,8.9751883333,58.2541316667,9.1,800.6761167681079,0.655218697651639,0.693419736410063,0.036401038758424396,16.0075223353622,0.242673591722829,0.012133679586141501,No (reported postion),cruise,2021-03-28 23:00:00
2021-03-29 00:00:00+00:00,9.2123116667,58.3530833333,10.1,1009.6648399999999,0.8267291999999999,0.8744586000000001,0.0459294,20.1872968,0.306196,0.015309799999999998,No (reported postion),cruise,2021-03-29 00:00:00
2021-03-29 01:00:00+00:00,9.4486716667,58.4681016667,10.1,1009.6648399999999,0.8267291999999999,0.8744586000000001,0.0459294,20.1872968,0.306196,0.015309799999999998,No (reported postion),cruise,2021-03-29 01:00:00
2021-03-29 02:00:00+00:00,9.7004683333,58.58021,10.7,1009.6648399999999,0.8267291999999999,0.8744586000000001,0.0459294,20.1872968,0.306196,0.015309799999999998,No (reported postion),cruise,2021-03-29 02:00:00
2021-03-29 03:00:00+00:00,9.961265,58.68487,10.3,1009.6648399999999,0.8267291999999999,0.8744586000000001,0.0459294,20.1872968,0.306196,0.015309799999999998,No (reported postion),cruise,2021-03-29 03:00:00
2021-03-29 04:00:00+00:00,10.213175,58.790695,10.1,1009.6648399999999,0.8267291999999999,0.8744586000000001,0.0459294,20.1872968,0.306196,0.015309799999999998,No (reported postion),cruise,2021-03-29 04:00:00
2021-03-29 05:00:00+00:00,10.4523083333,58.8983866667,9.7,960.906635206371,0.786714867798541,0.832221249342905,0.043706381544363404,19.212132704127402,0.29137587696242295,0.0145687938481211,No (reported postion),cruise,2021-03-29 05:00:00
2021-03-29 06:00:00+00:00,10.6973183333,58.9996216667,10.4,1009.6648399999999,0.8267291999999999,0.8744586000000001,0.0459294,20.1872968,0.306196,0.015309799999999998,No (reported postion),cruise,2021-03-29 06:00:00
2021-03-29 07:00:00+00:00,10.9696133333,59.0344983333,9.9,976.4552323783539,0.799475114717798,0.845690398868787,0.044415284150988804,19.5231046475671,0.296101894339925,0.014805094716996299,No (reported postion),cruise,2021-03-29 07:00:00
2021-03-29 08:00:00+00:00,10.9627583333,59.148865,4.3,118.349601597761,0.18639398619124298,0.102346615365842,0.006514101618099269,2.8971192431395396,0.049480017803159596,0.00403372833910934,No (reported postion),cruise,2021-03-29 08:00:00
2021-03-29 09:00:00+00:00,11.017905,59.253035,8.2,572.896320748541,0.468286950158377,0.49610289183384204,0.0260159416754654,11.4519264149708,0.173439611169769,0.00867198055848846,No (reported postion),cruise,2021-03-29 09:00:00
2021-03-29 10:00:00+00:00,11.0967466667,59.2710416667,0.0,41.76,0.0324,0.036,0.0018,0.8292,0.012,0.0006,No (reported postion),anchor,2021-03-29 10:00:00
2021-03-29 11:00:00+00:00,11.0967433333,59.2710033333,0.0,41.76,0.0324,0.036,0.0018,0.8292,0.012,0.0006,No (reported postion),anchor,2021-03-29 11:00:00
2021-03-29 12:00:00+00:00,11.096775,59.271115,0.1,41.760963306395595,0.0324076683873865,0.036000834475145196,0.00180020334841695,0.8292892021722359,0.0120021344995818,0.000600310073396042,No (reported postion),anchor,2021-03-29 12:00:00
2021-03-29 13:00:00+00:00,11.0967016667,59.2710416667,0.1,41.760963306395595,0.0324076683873865,0.036000834475145196,0.00180020334841695,0.8292892021722359,0.0120021344995818,0.000600310073396042,No (reported postion),anchor,2021-03-29 13:00:00
2021-03-29 14:00:00+00:00,11.096745,59.27104,0.0,41.76,0.0324,0.036,0.0018,0.8292,0.012,0.0006,No (reported postion),anchor,2021-03-29 14:00:00
2021-03-29 15:00:00+00:00,11.096735,59.2710466667,0.0,41.76,0.0324,0.036,0.0018,0.8292,0.012,0.0006,No (reported postion),anchor,2021-03-29 15:00:00
2021-03-29 16:00:00+00:00,11.0967183333,59.27104,0.1,41.760963306395595,0.0324076683873865,0.036000834475145196,0.00180020334841695,0.8292892021722359,0.0120021344995818,0.000600310073396042,No (reported postion),anchor,2021-03-29 16:00:00
2021-03-29 17:00:00+00:00,11.0967316667,59.2710216667,0.1,41.760963306395595,0.0324076683873865,0.036000834475145196,0.00180020334841695,0.8292892021722359,0.0120021344995818,0.000600310073396042,No (reported postion),anchor,2021-03-29 17:00:00
2021-03-29 18:00:00+00:00,11.0967266667,59.271025,0.0,41.76,0.0324,0.036,0.0018,0.8292,0.012,0.0006,No (reported postion),anchor,2021-03-29 18:00:00
2021-03-29 19:00:00+00:00,11.0967266667,59.2710216667,0.2,41.7677064511651,0.0324613470990922,0.0360066758011612,0.00180162678733561,0.829913617377887,0.012017075996654499,0.000602480587168335,No (reported postion),anchor,2021-03-29 19:00:00
2021-03-29 20:00:00+00:00,11.096735,59.2710266667,0.0,41.76,0.0324,0.036,0.0018,0.8292,0.012,0.0006,No (reported postion),anchor,2021-03-29 20:00:00
2021-03-29 21:00:00+00:00,11.0967316667,59.2710366667,0.0,41.76,0.0324,0.036,0.0018,0.8292,0.012,0.0006,No (reported postion),anchor,2021-03-29 21:00:00
2021-03-29 22:00:00+00:00,11.097265,59.2707666667,1.8,47.378002899344,0.0771220352382428,0.0408666590465442,0.0029859279676578703,1.34942706847925,0.024448401561160397,0.00240834804571589,No (reported postion),anchor,2021-03-29 22:00:00
2021-03-29 23:00:00+00:00,10.9506233333,59.1855083333,9.4,841.866879312195,0.689022666912743,0.729101703963451,0.038279037050707995,16.831337586243897,0.255193580338053,0.0127596790169027,No (reported postion),cruise,2021-03-29 23:00:00
2021-03-30 00:00:00+00:00,10.9707833333,59.0206783333,9.3,816.602242473872,0.668288770419288,0.70721592433147,0.037127153912182596,16.326044849477498,0.247514359414551,0.0123757179707275,No (reported postion),cruise,2021-03-30 00:00:00
2021-03-30 01:00:00+00:00,11.0753333333,58.9094516667,9.3,816.602242473872,0.668288770419288,0.70721592433147,0.037127153912182596,16.326044849477498,0.247514359414551,0.0123757179707275,No (reported postion),cruise,2021-03-30 01:00:00
2021-03-30 02:00:00+00:00,11.0665666667,58.7476716667,7.3,416.50256411078504,0.339939490303683,0.36062501754277704,0.018885527239093498,8.32405128221569,0.12590351492729002,0.00629517574636451,No (reported postion),cruise,2021-03-30 02:00:00
2021-03-30 03:00:00+00:00,11.0903416667,58.63342,8.7,676.100151444908,0.552983103009499,0.585504386510027,0.0307212835005277,13.516003028898199,0.204808556670185,0.010240427833509199,No (reported postion),cruise,2021-03-30 03:00:00
2021-03-30 04:00:00+00:00,11.1034333333,58.50547,5.9,239.602904229144,0.19476347763486002,0.207383670836796,0.0108201932019367,4.78605808458288,0.07213462134624431,0.00360673106731222,No (reported postion),cruise,2021-03-30 04:00:00
2021-03-30 05:00:00+00:00,11.0546016667,58.4091116667,6.5,306.308018901293,0.24950627690987598,0.265167736738202,0.0138614598283264,6.12016037802586,0.0924097321888428,0.00462048660944214,No (reported postion),cruise,2021-03-30 05:00:00
2021-03-30 06:00:00+00:00,10.997715,58.3024933333,7.2,417.655466719743,0.34088564138094396,0.361623732568774,0.0189380911878302,8.347109334394851,0.126253941252201,0.00631269706261007,No (reported postion),cruise,2021-03-30 06:00:00
2021-03-30 07:00:00+00:00,10.95688,58.1829916667,7.7,501.53121138750697,0.409719839132605,0.43428205241774903,0.0227622132851447,10.0246242277501,0.15174808856763097,0.00758740442838157,No (reported postion),cruise,2021-03-30 07:00:00
2021-03-30 08:00:00+00:00,10.9143433333,58.052515,8.5,660.241019320296,0.539968009776535,0.5717662325418981,0.029998222765363,13.198820386405899,0.19998815176908702,0.00999940758845435,No (reported postion),cruise,2021-03-30 08:00:00
2021-03-30 09:00:00+00:00,10.8761666667,57.921575,7.5,466.627380461225,0.381075357825322,0.404046211037839,0.021170853212517902,9.326547609224502,0.141139021416786,0.00705695107083929,No (reported postion),cruise,2021-03-30 09:00:00
2021-03-30 10:00:00+00:00,10.7891433333,57.8038216667,7.9,538.296150270156,0.439891673473988,0.466130099778098,0.0244384263041104,10.759923005403099,0.16292284202740298,0.00814614210137015,No (reported postion),cruise,2021-03-30 10:00:00
2021-03-30 11:00:00+00:00,10.7506416667,57.65619,10.0,1009.6648399999999,0.8267291999999999,0.8744586000000001,0.0459294,20.1872968,0.306196,0.015309799999999998,No (reported postion),cruise,2021-03-30 11:00:00
2021-03-30 12:00:00+00:00,10.728675,57.4948933333,9.3,816.602242473872,0.668288770419288,0.70721592433147,0.037127153912182596,16.326044849477498,0.247514359414551,0.0123757179707275,No (reported postion),cruise,2021-03-30 12:00:00
2021-03-30 13:00:00+00:00,10.7249,57.3323916667,10.0,1009.6648399999999,0.8267291999999999,0.8744586000000001,0.0459294,20.1872968,0.306196,0.015309799999999998,No (reported postion),cruise,2021-03-30 13:00:00
2021-03-30 14:00:00+00:00,10.7464066667,57.1656816667,10.3,1009.6648399999999,0.8267291999999999,0.8744586000000001,0.0459294,20.1872968,0.306196,0.015309799999999998,No (reported postion),cruise,2021-03-30 14:00:00
2021-03-30 15:00:00+00:00,10.84102,56.9965983333,10.6,1009.6648399999999,0.8267291999999999,0.8744586000000001,0.0459294,20.1872968,0.306196,0.015309799999999998,No (reported postion),cruise,2021-03-30 15:00:00
2021-03-30 16:00:00+00:00,10.7683466667,56.8337516667,10.6,1009.6648399999999,0.8267291999999999,0.8744586000000001,0.0459294,20.1872968,0.306196,0.015309799999999998,No (reported postion),cruise,2021-03-30 16:00:00
2021-03-30 17:00:00+00:00,10.600185,56.7156466667,0.7,42.105432916143904,0.035149814004197,0.0362992352009149,0.0018729188936966298,0.861187088034923,0.0127654121454981,0.000711189500971541,No (reported postion),anchor,2021-03-30 17:00:00
2021-03-30 18:00:00+00:00,10.6003766667,56.7151466667,0.1,41.76100709305,0.0324080169504496,0.0360008724058336,0.00180021259152681,0.829293256816428,0.012002231522290099,0.000600324167641316,No (reported postion),anchor,2021-03-30 18:00:00
2021-03-30 19:00:00+00:00,10.5995983333,56.7152933333,0.2,41.7680567443999,0.03246413560359639,0.0360069792466686,0.0018017007322145,0.829946054531427,0.0120178521783207,0.0006025933411305319,No (reported postion),anchor,2021-03-30 19:00:00
2021-03-30 20:00:00+00:00,10.4568433333,56.7065883333,4.9,155.09203414007501,0.184933205827433,0.134175166352345,0.0076905099811407,3.41317037839372,0.054714809219967596,0.0036313735575460903,No (reported postion),cruise,2021-03-30 20:00:00
2021-03-30 21:00:00+00:00,10.26127,56.7024433333,8.0,534.9728745651779,0.437164365144675,0.46325127431937896,0.0242869091747041,10.6934574913036,0.161912727831361,0.00809563639156805,No (reported postion),cruise,2021-03-30 21:00:00
2021-03-30 22:00:00+00:00,10.1008966667,56.7025,8.0,534.9728745651779,0.437164365144675,0.46325127431937896,0.0242869091747041,10.6934574913036,0.161912727831361,0.00809563639156805,No (reported postion),cruise,2021-03-30 22:00:00
2021-03-30 23:00:00+00:00,10.0379983333,56.6827183333,0.0,41.76,0.0324,0.036,0.0018,0.8292,0.012,0.0006,No (reported postion),anchor,2021-03-30 23:00:00
2021-03-31 00:00:00+00:00,10.037985,56.68272,0.0,41.76,0.0324,0.036,0.0018,0.8292,0.012,0.0006,No (reported postion),anchor,2021-03-31 00:00:00
2021-03-31 01:00:00+00:00,10.038015,56.6827233333,0.0,41.76,0.0324,0.036,0.0018,0.8292,0.012,0.0006,No (reported postion),anchor,2021-03-31 01:00:00
2021-03-31 02:00:00+00:00,10.038005,56.682725,0.0,41.76,0.0324,0.036,0.0018,0.8292,0.012,0.0006,No (reported postion),anchor,2021-03-31 02:00:00
2021-03-31 03:00:00+00:00,10.0380133333,56.68272,0.0,41.76,0.0324,0.036,0.0018,0.8292,0.012,0.0006,No (reported postion),anchor,2021-03-31 03:00:00
2021-03-31 04:00:00+00:00,10.0380133333,56.6827366667,0.0,41.76,0.0324,0.036,0.0018,0.8292,0.012,0.0006,No (reported postion),anchor,2021-03-31 04:00:00
2021-03-31 05:00:00+00:00,10.0380066667,56.682725,0.0,41.76,0.0324,0.036,0.0018,0.8292,0.012,0.0006,No (reported postion),anchor,2021-03-31 05:00:00
2021-03-31 06:00:00+00:00,10.037995,56.6827133333,0.0,41.76,0.0324,0.036,0.0018,0.8292,0.012,0.0006,No (reported postion),anchor,2021-03-31 06:00:00
2021-03-31 07:00:00+00:00,10.0380066667,56.6827083333,0.0,41.76,0.0324,0.036,0.0018,0.8292,0.012,0.0006,No (reported postion),anchor,2021-03-31 07:00:00
2021-03-31 08:00:00+00:00,10.0379866667,56.6827333333,0.0,41.76,0.0324,0.036,0.0018,0.8292,0.012,0.0006,No (reported postion),anchor,2021-03-31 08:00:00
2021-03-31 09:00:00+00:00,10.0379983333,56.682715,0.0,41.76,0.0324,0.036,0.0018,0.8292,0.012,0.0006,No (reported postion),anchor,2021-03-31 09:00:00
2021-03-31 10:00:00+00:00,10.03796,56.6827,0.0,41.76,0.0324,0.036,0.0018,0.8292,0.012,0.0006,No (reported postion),anchor,2021-03-31 10:00:00
2021-03-31 11:00:00+00:00,10.03794,56.6826716667,0.0,41.76,0.0324,0.036,0.0018,0.8292,0.012,0.0006,No (reported postion),anchor,2021-03-31 11:00:00
2021-03-31 12:00:00+00:00,10.0378133333,56.6825966667,0.0,41.76,0.0324,0.036,0.0018,0.8292,0.012,0.0006,No (reported postion),anchor,2021-03-31 12:00:00
2021-03-31 13:00:00+00:00,10.0378016667,56.6826,0.0,41.76,0.0324,0.036,0.0018,0.8292,0.012,0.0006,No (reported postion),anchor,2021-03-31 13:00:00
2021-03-31 14:00:00+00:00,10.037845,56.6826066667,0.1,41.760963306395595,0.0324076683873865,0.036000834475145196,0.00180020334841695,0.8292892021722359,0.0120021344995818,0.000600310073396042,No (reported postion),anchor,2021-03-31 14:00:00
2021-03-31 15:00:00+00:00,10.037785,56.6825833333,0.0,41.76,0.0324,0.036,0.0018,0.8292,0.012,0.0006,No (reported postion),anchor,2021-03-31 15:00:00
2021-03-31 16:00:00+00:00,10.0938833333,56.69084,6.0,249.834181457184,0.20315996654541,0.216246631353488,0.011286664808078299,4.990683629143691,0.0752444320538554,0.0037622216026927703,No (reported postion),cruise,2021-03-31 16:00:00
2021-03-31 17:00:00+00:00,10.2310766667,56.7169383333,6.4,294.284991777371,0.239639354954074,0.254752652451522,0.0133132974974485,5.87969983554742,0.0887553166496568,0.004437765832482839,No (reported postion),cruise,2021-03-31 17:00:00
2021-03-31 18:00:00+00:00,10.3958666667,56.7148433333,7.0,372.174093702844,0.303560502430905,0.32222497478817796,0.0168644723572725,7.43748187405687,0.11242981571515,0.0056214907857575,No (reported postion),cruise,2021-03-31 18:00:00
2021-03-31 19:00:00+00:00,10.6143766667,56.6885933333,9.5,905.2164037284571,0.7410116383181871,0.7839789515580861,0.0411673132398993,18.0983280745691,0.27444875493266196,0.0137224377466331,No (reported postion),cruise,2021-03-31 19:00:00
2021-03-31 20:00:00+00:00,10.7514333333,56.8360533333,9.9,1018.94137930464,0.8343421653867891,0.882494507908277,0.0463523425214883,20.3728275860929,0.309015616809922,0.015450780840496099,No (reported postion),cruise,2021-03-31 20:00:00
2021-03-31 21:00:00+00:00,10.8432483333,56.991525,9.9,1018.94137930464,0.8343421653867891,0.882494507908277,0.0463523425214883,20.3728275860929,0.309015616809922,0.015450780840496099,No (reported postion),cruise,2021-03-31 21:00:00
2021-03-31 22:00:00+00:00,10.7433883333,57.149245,10.2,1009.6648399999999,0.8267291999999999,0.8744586000000001,0.0459294,20.1872968,0.306196,0.015309799999999998,No (reported postion),cruise,2021-03-31 22:00:00
2021-03-31 23:00:00+00:00,10.7303716667,57.324185,10.6,1009.6648399999999,0.8267291999999999,0.8744586000000001,0.0459294,20.1872968,0.306196,0.015309799999999998,No (reported postion),cruise,2021-03-31 23:00:00
2021-04-01 00:00:00+00:00,10.7414083333,57.4979516667,10.1,1009.6648399999999,0.8267291999999999,0.8744586000000001,0.0459294,20.1872968,0.306196,0.015309799999999998,No (reported postion),cruise,2021-04-01 00:00:00
2021-04-01 01:00:00+00:00,10.78687,57.6576183333,9.9,1018.94137930464,0.8343421653867891,0.882494507908277,0.0463523425214883,20.3728275860929,0.309015616809922,0.015450780840496099,No (reported postion),cruise,2021-04-01 01:00:00
2021-04-01 02:00:00+00:00,10.72045,57.8195266667,10.5,1009.6648399999999,0.8267291999999999,0.8744586000000001,0.0459294,20.1872968,0.306196,0.015309799999999998,No (reported postion),cruise,2021-04-01 02:00:00
2021-04-01 03:00:00+00:00,10.45446,57.8587116667,10.0,1009.6648399999999,0.8267291999999999,0.8744586000000001,0.0459294,20.1872968,0.306196,0.015309799999999998,No (reported postion),cruise,2021-04-01 03:00:00
2021-04-01 04:00:00+00:00,10.13854,57.8614833333,10.3,1009.6648399999999,0.8267291999999999,0.8744586000000001,0.0459294,20.1872968,0.306196,0.015309799999999998,No (reported postion),cruise,2021-04-01 04:00:00
2021-04-01 05:00:00+00:00,9.829455,57.86969,9.7,960.906635206371,0.786714867798541,0.832221249342905,0.043706381544363404,19.212132704127402,0.29137587696242295,0.0145687938481211,No (reported postion),cruise,2021-04-01 05:00:00
2021-04-01 06:00:00+00:00,9.5363766667,57.882595,9.0,775.930833436997,0.634911018322155,0.671983852673386,0.0352728343512309,15.5126166687399,0.235152229008206,0.0117576114504103,No (reported postion),cruise,2021-04-01 06:00:00
2021-04-01 07:00:00+00:00,9.2365033333,57.8871083333,10.0,1009.6648399999999,0.8267291999999999,0.8744586000000001,0.0459294,20.1872968,0.306196,0.015309799999999998,No (reported postion),cruise,2021-04-01 07:00:00
2021-04-01 08:00:00+00:00,8.9205183333,57.8890866667,10.2,1009.6648399999999,0.8267291999999999,0.8744586000000001,0.0459294,20.1872968,0.306196,0.015309799999999998,No (reported postion),cruise,2021-04-01 08:00:00
2021-04-01 09:00:00+00:00,8.6035466667,57.8907733333,10.4,1009.6648399999999,0.8267291999999999,0.8744586000000001,0.0459294,20.1872968,0.306196,0.015309799999999998,No (reported postion),cruise,2021-04-01 09:00:00
2021-04-01 10:00:00+00:00,8.2810483333,57.8979883333,10.8,1009.6648399999999,0.8267291999999999,0.8744586000000001,0.0459294,20.1872968,0.306196,0.015309799999999998,No (reported postion),cruise,2021-04-01 10:00:00
2021-04-01 11:00:00+00:00,7.925135,57.9088766667,11.8,1009.6648399999999,0.8267291999999999,0.8744586000000001,0.0459294,20.1872968,0.306196,0.015309799999999998,No (reported postion),cruise,2021-04-01 11:00:00
2021-04-01 12:00:00+00:00,7.5802183333,57.9190783333,10.4,1009.6648399999999,0.8267291999999999,0.8744586000000001,0.0459294,20.1872968,0.306196,0.015309799999999998,No (reported postion),cruise,2021-04-01 12:00:00
2021-04-01 13:00:00+00:00,7.2646133333,57.9301983333,9.8,948.4162731206029,0.776464418670404,0.821401330818759,0.0431369121483558,18.9623254624121,0.287579414322372,0.0143789707161186,No (reported postion),cruise,2021-04-01 13:00:00
2021-04-01 14:00:00+00:00,6.9707733333,57.9777566667,10.0,1005.06639563511,0.8229554006731931,0.870475145155037,0.045719744481844,20.095327912702302,0.304798296545627,0.0152399148272813,No (reported postion),cruise,2021-04-01 14:00:00
2021-04-01 15:00:00+00:00,6.6914966667,58.0341966667,9.0,744.0103624179969,0.608714887090758,0.644332380818022,0.0338174937272643,14.8742072483599,0.225449958181762,0.011272497909088101,No (reported postion),cruise,2021-04-01 15:00:00
2021-04-01 16:00:00+00:00,6.472735,58.1209983333,8.7,676.100151444908,0.552983103009499,0.585504386510027,0.0307212835005277,13.516003028898199,0.204808556670185,0.010240427833509199,No (reported postion),cruise,2021-04-01 16:00:00
2021-04-01 17:00:00+00:00,6.2676966667,58.2206916667,9.0,744.0103624179969,0.608714887090758,0.644332380818022,0.0338174937272643,14.8742072483599,0.225449958181762,0.011272497909088101,No (reported postion),cruise,2021-04-01 17:00:00
2021-04-01 18:00:00+00:00,6.0546283333,58.3189083333,9.2,791.875130604314,0.6479960038394069,0.685795781830485,0.035999777991078195,15.8315026120863,0.239998519940521,0.0119999259970261,No (reported postion),cruise,2021-04-01 18:00:00
2021-04-01 19:00:00+00:00,5.83743,58.4201616667,9.0,744.0103624179969,0.608714887090758,0.644332380818022,0.0338174937272643,14.8742072483599,0.225449958181762,0.011272497909088101,No (reported postion),cruise,2021-04-01 19:00:00
2021-04-01 20:00:00+00:00,5.6244216667,58.5260933333,8.6,654.476812782087,0.5352375059305879,0.566772922926732,0.0297354169961438,13.0835362556417,0.198236113307625,0.00991180566538127,No (reported postion),cruise,2021-04-01 20:00:00
2021-04-01 21:00:00+00:00,5.47363,58.6510716667,9.0,744.0103624179969,0.608714887090758,0.644332380818022,0.0338174937272643,14.8742072483599,0.225449958181762,0.011272497909088101,No (reported postion),cruise,2021-04-01 21:00:00
2021-04-01 22:00:00+00:00,5.3168816667,58.7830683333,9.3,851.822344404503,0.697192805438346,0.73772573907381,0.0387329336354637,17.0304468880901,0.258219557569758,0.0129109778784879,No (reported postion),cruise,2021-04-01 22:00:00
2021-04-01 23:00:00+00:00,5.1378366667,58.9125366667,10.1,1009.6648399999999,0.8267291999999999,0.8744586000000001,0.0459294,20.1872968,0.306196,0.015309799999999998,No (reported postion),cruise,2021-04-01 23:00:00
2021-04-02 00:00:00+00:00,4.9489366667,59.0465966667,9.8,989.627921898812,0.8102855286099669,0.857101391310521,0.045015862700553695,19.7865584379762,0.30010575133702505,0.0150052875668512,No (reported postion),cruise,2021-04-02 00:00:00
2021-04-02 01:00:00+00:00,4.95613809527143,59.2034247619286,9.64285714285714,976.731603234536,0.799701923627127,0.8459298082730781,0.0444278846459515,19.5286320646907,0.296185897639677,0.014809294881983799,Linear (small gap),cruise,2021-04-02 01:00:00
2021-04-02 02:00:00+00:00,4.96333952384286,59.3602528571571,9.48571428571429,931.762733230558,0.762797379854865,0.806975012069024,0.042377632214159196,18.6292546646112,0.282517548094395,0.0141258774047197,Linear (small gap),cruise,2021-04-02 02:00:00
2021-04-02 03:00:00+00:00,4.97054095241429,59.5170809523857,9.32857142857143,888.259383404412,0.727095542611524,0.769289739423275,0.0403941968117513,17.759187668088202,0.269294645411676,0.0134647322705838,Linear (small gap),cruise,2021-04-02 03:00:00
2021-04-02 04:00:00+00:00,4.97774238098571,59.6739090476143,9.17142857142857,811.221741840364,0.663873161996652,0.702555004329799,0.0368818423331473,16.2184348368073,0.245878948887649,0.0122939474443824,Linear (small gap),cruise,2021-04-02 04:00:00
2021-04-02 05:00:00+00:00,4.98494380955714,59.8307371428429,9.01428571428571,772.34377795915,0.6319672341914001,0.6688765249798111,0.0351092907884111,15.440875559182999,0.234061938589407,0.0117030969294704,Linear (small gap),cruise,2021-04-02 05:00:00
2021-04-02 06:00:00+00:00,4.99214523812857,59.9875652380714,8.85714285714286,734.797948121195,0.601154547090343,0.636352021928695,0.033397474838352405,14.6899589624239,0.22264983225568202,0.0111324916127841,Linear (small gap),cruise,2021-04-02 06:00:00
2021-04-02 07:00:00+00:00,4.9993466667,60.1443933333,8.7,676.100151444908,0.552983103009499,0.585504386510027,0.0307212835005277,13.516003028898199,0.204808556670185,0.010240427833509199,No (reported postion),cruise,2021-04-02 07:00:00
2021-04-02 08:00:00+00:00,4.98368944446667,60.2711972222,8.93333333333333,752.83708771141,0.6159587042008531,0.651978632212012,0.0342199280111585,15.0507417542282,0.228132853407723,0.0114066426703862,Linear (small gap),cruise,2021-04-02 08:00:00
2021-04-02 09:00:00+00:00,4.96803222223333,60.3980011111,9.16666666666667,810.023825488125,0.662890069549525,0.701517295635609,0.0368272260860847,16.1944765097625,0.245514840573898,0.0122757420286949,Linear (small gap),cruise,2021-04-02 09:00:00
2021-04-02 10:00:00+00:00,4.952375,60.524805,9.4,841.866879312195,0.689022666912743,0.729101703963451,0.038279037050707995,16.831337586243897,0.255193580338053,0.0127596790169027,No (reported postion),cruise,2021-04-02 10:00:00
2021-04-02 11:00:00+00:00,4.8929761111,60.6419238889,9.03333333333333,776.984846890674,0.635776014165598,0.672896903841465,0.0353208896758666,15.5336969378135,0.23547259783911098,0.0117736298919555,Linear (small gap),cruise,2021-04-02 11:00:00
2021-04-02 12:00:00+00:00,4.8335772222,60.7590427778,8.66666666666667,691.040480686608,0.56524416348141,0.598446617008155,0.031402453526745,13.814809613732201,0.2093496901783,0.010467484508915,Linear (small gap),cruise,2021-04-02 12:00:00
2021-04-02 13:00:00+00:00,4.7741783333,60.8761616667,8.3,592.566074041014,0.48442930088472297,0.513142039822763,0.0269127389380402,11.8453214808203,0.179418259586934,0.00897091297934672,No (reported postion),cruise,2021-04-02 13:00:00
2021-04-02 14:00:00+00:00,4.75202,61.0290866667,8.5,633.350540219414,0.517899835438425,0.5484720485183371,0.0287722130799125,12.6610108043883,0.19181475386608302,0.009590737693304159,No (reported postion),cruise,2021-04-02 14:00:00
2021-04-02 15:00:00+00:00,4.7492233333,61.14109,9.2,791.875130604314,0.6479960038394069,0.685795781830485,0.035999777991078195,15.8315026120863,0.239998519940521,0.0119999259970261,No (reported postion),cruise,2021-04-02 15:00:00
2021-04-02 16:00:00+00:00,4.807495,61.3555233333,9.0,744.0103624179969,0.608714887090758,0.644332380818022,0.0338174937272643,14.8742072483599,0.225449958181762,0.011272497909088101,No (reported postion),cruise,2021-04-02 16:00:00
2021-04-02 17:00:00+00:00,4.94612,61.4610183333,9.3,816.602242473872,0.668288770419288,0.70721592433147,0.037127153912182596,16.326044849477498,0.247514359414551,0.0123757179707275,No (reported postion),cruise,2021-04-02 17:00:00
2021-04-02 18:00:00+00:00,4.9982333333,61.5553566667,8.9,720.86114642449,0.5897170502571799,0.624279108604801,0.0327620583476211,14.411222928489801,0.218413722317474,0.0109206861158737,No (reported postion),cruise,2021-04-02 18:00:00
2021-04-02 19:00:00+00:00,5.04732277775,61.5917580555833,7.41666666666667,448.673734628503,0.366341362765033,0.388493660696424,0.020352297931390703,8.96747469257007,0.135681986209272,0.006784099310463579,Linear (small gap),cruise,2021-04-02 19:00:00
2021-04-02 20:00:00+00:00,5.0964122222,61.6281594444667,5.93333333333333,250.099832129794,0.203377977735697,0.216476754276569,0.011298776540872099,4.99599664259587,0.075325176939147,0.00376625884695735,Linear (small gap),cruise,2021-04-02 20:00:00
2021-04-02 21:00:00+00:00,5.14550166665,61.66456083335,4.45,129.653366679757,0.189646308898799,0.112138630710428,0.00688926636853911,3.06169151366582,0.0515386573513799,0.00396612893667153,Linear (small gap),cruise,2021-04-02 21:00:00
2021-04-02 22:00:00+00:00,5.1945911111,61.7009622222333,2.96666666666667,66.9118943120181,0.166362505784041,0.057788115133511196,0.0051484892731501405,2.29807062782186,0.0451026450975801,0.00506465236420018,Linear (small gap),anchor,2021-04-02 22:00:00
2021-04-02 23:00:00+00:00,5.24368055555,61.7373636111167,1.48333333333333,44.9039867890023,0.0574276638309937,0.038723514391688904,0.00246367745439577,1.12033317666161,0.018966463128214803,0.0016120006108065,Linear (small gap),anchor,2021-04-02 23:00:00
2021-04-03 00:00:00+00:00,5.29277,61.773765,0.0,41.76,0.0324,0.036,0.0018,0.8292,0.012,0.0006,No (reported postion),anchor,2021-04-03 00:00:00
2021-04-03 01:00:00+00:00,5.2927733333,61.7737483333,0.0,41.76,0.0324,0.036,0.0018,0.8292,0.012,0.0006,No (reported postion),anchor,2021-04-03 01:00:00
2021-04-03 02:00:00+00:00,5.29275,61.77374,0.0,41.76,0.0324,0.036,0.0018,0.8292,0.012,0.0006,No (reported postion),anchor,2021-04-03 02:00:00
2021-04-03 03:00:00+00:00,5.2927433333,61.77378,0.0,41.76,0.0324,0.036,0.0018,0.8292,0.012,0.0006,No (reported postion),anchor,2021-04-03 03:00:00
2021-04-03 04:00:00+00:00,5.2927683333,61.77376,0.0,41.76,0.0324,0.036,0.0018,0.8292,0.012,0.0006,No (reported postion),anchor,2021-04-03 04:00:00
2021-04-03 05:00:00+00:00,5.2927616667,61.773755,0.0,41.76,0.0324,0.036,0.0018,0.8292,0.012,0.0006,No (reported postion),anchor,2021-04-03 05:00:00
2021-04-03 06:00:00+00:00,5.2927466667,61.773735,0.0,41.76,0.0324,0.036,0.0018,0.8292,0.012,0.0006,No (reported postion),anchor,2021-04-03 06:00:00
2021-04-03 07:00:00+00:00,5.2927616667,61.7737416667,0.0,41.76,0.0324,0.036,0.0018,0.8292,0.012,0.0006,No (reported postion),anchor,2021-04-03 07:00:00
2021-04-03 08:00:00+00:00,5.2927516667,61.7737516667,0.0,41.76,0.0324,0.036,0.0018,0.8292,0.012,0.0006,No (reported postion),anchor,2021-04-03 08:00:00
2021-04-03 09:00:00+00:00,5.2927733333,61.7737433333,0.0,41.76,0.0324,0.036,0.0018,0.8292,0.012,0.0006,No (reported postion),anchor,2021-04-03 09:00:00
2021-04-03 10:00:00+00:00,5.29276,61.7737483333,0.0,41.76,0.0324,0.036,0.0018,0.8292,0.012,0.0006,No (reported postion),anchor,2021-04-03 10:00:00
2021-04-03 11:00:00+00:00,5.2927583333,61.7737233333,0.0,41.76,0.0324,0.036,0.0018,0.8292,0.012,0.0006,No (reported postion),anchor,2021-04-03 11:00:00
2021-04-03 12:00:00+00:00,5.271625,61.77174,8.7,676.100151444908,0.552983103009499,0.585504386510027,0.0307212835005277,13.516003028898199,0.204808556670185,0.010240427833509199,No (reported postion),cruise,2021-04-03 12:00:00
2021-04-03 13:00:00+00:00,4.94946,61.7484066667,10.0,1005.06639563511,0.8229554006731931,0.870475145155037,0.045719744481844,20.095327912702302,0.304798296545627,0.0152399148272813,No (reported postion),cruise,2021-04-03 13:00:00
2021-04-03 14:00:00+00:00,4.6403466667,61.6868033333,9.1,767.679763865147,0.6281396238406981,0.664836269609626,0.034896645768927696,15.3475952773029,0.232644305126185,0.0116322152563092,No (reported postion),cruise,2021-04-03 14:00:00
2021-04-03 15:00:00+00:00,4.47977,61.5738983333,10.0,1009.6648399999999,0.8267291999999999,0.8744586000000001,0.0459294,20.1872968,0.306196,0.015309799999999998,No (reported postion),cruise,2021-04-03 15:00:00
2021-04-03 16:00:00+00:00,4.4579833333,61.4081466667,10.3,1009.6648399999999,0.8267291999999999,0.8744586000000001,0.0459294,20.1872968,0.306196,0.015309799999999998,No (reported postion),cruise,2021-04-03 16:00:00
2021-04-03 17:00:00+00:00,4.4811583333,61.2397666667,10.4,1009.6648399999999,0.8267291999999999,0.8744586000000001,0.0459294,20.1872968,0.306196,0.015309799999999998,No (reported postion),cruise,2021-04-03 17:00:00
2021-04-03 18:00:00+00:00,4.4706433333,61.0708583333,10.0,1005.06639563511,0.8229554006731931,0.870475145155037,0.045719744481844,20.095327912702302,0.304798296545627,0.0152399148272813,No (reported postion),cruise,2021-04-03 18:00:00
2021-04-03 19:00:00+00:00,4.5311016667,60.9146133333,10.1,1009.6648399999999,0.8267291999999999,0.8744586000000001,0.0459294,20.1872968,0.306196,0.015309799999999998,No (reported postion),cruise,2021-04-03 19:00:00
2021-04-03 20:00:00+00:00,4.743485,60.7909216667,9.9,976.4552323783539,0.799475114717798,0.845690398868787,0.044415284150988804,19.5231046475671,0.296101894339925,0.014805094716996299,No (reported postion),cruise,2021-04-03 20:00:00
2021-04-03 21:00:00+00:00,4.865365,60.6374333333,9.9,976.4552323783539,0.799475114717798,0.845690398868787,0.044415284150988804,19.5231046475671,0.296101894339925,0.014805094716996299,No (reported postion),cruise,2021-04-03 21:00:00
2021-04-03 22:00:00+00:00,4.9840916667,60.4846316667,9.7,920.943738023485,0.753918569198605,0.797602934154083,0.041884364955477996,18.4128747604697,0.279229099703187,0.0139614549851593,No (reported postion),cruise,2021-04-03 22:00:00
2021-04-03 23:00:00+00:00,5.2001966667,60.3907416667,10.1,1009.6648399999999,0.8267291999999999,0.8744586000000001,0.0459294,20.1872968,0.306196,0.015309799999999998,No (reported postion),cruise,2021-04-03 23:00:00
2021-04-04 00:00:00+00:00,5.290915,60.3924,0.0,41.76,0.0324,0.036,0.0018,0.8292,0.012,0.0006,No (reported postion),anchor,2021-04-04 00:00:00
2021-04-04 01:00:00+00:00,5.2909133333,60.392385,0.0,41.76,0.0324,0.036,0.0018,0.8292,0.012,0.0006,No (reported postion),anchor,2021-04-04 01:00:00
2021-04-04 02:00:00+00:00,5.2909383333,60.3923916667,0.0,41.76,0.0324,0.036,0.0018,0.8292,0.012,0.0006,No (reported postion),anchor,2021-04-04 02:00:00
2021-04-04 03:00:00+00:00,5.2909333333,60.3923916667,0.0,41.76,0.0324,0.036,0.0018,0.8292,0.012,0.0006,No (reported postion),anchor,2021-04-04 03:00:00
2021-04-04 04:00:00+00:00,5.2909233333,60.392405,0.0,41.76,0.0324,0.036,0.0018,0.8292,0.012,0.0006,No (reported postion),anchor,2021-04-04 04:00:00
2021-04-04 05:00:00+00:00,5.2909316667,60.3923833333,0.0,41.76,0.0324,0.036,0.0018,0.8292,0.012,0.0006,No (reported postion),anchor,2021-04-04 05:00:00
2021-04-04 06:00:00+00:00,5.29093,60.3923933333,0.0,41.76,0.0324,0.036,0.0018,0.8292,0.012,0.0006,No (reported postion),anchor,2021-04-04 06:00:00
2021-04-04 07:00:00+00:00,5.2909183333,60.3923916667,0.0,41.76,0.0324,0.036,0.0018,0.8292,0.012,0.0006,No (reported postion),anchor,2021-04-04 07:00:00
2021-04-04 08:00:00+00:00,5.2909366667,60.3923866667,0.0,41.76,0.0324,0.036,0.0018,0.8292,0.012,0.0006,No (reported postion),anchor,2021-04-04 08:00:00
2021-04-04 09:00:00+00:00,5.2909233333,60.3923816667,0.0,41.76,0.0324,0.036,0.0018,0.8292,0.012,0.0006,No (reported postion),anchor,2021-04-04 09:00:00
2021-04-04 10:00:00+00:00,5.2909366667,60.3923883333,0.0,41.76,0.0324,0.036,0.0018,0.8292,0.012,0.0006,No (reported postion),anchor,2021-04-04 10:00:00
2021-04-04 11:00:00+00:00,5.29094,60.3923883333,0.0,41.76,0.0324,0.036,0.0018,0.8292,0.012,0.0006,No (reported postion),anchor,2021-04-04 11:00:00
2021-04-04 12:00:00+00:00,5.2909183333,60.3924083333,0.0,41.76,0.0324,0.036,0.0018,0.8292,0.012,0.0006,No (reported postion),anchor,2021-04-04 12:00:00
2021-04-04 13:00:00+00:00,5.290915,60.3924033333,0.0,41.76,0.0324,0.036,0.0018,0.8292,0.012,0.0006,No (reported postion),anchor,2021-04-04 13:00:00
2021-04-04 14:00:00+00:00,5.2909116667,60.392395,0.0,41.76,0.0324,0.036,0.0018,0.8292,0.012,0.0006,No (reported postion),anchor,2021-04-04 14:00:00
2021-04-04 15:00:00+00:00,5.2909083333,60.3924066667,0.0,41.76,0.0324,0.036,0.0018,0.8292,0.012,0.0006,No (reported postion),anchor,2021-04-04 15:00:00
2021-04-04 16:00:00+00:00,5.2909133333,60.3924,0.0,41.76,0.0324,0.036,0.0018,0.8292,0.012,0.0006,No (reported postion),anchor,2021-04-04 16:00:00
2021-04-04 17:00:00+00:00,5.2909116667,60.3923933333,0.0,41.76,0.0324,0.036,0.0018,0.8292,0.012,0.0006,No (reported postion),anchor,2021-04-04 17:00:00
2021-04-04 18:00:00+00:00,5.29093,60.39239,0.0,41.76,0.0324,0.036,0.0018,0.8292,0.012,0.0006,No (reported postion),anchor,2021-04-04 18:00:00
2021-04-04 19:00:00+00:00,5.2909266667,60.3923866667,0.0,41.76,0.0324,0.036,0.0018,0.8292,0.012,0.0006,No (reported postion),anchor,2021-04-04 19:00:00
2021-04-04 20:00:00+00:00,5.2909316667,60.3923933333,0.0,41.76,0.0324,0.036,0.0018,0.8292,0.012,0.0006,No (reported postion),anchor,2021-04-04 20:00:00
2021-04-04 21:00:00+00:00,5.2909466667,60.3923983333,0.0,41.76,0.0324,0.036,0.0018,0.8292,0.012,0.0006,No (reported postion),anchor,2021-04-04 21:00:00
2021-04-04 22:00:00+00:00,5.29094,60.3924,0.0,41.76,0.0324,0.036,0.0018,0.8292,0.012,0.0006,No (reported postion),anchor,2021-04-04 22:00:00
2021-04-04 23:00:00+00:00,5.29092,60.3923966667,0.0,41.76,0.0324,0.036,0.0018,0.8292,0.012,0.0006,No (reported postion),anchor,2021-04-04 23:00:00
2021-04-05 00:00:00+00:00,5.2909183333,60.3924,0.0,41.76,0.0324,0.036,0.0018,0.8292,0.012,0.0006,No (reported postion),anchor,2021-04-05 00:00:00
2021-04-05 01:00:00+00:00,5.29094,60.392385,0.0,41.76,0.0324,0.036,0.0018,0.8292,0.012,0.0006,No (reported postion),anchor,2021-04-05 01:00:00
2021-04-05 02:00:00+00:00,5.2909383333,60.3923966667,0.0,41.76,0.0324,0.036,0.0018,0.8292,0.012,0.0006,No (reported postion),anchor,2021-04-05 02:00:00
2021-04-05 03:00:00+00:00,5.290935,60.392405,0.0,41.76,0.0324,0.036,0.0018,0.8292,0.012,0.0006,No (reported postion),anchor,2021-04-05 03:00:00
2021-04-05 04:00:00+00:00,5.2909316667,60.3924133333,0.0,41.76,0.0324,0.036,0.0018,0.8292,0.012,0.0006,No (reported postion),anchor,2021-04-05 04:00:00
2021-04-05 05:00:00+00:00,5.29092,60.39239,0.0,41.76,0.0324,0.036,0.0018,0.8292,0.012,0.0006,No (reported postion),anchor,2021-04-05 05:00:00
2021-04-05 06:00:00+00:00,5.2909266667,60.3923866667,0.0,41.76,0.0324,0.036,0.0018,0.8292,0.012,0.0006,No (reported postion),anchor,2021-04-05 06:00:00
2021-04-05 07:00:00+00:00,5.2909316667,60.3923883333,0.0,41.76,0.0324,0.036,0.0018,0.8292,0.012,0.0006,No (reported postion),anchor,2021-04-05 07:00:00
2021-04-05 08:00:00+00:00,5.2909316667,60.3923916667,0.0,41.76,0.0324,0.036,0.0018,0.8292,0.012,0.0006,No (reported postion),anchor,2021-04-05 08:00:00
2021-04-05 09:00:00+00:00,5.2909266667,60.3923916667,0.0,41.76,0.0324,0.036,0.0018,0.8292,0.012,0.0006,No (reported postion),anchor,2021-04-05 09:00:00
2021-04-05 10:00:00+00:00,5.2909433333,60.3923866667,0.0,41.76,0.0324,0.036,0.0018,0.8292,0.012,0.0006,No (reported postion),anchor,2021-04-05 10:00:00
2021-04-05 11:00:00+00:00,5.290945,60.39239,0.0,41.76,0.0324,0.036,0.0018,0.8292,0.012,0.0006,No (reported postion),anchor,2021-04-05 11:00:00
2021-04-05 12:00:00+00:00,5.2909283333,60.3924033333,0.0,41.76,0.0324,0.036,0.0018,0.8292,0.012,0.0006,No (reported postion),anchor,2021-04-05 12:00:00
2021-04-05 13:00:00+00:00,5.2909216667,60.3923716667,0.0,41.76,0.0324,0.036,0.0018,0.8292,0.012,0.0006,No (reported postion),anchor,2021-04-05 13:00:00
2021-04-05 14:00:00+00:00,5.2909283333,60.3923966667,0.0,41.76,0.0324,0.036,0.0018,0.8292,0.012,0.0006,No (reported postion),anchor,2021-04-05 14:00:00
2021-04-05 15:00:00+00:00,5.2909366667,60.3924,0.0,41.76,0.0324,0.036,0.0018,0.8292,0.012,0.0006,No (reported postion),anchor,2021-04-05 15:00:00
2021-04-05 16:00:00+00:00,5.2909133333,60.39239,0.0,41.76,0.0324,0.036,0.0018,0.8292,0.012,0.0006,No (reported postion),anchor,2021-04-05 16:00:00
2021-04-05 17:00:00+00:00,5.29093,60.3923883333,0.0,41.76,0.0324,0.036,0.0018,0.8292,0.012,0.0006,No (reported postion),anchor,2021-04-05 17:00:00
2021-04-05 18:00:00+00:00,5.290935,60.3923916667,0.0,41.76,0.0324,0.036,0.0018,0.8292,0.012,0.0006,No (reported postion),anchor,2021-04-05 18:00:00
2021-04-05 19:00:00+00:00,5.2909366667,60.39239,0.0,41.76,0.0324,0.036,0.0018,0.8292,0.012,0.0006,No (reported postion),anchor,2021-04-05 19:00:00
2021-04-05 20:00:00+00:00,5.2909333333,60.3924116667,0.0,41.76,0.0324,0.036,0.0018,0.8292,0.012,0.0006,No (reported postion),anchor,2021-04-05 20:00:00
2021-04-05 21:00:00+00:00,5.2909483333,60.3923816667,0.0,41.76,0.0324,0.036,0.0018,0.8292,0.012,0.0006,No (reported postion),anchor,2021-04-05 21:00:00
2021-04-05 22:00:00+00:00,5.29095,60.3923983333,0.0,41.76,0.0324,0.036,0.0018,0.8292,0.012,0.0006,No (reported postion),anchor,2021-04-05 22:00:00
2021-04-05 23:00:00+00:00,5.2909216667,60.3923933333,0.0,41.76,0.0324,0.036,0.0018,0.8292,0.012,0.0006,No (reported postion),anchor,2021-04-05 23:00:00
2021-04-06 00:00:00+00:00,5.29093,60.3923983333,0.0,41.76,0.0324,0.036,0.0018,0.8292,0.012,0.0006,No (reported postion),anchor,2021-04-06 00:00:00
2021-04-06 01:00:00+00:00,5.29092,60.392395,0.0,41.76,0.0324,0.036,0.0018,0.8292,0.012,0.0006,No (reported postion),anchor,2021-04-06 01:00:00
2021-04-06 02:00:00+00:00,5.290925,60.39239,0.0,41.76,0.0324,0.036,0.0018,0.8292,0.012,0.0006,No (reported postion),anchor,2021-04-06 02:00:00
2021-04-06 03:00:00+00:00,5.29094,60.3924066667,0.0,41.76,0.0324,0.036,0.0018,0.8292,0.012,0.0006,No (reported postion),anchor,2021-04-06 03:00:00
2021-04-06 04:00:00+00:00,5.2909183333,60.3924233333,0.0,41.76,0.0324,0.036,0.0018,0.8292,0.012,0.0006,No (reported postion),anchor,2021-04-06 04:00:00
2021-04-06 05:00:00+00:00,5.2909383333,60.39238,0.0,41.76,0.0324,0.036,0.0018,0.8292,0.012,0.0006,No (reported postion),anchor,2021-04-06 05:00:00
2021-04-06 06:00:00+00:00,5.2909133333,60.3923916667,0.0,41.76,0.0324,0.036,0.0018,0.8292,0.012,0.0006,No (reported postion),anchor,2021-04-06 06:00:00
2021-04-06 07:00:00+00:00,5.290925,60.3924,0.0,41.76,0.0324,0.036,0.0018,0.8292,0.012,0.0006,No (reported postion),anchor,2021-04-06 07:00:00
2021-04-06 08:00:00+00:00,5.2909266667,60.3923983333,0.0,41.76,0.0324,0.036,0.0018,0.8292,0.012,0.0006,No (reported postion),anchor,2021-04-06 08:00:00
2021-04-06 09:00:00+00:00,5.2909116667,60.392395,0.0,41.76,0.0324,0.036,0.0018,0.8292,0.012,0.0006,No (reported postion),anchor,2021-04-06 09:00:00
2021-04-06 10:00:00+00:00,5.2908633333,60.3924233333,0.1,41.760963306395595,0.0324076683873865,0.036000834475145196,0.00180020334841695,0.8292892021722359,0.0120021344995818,0.000600310073396042,No (reported postion),anchor,2021-04-06 10:00:00
2021-04-06 11:00:00+00:00,5.29086,60.3924366667,0.0,41.76,0.0324,0.036,0.0018,0.8292,0.012,0.0006,No (reported postion),anchor,2021-04-06 11:00:00
2021-04-06 12:00:00+00:00,5.2695083333,60.3942933333,0.0,41.76,0.0324,0.036,0.0018,0.8292,0.012,0.0006,No (reported postion),anchor,2021-04-06 12:00:00
2021-04-06 13:00:00+00:00,5.269505,60.394275,0.0,41.76,0.0324,0.036,0.0018,0.8292,0.012,0.0006,No (reported postion),anchor,2021-04-06 13:00:00
2021-04-06 14:00:00+00:00,5.269475,60.3942716667,0.0,41.76,0.0324,0.036,0.0018,0.8292,0.012,0.0006,No (reported postion),anchor,2021-04-06 14:00:00
2021-04-06 15:00:00+00:00,5.2695083333,60.394285,0.1,41.760963306395595,0.0324076683873865,0.036000834475145196,0.00180020334841695,0.8292892021722359,0.0120021344995818,0.000600310073396042,No (reported postion),anchor,2021-04-06 15:00:00
2021-04-06 16:00:00+00:00,5.2694833333,60.3942666667,0.0,41.76,0.0324,0.036,0.0018,0.8292,0.012,0.0006,No (reported postion),anchor,2021-04-06 16:00:00
2021-04-06 17:00:00+00:00,5.2694916667,60.3942733333,0.1,41.760963306395595,0.0324076683873865,0.036000834475145196,0.00180020334841695,0.8292892021722359,0.0120021344995818,0.000600310073396042,No (reported postion),anchor,2021-04-06 17:00:00
2021-04-06 18:00:00+00:00,5.2695116667,60.3942833333,0.0,41.76,0.0324,0.036,0.0018,0.8292,0.012,0.0006,No (reported postion),anchor,2021-04-06 18:00:00
2021-04-06 19:00:00+00:00,5.2695083333,60.3942883333,0.0,41.76,0.0324,0.036,0.0018,0.8292,0.012,0.0006,No (reported postion),anchor,2021-04-06 19:00:00
2021-04-06 20:00:00+00:00,5.269525,60.39428,0.0,41.76,0.0324,0.036,0.0018,0.8292,0.012,0.0006,No (reported postion),anchor,2021-04-06 20:00:00
2021-04-06 21:00:00+00:00,5.2695116667,60.3942966667,0.0,41.76,0.0324,0.036,0.0018,0.8292,0.012,0.0006,No (reported postion),anchor,2021-04-06 21:00:00
2021-04-06 22:00:00+00:00,5.2695016667,60.3942833333,0.0,41.76,0.0324,0.036,0.0018,0.8292,0.012,0.0006,No (reported postion),anchor,2021-04-06 22:00:00
2021-04-06 23:00:00+00:00,5.2695133333,60.3943,0.0,41.76,0.0324,0.036,0.0018,0.8292,0.012,0.0006,No (reported postion),anchor,2021-04-06 23:00:00
2021-04-07 00:00:00+00:00,5.2694933333,60.3943033333,0.0,41.76,0.0324,0.036,0.0018,0.8292,0.012,0.0006,No (reported postion),anchor,2021-04-07 00:00:00
2021-04-07 01:00:00+00:00,5.2695016667,60.3942683333,0.0,41.76,0.0324,0.036,0.0018,0.8292,0.012,0.0006,No (reported postion),anchor,2021-04-07 01:00:00
2021-04-07 02:00:00+00:00,5.2695333333,60.3942766667,0.0,41.76,0.0324,0.036,0.0018,0.8292,0.012,0.0006,No (reported postion),anchor,2021-04-07 02:00:00
2021-04-07 03:00:00+00:00,5.2695133333,60.394295,0.0,41.76,0.0324,0.036,0.0018,0.8292,0.012,0.0006,No (reported postion),anchor,2021-04-07 03:00:00
2021-04-07 04:00:00+00:00,5.2695183333,60.3943116667,0.0,41.76,0.0324,0.036,0.0018,0.8292,0.012,0.0006,No (reported postion),anchor,2021-04-07 04:00:00
2021-04-07 05:00:00+00:00,5.2695133333,60.3942966667,0.0,41.76,0.0324,0.036,0.0018,0.8292,0.012,0.0006,No (reported postion),anchor,2021-04-07 05:00:00
2021-04-07 06:00:00+00:00,5.2695016667,60.3942833333,0.0,41.76,0.0324,0.036,0.0018,0.8292,0.012,0.0006,No (reported postion),anchor,2021-04-07 06:00:00
2021-04-07 07:00:00+00:00,5.269515,60.3942683333,0.0,41.76,0.0324,0.036,0.0018,0.8292,0.012,0.0006,No (reported postion),anchor,2021-04-07 07:00:00
2021-04-07 08:00:00+00:00,5.269525,60.394275,0.0,41.76,0.0324,0.036,0.0018,0.8292,0.012,0.0006,No (reported postion),anchor,2021-04-07 08:00:00
2021-04-07 09:00:00+00:00,5.2695116667,60.3942783333,0.0,41.76,0.0324,0.036,0.0018,0.8292,0.012,0.0006,No (reported postion),anchor,2021-04-07 09:00:00
2021-04-07 10:00:00+00:00,5.26953,60.3942583333,0.0,41.76,0.0324,0.036,0.0018,0.8292,0.012,0.0006,No (reported postion),anchor,2021-04-07 10:00:00
2021-04-07 11:00:00+00:00,5.2695216667,60.3942883333,0.0,41.76,0.0324,0.036,0.0018,0.8292,0.012,0.0006,No (reported postion),anchor,2021-04-07 11:00:00
2021-04-07 12:00:00+00:00,5.17516,60.340525,10.8,1009.6648399999999,0.8267291999999999,0.8744586000000001,0.0459294,20.1872968,0.306196,0.015309799999999998,No (reported postion),cruise,2021-04-07 12:00:00
2021-04-07 13:00:00+00:00,5.2243733333,60.1817816667,10.5,1009.6648399999999,0.8267291999999999,0.8744586000000001,0.0459294,20.1872968,0.306196,0.015309799999999998,No (reported postion),cruise,2021-04-07 13:00:00
2021-04-07 14:00:00+00:00,5.32271,60.0135766667,11.2,1009.6648399999999,0.8267291999999999,0.8744586000000001,0.0459294,20.1872968,0.306196,0.015309799999999998,No (reported postion),cruise,2021-04-07 14:00:00
2021-04-07 15:00:00+00:00,5.532705,59.8857433333,10.4,1009.6648399999999,0.8267291999999999,0.8744586000000001,0.0459294,20.1872968,0.306196,0.015309799999999998,No (reported postion),cruise,2021-04-07 15:00:00
2021-04-07 16:00:00+00:00,5.467275,59.72696,11.2,1009.6648399999999,0.8267291999999999,0.8744586000000001,0.0459294,20.1872968,0.306196,0.015309799999999998,No (reported postion),cruise,2021-04-07 16:00:00
2021-04-07 17:00:00+00:00,5.2476916667,59.5789816667,11.7,1009.6648399999999,0.8267291999999999,0.8744586000000001,0.0459294,20.1872968,0.306196,0.015309799999999998,No (reported postion),cruise,2021-04-07 17:00:00
2021-04-07 18:00:00+00:00,5.2387983333,59.4144183333,9.5,867.674820957655,0.710202436652179,0.7514581275773,0.039455690925120995,17.3474964191531,0.263037939500807,0.0131518969750403,No (reported postion),cruise,2021-04-07 18:00:00
2021-04-07 19:00:00+00:00,5.2708583333,59.3962066667,0.0,41.76,0.0324,0.036,0.0018,0.8292,0.012,0.0006,No (reported postion),anchor,2021-04-07 19:00:00
2021-04-07 20:00:00+00:00,5.2708666667,59.3962016667,0.0,41.76,0.0324,0.036,0.0018,0.8292,0.012,0.0006,No (reported postion),anchor,2021-04-07 20:00:00
2021-04-07 21:00:00+00:00,5.2708816667,59.3962,0.0,41.76,0.0324,0.036,0.0018,0.8292,0.012,0.0006,No (reported postion),anchor,2021-04-07 21:00:00
2021-04-07 22:00:00+00:00,5.2976766667,59.36853,9.3,816.602242473872,0.668288770419288,0.70721592433147,0.037127153912182596,16.326044849477498,0.247514359414551,0.0123757179707275,No (reported postion),cruise,2021-04-07 22:00:00
2021-04-07 23:00:00+00:00,5.3386616667,59.205125,10.3,1009.6648399999999,0.8267291999999999,0.8744586000000001,0.0459294,20.1872968,0.306196,0.015309799999999998,No (reported postion),cruise,2021-04-07 23:00:00
2021-04-08 00:00:00+00:00,5.319115,59.0432316667,9.6,894.031847248627,0.731832822969998,0.774290202023887,0.040657379053888804,17.874636944972497,0.271049193692592,0.0135524596846296,No (reported postion),cruise,2021-04-08 00:00:00
2021-04-08 01:00:00+00:00,5.3694933333,58.884225,10.2,1009.6648399999999,0.8267291999999999,0.8744586000000001,0.0459294,20.1872968,0.306196,0.015309799999999998,No (reported postion),cruise,2021-04-08 01:00:00
2021-04-08 02:00:00+00:00,5.4488833333,58.731485,9.6,894.031847248627,0.731832822969998,0.774290202023887,0.040657379053888804,17.874636944972497,0.271049193692592,0.0135524596846296,No (reported postion),cruise,2021-04-08 02:00:00
2021-04-08 03:00:00+00:00,5.5875566667,58.58739,9.8,948.4162731206029,0.776464418670404,0.821401330818759,0.0431369121483558,18.9623254624121,0.287579414322372,0.0143789707161186,No (reported postion),cruise,2021-04-08 03:00:00
2021-04-08 04:00:00+00:00,5.7789966667,58.4601466667,9.6,894.031847248627,0.731832822969998,0.774290202023887,0.040657379053888804,17.874636944972497,0.271049193692592,0.0135524596846296,No (reported postion),cruise,2021-04-08 04:00:00
2021-04-08 05:00:00+00:00,5.9994166667,58.352075,9.5,867.674820957655,0.710202436652179,0.7514581275773,0.039455690925120995,17.3474964191531,0.263037939500807,0.0131518969750403,No (reported postion),cruise,2021-04-08 05:00:00
2021-04-08 06:00:00+00:00,6.2303516667,58.242275,9.9,976.4552323783539,0.799475114717798,0.845690398868787,0.044415284150988804,19.5231046475671,0.296101894339925,0.014805094716996299,No (reported postion),cruise,2021-04-08 06:00:00
2021-04-08 07:00:00+00:00,6.4598516667,58.1258916667,10.5,1009.6648399999999,0.8267291999999999,0.8744586000000001,0.0459294,20.1872968,0.306196,0.015309799999999998,No (reported postion),cruise,2021-04-08 07:00:00
2021-04-08 08:00:00+00:00,6.698255,58.0155016667,9.6,894.031847248627,0.731832822969998,0.774290202023887,0.040657379053888804,17.874636944972497,0.271049193692592,0.0135524596846296,No (reported postion),cruise,2021-04-08 08:00:00
2021-04-08 09:00:00+00:00,6.9845333333,57.9699866667,9.5,867.674820957655,0.710202436652179,0.7514581275773,0.039455690925120995,17.3474964191531,0.263037939500807,0.0131518969750403,No (reported postion),cruise,2021-04-08 09:00:00
2021-04-08 10:00:00+00:00,7.27364,57.934875,9.7,920.943738023485,0.753918569198605,0.797602934154083,0.041884364955477996,18.4128747604697,0.279229099703187,0.0139614549851593,No (reported postion),cruise,2021-04-08 10:00:00
2021-04-08 11:00:00+00:00,7.5696016667,57.9193033333,9.2,791.875130604314,0.6479960038394069,0.685795781830485,0.035999777991078195,15.8315026120863,0.239998519940521,0.0119999259970261,No (reported postion),cruise,2021-04-08 11:00:00
2021-04-08 12:00:00+00:00,7.8554933333,57.9042516667,8.9,751.729380352875,0.615049643450688,0.6510190680868371,0.034169424636149304,15.0285876070575,0.227796164240996,0.0113898082120498,No (reported postion),cruise,2021-04-08 12:00:00
2021-04-08 13:00:00+00:00,8.1489183333,57.889425,9.7,960.906635206371,0.786714867798541,0.832221249342905,0.043706381544363404,19.212132704127402,0.29137587696242295,0.0145687938481211,No (reported postion),cruise,2021-04-08 13:00:00
2021-04-08 14:00:00+00:00,8.4527316667,57.8731266667,9.9,1018.94137930464,0.8343421653867891,0.882494507908277,0.0463523425214883,20.3728275860929,0.309015616809922,0.015450780840496099,No (reported postion),cruise,2021-04-08 14:00:00
2021-04-08 15:00:00+00:00,8.7509533333,57.8582183333,9.7,960.906635206371,0.786714867798541,0.832221249342905,0.043706381544363404,19.212132704127402,0.29137587696242295,0.0145687938481211,No (reported postion),cruise,2021-04-08 15:00:00
2021-04-08 16:00:00+00:00,9.0555,57.841625,10.0,1009.6648399999999,0.8267291999999999,0.8744586000000001,0.0459294,20.1872968,0.306196,0.015309799999999998,No (reported postion),cruise,2021-04-08 16:00:00
2021-04-08 17:00:00+00:00,9.3714566667,57.8327816667,11.0,1009.6648399999999,0.8267291999999999,0.8744586000000001,0.0459294,20.1872968,0.306196,0.015309799999999998,No (reported postion),cruise,2021-04-08 17:00:00
2021-04-08 18:00:00+00:00,9.69509,57.8292783333,9.6,932.771476669019,0.7636252240140889,0.807848847570427,0.0424236235563382,18.6494295333804,0.282824157042255,0.0141412078521128,No (reported postion),cruise,2021-04-08 18:00:00
2021-04-08 19:00:00+00:00,9.9825783333,57.8220383333,8.6,682.327576999455,0.558093756200161,0.590898964877947,0.0310052086777867,13.640551539989099,0.206701391185245,0.0103350695592622,No (reported postion),cruise,2021-04-08 19:00:00
2021-04-08 20:00:00+00:00,10.26786,57.8091683333,9.8,989.627921898812,0.8102855286099669,0.857101391310521,0.045015862700553695,19.7865584379762,0.30010575133702505,0.0150052875668512,No (reported postion),cruise,2021-04-08 20:00:00
2021-04-08 21:00:00+00:00,10.5850333333,57.7985983333,10.9,1009.6648399999999,0.8267291999999999,0.8744586000000001,0.0459294,20.1872968,0.306196,0.015309799999999998,No (reported postion),cruise,2021-04-08 21:00:00
2021-04-08 22:00:00+00:00,10.7608166667,57.723845,9.1,767.679763865147,0.6281396238406981,0.664836269609626,0.034896645768927696,15.3475952773029,0.232644305126185,0.0116322152563092,No (reported postion),cruise,2021-04-08 22:00:00
2021-04-08 23:00:00+00:00,10.7405366667,57.5783133333,8.9,751.729380352875,0.615049643450688,0.6510190680868371,0.034169424636149304,15.0285876070575,0.227796164240996,0.0113898082120498,No (reported postion),cruise,2021-04-08 23:00:00
2021-04-09 00:00:00+00:00,10.7265616667,57.427835,9.0,775.930833436997,0.634911018322155,0.671983852673386,0.0352728343512309,15.5126166687399,0.235152229008206,0.0117576114504103,No (reported postion),cruise,2021-04-09 00:00:00
2021-04-09 01:00:00+00:00,10.7085033333,57.2855183333,8.5,633.350540219414,0.517899835438425,0.5484720485183371,0.0287722130799125,12.6610108043883,0.19181475386608302,0.009590737693304159,No (reported postion),cruise,2021-04-09 01:00:00
2021-04-09 02:00:00+00:00,10.7265666667,57.1446116667,8.7,704.933794692404,0.576645971328113,0.610481858624119,0.0320358872960063,14.0926758938481,0.213572581973375,0.0106786290986688,No (reported postion),cruise,2021-04-09 02:00:00
2021-04-09 03:00:00+00:00,10.8367,57.0122433333,8.7,704.933794692404,0.576645971328113,0.610481858624119,0.0320358872960063,14.0926758938481,0.213572581973375,0.0106786290986688,No (reported postion),cruise,2021-04-09 03:00:00
2021-04-09 04:00:00+00:00,10.801155,56.876005,8.5,660.241019320296,0.539968009776535,0.5717662325418981,0.029998222765363,13.198820386405899,0.19998815176908702,0.00999940758845435,No (reported postion),cruise,2021-04-09 04:00:00
2021-04-09 05:00:00+00:00,10.6756366667,56.7414516667,9.5,905.2164037284571,0.7410116383181871,0.7839789515580861,0.0411673132398993,18.0983280745691,0.27444875493266196,0.0137224377466331,No (reported postion),cruise,2021-04-09 05:00:00
2021-04-09 06:00:00+00:00,10.5132016667,56.614845,8.0,534.9728745651779,0.437164365144675,0.46325127431937896,0.0242869091747041,10.6934574913036,0.161912727831361,0.00809563639156805,No (reported postion),cruise,2021-04-09 06:00:00
2021-04-09 07:00:00+00:00,10.2901783333,56.5976533333,8.0,534.9728745651779,0.437164365144675,0.46325127431937896,0.0242869091747041,10.6934574913036,0.161912727831361,0.00809563639156805,No (reported postion),cruise,2021-04-09 07:00:00
2021-04-09 08:00:00+00:00,10.2260833333,56.4987516667,5.9,239.602904229144,0.19476347763486002,0.207383670836796,0.0108201932019367,4.78605808458288,0.07213462134624431,0.00360673106731222,No (reported postion),cruise,2021-04-09 08:00:00
2021-04-09 09:00:00+00:00,10.1001433333,56.4639883333,5.3,185.174166262969,0.18775808162955,0.160234156185246,0.00873095818717691,3.86958032477494,0.0603859345142539,0.00356418337564799,No (reported postion),cruise,2021-04-09 09:00:00
2021-04-09 10:00:00+00:00,10.05613,56.459585,0.0,41.76,0.0324,0.036,0.0018,0.8292,0.012,0.0006,No (reported postion),anchor,2021-04-09 10:00:00
2021-04-09 11:00:00+00:00,10.0561283333,56.4595883333,0.2,41.7677064511651,0.0324613470990922,0.0360066758011612,0.00180162678733561,0.829913617377887,0.012017075996654499,0.000602480587168335,No (reported postion),anchor,2021-04-09 11:00:00
2021-04-09 12:00:00+00:00,10.056125,56.459575,0.0,41.76,0.0324,0.036,0.0018,0.8292,0.012,0.0006,No (reported postion),anchor,2021-04-09 12:00:00
2021-04-09 13:00:00+00:00,10.056105,56.4596,0.1,41.760963306395595,0.0324076683873865,0.036000834475145196,0.00180020334841695,0.8292892021722359,0.0120021344995818,0.000600310073396042,No (reported postion),anchor,2021-04-09 13:00:00
2021-04-09 14:00:00+00:00,10.05613,56.459605,0.0,41.76,0.0324,0.036,0.0018,0.8292,0.012,0.0006,No (reported postion),anchor,2021-04-09 14:00:00
2021-04-09 15:00:00+00:00,10.056135,56.459595,0.1,41.760963306395595,0.0324076683873865,0.036000834475145196,0.00180020334841695,0.8292892021722359,0.0120021344995818,0.000600310073396042,No (reported postion),anchor,2021-04-09 15:00:00
2021-04-09 16:00:00+00:00,10.0561333333,56.4596,0.1,41.760963306395595,0.0324076683873865,0.036000834475145196,0.00180020334841695,0.8292892021722359,0.0120021344995818,0.000600310073396042,No (reported postion),anchor,2021-04-09 16:00:00
2021-04-09 17:00:00+00:00,10.0561483333,56.4595916667,0.0,41.76,0.0324,0.036,0.0018,0.8292,0.012,0.0006,No (reported postion),anchor,2021-04-09 17:00:00
2021-04-09 18:00:00+00:00,10.05611,56.4596166667,0.0,41.76,0.0324,0.036,0.0018,0.8292,0.012,0.0006,No (reported postion),anchor,2021-04-09 18:00:00
2021-04-09 19:00:00+00:00,10.05616,56.459595,0.0,41.76,0.0324,0.036,0.0018,0.8292,0.012,0.0006,No (reported postion),anchor,2021-04-09 19:00:00
2021-04-09 20:00:00+00:00,10.0561433333,56.4595983333,0.0,41.76,0.0324,0.036,0.0018,0.8292,0.012,0.0006,No (reported postion),anchor,2021-04-09 20:00:00
2021-04-09 21:00:00+00:00,10.1067366667,56.4627366667,6.2,271.34288665892495,0.220811487531641,0.23487879239450998,0.0122673048628689,5.4208577331785,0.0817820324191262,0.00408910162095631,No (reported postion),cruise,2021-04-09 21:00:00
2021-04-09 22:00:00+00:00,10.229725,56.5166316667,6.6,318.706735519512,0.25968151547193996,0.27590826633149196,0.0144267508595522,6.36813471039025,0.0961783390636816,0.00480891695318408,No (reported postion),cruise,2021-04-09 22:00:00
2021-04-09 23:00:00+00:00,10.32934,56.604475,9.0,744.0103624179969,0.608714887090758,0.644332380818022,0.0338174937272643,14.8742072483599,0.225449958181762,0.011272497909088101,No (reported postion),cruise,2021-04-09 23:00:00
2021-04-10 00:00:00+00:00,10.5948466667,56.6553316667,9.4,878.2353738263851,0.7188691517724131,0.760606326870881,0.0399371750984674,17.5587074765277,0.26624783398978297,0.0133123916994891,No (reported postion),cruise,2021-04-10 00:00:00
2021-04-10 01:00:00+00:00,10.857535,56.683425,9.3,851.822344404503,0.697192805438346,0.73772573907381,0.0387329336354637,17.0304468880901,0.258219557569758,0.0129109778784879,No (reported postion),cruise,2021-04-10 01:00:00
2021-04-10 02:00:00+00:00,10.979505,56.569945,9.2,825.97127290451,0.675977640377562,0.715331953731871,0.037554313354309005,16.5134254580902,0.25036208902872703,0.012518104451436298,No (reported postion),cruise,2021-04-10 02:00:00
2021-04-10 03:00:00+00:00,10.9982183333,56.4129133333,9.5,867.674820957655,0.710202436652179,0.7514581275773,0.039455690925120995,17.3474964191531,0.263037939500807,0.0131518969750403,No (reported postion),cruise,2021-04-10 03:00:00
2021-04-10 04:00:00+00:00,10.8867933333,56.300435,5.5,202.030101573792,0.186288526100793,0.17483580227516898,0.00932636191281181,4.13076409242011,0.0636371755830454,0.00347414467867894,No (reported postion),cruise,2021-04-10 04:00:00
2021-04-10 05:00:00+00:00,10.8667916667,56.30035,0.0,41.76,0.0324,0.036,0.0018,0.8292,0.012,0.0006,No (reported postion),anchor,2021-04-10 05:00:00
2021-04-10 06:00:00+00:00,10.8668266667,56.3004016667,0.0,41.76,0.0324,0.036,0.0018,0.8292,0.012,0.0006,No (reported postion),anchor,2021-04-10 06:00:00
2021-04-10 07:00:00+00:00,10.866725,56.3003333333,0.0,41.76,0.0324,0.036,0.0018,0.8292,0.012,0.0006,No (reported postion),anchor,2021-04-10 07:00:00
2021-04-10 08:00:00+00:00,10.8667633333,56.3003483333,0.0,41.76,0.0324,0.036,0.0018,0.8292,0.012,0.0006,No (reported postion),anchor,2021-04-10 08:00:00
2021-04-10 09:00:00+00:00,10.8835683333,56.2987866667,4.0,103.411609320647,0.17406752780063597,0.0894064092899224,0.005875752287915131,2.61709667029877,0.045542972852267,0.00389808001228994,No (reported postion),cruise,2021-04-10 09:00:00
2021-04-10 10:00:00+00:00,11.1562666667,56.28383,9.7,960.906635206371,0.786714867798541,0.832221249342905,0.043706381544363404,19.212132704127402,0.29137587696242295,0.0145687938481211,No (reported postion),cruise,2021-04-10 10:00:00
2021-04-10 11:00:00+00:00,11.4264183333,56.264225,9.9,1018.94137930464,0.8343421653867891,0.882494507908277,0.0463523425214883,20.3728275860929,0.309015616809922,0.015450780840496099,No (reported postion),cruise,2021-04-10 11:00:00
2021-04-10 12:00:00+00:00,11.732535,56.249765,9.8,948.4162731206029,0.776464418670404,0.821401330818759,0.0431369121483558,18.9623254624121,0.287579414322372,0.0143789707161186,No (reported postion),cruise,2021-04-10 12:00:00
2021-04-10 13:00:00+00:00,12.0230166667,56.2107783333,10.2,1009.6648399999999,0.8267291999999999,0.8744586000000001,0.0459294,20.1872968,0.306196,0.015309799999999998,No (reported postion),cruise,2021-04-10 13:00:00
2021-04-10 14:00:00+00:00,12.30971,56.1793783333,10.0,1005.06639563511,0.8229554006731931,0.870475145155037,0.045719744481844,20.095327912702302,0.304798296545627,0.0152399148272813,No (reported postion),cruise,2021-04-10 14:00:00
2021-04-10 15:00:00+00:00,12.5661166667,56.094635,10.2,1009.6648399999999,0.8267291999999999,0.8744586000000001,0.0459294,20.1872968,0.306196,0.015309799999999998,No (reported postion),cruise,2021-04-10 15:00:00
2021-04-10 16:00:00+00:00,12.7037266667,55.9498233333,10.4,1009.6648399999999,0.8267291999999999,0.8744586000000001,0.0459294,20.1872968,0.306196,0.015309799999999998,No (reported postion),cruise,2021-04-10 16:00:00
2021-04-10 17:00:00+00:00,12.78717,55.8000783333,9.3,816.602242473872,0.668288770419288,0.70721592433147,0.037127153912182596,16.326044849477498,0.247514359414551,0.0123757179707275,No (reported postion),cruise,2021-04-10 17:00:00
2021-04-10 18:00:00+00:00,12.93274,55.67075,9.7,920.943738023485,0.753918569198605,0.797602934154083,0.041884364955477996,18.4128747604697,0.279229099703187,0.0139614549851593,No (reported postion),cruise,2021-04-10 18:00:00
2021-04-10 19:00:00+00:00,13.005795,55.6255966667,0.0,41.76,0.0324,0.036,0.0018,0.8292,0.012,0.0006,No (reported postion),anchor,2021-04-10 19:00:00
2021-04-10 20:00:00+00:00,13.0058083333,55.6256016667,0.0,41.76,0.0324,0.036,0.0018,0.8292,0.012,0.0006,No (reported postion),anchor,2021-04-10 20:00:00
2021-04-10 21:00:00+00:00,13.0058033333,55.6256066667,0.1,41.760963306395595,0.0324076683873865,0.036000834475145196,0.00180020334841695,0.8292892021722359,0.0120021344995818,0.000600310073396042,No (reported postion),anchor,2021-04-10 21:00:00
2021-04-10 22:00:00+00:00,13.0057733333,55.62559,0.1,41.760963306395595,0.0324076683873865,0.036000834475145196,0.00180020334841695,0.8292892021722359,0.0120021344995818,0.000600310073396042,No (reported postion),anchor,2021-04-10 22:00:00
2021-04-10 23:00:00+00:00,13.00577,55.6256083333,0.0,41.76,0.0324,0.036,0.0018,0.8292,0.012,0.0006,No (reported postion),anchor,2021-04-10 23:00:00
2021-04-11 00:00:00+00:00,13.0057966667,55.6256016667,0.2,41.7677064511651,0.0324613470990922,0.0360066758011612,0.00180162678733561,0.829913617377887,0.012017075996654499,0.000602480587168335,No (reported postion),anchor,2021-04-11 00:00:00
2021-04-11 01:00:00+00:00,13.0058016667,55.6255966667,0.0,41.76,0.0324,0.036,0.0018,0.8292,0.012,0.0006,No (reported postion),anchor,2021-04-11 01:00:00
2021-04-11 02:00:00+00:00,13.0058,55.6255933333,0.2,41.7677064511651,0.0324613470990922,0.0360066758011612,0.00180162678733561,0.829913617377887,0.012017075996654499,0.000602480587168335,No (reported postion),anchor,2021-04-11 02:00:00
2021-04-11 03:00:00+00:00,13.00581,55.6256033333,0.0,41.76,0.0324,0.036,0.0018,0.8292,0.012,0.0006,No (reported postion),anchor,2021-04-11 03:00:00
2021-04-11 04:00:00+00:00,12.918925,55.624785,8.7,676.100151444908,0.552983103009499,0.585504386510027,0.0307212835005277,13.516003028898199,0.204808556670185,0.010240427833509199,No (reported postion),cruise,2021-04-11 04:00:00
2021-04-11 05:00:00+00:00,12.7488283333,55.5251833333,8.2,572.896320748541,0.468286950158377,0.49610289183384204,0.0260159416754654,11.4519264149708,0.173439611169769,0.00867198055848846,No (reported postion),cruise,2021-04-11 05:00:00
2021-04-11 06:00:00+00:00,12.6480533333,55.382425,9.6,932.771476669019,0.7636252240140889,0.807848847570427,0.0424236235563382,18.6494295333804,0.282824157042255,0.0141412078521128,No (reported postion),cruise,2021-04-11 06:00:00
2021-04-11 07:00:00+00:00,12.7508483333,55.2791566667,8.3,617.602713770151,0.504976087288574,0.534830314360162,0.028054227071587397,12.346054275402999,0.18702818047725,0.00935140902386248,No (reported postion),cruise,2021-04-11 07:00:00
2021-04-11 08:00:00+00:00,12.985795,55.2452533333,8.3,617.602713770151,0.504976087288574,0.534830314360162,0.028054227071587397,12.346054275402999,0.18702818047725,0.00935140902386248,No (reported postion),cruise,2021-04-11 08:00:00
2021-04-11 09:00:00+00:00,13.2284166667,55.2297866667,8.8,728.065714957445,0.595629614098815,0.630520148215416,0.0330905341166008,14.5553142991489,0.220603560777339,0.011030178038866901,No (reported postion),cruise,2021-04-11 09:00:00
2021-04-11 10:00:00+00:00,13.4862266667,55.2130833333,9.4,878.2353738263851,0.7188691517724131,0.760606326870881,0.0399371750984674,17.5587074765277,0.26624783398978297,0.0133123916994891,No (reported postion),cruise,2021-04-11 10:00:00
2021-04-11 11:00:00+00:00,13.7527216667,55.1977233333,9.5,905.2164037284571,0.7410116383181871,0.7839789515580861,0.0411673132398993,18.0983280745691,0.27444875493266196,0.0137224377466331,No (reported postion),cruise,2021-04-11 11:00:00
2021-04-11 12:00:00+00:00,14.015545,55.1807833333,9.1,800.6761167681079,0.655218697651639,0.693419736410063,0.036401038758424396,16.0075223353622,0.242673591722829,0.012133679586141501,No (reported postion),cruise,2021-04-11 12:00:00
2021-04-11 13:00:00+00:00,14.291225,55.18888,10.0,1009.6648399999999,0.8267291999999999,0.8744586000000001,0.0459294,20.1872968,0.306196,0.015309799999999998,No (reported postion),cruise,2021-04-11 13:00:00
2021-04-11 14:00:00+00:00,14.5198866667,55.2981216667,10.6,1009.6648399999999,0.8267291999999999,0.8744586000000001,0.0459294,20.1872968,0.306196,0.015309799999999998,No (reported postion),cruise,2021-04-11 14:00:00
2021-04-11 15:00:00+00:00,14.7343916667,55.4048666667,8.0,557.3916415908669,0.455562745378523,0.482671786788441,0.025309041409918,11.1418328318173,0.168726942732786,0.00843634713663932,No (reported postion),cruise,2021-04-11 15:00:00
2021-04-11 16:00:00+00:00,14.9841966667,55.4819516667,10.1,1009.6648399999999,0.8267291999999999,0.8744586000000001,0.0459294,20.1872968,0.306196,0.015309799999999998,No (reported postion),cruise,2021-04-11 16:00:00
2021-04-11 17:00:00+00:00,15.23537,55.5606133333,10.0,1009.6648399999999,0.8267291999999999,0.8744586000000001,0.0459294,20.1872968,0.306196,0.015309799999999998,No (reported postion),cruise,2021-04-11 17:00:00
2021-04-11 18:00:00+00:00,15.4908916667,55.63544,9.3,851.822344404503,0.697192805438346,0.73772573907381,0.0387329336354637,17.0304468880901,0.258219557569758,0.0129109778784879,No (reported postion),cruise,2021-04-11 18:00:00
2021-04-11 19:00:00+00:00,15.7414666667,55.7171433333,9.5,905.2164037284571,0.7410116383181871,0.7839789515580861,0.0411673132398993,18.0983280745691,0.27444875493266196,0.0137224377466331,No (reported postion),cruise,2021-04-11 19:00:00
2021-04-11 20:00:00+00:00,15.9948533333,55.7986333333,10.3,1009.6648399999999,0.8267291999999999,0.8744586000000001,0.0459294,20.1872968,0.306196,0.015309799999999998,No (reported postion),cruise,2021-04-11 20:00:00
2021-04-11 21:00:00+00:00,16.258305,55.8742366667,10.1,1009.6648399999999,0.8267291999999999,0.8744586000000001,0.0459294,20.1872968,0.306196,0.015309799999999998,No (reported postion),cruise,2021-04-11 21:00:00
2021-04-11 22:00:00+00:00,16.5485983333,55.9627183333,10.5,1009.6648399999999,0.8267291999999999,0.8744586000000001,0.0459294,20.1872968,0.306196,0.015309799999999998,No (reported postion),cruise,2021-04-11 22:00:00
2021-04-11 23:00:00+00:00,16.7960383333,56.046195,10.7,1009.6648399999999,0.8267291999999999,0.8744586000000001,0.0459294,20.1872968,0.306196,0.015309799999999998,No (reported postion),cruise,2021-04-11 23:00:00
2021-04-12 00:00:00+00:00,17.08041,56.1337166667,10.9,1009.6648399999999,0.8267291999999999,0.8744586000000001,0.0459294,20.1872968,0.306196,0.015309799999999998,No (reported postion),cruise,2021-04-12 00:00:00
2021-04-12 01:00:00+00:00,17.379075,56.2241460417,9.5375,946.418931429581,0.7748252628753399,0.8196711108128589,0.0430458479375189,18.9223786285916,0.28697231958345903,0.014348615979173,Linear (small gap),cruise,2021-04-12 01:00:00
2021-04-12 02:00:00+00:00,17.67774,56.3145754167,8.175,611.4577527369961,0.499933110148902,0.529507171823841,0.027774061674939,12.2231550547399,0.18516041116626,0.009258020558312999,Linear (small gap),cruise,2021-04-12 02:00:00
2021-04-12 03:00:00+00:00,17.976405,56.4050047917,6.8125,371.44619950057603,0.30296314244728095,0.321594428138797,0.0168312856915156,7.42292399001152,0.112208571276771,0.00561042856383854,Linear (small gap),cruise,2021-04-12 03:00:00
2021-04-12 04:00:00+00:00,18.27507,56.4954341667,5.45,210.55933414429498,0.18616644511563898,0.18222434720706399,0.009649938639537121,4.27270641654362,0.0653590600334549,0.00344752676140072,Linear (small gap),cruise,2021-04-12 04:00:00
2021-04-12 05:00:00+00:00,18.573735,56.5858635417,4.0875,131.41694735641502,0.206640644989209,0.113578814579265,0.00724680427052288,3.2383314733360398,0.0554196765252228,0.00457925311085989,Linear (small gap),maneuver,2021-04-12 05:00:00
2021-04-12 06:00:00+00:00,18.8724,56.6762929167,2.725,62.1383547722711,0.14093796677036702,0.0536529820975601,0.00451298461709871,2.01929591870063,0.038820144730679,0.0042173128227982705,Linear (small gap),anchor,2021-04-12 06:00:00
2021-04-12 07:00:00+00:00,19.171065,56.7667222917,1.3625,44.3072943465339,0.052677701804171,0.038206622762195004,0.0023377191257348898,1.06507945648904,0.017644308749614597,0.0014199345632156198,Linear (small gap),anchor,2021-04-12 07:00:00
2021-04-12 08:00:00+00:00,19.46973,56.8571516667,0.0,41.76,0.0324,0.036,0.0018,0.8292,0.012,0.0006,No (reported postion),anchor,2021-04-12 08:00:00
2021-04-12 09:00:00+00:00,19.7631,56.94854,11.2,1009.6648399999999,0.8267291999999999,0.8744586000000001,0.0459294,20.1872968,0.306196,0.015309799999999998,No (reported postion),cruise,2021-04-12 09:00:00
2021-04-12 10:00:00+00:00,20.11092,57.05083,11.2,1009.6648399999999,0.8267291999999999,0.8744586000000001,0.0459294,20.1872968,0.306196,0.015309799999999998,Linear (small gap),cruise,2021-04-12 10:00:00
2021-04-12 11:00:00+00:00,20.45874,57.15312,11.2,1009.6648399999999,0.8267291999999999,0.8744586000000001,0.0459294,20.1872968,0.306196,0.015309799999999998,Linear (small gap),cruise,2021-04-12 11:00:00
2021-04-12 12:00:00+00:00,20.80656,57.25541,11.2,1009.6648399999999,0.8267291999999999,0.8744586000000001,0.0459294,20.1872968,0.306196,0.015309799999999998,No (reported postion),cruise,2021-04-12 12:00:00
2021-04-12 13:00:00+00:00,20.90261,57.2842483333,11.0,1009.6648399999999,0.8267291999999999,0.8744586000000001,0.0459294,20.1872968,0.306196,0.015309799999999998,No (reported postion),cruise,2021-04-12 13:00:00
2021-04-12 14:00:00+00:00,21.1492733333,57.3589783333,10.9,1009.6648399999999,0.8267291999999999,0.8744586000000001,0.0459294,20.1872968,0.306196,0.015309799999999998,No (reported postion),cruise,2021-04-12 14:00:00
2021-04-12 15:00:00+00:00,21.4549216667,57.4147866667,10.9,1009.6648399999999,0.8267291999999999,0.8744586000000001,0.0459294,20.1872968,0.306196,0.015309799999999998,No (reported postion),cruise,2021-04-12 15:00:00
2021-04-12 16:00:00+00:00,21.5906333333,57.386855,0.0,41.76,0.0324,0.036,0.0018,0.8292,0.012,0.0006,No (reported postion),anchor,2021-04-12 16:00:00
2021-04-12 17:00:00+00:00,21.5906433333,57.386855,0.0,41.76,0.0324,0.036,0.0018,0.8292,0.012,0.0006,No (reported postion),anchor,2021-04-12 17:00:00
2021-04-12 18:00:00+00:00,21.5906883333,57.3868383333,0.0,41.76,0.0324,0.036,0.0018,0.8292,0.012,0.0006,No (reported postion),anchor,2021-04-12 18:00:00
2021-04-12 19:00:00+00:00,21.5906283333,57.3868666667,0.0,41.76,0.0324,0.036,0.0018,0.8292,0.012,0.0006,No (reported postion),anchor,2021-04-12 19:00:00
2021-04-12 20:00:00+00:00,21.590635,57.386865,0.0,41.76,0.0324,0.036,0.0018,0.8292,0.012,0.0006,No (reported postion),anchor,2021-04-12 20:00:00
2021-04-12 21:00:00+00:00,21.5906416667,57.3868516667,0.0,41.76,0.0324,0.036,0.0018,0.8292,0.012,0.0006,No (reported postion),anchor,2021-04-12 21:00:00
2021-04-12 22:00:00+00:00,21.5906216667,57.386855,0.0,41.76,0.0324,0.036,0.0018,0.8292,0.012,0.0006,No (reported postion),anchor,2021-04-12 22:00:00
2021-04-12 23:00:00+00:00,21.5906416667,57.3868516667,0.0,41.76,0.0324,0.036,0.0018,0.8292,0.012,0.0006,No (reported postion),anchor,2021-04-12 23:00:00
2021-04-13 00:00:00+00:00,21.5906366667,57.3868533333,0.0,41.76,0.0324,0.036,0.0018,0.8292,0.012,0.0006,No (reported postion),anchor,2021-04-13 00:00:00
2021-04-13 01:00:00+00:00,21.59064,57.3868483333,0.0,41.76,0.0324,0.036,0.0018,0.8292,0.012,0.0006,No (reported postion),anchor,2021-04-13 01:00:00
2021-04-13 02:00:00+00:00,21.59063,57.38685,0.0,41.76,0.0324,0.036,0.0018,0.8292,0.012,0.0006,No (reported postion),anchor,2021-04-13 02:00:00
2021-04-13 03:00:00+00:00,21.5906433333,57.3868716667,0.0,41.76,0.0324,0.036,0.0018,0.8292,0.012,0.0006,No (reported postion),anchor,2021-04-13 03:00:00
2021-04-13 04:00:00+00:00,21.5906533333,57.3868616667,0.0,41.76,0.0324,0.036,0.0018,0.8292,0.012,0.0006,No (reported postion),anchor,2021-04-13 04:00:00
2021-04-13 05:00:00+00:00,21.5906433333,57.3868466667,0.0,41.76,0.0324,0.036,0.0018,0.8292,0.012,0.0006,No (reported postion),anchor,2021-04-13 05:00:00
2021-04-13 06:00:00+00:00,21.5906366667,57.3868516667,0.0,41.76,0.0324,0.036,0.0018,0.8292,0.012,0.0006,No (reported postion),anchor,2021-04-13 06:00:00
2021-04-13 07:00:00+00:00,21.5906316667,57.38687,0.0,41.76,0.0324,0.036,0.0018,0.8292,0.012,0.0006,No (reported postion),anchor,2021-04-13 07:00:00
2021-04-13 08:00:00+00:00,21.590645,57.3868533333,0.0,41.76,0.0324,0.036,0.0018,0.8292,0.012,0.0006,No (reported postion),anchor,2021-04-13 08:00:00
2021-04-13 09:00:00+00:00,21.59065,57.3868833333,0.0,41.76,0.0324,0.036,0.0018,0.8292,0.012,0.0006,No (reported postion),anchor,2021-04-13 09:00:00
2021-04-13 10:00:00+00:00,21.5906583333,57.3868533333,0.0,41.76,0.0324,0.036,0.0018,0.8292,0.012,0.0006,No (reported postion),anchor,2021-04-13 10:00:00
2021-04-13 11:00:00+00:00,21.5906416667,57.386865,0.0,41.76,0.0324,0.036,0.0018,0.8292,0.012,0.0006,No (reported postion),anchor,2021-04-13 11:00:00
2021-04-13 12:00:00+00:00,21.59065,57.38686,0.0,41.76,0.0324,0.036,0.0018,0.8292,0.012,0.0006,No (reported postion),anchor,2021-04-13 12:00:00
2021-04-13 13:00:00+00:00,21.5906433333,57.386855,0.0,41.76,0.0324,0.036,0.0018,0.8292,0.012,0.0006,No (reported postion),anchor,2021-04-13 13:00:00
2021-04-13 14:00:00+00:00,21.5906333333,57.3868616667,0.0,41.76,0.0324,0.036,0.0018,0.8292,0.012,0.0006,No (reported postion),anchor,2021-04-13 14:00:00
2021-04-13 15:00:00+00:00,21.5906333333,57.386855,0.0,41.76,0.0324,0.036,0.0018,0.8292,0.012,0.0006,No (reported postion),anchor,2021-04-13 15:00:00
2021-04-13 16:00:00+00:00,21.5906366667,57.3868583333,0.0,41.76,0.0324,0.036,0.0018,0.8292,0.012,0.0006,No (reported postion),anchor,2021-04-13 16:00:00
2021-04-13 17:00:00+00:00,21.590645,57.3868583333,0.0,41.76,0.0324,0.036,0.0018,0.8292,0.012,0.0006,No (reported postion),anchor,2021-04-13 17:00:00
2021-04-13 18:00:00+00:00,21.59065,57.386855,0.0,41.76,0.0324,0.036,0.0018,0.8292,0.012,0.0006,No (reported postion),anchor,2021-04-13 18:00:00
2021-04-13 19:00:00+00:00,21.5906333333,57.3868583333,0.0,41.76,0.0324,0.036,0.0018,0.8292,0.012,0.0006,No (reported postion),anchor,2021-04-13 19:00:00
2021-04-13 20:00:00+00:00,21.590645,57.3868583333,0.0,41.76,0.0324,0.036,0.0018,0.8292,0.012,0.0006,No (reported postion),anchor,2021-04-13 20:00:00
2021-04-13 21:00:00+00:00,21.5865966667,57.390005,3.5,83.0617617128555,0.164590744935066,0.0717781218485222,0.00524599805172608,2.34084447869051,0.0426310937931208,0.00412132041351245,No (reported postion),cruise,2021-04-13 21:00:00
2021-04-13 22:00:00+00:00,21.5363633333,57.40017,4.6,135.524391325539,0.18399051594545401,0.117224472728811,0.00701546614363942,3.11705114834316,0.051329744689739894,0.0037064798341895997,No (reported postion),cruise,2021-04-13 22:00:00
2021-04-13 23:00:00+00:00,21.3165466667,57.3810166667,6.2,271.34288665892495,0.220811487531641,0.23487879239450998,0.0122673048628689,5.4208577331785,0.0817820324191262,0.00408910162095631,No (reported postion),cruise,2021-04-13 23:00:00
2021-04-14 00:00:00+00:00,21.11453,57.33987,9.1,800.6761167681079,0.655218697651639,0.693419736410063,0.036401038758424396,16.0075223353622,0.242673591722829,0.012133679586141501,No (reported postion),cruise,2021-04-14 00:00:00
2021-04-14 01:00:00+00:00,20.74334,57.2725416667,9.5,905.2164037284571,0.7410116383181871,0.7839789515580861,0.0411673132398993,18.0983280745691,0.27444875493266196,0.0137224377466331,No (reported postion),cruise,2021-04-14 01:00:00
2021-04-14 02:00:00+00:00,20.478145,57.22013333335,9.5,935.789888825439,0.7661023403734609,0.8104635815053189,0.0425612411318589,18.7097977765088,0.283741607545726,0.0141870803772863,Linear (small gap),cruise,2021-04-14 02:00:00
2021-04-14 03:00:00+00:00,20.21295,57.167725,9.5,935.789888825439,0.7661023403734609,0.8104635815053189,0.0425612411318589,18.7097977765088,0.283741607545726,0.0141870803772863,Linear (small gap),cruise,2021-04-14 03:00:00
2021-04-14 04:00:00+00:00,19.947755,57.11531666665,9.5,935.789888825439,0.7661023403734609,0.8104635815053189,0.0425612411318589,18.7097977765088,0.283741607545726,0.0141870803772863,Linear (small gap),cruise,2021-04-14 04:00:00
2021-04-14 05:00:00+00:00,19.68256,57.0629083333,9.5,905.2164037284571,0.7410116383181871,0.7839789515580861,0.0411673132398993,18.0983280745691,0.27444875493266196,0.0137224377466331,No (reported postion),cruise,2021-04-14 05:00:00
2021-04-14 06:00:00+00:00,19.3579,57.0117683333,9.3,851.822344404503,0.697192805438346,0.73772573907381,0.0387329336354637,17.0304468880901,0.258219557569758,0.0129109778784879,No (reported postion),cruise,2021-04-14 06:00:00
2021-04-14 07:00:00+00:00,19.24495,56.9856,9.6,932.771476669019,0.7636252240140889,0.807848847570427,0.0424236235563382,18.6494295333804,0.282824157042255,0.0141412078521128,No (reported postion),cruise,2021-04-14 07:00:00
2021-04-14 08:00:00+00:00,18.96643,56.9282116667,9.8,989.627921898812,0.8102855286099669,0.857101391310521,0.045015862700553695,19.7865584379762,0.30010575133702505,0.0150052875668512,No (reported postion),cruise,2021-04-14 08:00:00
2021-04-14 09:00:00+00:00,18.67853,56.8811916667,9.7,960.906635206371,0.786714867798541,0.832221249342905,0.043706381544363404,19.212132704127402,0.29137587696242295,0.0145687938481211,No (reported postion),cruise,2021-04-14 09:00:00
2021-04-14 10:00:00+00:00,18.39762,56.82296,9.9,1018.94137930464,0.8343421653867891,0.882494507908277,0.0463523425214883,20.3728275860929,0.309015616809922,0.015450780840496099,No (reported postion),cruise,2021-04-14 10:00:00
2021-04-14 11:00:00+00:00,18.120955,56.712665,9.6,932.771476669019,0.7636252240140889,0.807848847570427,0.0424236235563382,18.6494295333804,0.282824157042255,0.0141412078521128,No (reported postion),cruise,2021-04-14 11:00:00
2021-04-14 12:00:00+00:00,17.83337416665,56.59960583335,9.8,1023.19027161206,0.837829098283456,0.886175159299203,0.0465460610157475,20.4578054322413,0.310307073438317,0.0155153536719159,Linear (small gap),cruise,2021-04-14 12:00:00
2021-04-14 13:00:00+00:00,17.5457933333,56.4865466667,10.0,1009.6648399999999,0.8267291999999999,0.8744586000000001,0.0459294,20.1872968,0.306196,0.015309799999999998,No (reported postion),cruise,2021-04-14 13:00:00
2021-04-14 14:00:00+00:00,17.2722916666333,56.3773783333667,10.0666666666667,1009.6648399999999,0.8267291999999999,0.8744586000000001,0.0459294,20.1872968,0.306196,0.015309799999999998,Linear (small gap),cruise,2021-04-14 14:00:00
2021-04-14 15:00:00+00:00,16.9987899999667,56.2682100000333,10.1333333333333,1009.6648399999999,0.8267291999999999,0.8744586000000001,0.0459294,20.1872968,0.306196,0.015309799999999998,Linear (small gap),cruise,2021-04-14 15:00:00
2021-04-14 16:00:00+00:00,16.7252883333,56.1590416667,10.2,1009.6648399999999,0.8267291999999999,0.8744586000000001,0.0459294,20.1872968,0.306196,0.015309799999999998,No (reported postion),cruise,2021-04-14 16:00:00
2021-04-14 17:00:00+00:00,16.7055083333,56.151395,10.0,1009.6648399999999,0.8267291999999999,0.8744586000000001,0.0459294,20.1872968,0.306196,0.015309799999999998,No (reported postion),cruise,2021-04-14 17:00:00
2021-04-14 18:00:00+00:00,16.4667516667,56.0580316667,10.0,1009.6648399999999,0.8267291999999999,0.8744586000000001,0.0459294,20.1872968,0.306196,0.015309799999999998,No (reported postion),cruise,2021-04-14 18:00:00
2021-04-14 19:00:00+00:00,16.214465,55.96924,10.0,1009.6648399999999,0.8267291999999999,0.8744586000000001,0.0459294,20.1872968,0.306196,0.015309799999999998,No (reported postion),cruise,2021-04-14 19:00:00
2021-04-14 20:00:00+00:00,15.968975,55.880705,9.8,989.627921898812,0.8102855286099669,0.857101391310521,0.045015862700553695,19.7865584379762,0.30010575133702505,0.0150052875668512,No (reported postion),cruise,2021-04-14 20:00:00
2021-04-14 21:00:00+00:00,15.71007,55.8023466667,10.0,1009.6648399999999,0.8267291999999999,0.8744586000000001,0.0459294,20.1872968,0.306196,0.015309799999999998,No (reported postion),cruise,2021-04-14 21:00:00
2021-04-14 22:00:00+00:00,15.45373,55.7221766667,10.1,1009.6648399999999,0.8267291999999999,0.8744586000000001,0.0459294,20.1872968,0.306196,0.015309799999999998,No (reported postion),cruise,2021-04-14 22:00:00
2021-04-14 23:00:00+00:00,15.198255,55.6458033333,9.7,960.906635206371,0.786714867798541,0.832221249342905,0.043706381544363404,19.212132704127402,0.29137587696242295,0.0145687938481211,No (reported postion),cruise,2021-04-14 23:00:00
2021-04-15 00:00:00+00:00,14.9452416667,55.57349,9.8,989.627921898812,0.8102855286099669,0.857101391310521,0.045015862700553695,19.7865584379762,0.30010575133702505,0.0150052875668512,No (reported postion),cruise,2021-04-15 00:00:00
2021-04-15 01:00:00+00:00,14.6978666667,55.49196,9.6,932.771476669019,0.7636252240140889,0.807848847570427,0.0424236235563382,18.6494295333804,0.282824157042255,0.0141412078521128,No (reported postion),cruise,2021-04-15 01:00:00
2021-04-15 02:00:00+00:00,14.4761666667,55.38859,10.1,1009.6648399999999,0.8267291999999999,0.8744586000000001,0.0459294,20.1872968,0.306196,0.015309799999999998,No (reported postion),cruise,2021-04-15 02:00:00
2021-04-15 03:00:00+00:00,14.2899033333,55.2557983333,10.1,1009.6648399999999,0.8267291999999999,0.8744586000000001,0.0459294,20.1872968,0.306196,0.015309799999999998,No (reported postion),cruise,2021-04-15 03:00:00
2021-04-15 04:00:00+00:00,14.01849,55.2385866667,10.4,1009.6648399999999,0.8267291999999999,0.8744586000000001,0.0459294,20.1872968,0.306196,0.015309799999999998,No (reported postion),cruise,2021-04-15 04:00:00
2021-04-15 05:00:00+00:00,13.720545,55.2475416667,10.2,1009.6648399999999,0.8267291999999999,0.8744586000000001,0.0459294,20.1872968,0.306196,0.015309799999999998,No (reported postion),cruise,2021-04-15 05:00:00
2021-04-15 06:00:00+00:00,13.43034,55.2548516667,10.0,1009.6648399999999,0.8267291999999999,0.8744586000000001,0.0459294,20.1872968,0.306196,0.015309799999999998,No (reported postion),cruise,2021-04-15 06:00:00
2021-04-15 07:00:00+00:00,13.1433816667,55.26207,9.5,905.2164037284571,0.7410116383181871,0.7839789515580861,0.0411673132398993,18.0983280745691,0.27444875493266196,0.0137224377466331,No (reported postion),cruise,2021-04-15 07:00:00
2021-04-15 08:00:00+00:00,12.8637616667,55.2692333333,9.6,932.771476669019,0.7636252240140889,0.807848847570427,0.0424236235563382,18.6494295333804,0.282824157042255,0.0141412078521128,No (reported postion),cruise,2021-04-15 08:00:00
2021-04-15 09:00:00+00:00,12.6904,55.35962,9.6,894.031847248627,0.731832822969998,0.774290202023887,0.040657379053888804,17.874636944972497,0.271049193692592,0.0135524596846296,No (reported postion),cruise,2021-04-15 09:00:00
2021-04-15 10:00:00+00:00,12.717515,55.5189266667,9.9,976.4552323783539,0.799475114717798,0.845690398868787,0.044415284150988804,19.5231046475671,0.296101894339925,0.014805094716996299,No (reported postion),cruise,2021-04-15 10:00:00
2021-04-15 11:00:00+00:00,12.6886033333,55.6859266667,10.3,1009.6648399999999,0.8267291999999999,0.8744586000000001,0.0459294,20.1872968,0.306196,0.015309799999999998,No (reported postion),cruise,2021-04-15 11:00:00
2021-04-15 12:00:00+00:00,12.727025,55.8540366667,10.2,1009.6648399999999,0.8267291999999999,0.8744586000000001,0.0459294,20.1872968,0.306196,0.015309799999999998,No (reported postion),cruise,2021-04-15 12:00:00
2021-04-15 13:00:00+00:00,12.68011,56.0167183333,10.5,1009.6648399999999,0.8267291999999999,0.8744586000000001,0.0459294,20.1872968,0.306196,0.015309799999999998,No (reported postion),cruise,2021-04-15 13:00:00
2021-04-15 14:00:00+00:00,12.5080266667,56.1674616667,10.3,1009.6648399999999,0.8267291999999999,0.8744586000000001,0.0459294,20.1872968,0.306196,0.015309799999999998,No (reported postion),cruise,2021-04-15 14:00:00
2021-04-15 15:00:00+00:00,12.384475,56.31622,10.1,1009.6648399999999,0.8267291999999999,0.8744586000000001,0.0459294,20.1872968,0.306196,0.015309799999999998,No (reported postion),cruise,2021-04-15 15:00:00
2021-04-15 16:00:00+00:00,12.2571783333,56.4556883333,9.0,775.930833436997,0.634911018322155,0.671983852673386,0.0352728343512309,15.5126166687399,0.235152229008206,0.0117576114504103,No (reported postion),cruise,2021-04-15 16:00:00
2021-04-15 17:00:00+00:00,12.2043783333,56.6009716667,9.2,825.97127290451,0.675977640377562,0.715331953731871,0.037554313354309005,16.5134254580902,0.25036208902872703,0.012518104451436298,No (reported postion),cruise,2021-04-15 17:00:00
2021-04-15 18:00:00+00:00,12.15539,56.764215,10.5,1009.6648399999999,0.8267291999999999,0.8744586000000001,0.0459294,20.1872968,0.306196,0.015309799999999998,No (reported postion),cruise,2021-04-15 18:00:00
2021-04-15 19:00:00+00:00,12.1031833333,56.9353733333,10.3,1009.6648399999999,0.8267291999999999,0.8744586000000001,0.0459294,20.1872968,0.306196,0.015309799999999998,No (reported postion),cruise,2021-04-15 19:00:00
2021-04-15 20:00:00+00:00,11.9839533333,57.08779,9.9,1018.94137930464,0.8343421653867891,0.882494507908277,0.0463523425214883,20.3728275860929,0.309015616809922,0.015450780840496099,No (reported postion),cruise,2021-04-15 20:00:00
2021-04-15 21:00:00+00:00,11.8628316667,57.2453583333,10.7,1009.6648399999999,0.8267291999999999,0.8744586000000001,0.0459294,20.1872968,0.306196,0.015309799999999998,No (reported postion),cruise,2021-04-15 21:00:00
2021-04-15 22:00:00+00:00,11.64427,57.3793116667,10.5,1009.6648399999999,0.8267291999999999,0.8744586000000001,0.0459294,20.1872968,0.306196,0.015309799999999998,No (reported postion),cruise,2021-04-15 22:00:00
2021-04-15 23:00:00+00:00,11.4298233333,57.513345,10.8,1009.6648399999999,0.8267291999999999,0.8744586000000001,0.0459294,20.1872968,0.306196,0.015309799999999998,No (reported postion),cruise,2021-04-15 23:00:00
2021-04-16 00:00:00+00:00,11.2127866667,57.6425783333,10.4,1009.6648399999999,0.8267291999999999,0.8744586000000001,0.0459294,20.1872968,0.306196,0.015309799999999998,No (reported postion),cruise,2021-04-16 00:00:00
2021-04-16 01:00:00+00:00,11.0008166667,57.766305,10.1,1009.6648399999999,0.8267291999999999,0.8744586000000001,0.0459294,20.1872968,0.306196,0.015309799999999998,No (reported postion),cruise,2021-04-16 01:00:00
2021-04-16 02:00:00+00:00,10.7451216667,57.8551066667,9.4,878.2353738263851,0.7188691517724131,0.760606326870881,0.0399371750984674,17.5587074765277,0.26624783398978297,0.0133123916994891,No (reported postion),cruise,2021-04-16 02:00:00
2021-04-16 03:00:00+00:00,10.4482116667,57.8620716667,9.5,905.2164037284571,0.7410116383181871,0.7839789515580861,0.0411673132398993,18.0983280745691,0.27444875493266196,0.0137224377466331,No (reported postion),cruise,2021-04-16 03:00:00
2021-04-16 04:00:00+00:00,10.1480683333,57.8687316667,9.7,960.906635206371,0.786714867798541,0.832221249342905,0.043706381544363404,19.212132704127402,0.29137587696242295,0.0145687938481211,No (reported postion),cruise,2021-04-16 04:00:00
2021-04-16 05:00:00+00:00,9.84253,57.8740783333,9.8,989.627921898812,0.8102855286099669,0.857101391310521,0.045015862700553695,19.7865584379762,0.30010575133702505,0.0150052875668512,No (reported postion),cruise,2021-04-16 05:00:00
2021-04-16 06:00:00+00:00,9.5406766667,57.883165,9.7,960.906635206371,0.786714867798541,0.832221249342905,0.043706381544363404,19.212132704127402,0.29137587696242295,0.0145687938481211,No (reported postion),cruise,2021-04-16 06:00:00
2021-04-16 07:00:00+00:00,9.2405633333,57.886665,9.7,960.906635206371,0.786714867798541,0.832221249342905,0.043706381544363404,19.212132704127402,0.29137587696242295,0.0145687938481211,No (reported postion),cruise,2021-04-16 07:00:00
2021-04-16 08:00:00+00:00,8.9362066667,57.88872,10.0,1009.6648399999999,0.8267291999999999,0.8744586000000001,0.0459294,20.1872968,0.306196,0.015309799999999998,No (reported postion),cruise,2021-04-16 08:00:00
2021-04-16 09:00:00+00:00,8.6330783333,57.8905166667,9.8,989.627921898812,0.8102855286099669,0.857101391310521,0.045015862700553695,19.7865584379762,0.30010575133702505,0.0150052875668512,No (reported postion),cruise,2021-04-16 09:00:00
2021-04-16 10:00:00+00:00,8.3225666667,57.8900983333,9.9,1018.94137930464,0.8343421653867891,0.882494507908277,0.0463523425214883,20.3728275860929,0.309015616809922,0.015450780840496099,No (reported postion),cruise,2021-04-16 10:00:00
2021-04-16 11:00:00+00:00,8.0044733333,57.8993183333,10.2,1009.6648399999999,0.8267291999999999,0.8744586000000001,0.0459294,20.1872968,0.306196,0.015309799999999998,No (reported postion),cruise,2021-04-16 11:00:00
2021-04-16 12:00:00+00:00,7.66682,57.9098516667,10.9,1009.6648399999999,0.8267291999999999,0.8744586000000001,0.0459294,20.1872968,0.306196,0.015309799999999998,No (reported postion),cruise,2021-04-16 12:00:00
2021-04-16 13:00:00+00:00,7.3369583333,57.9219016667,10.1,1009.6648399999999,0.8267291999999999,0.8744586000000001,0.0459294,20.1872968,0.306196,0.015309799999999998,No (reported postion),cruise,2021-04-16 13:00:00
2021-04-16 14:00:00+00:00,7.035905,57.9573916667,9.8,948.4162731206029,0.776464418670404,0.821401330818759,0.0431369121483558,18.9623254624121,0.287579414322372,0.0143789707161186,No (reported postion),cruise,2021-04-16 14:00:00
2021-04-16 15:00:00+00:00,6.7436666667,58.0173366667,9.9,976.4552323783539,0.799475114717798,0.845690398868787,0.044415284150988804,19.5231046475671,0.296101894339925,0.014805094716996299,No (reported postion),cruise,2021-04-16 15:00:00
2021-04-16 16:00:00+00:00,6.4758566667,58.09412,10.1,1009.6648399999999,0.8267291999999999,0.8744586000000001,0.0459294,20.1872968,0.306196,0.015309799999999998,No (reported postion),cruise,2021-04-16 16:00:00
2021-04-16 17:00:00+00:00,6.2377933333,58.2072416667,10.3,1009.6648399999999,0.8267291999999999,0.8744586000000001,0.0459294,20.1872968,0.306196,0.015309799999999998,No (reported postion),cruise,2021-04-16 17:00:00
2021-04-16 18:00:00+00:00,5.9886933333,58.3197816667,10.4,1009.6648399999999,0.8267291999999999,0.8744586000000001,0.0459294,20.1872968,0.306196,0.015309799999999998,No (reported postion),cruise,2021-04-16 18:00:00
2021-04-16 19:00:00+00:00,5.7474083333,58.4384033333,10.2,1009.6648399999999,0.8267291999999999,0.8744586000000001,0.0459294,20.1872968,0.306196,0.015309799999999998,No (reported postion),cruise,2021-04-16 19:00:00
2021-04-16 20:00:00+00:00,5.549515,58.580305,10.9,1009.6648399999999,0.8267291999999999,0.8744586000000001,0.0459294,20.1872968,0.306196,0.015309799999999998,No (reported postion),cruise,2021-04-16 20:00:00
2021-04-16 21:00:00+00:00,5.3715883333,58.7352466667,11.1,1009.6648399999999,0.8267291999999999,0.8744586000000001,0.0459294,20.1872968,0.306196,0.015309799999999998,No (reported postion),cruise,2021-04-16 21:00:00
2021-04-16 22:00:00+00:00,5.1800833333,58.8821783333,9.8,989.627921898812,0.8102855286099669,0.857101391310521,0.045015862700553695,19.7865584379762,0.30010575133702505,0.0150052875668512,No (reported postion),cruise,2021-04-16 22:00:00
2021-04-16 23:00:00+00:00,5.0049666667,59.0140633333,9.9,1018.94137930464,0.8343421653867891,0.882494507908277,0.0463523425214883,20.3728275860929,0.309015616809922,0.015450780840496099,No (reported postion),cruise,2021-04-16 23:00:00
2021-04-17 00:00:00+00:00,4.831885,59.1485833333,9.8,989.627921898812,0.8102855286099669,0.857101391310521,0.045015862700553695,19.7865584379762,0.30010575133702505,0.0150052875668512,No (reported postion),cruise,2021-04-17 00:00:00
2021-04-17 01:00:00+00:00,4.6912366667,59.28945,9.4,878.2353738263851,0.7188691517724131,0.760606326870881,0.0399371750984674,17.5587074765277,0.26624783398978297,0.0133123916994891,No (reported postion),cruise,2021-04-17 01:00:00
2021-04-17 02:00:00+00:00,4.6745133333,59.4498683333,9.6,932.771476669019,0.7636252240140889,0.807848847570427,0.0424236235563382,18.6494295333804,0.282824157042255,0.0141412078521128,No (reported postion),cruise,2021-04-17 02:00:00
2021-04-17 03:00:00+00:00,4.6474866667,59.6054533333,9.4,878.2353738263851,0.7188691517724131,0.760606326870881,0.0399371750984674,17.5587074765277,0.26624783398978297,0.0133123916994891,No (reported postion),cruise,2021-04-17 03:00:00
2021-04-17 04:00:00+00:00,4.62933,59.7659533333,10.1,1009.6648399999999,0.8267291999999999,0.8744586000000001,0.0459294,20.1872968,0.306196,0.015309799999999998,No (reported postion),cruise,2021-04-17 04:00:00
2021-04-17 05:00:00+00:00,4.5992283333,59.9369766667,10.6,1009.6648399999999,0.8267291999999999,0.8744586000000001,0.0459294,20.1872968,0.306196,0.015309799999999998,No (reported postion),cruise,2021-04-17 05:00:00
2021-04-17 06:00:00+00:00,4.5812533333,60.1075883333,10.0,1009.6648399999999,0.8267291999999999,0.8744586000000001,0.0459294,20.1872968,0.306196,0.015309799999999998,No (reported postion),cruise,2021-04-17 06:00:00
2021-04-17 07:00:00+00:00,4.5576566667,60.2718366667,10.0,1009.6648399999999,0.8267291999999999,0.8744586000000001,0.0459294,20.1872968,0.306196,0.015309799999999998,No (reported postion),cruise,2021-04-17 07:00:00
2021-04-17 08:00:00+00:00,4.5326733333,60.441185,10.3,1009.6648399999999,0.8267291999999999,0.8744586000000001,0.0459294,20.1872968,0.306196,0.015309799999999998,No (reported postion),cruise,2021-04-17 08:00:00
2021-04-17 09:00:00+00:00,4.5038733333,60.6096616667,10.2,1009.6648399999999,0.8267291999999999,0.8744586000000001,0.0459294,20.1872968,0.306196,0.015309799999999998,No (reported postion),cruise,2021-04-17 09:00:00
2021-04-17 10:00:00+00:00,4.4695233333,60.771265,10.5,1009.6648399999999,0.8267291999999999,0.8744586000000001,0.0459294,20.1872968,0.306196,0.015309799999999998,No (reported postion),cruise,2021-04-17 10:00:00
2021-04-17 11:00:00+00:00,4.4569366667,60.94363,10.3,1009.6648399999999,0.8267291999999999,0.8744586000000001,0.0459294,20.1872968,0.306196,0.015309799999999998,No (reported postion),cruise,2021-04-17 11:00:00
2021-04-17 12:00:00+00:00,4.4507283333,61.114415,10.2,1009.6648399999999,0.8267291999999999,0.8744586000000001,0.0459294,20.1872968,0.306196,0.015309799999999998,No (reported postion),cruise,2021-04-17 12:00:00
2021-04-17 13:00:00+00:00,4.4509216667,61.2788383333,9.6,894.031847248627,0.731832822969998,0.774290202023887,0.040657379053888804,17.874636944972497,0.271049193692592,0.0135524596846296,No (reported postion),cruise,2021-04-17 13:00:00
2021-04-17 14:00:00+00:00,4.46139,61.438795,9.6,932.771476669019,0.7636252240140889,0.807848847570427,0.0424236235563382,18.6494295333804,0.282824157042255,0.0141412078521128,No (reported postion),cruise,2021-04-17 14:00:00
2021-04-17 15:00:00+00:00,4.457215,61.5957783333,9.4,878.2353738263851,0.7188691517724131,0.760606326870881,0.0399371750984674,17.5587074765277,0.26624783398978297,0.0133123916994891,No (reported postion),cruise,2021-04-17 15:00:00
2021-04-17 16:00:00+00:00,4.52814,61.7427533333,8.8,728.065714957445,0.595629614098815,0.630520148215416,0.0330905341166008,14.5553142991489,0.220603560777339,0.011030178038866901,No (reported postion),cruise,2021-04-17 16:00:00
2021-04-17 17:00:00+00:00,4.6661566667,61.8845733333,9.4,841.866879312195,0.689022666912743,0.729101703963451,0.038279037050707995,16.831337586243897,0.255193580338053,0.0127596790169027,No (reported postion),cruise,2021-04-17 17:00:00
2021-04-17 18:00:00+00:00,4.78306,62.0226083333,9.5,905.2164037284571,0.7410116383181871,0.7839789515580861,0.0411673132398993,18.0983280745691,0.27444875493266196,0.0137224377466331,No (reported postion),cruise,2021-04-17 18:00:00
2021-04-17 19:00:00+00:00,4.9380516667,62.1596933333,9.5,867.674820957655,0.710202436652179,0.7514581275773,0.039455690925120995,17.3474964191531,0.263037939500807,0.0131518969750403,No (reported postion),cruise,2021-04-17 19:00:00
2021-04-17 20:00:00+00:00,5.1180833333,62.2888183333,9.6,894.031847248627,0.731832822969998,0.774290202023887,0.040657379053888804,17.874636944972497,0.271049193692592,0.0135524596846296,No (reported postion),cruise,2021-04-17 20:00:00
2021-04-17 21:00:00+00:00,5.3595916667,62.39988,9.8,948.4162731206029,0.776464418670404,0.821401330818759,0.0431369121483558,18.9623254624121,0.287579414322372,0.0143789707161186,No (reported postion),cruise,2021-04-17 21:00:00
2021-04-17 22:00:00+00:00,5.5916783333,62.51688,9.8,989.627921898812,0.8102855286099669,0.857101391310521,0.045015862700553695,19.7865584379762,0.30010575133702505,0.0150052875668512,No (reported postion),cruise,2021-04-17 22:00:00
2021-04-17 23:00:00+00:00,5.82345,62.64131,9.7,960.906635206371,0.786714867798541,0.832221249342905,0.043706381544363404,19.212132704127402,0.29137587696242295,0.0145687938481211,No (reported postion),cruise,2021-04-17 23:00:00
2021-04-18 00:00:00+00:00,6.0554333333,62.7677816667,9.9,976.4552323783539,0.799475114717798,0.845690398868787,0.044415284150988804,19.5231046475671,0.296101894339925,0.014805094716996299,No (reported postion),cruise,2021-04-18 00:00:00
2021-04-18 01:00:00+00:00,6.33019,62.8737216667,10.4,1009.6648399999999,0.8267291999999999,0.8744586000000001,0.0459294,20.1872968,0.306196,0.015309799999999998,No (reported postion),cruise,2021-04-18 01:00:00
2021-04-18 02:00:00+00:00,6.6566016667,62.946705,9.6,894.031847248627,0.731832822969998,0.774290202023887,0.040657379053888804,17.874636944972497,0.271049193692592,0.0135524596846296,No (reported postion),cruise,2021-04-18 02:00:00
2021-04-18 03:00:00+00:00,6.9329616667,62.8720666667,9.2,791.875130604314,0.6479960038394069,0.685795781830485,0.035999777991078195,15.8315026120863,0.239998519940521,0.0119999259970261,No (reported postion),cruise,2021-04-18 03:00:00
2021-04-18 04:00:00+00:00,6.9625383333,62.7264566667,8.8,698.2263360462521,0.571141370007562,0.6046714461190931,0.031730076111531204,13.958526720924999,0.21153384074354198,0.0105766920371771,No (reported postion),cruise,2021-04-18 04:00:00
2021-04-18 05:00:00+00:00,7.112995,62.6066233333,7.2,401.312185558015,0.327473222190468,0.347466178978827,0.0181929567883593,8.02024371116029,0.121286378589062,0.00606431892945311,No (reported postion),cruise,2021-04-18 05:00:00
2021-04-18 06:00:00+00:00,7.1217,62.5773683333,0.0,41.76,0.0324,0.036,0.0018,0.8292,0.012,0.0006,No (reported postion),anchor,2021-04-18 06:00:00
2021-04-18 07:00:00+00:00,7.1217033333,62.577375,0.0,41.76,0.0324,0.036,0.0018,0.8292,0.012,0.0006,No (reported postion),anchor,2021-04-18 07:00:00
2021-04-18 08:00:00+00:00,7.121675,62.57738,0.1,41.760963306395595,0.0324076683873865,0.036000834475145196,0.00180020334841695,0.8292892021722359,0.0120021344995818,0.000600310073396042,No (reported postion),anchor,2021-04-18 08:00:00
2021-04-18 09:00:00+00:00,7.1216933333,62.5772816667,0.0,41.76,0.0324,0.036,0.0018,0.8292,0.012,0.0006,No (reported postion),anchor,2021-04-18 09:00:00
2021-04-18 10:00:00+00:00,7.1217033333,62.577335,0.1,41.760963306395595,0.0324076683873865,0.036000834475145196,0.00180020334841695,0.8292892021722359,0.0120021344995818,0.000600310073396042,No (reported postion),anchor,2021-04-18 10:00:00
2021-04-18 11:00:00+00:00,7.1217066667,62.5773716667,0.0,41.76,0.0324,0.036,0.0018,0.8292,0.012,0.0006,No (reported postion),anchor,2021-04-18 11:00:00
2021-04-18 12:00:00+00:00,7.121725,62.57734,0.1,41.760963306395595,0.0324076683873865,0.036000834475145196,0.00180020334841695,0.8292892021722359,0.0120021344995818,0.000600310073396042,No (reported postion),anchor,2021-04-18 12:00:00
2021-04-18 13:00:00+00:00,7.1154,62.6338916667,10.2,1009.6648399999999,0.8267291999999999,0.8744586000000001,0.0459294,20.1872968,0.306196,0.015309799999999998,No (reported postion),cruise,2021-04-18 13:00:00
2021-04-18 14:00:00+00:00,6.9598416667,62.77948,10.5,1009.6648399999999,0.8267291999999999,0.8744586000000001,0.0459294,20.1872968,0.306196,0.015309799999999998,No (reported postion),cruise,2021-04-18 14:00:00
2021-04-18 15:00:00+00:00,6.8336883333,62.92461,9.9,976.4552323783539,0.799475114717798,0.845690398868787,0.044415284150988804,19.5231046475671,0.296101894339925,0.014805094716996299,No (reported postion),cruise,2021-04-18 15:00:00
2021-04-18 16:00:00+00:00,7.1007033333,63.01632,9.9,976.4552323783539,0.799475114717798,0.845690398868787,0.044415284150988804,19.5231046475671,0.296101894339925,0.014805094716996299,No (reported postion),cruise,2021-04-18 16:00:00
2021-04-18 17:00:00+00:00,7.4282666667,63.0749066667,9.9,976.4552323783539,0.799475114717798,0.845690398868787,0.044415284150988804,19.5231046475671,0.296101894339925,0.014805094716996299,No (reported postion),cruise,2021-04-18 17:00:00
2021-04-18 18:00:00+00:00,7.7237683333,63.1644716667,10.2,1009.6648399999999,0.8267291999999999,0.8744586000000001,0.0459294,20.1872968,0.306196,0.015309799999999998,No (reported postion),cruise,2021-04-18 18:00:00
2021-04-18 19:00:00+00:00,8.0471633333,63.244325,10.5,1009.6648399999999,0.8267291999999999,0.8744586000000001,0.0459294,20.1872968,0.306196,0.015309799999999998,No (reported postion),cruise,2021-04-18 19:00:00
2021-04-18 20:00:00+00:00,8.3510283333,63.34551,10.2,1009.6648399999999,0.8267291999999999,0.8744586000000001,0.0459294,20.1872968,0.306196,0.015309799999999998,No (reported postion),cruise,2021-04-18 20:00:00
2021-04-18 21:00:00+00:00,8.6778783333,63.4244533333,10.2,1009.6648399999999,0.8267291999999999,0.8744586000000001,0.0459294,20.1872968,0.306196,0.015309799999999998,No (reported postion),cruise,2021-04-18 21:00:00
2021-04-18 22:00:00+00:00,9.02439,63.483885,10.0,1005.06639563511,0.8229554006731931,0.870475145155037,0.045719744481844,20.095327912702302,0.304798296545627,0.0152399148272813,No (reported postion),cruise,2021-04-18 22:00:00
2021-04-18 23:00:00+00:00,9.362935,63.5633933333,9.8,948.4162731206029,0.776464418670404,0.821401330818759,0.0431369121483558,18.9623254624121,0.287579414322372,0.0143789707161186,No (reported postion),cruise,2021-04-18 23:00:00
2021-04-19 00:00:00+00:00,9.6800966667,63.6486566667,10.0,1005.06639563511,0.8229554006731931,0.870475145155037,0.045719744481844,20.095327912702302,0.304798296545627,0.0152399148272813,No (reported postion),cruise,2021-04-19 00:00:00
2021-04-19 01:00:00+00:00,9.8681816667,63.541305,9.7,920.943738023485,0.753918569198605,0.797602934154083,0.041884364955477996,18.4128747604697,0.279229099703187,0.0139614549851593,No (reported postion),cruise,2021-04-19 01:00:00
2021-04-19 02:00:00+00:00,10.148765,63.4690666667,9.6,894.031847248627,0.731832822969998,0.774290202023887,0.040657379053888804,17.874636944972497,0.271049193692592,0.0135524596846296,No (reported postion),cruise,2021-04-19 02:00:00
2021-04-19 03:00:00+00:00,10.3648616667,63.433775,1.0,42.723306395635106,0.04006838738653,0.036834475145155,0.0020033484169509398,0.918402172235811,0.014134499581817601,0.000910073396041819,No (reported postion),anchor,2021-04-19 03:00:00
2021-04-19 04:00:00+00:00,10.3675166667,63.432775,0.0,41.76,0.0324,0.036,0.0018,0.8292,0.012,0.0006,No (reported postion),anchor,2021-04-19 04:00:00
2021-04-19 05:00:00+00:00,10.3674583333,63.4327383333,0.0,41.76,0.0324,0.036,0.0018,0.8292,0.012,0.0006,No (reported postion),anchor,2021-04-19 05:00:00
2021-04-19 06:00:00+00:00,10.3675033333,63.4327633333,0.0,41.76,0.0324,0.036,0.0018,0.8292,0.012,0.0006,No (reported postion),anchor,2021-04-19 06:00:00
2021-04-19 07:00:00+00:00,10.3674366667,63.43279,0.0,41.76,0.0324,0.036,0.0018,0.8292,0.012,0.0006,No (reported postion),anchor,2021-04-19 07:00:00
2021-04-19 08:00:00+00:00,10.3675866667,63.4327283333,0.1,41.760963306395595,0.0324076683873865,0.036000834475145196,0.00180020334841695,0.8292892021722359,0.0120021344995818,0.000600310073396042,No (reported postion),anchor,2021-04-19 08:00:00
2021-04-19 09:00:00+00:00,10.3674083333,63.4328,0.1,41.760963306395595,0.0324076683873865,0.036000834475145196,0.00180020334841695,0.8292892021722359,0.0120021344995818,0.000600310073396042,No (reported postion),anchor,2021-04-19 09:00:00
2021-04-19 10:00:00+00:00,10.3673933333,63.4327983333,0.1,41.760963306395595,0.0324076683873865,0.036000834475145196,0.00180020334841695,0.8292892021722359,0.0120021344995818,0.000600310073396042,No (reported postion),anchor,2021-04-19 10:00:00
2021-04-19 11:00:00+00:00,10.3671283333,63.4328983333,0.0,41.76,0.0324,0.036,0.0018,0.8292,0.012,0.0006,No (reported postion),anchor,2021-04-19 11:00:00
2021-04-19 12:00:00+00:00,10.3671083333,63.43285,0.0,41.76,0.0324,0.036,0.0018,0.8292,0.012,0.0006,No (reported postion),anchor,2021-04-19 12:00:00
2021-04-19 13:00:00+00:00,10.3672166667,63.4328666667,0.0,41.76,0.0324,0.036,0.0018,0.8292,0.012,0.0006,No (reported postion),anchor,2021-04-19 13:00:00
2021-04-19 14:00:00+00:00,10.3671666667,63.4329,0.0,41.76,0.0324,0.036,0.0018,0.8292,0.012,0.0006,No (reported postion),anchor,2021-04-19 14:00:00
2021-04-19 15:00:00+00:00,10.3673416667,63.432825,0.0,41.76,0.0324,0.036,0.0018,0.8292,0.012,0.0006,No (reported postion),anchor,2021-04-19 15:00:00
2021-04-19 16:00:00+00:00,10.36741,63.4328216667,0.1,41.760963306395595,0.0324076683873865,0.036000834475145196,0.00180020334841695,0.8292892021722359,0.0120021344995818,0.000600310073396042,No (reported postion),anchor,2021-04-19 16:00:00
2021-04-19 17:00:00+00:00,10.3673733333,63.4328383333,0.0,41.76,0.0324,0.036,0.0018,0.8292,0.012,0.0006,No (reported postion),anchor,2021-04-19 17:00:00
2021-04-19 18:00:00+00:00,10.027545,63.47537,11.0,1009.6648399999999,0.8267291999999999,0.8744586000000001,0.0459294,20.1872968,0.306196,0.015309799999999998,No (reported postion),cruise,2021-04-19 18:00:00
2021-04-19 19:00:00+00:00,9.7961433333,63.623375,11.1,1009.6648399999999,0.8267291999999999,0.8744586000000001,0.0459294,20.1872968,0.306196,0.015309799999999998,No (reported postion),cruise,2021-04-19 19:00:00
2021-04-19 20:00:00+00:00,9.4553766667,63.5957166667,11.6,1009.6648399999999,0.8267291999999999,0.8744586000000001,0.0459294,20.1872968,0.306196,0.015309799999999998,No (reported postion),cruise,2021-04-19 20:00:00
2021-04-19 21:00:00+00:00,9.1090633333,63.5067216667,10.5,1009.6648399999999,0.8267291999999999,0.8744586000000001,0.0459294,20.1872968,0.306196,0.015309799999999998,No (reported postion),cruise,2021-04-19 21:00:00
2021-04-19 22:00:00+00:00,8.7407866667,63.4417383333,10.8,1009.6648399999999,0.8267291999999999,0.8744586000000001,0.0459294,20.1872968,0.306196,0.015309799999999998,No (reported postion),cruise,2021-04-19 22:00:00
2021-04-19 23:00:00+00:00,8.384125,63.37216,10.1,1009.6648399999999,0.8267291999999999,0.8744586000000001,0.0459294,20.1872968,0.306196,0.015309799999999998,No (reported postion),cruise,2021-04-19 23:00:00
2021-04-20 00:00:00+00:00,8.1060316667,63.2664016667,10.2,1009.6648399999999,0.8267291999999999,0.8744586000000001,0.0459294,20.1872968,0.306196,0.015309799999999998,No (reported postion),cruise,2021-04-20 00:00:00
2021-04-20 01:00:00+00:00,7.759495,63.231365,10.3,1009.6648399999999,0.8267291999999999,0.8744586000000001,0.0459294,20.1872968,0.306196,0.015309799999999998,No (reported postion),cruise,2021-04-20 01:00:00
2021-04-20 02:00:00+00:00,7.3999983333,63.232265,9.8,989.627921898812,0.8102855286099669,0.857101391310521,0.045015862700553695,19.7865584379762,0.30010575133702505,0.0150052875668512,No (reported postion),cruise,2021-04-20 02:00:00
2021-04-20 03:00:00+00:00,7.1032583333,63.1507416667,9.6,932.771476669019,0.7636252240140889,0.807848847570427,0.0424236235563382,18.6494295333804,0.282824157042255,0.0141412078521128,No (reported postion),cruise,2021-04-20 03:00:00
2021-04-20 04:00:00+00:00,6.8238333333,63.05309,9.6,932.771476669019,0.7636252240140889,0.807848847570427,0.0424236235563382,18.6494295333804,0.282824157042255,0.0141412078521128,No (reported postion),cruise,2021-04-20 04:00:00
2021-04-20 05:00:00+00:00,6.5464183333,62.9558616667,9.5,867.674820957655,0.710202436652179,0.7514581275773,0.039455690925120995,17.3474964191531,0.263037939500807,0.0131518969750403,No (reported postion),cruise,2021-04-20 05:00:00
2021-04-20 06:00:00+00:00,6.2726566667,62.8608916667,9.5,867.674820957655,0.710202436652179,0.7514581275773,0.039455690925120995,17.3474964191531,0.263037939500807,0.0131518969750403,No (reported postion),cruise,2021-04-20 06:00:00
2021-04-20 07:00:00+00:00,6.0330833333,62.751535,9.2,825.97127290451,0.675977640377562,0.715331953731871,0.037554313354309005,16.5134254580902,0.25036208902872703,0.012518104451436298,No (reported postion),cruise,2021-04-20 07:00:00
2021-04-20 08:00:00+00:00,5.818055,62.6445283333,6.8,358.42228189199204,0.292274821005586,0.310312311061452,0.016237490055865902,7.16244563783983,0.108249933705773,0.005412496685288631,No (reported postion),cruise,2021-04-20 08:00:00
2021-04-20 09:00:00+00:00,5.61839,62.53955,8.0,557.3916415908669,0.455562745378523,0.482671786788441,0.025309041409918,11.1418328318173,0.168726942732786,0.00843634713663932,No (reported postion),cruise,2021-04-20 09:00:00
2021-04-20 10:00:00+00:00,5.4204483333,62.4386116667,8.0,534.9728745651779,0.437164365144675,0.46325127431937896,0.0242869091747041,10.6934574913036,0.161912727831361,0.00809563639156805,No (reported postion),cruise,2021-04-20 10:00:00
2021-04-20 11:00:00+00:00,5.2410916667,62.3400583333,7.1,402.209680612166,0.32820976828354,0.348243644299293,0.0182338760157522,8.03819361224332,0.121559173438348,0.00607795867191741,No (reported postion),cruise,2021-04-20 11:00:00
2021-04-20 12:00:00+00:00,5.0988766667,62.24201,7.8,498.898976661434,0.407559646500265,0.432001849083613,0.022642202583348103,9.97197953322868,0.15094801722232,0.00754740086111602,No (reported postion),cruise,2021-04-20 12:00:00
2021-04-20 13:00:00+00:00,4.9502433333,62.137845,8.1,553.70051420272,0.45253355268916196,0.47947430561633797,0.0251407529271757,11.0680102840544,0.167605019514505,0.00838025097572523,No (reported postion),cruise,2021-04-20 13:00:00
2021-04-20 14:00:00+00:00,4.811115,62.0242233333,7.9,516.70762199754,0.42217464419251,0.447428791092094,0.0234541468995839,10.3281524399508,0.15636097933055898,0.00781804896652797,No (reported postion),cruise,2021-04-20 14:00:00
2021-04-20 15:00:00+00:00,4.7000833333,61.8902783333,9.3,816.602242473872,0.668288770419288,0.70721592433147,0.037127153912182596,16.326044849477498,0.247514359414551,0.0123757179707275,No (reported postion),cruise,2021-04-20 15:00:00
2021-04-20 16:00:00+00:00,4.57141,61.7411,9.7,960.906635206371,0.786714867798541,0.832221249342905,0.043706381544363404,19.212132704127402,0.29137587696242295,0.0145687938481211,No (reported postion),cruise,2021-04-20 16:00:00
2021-04-20 17:00:00+00:00,4.5005033333,61.581105,10.1,1009.6648399999999,0.8267291999999999,0.8744586000000001,0.0459294,20.1872968,0.306196,0.015309799999999998,No (reported postion),cruise,2021-04-20 17:00:00
2021-04-20 18:00:00+00:00,4.474405,61.4141716667,10.3,1009.6648399999999,0.8267291999999999,0.8744586000000001,0.0459294,20.1872968,0.306196,0.015309799999999998,No (reported postion),cruise,2021-04-20 18:00:00
2021-04-20 19:00:00+00:00,4.4657016667,61.2437483333,10.1,1009.6648399999999,0.8267291999999999,0.8744586000000001,0.0459294,20.1872968,0.306196,0.015309799999999998,No (reported postion),cruise,2021-04-20 19:00:00
2021-04-20 20:00:00+00:00,4.4660166667,61.1132883333,7.2,417.655466719743,0.34088564138094396,0.361623732568774,0.0189380911878302,8.347109334394851,0.126253941252201,0.00631269706261007,No (reported postion),cruise,2021-04-20 20:00:00
2021-04-20 21:00:00+00:00,4.4850366667,60.99071,7.7,481.54115871848495,0.393314628735535,0.416965441443065,0.0218508127075297,9.6248231743697,0.145672084716865,0.00728360423584324,No (reported postion),cruise,2021-04-20 21:00:00
2021-04-20 22:00:00+00:00,4.571275,60.8704866667,7.7,481.54115871848495,0.393314628735535,0.416965441443065,0.0218508127075297,9.6248231743697,0.145672084716865,0.00728360423584324,No (reported postion),cruise,2021-04-20 22:00:00
2021-04-20 23:00:00+00:00,4.6639933333,60.7520583333,8.3,592.566074041014,0.48442930088472297,0.513142039822763,0.0269127389380402,11.8453214808203,0.179418259586934,0.00897091297934672,No (reported postion),cruise,2021-04-20 23:00:00
2021-04-21 00:00:00+00:00,4.8787933333,60.6358016667,9.4,841.866879312195,0.689022666912743,0.729101703963451,0.038279037050707995,16.831337586243897,0.255193580338053,0.0127596790169027,No (reported postion),cruise,2021-04-21 00:00:00
2021-04-21 01:00:00+00:00,4.976585,60.4925033333,9.6,894.031847248627,0.731832822969998,0.774290202023887,0.040657379053888804,17.874636944972497,0.271049193692592,0.0135524596846296,No (reported postion),cruise,2021-04-21 01:00:00
2021-04-21 02:00:00+00:00,5.1927383333,60.388765,8.8,698.2263360462521,0.571141370007562,0.6046714461190931,0.031730076111531204,13.958526720924999,0.21153384074354198,0.0105766920371771,No (reported postion),cruise,2021-04-21 02:00:00
2021-04-21 03:00:00+00:00,5.26951,60.39429,0.0,41.76,0.0324,0.036,0.0018,0.8292,0.012,0.0006,No (reported postion),anchor,2021-04-21 03:00:00
2021-04-21 04:00:00+00:00,5.2694783333,60.394285,0.0,41.76,0.0324,0.036,0.0018,0.8292,0.012,0.0006,No (reported postion),anchor,2021-04-21 04:00:00
2021-04-21 05:00:00+00:00,5.2694883333,60.3942816667,0.0,41.76,0.0324,0.036,0.0018,0.8292,0.012,0.0006,No (reported postion),anchor,2021-04-21 05:00:00
2021-04-21 06:00:00+00:00,5.2694816667,60.3942833333,0.2,41.7677064511651,0.0324613470990922,0.0360066758011612,0.00180162678733561,0.829913617377887,0.012017075996654499,0.000602480587168335,No (reported postion),anchor,2021-04-21 06:00:00
2021-04-21 07:00:00+00:00,5.2695133333,60.39428,0.1,41.760963306395595,0.0324076683873865,0.036000834475145196,0.00180020334841695,0.8292892021722359,0.0120021344995818,0.000600310073396042,No (reported postion),anchor,2021-04-21 07:00:00
2021-04-21 08:00:00+00:00,5.2695116667,60.3942766667,0.0,41.76,0.0324,0.036,0.0018,0.8292,0.012,0.0006,No (reported postion),anchor,2021-04-21 08:00:00
2021-04-21 09:00:00+00:00,5.2695166667,60.394265,0.0,41.76,0.0324,0.036,0.0018,0.8292,0.012,0.0006,No (reported postion),anchor,2021-04-21 09:00:00
2021-04-21 10:00:00+00:00,5.2695216667,60.3942683333,0.0,41.76,0.0324,0.036,0.0018,0.8292,0.012,0.0006,No (reported postion),anchor,2021-04-21 10:00:00
2021-04-21 11:00:00+00:00,5.2694883333,60.394285,0.0,41.76,0.0324,0.036,0.0018,0.8292,0.012,0.0006,No (reported postion),anchor,2021-04-21 11:00:00
2021-04-21 12:00:00+00:00,5.2695083333,60.39426,0.0,41.76,0.0324,0.036,0.0018,0.8292,0.012,0.0006,No (reported postion),anchor,2021-04-21 12:00:00
2021-04-21 13:00:00+00:00,5.2412083333,60.4023666667,9.3,816.602242473872,0.668288770419288,0.70721592433147,0.037127153912182596,16.326044849477498,0.247514359414551,0.0123757179707275,No (reported postion),cruise,2021-04-21 13:00:00
2021-04-21 14:00:00+00:00,5.156395,60.2644783333,10.1,1009.6648399999999,0.8267291999999999,0.8744586000000001,0.0459294,20.1872968,0.306196,0.015309799999999998,No (reported postion),cruise,2021-04-21 14:00:00
2021-04-21 15:00:00+00:00,5.3072333333,60.1080183333,10.7,1009.6648399999999,0.8267291999999999,0.8744586000000001,0.0459294,20.1872968,0.306196,0.015309799999999998,No (reported postion),cruise,2021-04-21 15:00:00
2021-04-21 16:00:00+00:00,5.4293666667,59.9509333333,11.0,1009.6648399999999,0.8267291999999999,0.8744586000000001,0.0459294,20.1872968,0.306196,0.015309799999999998,No (reported postion),cruise,2021-04-21 16:00:00
2021-04-21 17:00:00+00:00,5.56005,59.7824466667,10.0,1005.06639563511,0.8229554006731931,0.870475145155037,0.045719744481844,20.095327912702302,0.304798296545627,0.0152399148272813,No (reported postion),cruise,2021-04-21 17:00:00
2021-04-21 18:00:00+00:00,5.3323533333,59.6512416667,10.9,1009.6648399999999,0.8267291999999999,0.8744586000000001,0.0459294,20.1872968,0.306196,0.015309799999999998,No (reported postion),cruise,2021-04-21 18:00:00
2021-04-21 19:00:00+00:00,5.2065433333,59.4894333333,10.5,1009.6648399999999,0.8267291999999999,0.8744586000000001,0.0459294,20.1872968,0.306196,0.015309799999999998,No (reported postion),cruise,2021-04-21 19:00:00
2021-04-21 20:00:00+00:00,5.3180966667,59.3372616667,11.1,1009.6648399999999,0.8267291999999999,0.8744586000000001,0.0459294,20.1872968,0.306196,0.015309799999999998,No (reported postion),cruise,2021-04-21 20:00:00
2021-04-21 21:00:00+00:00,5.3399333333,59.156755,10.4,1009.6648399999999,0.8267291999999999,0.8744586000000001,0.0459294,20.1872968,0.306196,0.015309799999999998,No (reported postion),cruise,2021-04-21 21:00:00
2021-04-21 22:00:00+00:00,5.3207816667,58.99891,9.2,791.875130604314,0.6479960038394069,0.685795781830485,0.035999777991078195,15.8315026120863,0.239998519940521,0.0119999259970261,No (reported postion),cruise,2021-04-21 22:00:00
2021-04-21 23:00:00+00:00,5.37803,58.8478233333,9.4,841.866879312195,0.689022666912743,0.729101703963451,0.038279037050707995,16.831337586243897,0.255193580338053,0.0127596790169027,No (reported postion),cruise,2021-04-21 23:00:00
2021-04-22 00:00:00+00:00,5.4760016667,58.7006133333,10.0,1005.06639563511,0.8229554006731931,0.870475145155037,0.045719744481844,20.095327912702302,0.304798296545627,0.0152399148272813,No (reported postion),cruise,2021-04-22 00:00:00
2021-04-22 01:00:00+00:00,5.6203633333,58.55242,10.6,1009.6648399999999,0.8267291999999999,0.8744586000000001,0.0459294,20.1872968,0.306196,0.015309799999999998,No (reported postion),cruise,2021-04-22 01:00:00
2021-04-22 02:00:00+00:00,5.8266366667,58.4347116667,10.0,1005.06639563511,0.8229554006731931,0.870475145155037,0.045719744481844,20.095327912702302,0.304798296545627,0.0152399148272813,No (reported postion),cruise,2021-04-22 02:00:00
2021-04-22 03:00:00+00:00,6.0571383333,58.3269183333,9.9,976.4552323783539,0.799475114717798,0.845690398868787,0.044415284150988804,19.5231046475671,0.296101894339925,0.014805094716996299,No (reported postion),cruise,2021-04-22 03:00:00
2021-04-22 04:00:00+00:00,6.290235,58.2115533333,10.4,1009.6648399999999,0.8267291999999999,0.8744586000000001,0.0459294,20.1872968,0.306196,0.015309799999999998,No (reported postion),cruise,2021-04-22 04:00:00
2021-04-22 05:00:00+00:00,6.51821,58.09083,10.0,1005.06639563511,0.8229554006731931,0.870475145155037,0.045719744481844,20.095327912702302,0.304798296545627,0.0152399148272813,No (reported postion),cruise,2021-04-22 05:00:00
2021-04-22 06:00:00+00:00,6.7917433333,58.001315,11.0,1009.6648399999999,0.8267291999999999,0.8744586000000001,0.0459294,20.1872968,0.306196,0.015309799999999998,No (reported postion),cruise,2021-04-22 06:00:00
2021-04-22 07:00:00+00:00,7.09549,57.9493716667,10.3,1009.6648399999999,0.8267291999999999,0.8744586000000001,0.0459294,20.1872968,0.306196,0.015309799999999998,No (reported postion),cruise,2021-04-22 07:00:00
2021-04-22 08:00:00+00:00,7.4178816667,57.9243416667,10.3,1009.6648399999999,0.8267291999999999,0.8744586000000001,0.0459294,20.1872968,0.306196,0.015309799999999998,No (reported postion),cruise,2021-04-22 08:00:00
2021-04-22 09:00:00+00:00,7.728375,57.9116466667,9.8,989.627921898812,0.8102855286099669,0.857101391310521,0.045015862700553695,19.7865584379762,0.30010575133702505,0.0150052875668512,No (reported postion),cruise,2021-04-22 09:00:00
2021-04-22 10:00:00+00:00,8.0250233333,57.8954516667,9.3,851.822344404503,0.697192805438346,0.73772573907381,0.0387329336354637,17.0304468880901,0.258219557569758,0.0129109778784879,No (reported postion),cruise,2021-04-22 10:00:00
2021-04-22 11:00:00+00:00,8.31416,57.8772416667,9.3,851.822344404503,0.697192805438346,0.73772573907381,0.0387329336354637,17.0304468880901,0.258219557569758,0.0129109778784879,No (reported postion),cruise,2021-04-22 11:00:00
2021-04-22 12:00:00+00:00,8.603425,57.8657016667,9.5,905.2164037284571,0.7410116383181871,0.7839789515580861,0.0411673132398993,18.0983280745691,0.27444875493266196,0.0137224377466331,No (reported postion),cruise,2021-04-22 12:00:00
2021-04-22 13:00:00+00:00,8.8914966667,57.8511016667,9.3,851.822344404503,0.697192805438346,0.73772573907381,0.0387329336354637,17.0304468880901,0.258219557569758,0.0129109778784879,No (reported postion),cruise,2021-04-22 13:00:00
2021-04-22 14:00:00+00:00,9.18199,57.8336466667,9.4,878.2353738263851,0.7188691517724131,0.760606326870881,0.0399371750984674,17.5587074765277,0.26624783398978297,0.0133123916994891,No (reported postion),cruise,2021-04-22 14:00:00
2021-04-22 15:00:00+00:00,9.4810983333,57.8195033333,9.7,960.906635206371,0.786714867798541,0.832221249342905,0.043706381544363404,19.212132704127402,0.29137587696242295,0.0145687938481211,No (reported postion),cruise,2021-04-22 15:00:00
2021-04-22 16:00:00+00:00,9.7826833333,57.8128016667,9.7,960.906635206371,0.786714867798541,0.832221249342905,0.043706381544363404,19.212132704127402,0.29137587696242295,0.0145687938481211,No (reported postion),cruise,2021-04-22 16:00:00
2021-04-22 17:00:00+00:00,10.0755983333,57.80822,9.3,851.822344404503,0.697192805438346,0.73772573907381,0.0387329336354637,17.0304468880901,0.258219557569758,0.0129109778784879,No (reported postion),cruise,2021-04-22 17:00:00
2021-04-22 18:00:00+00:00,10.3654383333,57.80304,9.6,932.771476669019,0.7636252240140889,0.807848847570427,0.0424236235563382,18.6494295333804,0.282824157042255,0.0141412078521128,No (reported postion),cruise,2021-04-22 18:00:00
2021-04-22 19:00:00+00:00,10.6652233333,57.7996983333,9.8,948.4162731206029,0.776464418670404,0.821401330818759,0.0431369121483558,18.9623254624121,0.287579414322372,0.0143789707161186,No (reported postion),cruise,2021-04-22 19:00:00
2021-04-22 20:00:00+00:00,10.7709016667,57.6810233333,9.4,878.2353738263851,0.7188691517724131,0.760606326870881,0.0399371750984674,17.5587074765277,0.26624783398978297,0.0133123916994891,No (reported postion),cruise,2021-04-22 20:00:00
2021-04-22 21:00:00+00:00,10.740225,57.5249166667,9.3,816.602242473872,0.668288770419288,0.70721592433147,0.037127153912182596,16.326044849477498,0.247514359414551,0.0123757179707275,No (reported postion),cruise,2021-04-22 21:00:00
2021-04-22 22:00:00+00:00,10.7171366667,57.3637633333,9.9,1018.94137930464,0.8343421653867891,0.882494507908277,0.0463523425214883,20.3728275860929,0.309015616809922,0.015450780840496099,No (reported postion),cruise,2021-04-22 22:00:00
2021-04-22 23:00:00+00:00,10.709645,57.2072433333,9.5,905.2164037284571,0.7410116383181871,0.7839789515580861,0.0411673132398993,18.0983280745691,0.27444875493266196,0.0137224377466331,No (reported postion),cruise,2021-04-22 23:00:00
2021-04-23 00:00:00+00:00,10.8001183333,57.0556566667,9.7,960.906635206371,0.786714867798541,0.832221249342905,0.043706381544363404,19.212132704127402,0.29137587696242295,0.0145687938481211,No (reported postion),cruise,2021-04-23 00:00:00
2021-04-23 01:00:00+00:00,10.8259116667,56.90469,9.5,905.2164037284571,0.7410116383181871,0.7839789515580861,0.0411673132398993,18.0983280745691,0.27444875493266196,0.0137224377466331,No (reported postion),cruise,2021-04-23 01:00:00
2021-04-23 02:00:00+00:00,10.6953816667,56.76095,8.4,638.668079096628,0.522263773118814,0.55307842718097,0.0290146540621563,12.767361581932601,0.193431027081042,0.0096715513540521,No (reported postion),cruise,2021-04-23 02:00:00
2021-04-23 03:00:00+00:00,10.579925,56.6579416667,7.4,449.85827408597197,0.367313477213412,0.389519781503046,0.020406304289634,8.99116548171944,0.13604202859756,0.006802101429878,No (reported postion),cruise,2021-04-23 03:00:00
2021-04-23 04:00:00+00:00,10.4061066667,56.6128633333,8.9,720.86114642449,0.5897170502571799,0.624279108604801,0.0327620583476211,14.411222928489801,0.218413722317474,0.0109206861158737,No (reported postion),cruise,2021-04-23 04:00:00
2021-04-23 05:00:00+00:00,10.231005,56.5466616667,6.3,282.63187430937296,0.23007600627213,0.24465800662058101,0.0127820003484517,5.64663748618746,0.0852133356563444,0.0042606667828172205,No (reported postion),cruise,2021-04-23 05:00:00
2021-04-23 06:00:00+00:00,10.17333,56.4689266667,6.3,282.63187430937296,0.23007600627213,0.24465800662058101,0.0127820003484517,5.64663748618746,0.0852133356563444,0.0042606667828172205,No (reported postion),cruise,2021-04-23 06:00:00
2021-04-23 07:00:00+00:00,10.0567633333,56.459785,0.0,41.76,0.0324,0.036,0.0018,0.8292,0.012,0.0006,No (reported postion),anchor,2021-04-23 07:00:00
2021-04-23 08:00:00+00:00,10.0567783333,56.4597783333,0.1,41.760963306395595,0.0324076683873865,0.036000834475145196,0.00180020334841695,0.8292892021722359,0.0120021344995818,0.000600310073396042,No (reported postion),anchor,2021-04-23 08:00:00
2021-04-23 09:00:00+00:00,10.056765,56.4597983333,0.0,41.76,0.0324,0.036,0.0018,0.8292,0.012,0.0006,No (reported postion),anchor,2021-04-23 09:00:00
2021-04-23 10:00:00+00:00,10.0567733333,56.45981,0.0,41.76,0.0324,0.036,0.0018,0.8292,0.012,0.0006,No (reported postion),anchor,2021-04-23 10:00:00
2021-04-23 11:00:00+00:00,10.0565333333,56.459725,0.1,41.760963306395595,0.0324076683873865,0.036000834475145196,0.00180020334841695,0.8292892021722359,0.0120021344995818,0.000600310073396042,No (reported postion),anchor,2021-04-23 11:00:00
2021-04-23 12:00:00+00:00,10.056555,56.4597033333,0.0,41.76,0.0324,0.036,0.0018,0.8292,0.012,0.0006,No (reported postion),anchor,2021-04-23 12:00:00
2021-04-23 13:00:00+00:00,10.05654,56.45972,0.0,41.76,0.0324,0.036,0.0018,0.8292,0.012,0.0006,No (reported postion),anchor,2021-04-23 13:00:00
2021-04-23 14:00:00+00:00,10.0565233333,56.4596966667,0.0,41.76,0.0324,0.036,0.0018,0.8292,0.012,0.0006,No (reported postion),anchor,2021-04-23 14:00:00
2021-04-23 15:00:00+00:00,10.0565183333,56.4597233333,0.0,41.76,0.0324,0.036,0.0018,0.8292,0.012,0.0006,No (reported postion),anchor,2021-04-23 15:00:00
2021-04-23 16:00:00+00:00,10.0565266667,56.45972,0.0,41.76,0.0324,0.036,0.0018,0.8292,0.012,0.0006,No (reported postion),anchor,2021-04-23 16:00:00
2021-04-23 17:00:00+00:00,10.056545,56.4597066667,0.0,41.76,0.0324,0.036,0.0018,0.8292,0.012,0.0006,No (reported postion),anchor,2021-04-23 17:00:00
2021-04-23 18:00:00+00:00,10.0591733333,56.4606933333,1.7,46.4927243217553,0.07007478723002179,0.0400997763881467,0.0027990507724799597,1.26745027219454,0.022486796445469998,0.0021233905947534598,No (reported postion),anchor,2021-04-23 18:00:00
2021-04-23 19:00:00+00:00,10.215765,56.47957,6.6,318.706735519512,0.25968151547193996,0.27590826633149196,0.0144267508595522,6.36813471039025,0.0961783390636816,0.00480891695318408,No (reported postion),cruise,2021-04-23 19:00:00
2021-04-23 20:00:00+00:00,10.2790033333,56.5834066667,7.4,432.114870864843,0.352752021682394,0.374149356220305,0.0195973345379108,8.636297417296861,0.13064889691940498,0.00653244484597026,No (reported postion),cruise,2021-04-23 20:00:00
2021-04-23 21:00:00+00:00,10.531315,56.6227633333,10.4,1009.6648399999999,0.8267291999999999,0.8744586000000001,0.0459294,20.1872968,0.306196,0.015309799999999998,No (reported postion),cruise,2021-04-23 21:00:00
2021-04-23 22:00:00+00:00,10.7140666667,56.770215,10.6,1009.6648399999999,0.8267291999999999,0.8744586000000001,0.0459294,20.1872968,0.306196,0.015309799999999998,No (reported postion),cruise,2021-04-23 22:00:00
2021-04-23 23:00:00+00:00,10.8547266667,56.92581,10.7,1009.6648399999999,0.8267291999999999,0.8744586000000001,0.0459294,20.1872968,0.306196,0.015309799999999998,No (reported postion),cruise,2021-04-23 23:00:00
2021-04-24 00:00:00+00:00,10.7919116667,57.0921133333,10.6,1009.6648399999999,0.8267291999999999,0.8744586000000001,0.0459294,20.1872968,0.306196,0.015309799999999998,No (reported postion),cruise,2021-04-24 00:00:00
2021-04-24 01:00:00+00:00,10.7425066667,57.2637133333,10.4,1009.6648399999999,0.8267291999999999,0.8744586000000001,0.0459294,20.1872968,0.306196,0.015309799999999998,No (reported postion),cruise,2021-04-24 01:00:00
2021-04-24 02:00:00+00:00,10.75161,57.43131,9.6,932.771476669019,0.7636252240140889,0.807848847570427,0.0424236235563382,18.6494295333804,0.282824157042255,0.0141412078521128,No (reported postion),cruise,2021-04-24 02:00:00
2021-04-24 03:00:00+00:00,10.7719216667,57.5863866667,9.5,905.2164037284571,0.7410116383181871,0.7839789515580861,0.0411673132398993,18.0983280745691,0.27444875493266196,0.0137224377466331,No (reported postion),cruise,2021-04-24 03:00:00
2021-04-24 04:00:00+00:00,10.7884816667,57.7463983333,9.5,867.674820957655,0.710202436652179,0.7514581275773,0.039455690925120995,17.3474964191531,0.263037939500807,0.0131518969750403,No (reported postion),cruise,2021-04-24 04:00:00
2021-04-24 05:00:00+00:00,10.5985433333,57.8469633333,10.3,1009.6648399999999,0.8267291999999999,0.8744586000000001,0.0459294,20.1872968,0.306196,0.015309799999999998,No (reported postion),cruise,2021-04-24 05:00:00
2021-04-24 06:00:00+00:00,10.2763533333,57.8617483333,10.3,1009.6648399999999,0.8267291999999999,0.8744586000000001,0.0459294,20.1872968,0.306196,0.015309799999999998,No (reported postion),cruise,2021-04-24 06:00:00
2021-04-24 07:00:00+00:00,9.9521033333,57.8718216667,10.4,1009.6648399999999,0.8267291999999999,0.8744586000000001,0.0459294,20.1872968,0.306196,0.015309799999999998,No (reported postion),cruise,2021-04-24 07:00:00
2021-04-24 08:00:00+00:00,9.630325,57.8854183333,10.3,1009.6648399999999,0.8267291999999999,0.8744586000000001,0.0459294,20.1872968,0.306196,0.015309799999999998,No (reported postion),cruise,2021-04-24 08:00:00
2021-04-24 09:00:00+00:00,9.3201066667,57.8952416667,9.8,989.627921898812,0.8102855286099669,0.857101391310521,0.045015862700553695,19.7865584379762,0.30010575133702505,0.0150052875668512,No (reported postion),cruise,2021-04-24 09:00:00
2021-04-24 10:00:00+00:00,9.006145,57.8992733333,10.4,1009.6648399999999,0.8267291999999999,0.8744586000000001,0.0459294,20.1872968,0.306196,0.015309799999999998,No (reported postion),cruise,2021-04-24 10:00:00
2021-04-24 11:00:00+00:00,8.66389,57.8983116667,11.0,1009.6648399999999,0.8267291999999999,0.8744586000000001,0.0459294,20.1872968,0.306196,0.015309799999999998,No (reported postion),cruise,2021-04-24 11:00:00
2021-04-24 12:00:00+00:00,8.32399,57.910965,10.9,1009.6648399999999,0.8267291999999999,0.8744586000000001,0.0459294,20.1872968,0.306196,0.015309799999999998,No (reported postion),cruise,2021-04-24 12:00:00
2021-04-24 13:00:00+00:00,7.9863266667,57.9183466667,11.2,1009.6648399999999,0.8267291999999999,0.8744586000000001,0.0459294,20.1872968,0.306196,0.015309799999999998,No (reported postion),cruise,2021-04-24 13:00:00
2021-04-24 14:00:00+00:00,7.652105,57.9276466667,10.3,1009.6648399999999,0.8267291999999999,0.8744586000000001,0.0459294,20.1872968,0.306196,0.015309799999999998,No (reported postion),cruise,2021-04-24 14:00:00
2021-04-24 15:00:00+00:00,7.3448266667,57.9333983333,10.1,1009.6648399999999,0.8267291999999999,0.8744586000000001,0.0459294,20.1872968,0.306196,0.015309799999999998,No (reported postion),cruise,2021-04-24 15:00:00
2021-04-24 16:00:00+00:00,7.050105,57.96694,9.8,948.4162731206029,0.776464418670404,0.821401330818759,0.0431369121483558,18.9623254624121,0.287579414322372,0.0143789707161186,No (reported postion),cruise,2021-04-24 16:00:00
2021-04-24 17:00:00+00:00,6.7655333333,58.0185183333,9.4,841.866879312195,0.689022666912743,0.729101703963451,0.038279037050707995,16.831337586243897,0.255193580338053,0.0127596790169027,No (reported postion),cruise,2021-04-24 17:00:00
2021-04-24 18:00:00+00:00,6.5234966667,58.10584,9.7,920.943738023485,0.753918569198605,0.797602934154083,0.041884364955477996,18.4128747604697,0.279229099703187,0.0139614549851593,No (reported postion),cruise,2021-04-24 18:00:00
2021-04-24 19:00:00+00:00,6.29845,58.218865,10.0,1005.06639563511,0.8229554006731931,0.870475145155037,0.045719744481844,20.095327912702302,0.304798296545627,0.0152399148272813,No (reported postion),cruise,2021-04-24 19:00:00
2021-04-24 20:00:00+00:00,6.25771,58.3303683333,0.1,41.760963306395595,0.0324076683873865,0.036000834475145196,0.00180020334841695,0.8292892021722359,0.0120021344995818,0.000600310073396042,No (reported postion),anchor,2021-04-24 20:00:00
2021-04-24 21:00:00+00:00,6.257715,58.3303316667,0.0,41.76,0.0324,0.036,0.0018,0.8292,0.012,0.0006,No (reported postion),anchor,2021-04-24 21:00:00
2021-04-24 22:00:00+00:00,6.2577,58.3303266667,0.0,41.76,0.0324,0.036,0.0018,0.8292,0.012,0.0006,No (reported postion),anchor,2021-04-24 22:00:00
2021-04-24 23:00:00+00:00,6.257685,58.3304333333,0.0,41.76,0.0324,0.036,0.0018,0.8292,0.012,0.0006,No (reported postion),anchor,2021-04-24 23:00:00
2021-04-25 00:00:00+00:00,6.25771,58.3303766667,0.0,41.76,0.0324,0.036,0.0018,0.8292,0.012,0.0006,No (reported postion),anchor,2021-04-25 00:00:00
2021-04-25 01:00:00+00:00,6.2577216667,58.3303916667,0.0,41.76,0.0324,0.036,0.0018,0.8292,0.012,0.0006,No (reported postion),anchor,2021-04-25 01:00:00
2021-04-25 02:00:00+00:00,6.257685,58.330405,0.0,41.76,0.0324,0.036,0.0018,0.8292,0.012,0.0006,No (reported postion),anchor,2021-04-25 02:00:00
2021-04-25 03:00:00+00:00,6.2612983333,58.2557783333,9.4,841.866879312195,0.689022666912743,0.729101703963451,0.038279037050707995,16.831337586243897,0.255193580338053,0.0127596790169027,No (reported postion),cruise,2021-04-25 03:00:00
2021-04-25 04:00:00+00:00,6.4558683333,58.1365,9.3,816.602242473872,0.668288770419288,0.70721592433147,0.037127153912182596,16.326044849477498,0.247514359414551,0.0123757179707275,No (reported postion),cruise,2021-04-25 04:00:00
2021-04-25 05:00:00+00:00,6.6752433333,58.0359233333,9.9,976.4552323783539,0.799475114717798,0.845690398868787,0.044415284150988804,19.5231046475671,0.296101894339925,0.014805094716996299,No (reported postion),cruise,2021-04-25 05:00:00
2021-04-25 06:00:00+00:00,6.9495983333,57.96104,9.7,920.943738023485,0.753918569198605,0.797602934154083,0.041884364955477996,18.4128747604697,0.279229099703187,0.0139614549851593,No (reported postion),cruise,2021-04-25 06:00:00
2021-04-25 07:00:00+00:00,7.24972,57.93815,9.5,867.674820957655,0.710202436652179,0.7514581275773,0.039455690925120995,17.3474964191531,0.263037939500807,0.0131518969750403,No (reported postion),cruise,2021-04-25 07:00:00
2021-04-25 08:00:00+00:00,7.5548516667,57.92485,10.2,1009.6648399999999,0.8267291999999999,0.8744586000000001,0.0459294,20.1872968,0.306196,0.015309799999999998,No (reported postion),cruise,2021-04-25 08:00:00
2021-04-25 09:00:00+00:00,7.8543283333,57.9078966667,9.5,905.2164037284571,0.7410116383181871,0.7839789515580861,0.0411673132398993,18.0983280745691,0.27444875493266196,0.0137224377466331,No (reported postion),cruise,2021-04-25 09:00:00
2021-04-25 10:00:00+00:00,8.1571266667,57.8987633333,9.7,960.906635206371,0.786714867798541,0.832221249342905,0.043706381544363404,19.212132704127402,0.29137587696242295,0.0145687938481211,No (reported postion),cruise,2021-04-25 10:00:00
2021-04-25 11:00:00+00:00,8.4549616667,57.8788783333,9.8,989.627921898812,0.8102855286099669,0.857101391310521,0.045015862700553695,19.7865584379762,0.30010575133702505,0.0150052875668512,No (reported postion),cruise,2021-04-25 11:00:00
2021-04-25 12:00:00+00:00,8.764545,57.8703633333,9.9,1018.94137930464,0.8343421653867891,0.882494507908277,0.0463523425214883,20.3728275860929,0.309015616809922,0.015450780840496099,No (reported postion),cruise,2021-04-25 12:00:00
2021-04-25 13:00:00+00:00,9.0738083333,57.850525,10.1,1009.6648399999999,0.8267291999999999,0.8744586000000001,0.0459294,20.1872968,0.306196,0.015309799999999998,No (reported postion),cruise,2021-04-25 13:00:00
2021-04-25 14:00:00+00:00,9.3926616667,57.83663,10.5,1009.6648399999999,0.8267291999999999,0.8744586000000001,0.0459294,20.1872968,0.306196,0.015309799999999998,No (reported postion),cruise,2021-04-25 14:00:00
2021-04-25 15:00:00+00:00,9.7114,57.8215383333,10.1,1009.6648399999999,0.8267291999999999,0.8744586000000001,0.0459294,20.1872968,0.306196,0.015309799999999998,No (reported postion),cruise,2021-04-25 15:00:00
2021-04-25 16:00:00+00:00,10.0231716667,57.8146716667,10.0,1009.6648399999999,0.8267291999999999,0.8744586000000001,0.0459294,20.1872968,0.306196,0.015309799999999998,No (reported postion),cruise,2021-04-25 16:00:00
2021-04-25 17:00:00+00:00,10.3278283333,57.8050633333,9.8,989.627921898812,0.8102855286099669,0.857101391310521,0.045015862700553695,19.7865584379762,0.30010575133702505,0.0150052875668512,No (reported postion),cruise,2021-04-25 17:00:00
2021-04-25 18:00:00+00:00,10.626525,57.7958133333,9.4,841.866879312195,0.689022666912743,0.729101703963451,0.038279037050707995,16.831337586243897,0.255193580338053,0.0127596790169027,No (reported postion),cruise,2021-04-25 18:00:00
2021-04-25 19:00:00+00:00,10.7683783333,57.692015,9.3,816.602242473872,0.668288770419288,0.70721592433147,0.037127153912182596,16.326044849477498,0.247514359414551,0.0123757179707275,No (reported postion),cruise,2021-04-25 19:00:00
2021-04-25 20:00:00+00:00,10.75184,57.53376,9.6,932.771476669019,0.7636252240140889,0.807848847570427,0.0424236235563382,18.6494295333804,0.282824157042255,0.0141412078521128,No (reported postion),cruise,2021-04-25 20:00:00
2021-04-25 21:00:00+00:00,10.7174533333,57.3791416667,9.3,851.822344404503,0.697192805438346,0.73772573907381,0.0387329336354637,17.0304468880901,0.258219557569758,0.0129109778784879,No (reported postion),cruise,2021-04-25 21:00:00
2021-04-25 22:00:00+00:00,10.70562,57.225665,9.0,744.0103624179969,0.608714887090758,0.644332380818022,0.0338174937272643,14.8742072483599,0.225449958181762,0.011272497909088101,No (reported postion),cruise,2021-04-25 22:00:00
2021-04-25 23:00:00+00:00,10.7789316667,57.0816733333,9.1,800.6761167681079,0.655218697651639,0.693419736410063,0.036401038758424396,16.0075223353622,0.242673591722829,0.012133679586141501,No (reported postion),cruise,2021-04-25 23:00:00
2021-04-26 00:00:00+00:00,10.8538433333,56.9338883333,9.6,932.771476669019,0.7636252240140889,0.807848847570427,0.0424236235563382,18.6494295333804,0.282824157042255,0.0141412078521128,No (reported postion),cruise,2021-04-26 00:00:00
2021-04-26 01:00:00+00:00,10.9304716667,56.7805266667,9.7,960.906635206371,0.786714867798541,0.832221249342905,0.043706381544363404,19.212132704127402,0.29137587696242295,0.0145687938481211,No (reported postion),cruise,2021-04-26 01:00:00
2021-04-26 02:00:00+00:00,11.0112133333,56.6308466667,9.3,851.822344404503,0.697192805438346,0.73772573907381,0.0387329336354637,17.0304468880901,0.258219557569758,0.0129109778784879,No (reported postion),cruise,2021-04-26 02:00:00
2021-04-26 03:00:00+00:00,11.0586416667,56.47286,9.9,976.4552323783539,0.799475114717798,0.845690398868787,0.044415284150988804,19.5231046475671,0.296101894339925,0.014805094716996299,No (reported postion),cruise,2021-04-26 03:00:00
2021-04-26 04:00:00+00:00,11.0558333333,56.3103666667,9.6,932.771476669019,0.7636252240140889,0.807848847570427,0.0424236235563382,18.6494295333804,0.282824157042255,0.0141412078521128,No (reported postion),cruise,2021-04-26 04:00:00
2021-04-26 05:00:00+00:00,11.017435,56.1509866667,9.8,989.627921898812,0.8102855286099669,0.857101391310521,0.045015862700553695,19.7865584379762,0.30010575133702505,0.0150052875668512,No (reported postion),cruise,2021-04-26 05:00:00
2021-04-26 06:00:00+00:00,10.9772716667,55.99243,9.6,932.771476669019,0.7636252240140889,0.807848847570427,0.0424236235563382,18.6494295333804,0.282824157042255,0.0141412078521128,No (reported postion),cruise,2021-04-26 06:00:00
2021-04-26 07:00:00+00:00,10.85734,55.8606816667,9.3,816.602242473872,0.668288770419288,0.70721592433147,0.037127153912182596,16.326044849477498,0.247514359414551,0.0123757179707275,No (reported postion),cruise,2021-04-26 07:00:00
2021-04-26 08:00:00+00:00,10.79111,55.7108283333,9.4,841.866879312195,0.689022666912743,0.729101703963451,0.038279037050707995,16.831337586243897,0.255193580338053,0.0127596790169027,No (reported postion),cruise,2021-04-26 08:00:00
2021-04-26 09:00:00+00:00,10.827915,55.5643333333,8.9,720.86114642449,0.5897170502571799,0.624279108604801,0.0327620583476211,14.411222928489801,0.218413722317474,0.0109206861158737,No (reported postion),cruise,2021-04-26 09:00:00
2021-04-26 10:00:00+00:00,10.9609483333,55.42833,9.9,1018.94137930464,0.8343421653867891,0.882494507908277,0.0463523425214883,20.3728275860929,0.309015616809922,0.015450780840496099,No (reported postion),cruise,2021-04-26 10:00:00
2021-04-26 11:00:00+00:00,11.08068,55.3019933333,9.5,867.674820957655,0.710202436652179,0.7514581275773,0.039455690925120995,17.3474964191531,0.263037939500807,0.0131518969750403,No (reported postion),cruise,2021-04-26 11:00:00
2021-04-26 12:00:00+00:00,11.2331316667,55.204415,7.0,372.174093702844,0.303560502430905,0.32222497478817796,0.0168644723572725,7.43748187405687,0.11242981571515,0.0056214907857575,No (reported postion),cruise,2021-04-26 12:00:00
2021-04-26 13:00:00+00:00,11.3596066667,55.0800733333,9.2,791.875130604314,0.6479960038394069,0.685795781830485,0.035999777991078195,15.8315026120863,0.239998519940521,0.0119999259970261,No (reported postion),cruise,2021-04-26 13:00:00
2021-04-26 14:00:00+00:00,11.6173716667,55.051885,9.4,841.866879312195,0.689022666912743,0.729101703963451,0.038279037050707995,16.831337586243897,0.255193580338053,0.0127596790169027,No (reported postion),cruise,2021-04-26 14:00:00
2021-04-26 15:00:00+00:00,11.8486966667,55.0070183333,5.3,185.174166262969,0.18775808162955,0.160234156185246,0.00873095818717691,3.86958032477494,0.0603859345142539,0.00356418337564799,No (reported postion),cruise,2021-04-26 15:00:00
2021-04-26 16:00:00+00:00,11.88272,54.9983666667,0.0,41.76,0.0324,0.036,0.0018,0.8292,0.012,0.0006,No (reported postion),anchor,2021-04-26 16:00:00
2021-04-26 17:00:00+00:00,11.8827233333,54.9983683333,0.0,41.76,0.0324,0.036,0.0018,0.8292,0.012,0.0006,No (reported postion),anchor,2021-04-26 17:00:00
2021-04-26 18:00:00+00:00,11.8827466667,54.998385,0.0,41.76,0.0324,0.036,0.0018,0.8292,0.012,0.0006,No (reported postion),anchor,2021-04-26 18:00:00
2021-04-26 19:00:00+00:00,11.882745,54.998385,0.1,41.760963306395595,0.0324076683873865,0.036000834475145196,0.00180020334841695,0.8292892021722359,0.0120021344995818,0.000600310073396042,No (reported postion),anchor,2021-04-26 19:00:00
2021-04-26 20:00:00+00:00,11.8827416667,54.9983733333,0.1,41.760963306395595,0.0324076683873865,0.036000834475145196,0.00180020334841695,0.8292892021722359,0.0120021344995818,0.000600310073396042,No (reported postion),anchor,2021-04-26 20:00:00
2021-04-26 21:00:00+00:00,11.8827183333,54.9983766667,0.1,41.760963306395595,0.0324076683873865,0.036000834475145196,0.00180020334841695,0.8292892021722359,0.0120021344995818,0.000600310073396042,No (reported postion),anchor,2021-04-26 21:00:00
2021-04-26 22:00:00+00:00,11.8827216667,54.9983816667,0.2,41.7677064511651,0.0324613470990922,0.0360066758011612,0.00180162678733561,0.829913617377887,0.012017075996654499,0.000602480587168335,No (reported postion),anchor,2021-04-26 22:00:00
2021-04-26 23:00:00+00:00,11.88234,54.99853,0.1,41.760963306395595,0.0324076683873865,0.036000834475145196,0.00180020334841695,0.8292892021722359,0.0120021344995818,0.000600310073396042,No (reported postion),anchor,2021-04-26 23:00:00
2021-04-27 00:00:00+00:00,11.8823566667,54.998505,0.1,41.760963306395595,0.0324076683873865,0.036000834475145196,0.00180020334841695,0.8292892021722359,0.0120021344995818,0.000600310073396042,No (reported postion),anchor,2021-04-27 00:00:00
2021-04-27 01:00:00+00:00,11.8823616667,54.9985216667,0.1,41.760963306395595,0.0324076683873865,0.036000834475145196,0.00180020334841695,0.8292892021722359,0.0120021344995818,0.000600310073396042,No (reported postion),anchor,2021-04-27 01:00:00
2021-04-27 02:00:00+00:00,11.8823616667,54.998525,0.0,41.76,0.0324,0.036,0.0018,0.8292,0.012,0.0006,No (reported postion),anchor,2021-04-27 02:00:00
2021-04-27 03:00:00+00:00,11.8823666667,54.9985083333,0.0,41.76,0.0324,0.036,0.0018,0.8292,0.012,0.0006,No (reported postion),anchor,2021-04-27 03:00:00
2021-04-27 04:00:00+00:00,11.83598,55.0085466667,6.5,306.308018901293,0.24950627690987598,0.265167736738202,0.0138614598283264,6.12016037802586,0.0924097321888428,0.00462048660944214,No (reported postion),cruise,2021-04-27 04:00:00
2021-04-27 05:00:00+00:00,12.0020433333,54.9147283333,10.1,1009.6648399999999,0.8267291999999999,0.8744586000000001,0.0459294,20.1872968,0.306196,0.015309799999999998,No (reported postion),cruise,2021-04-27 05:00:00
2021-04-27 06:00:00+00:00,12.187115,54.8302016667,8.1,553.70051420272,0.45253355268916196,0.47947430561633797,0.0251407529271757,11.0680102840544,0.167605019514505,0.00838025097572523,No (reported postion),cruise,2021-04-27 06:00:00
2021-04-27 07:00:00+00:00,12.47241,54.7914366667,10.4,1009.6648399999999,0.8267291999999999,0.8744586000000001,0.0459294,20.1872968,0.306196,0.015309799999999998,No (reported postion),cruise,2021-04-27 07:00:00
2021-04-27 08:00:00+00:00,12.762935,54.755795,10.1,1009.6648399999999,0.8267291999999999,0.8744586000000001,0.0459294,20.1872968,0.306196,0.015309799999999998,No (reported postion),cruise,2021-04-27 08:00:00
2021-04-27 09:00:00+00:00,13.059615,54.7519,10.2,1009.6648399999999,0.8267291999999999,0.8744586000000001,0.0459294,20.1872968,0.306196,0.015309799999999998,No (reported postion),cruise,2021-04-27 09:00:00
2021-04-27 10:00:00+00:00,13.3545116667,54.737895,10.5,1009.6648399999999,0.8267291999999999,0.8744586000000001,0.0459294,20.1872968,0.306196,0.015309799999999998,No (reported postion),cruise,2021-04-27 10:00:00
2021-04-27 11:00:00+00:00,13.6489516667,54.716855,10.3,1009.6648399999999,0.8267291999999999,0.8744586000000001,0.0459294,20.1872968,0.306196,0.015309799999999998,No (reported postion),cruise,2021-04-27 11:00:00
2021-04-27 12:00:00+00:00,13.92304,54.6526166667,10.4,1009.6648399999999,0.8267291999999999,0.8744586000000001,0.0459294,20.1872968,0.306196,0.015309799999999998,No (reported postion),cruise,2021-04-27 12:00:00
2021-04-27 13:00:00+00:00,14.2137616667,54.626395,10.2,1009.6648399999999,0.8267291999999999,0.8744586000000001,0.0459294,20.1872968,0.306196,0.015309799999999998,No (reported postion),cruise,2021-04-27 13:00:00
2021-04-27 14:00:00+00:00,14.4943316667,54.6015933333,10.3,1009.6648399999999,0.8267291999999999,0.8744586000000001,0.0459294,20.1872968,0.306196,0.015309799999999998,No (reported postion),cruise,2021-04-27 14:00:00
2021-04-27 15:00:00+00:00,14.787925,54.6275216667,10.4,1009.6648399999999,0.8267291999999999,0.8744586000000001,0.0459294,20.1872968,0.306196,0.015309799999999998,No (reported postion),cruise,2021-04-27 15:00:00
2021-04-27 16:00:00+00:00,15.0790116667,54.653345,10.1,1009.6648399999999,0.8267291999999999,0.8744586000000001,0.0459294,20.1872968,0.306196,0.015309799999999998,No (reported postion),cruise,2021-04-27 16:00:00
2021-04-27 17:00:00+00:00,15.3696916667,54.6764466667,10.2,1009.6648399999999,0.8267291999999999,0.8744586000000001,0.0459294,20.1872968,0.306196,0.015309799999999998,No (reported postion),cruise,2021-04-27 17:00:00
2021-04-27 18:00:00+00:00,15.656155,54.706065,10.2,1009.6648399999999,0.8267291999999999,0.8744586000000001,0.0459294,20.1872968,0.306196,0.015309799999999998,No (reported postion),cruise,2021-04-27 18:00:00
2021-04-27 19:00:00+00:00,15.9434616667,54.7255083333,9.9,1018.94137930464,0.8343421653867891,0.882494507908277,0.0463523425214883,20.3728275860929,0.309015616809922,0.015450780840496099,No (reported postion),cruise,2021-04-27 19:00:00
2021-04-27 20:00:00+00:00,16.2279566667,54.7581166667,10.1,1009.6648399999999,0.8267291999999999,0.8744586000000001,0.0459294,20.1872968,0.306196,0.015309799999999998,No (reported postion),cruise,2021-04-27 20:00:00
2021-04-27 21:00:00+00:00,16.5132483333,54.7847033333,10.0,1009.6648399999999,0.8267291999999999,0.8744586000000001,0.0459294,20.1872968,0.306196,0.015309799999999998,No (reported postion),cruise,2021-04-27 21:00:00
2021-04-27 22:00:00+00:00,16.7940933333,54.81253,10.0,1009.6648399999999,0.8267291999999999,0.8744586000000001,0.0459294,20.1872968,0.306196,0.015309799999999998,No (reported postion),cruise,2021-04-27 22:00:00
2021-04-27 23:00:00+00:00,17.0812366667,54.84675,10.2,1009.6648399999999,0.8267291999999999,0.8744586000000001,0.0459294,20.1872968,0.306196,0.015309799999999998,No (reported postion),cruise,2021-04-27 23:00:00
2021-04-28 00:00:00+00:00,17.3665383333,54.8777466667,10.1,1009.6648399999999,0.8267291999999999,0.8744586000000001,0.0459294,20.1872968,0.306196,0.015309799999999998,No (reported postion),cruise,2021-04-28 00:00:00
2021-04-28 01:00:00+00:00,17.657625,54.8864733333,10.1,1009.6648399999999,0.8267291999999999,0.8744586000000001,0.0459294,20.1872968,0.306196,0.015309799999999998,No (reported postion),cruise,2021-04-28 01:00:00
2021-04-28 02:00:00+00:00,17.948615,54.8920183333,10.2,1009.6648399999999,0.8267291999999999,0.8744586000000001,0.0459294,20.1872968,0.306196,0.015309799999999998,No (reported postion),cruise,2021-04-28 02:00:00
2021-04-28 03:00:00+00:00,18.2396883333,54.89983,10.1,1009.6648399999999,0.8267291999999999,0.8744586000000001,0.0459294,20.1872968,0.306196,0.015309799999999998,No (reported postion),cruise,2021-04-28 03:00:00
2021-04-28 04:00:00+00:00,18.503705,54.8494616667,10.0,1005.06639563511,0.8229554006731931,0.870475145155037,0.045719744481844,20.095327912702302,0.304798296545627,0.0152399148272813,No (reported postion),cruise,2021-04-28 04:00:00
2021-04-28 05:00:00+00:00,18.753685,54.763975,10.2,1009.6648399999999,0.8267291999999999,0.8744586000000001,0.0459294,20.1872968,0.306196,0.015309799999999998,No (reported postion),cruise,2021-04-28 05:00:00
2021-04-28 06:00:00+00:00,18.9169083333,54.6484466667,10.1,1009.6648399999999,0.8267291999999999,0.8744586000000001,0.0459294,20.1872968,0.306196,0.015309799999999998,No (reported postion),cruise,2021-04-28 06:00:00
2021-04-28 07:00:00+00:00,18.7538133333,54.5067183333,10.5,1009.6648399999999,0.8267291999999999,0.8744586000000001,0.0459294,20.1872968,0.306196,0.015309799999999998,No (reported postion),cruise,2021-04-28 07:00:00
2021-04-28 08:00:00+00:00,18.6671133333,54.3883833333,7.4,432.114870864843,0.352752021682394,0.374149356220305,0.0195973345379108,8.636297417296861,0.13064889691940498,0.00653244484597026,No (reported postion),cruise,2021-04-28 08:00:00
2021-04-28 09:00:00+00:00,18.66621,54.3626583333,0.0,41.76,0.0324,0.036,0.0018,0.8292,0.012,0.0006,No (reported postion),anchor,2021-04-28 09:00:00
2021-04-28 10:00:00+00:00,18.66622,54.3626566667,0.0,41.76,0.0324,0.036,0.0018,0.8292,0.012,0.0006,No (reported postion),anchor,2021-04-28 10:00:00
2021-04-28 11:00:00+00:00,18.6662233333,54.3626666667,0.0,41.76,0.0324,0.036,0.0018,0.8292,0.012,0.0006,No (reported postion),anchor,2021-04-28 11:00:00
2021-04-28 12:00:00+00:00,18.6662466667,54.3626416667,0.0,41.76,0.0324,0.036,0.0018,0.8292,0.012,0.0006,No (reported postion),anchor,2021-04-28 12:00:00
2021-04-28 13:00:00+00:00,18.66623,54.3626583333,0.0,41.76,0.0324,0.036,0.0018,0.8292,0.012,0.0006,No (reported postion),anchor,2021-04-28 13:00:00
2021-04-28 14:00:00+00:00,18.6662333333,54.362655,0.0,41.76,0.0324,0.036,0.0018,0.8292,0.012,0.0006,No (reported postion),anchor,2021-04-28 14:00:00
2021-04-28 15:00:00+00:00,18.6662233333,54.3626583333,0.0,41.76,0.0324,0.036,0.0018,0.8292,0.012,0.0006,No (reported postion),anchor,2021-04-28 15:00:00
2021-04-28 16:00:00+00:00,18.666235,54.3626516667,0.0,41.76,0.0324,0.036,0.0018,0.8292,0.012,0.0006,No (reported postion),anchor,2021-04-28 16:00:00
2021-04-28 17:00:00+00:00,18.6662,54.36266,0.0,41.76,0.0324,0.036,0.0018,0.8292,0.012,0.0006,No (reported postion),anchor,2021-04-28 17:00:00
2021-04-28 18:00:00+00:00,18.6662116667,54.3626516667,0.0,41.76,0.0324,0.036,0.0018,0.8292,0.012,0.0006,No (reported postion),anchor,2021-04-28 18:00:00
2021-04-28 19:00:00+00:00,18.6662383333,54.3626433333,0.0,41.76,0.0324,0.036,0.0018,0.8292,0.012,0.0006,No (reported postion),anchor,2021-04-28 19:00:00
2021-04-28 20:00:00+00:00,18.6662533333,54.362615,0.0,41.76,0.0324,0.036,0.0018,0.8292,0.012,0.0006,No (reported postion),anchor,2021-04-28 20:00:00
2021-04-28 21:00:00+00:00,18.666215,54.36264,0.0,41.76,0.0324,0.036,0.0018,0.8292,0.012,0.0006,No (reported postion),anchor,2021-04-28 21:00:00
2021-04-28 22:00:00+00:00,18.6662183333,54.3626416667,0.0,41.76,0.0324,0.036,0.0018,0.8292,0.012,0.0006,No (reported postion),anchor,2021-04-28 22:00:00
2021-04-28 23:00:00+00:00,18.6662133333,54.3626516667,0.0,41.76,0.0324,0.036,0.0018,0.8292,0.012,0.0006,No (reported postion),anchor,2021-04-28 23:00:00
2021-04-29 00:00:00+00:00,18.6662166667,54.362645,0.0,41.76,0.0324,0.036,0.0018,0.8292,0.012,0.0006,No (reported postion),anchor,2021-04-29 00:00:00
2021-04-29 01:00:00+00:00,18.6662033333,54.362655,0.0,41.76,0.0324,0.036,0.0018,0.8292,0.012,0.0006,No (reported postion),anchor,2021-04-29 01:00:00
2021-04-29 02:00:00+00:00,18.6662366667,54.362665,0.0,41.76,0.0324,0.036,0.0018,0.8292,0.012,0.0006,No (reported postion),anchor,2021-04-29 02:00:00
2021-04-29 03:00:00+00:00,18.66623,54.3626483333,0.0,41.76,0.0324,0.036,0.0018,0.8292,0.012,0.0006,No (reported postion),anchor,2021-04-29 03:00:00
2021-04-29 04:00:00+00:00,18.6658416667,54.36443,3.8,94.6185485412899,0.173816700383111,0.0817893201649472,0.005655942750732389,2.52067355332128,0.0447755133812254,0.00409444811785123,No (reported postion),cruise,2021-04-29 04:00:00
2021-04-29 05:00:00+00:00,18.6876566667,54.454965,9.5,867.674820957655,0.710202436652179,0.7514581275773,0.039455690925120995,17.3474964191531,0.263037939500807,0.0131518969750403,No (reported postion),cruise,2021-04-29 05:00:00
2021-04-29 06:00:00+00:00,18.871825,54.5722983333,9.7,920.943738023485,0.753918569198605,0.797602934154083,0.041884364955477996,18.4128747604697,0.279229099703187,0.0139614549851593,No (reported postion),cruise,2021-04-29 06:00:00
2021-04-29 07:00:00+00:00,18.8985333333,54.7078083333,9.9,976.4552323783539,0.799475114717798,0.845690398868787,0.044415284150988804,19.5231046475671,0.296101894339925,0.014805094716996299,No (reported postion),cruise,2021-04-29 07:00:00
2021-04-29 08:00:00+00:00,18.67684,54.811455,9.9,1018.94137930464,0.8343421653867891,0.882494507908277,0.0463523425214883,20.3728275860929,0.309015616809922,0.015450780840496099,No (reported postion),cruise,2021-04-29 08:00:00
2021-04-29 09:00:00+00:00,18.4253883333,54.8939366667,9.9,976.4552323783539,0.799475114717798,0.845690398868787,0.044415284150988804,19.5231046475671,0.296101894339925,0.014805094716996299,No (reported postion),cruise,2021-04-29 09:00:00
2021-04-29 10:00:00+00:00,18.1452483333,54.9201166667,10.0,1005.06639563511,0.8229554006731931,0.870475145155037,0.045719744481844,20.095327912702302,0.304798296545627,0.0152399148272813,No (reported postion),cruise,2021-04-29 10:00:00
2021-04-29 11:00:00+00:00,17.8308516667,54.9163166667,10.0,1009.6648399999999,0.8267291999999999,0.8744586000000001,0.0459294,20.1872968,0.306196,0.015309799999999998,No (reported postion),cruise,2021-04-29 11:00:00
2021-04-29 12:00:00+00:00,17.50778,54.9183883333,10.1,1009.6648399999999,0.8267291999999999,0.8744586000000001,0.0459294,20.1872968,0.306196,0.015309799999999998,No (reported postion),cruise,2021-04-29 12:00:00
2021-04-29 13:00:00+00:00,17.173025833325,54.8952133333,9.975,1009.6648399999999,0.8267291999999999,0.8744586000000001,0.0459294,20.1872968,0.306196,0.015309799999999998,Linear (small gap),cruise,2021-04-29 13:00:00
2021-04-29 14:00:00+00:00,16.83827166665,54.8720383333,9.85,1009.6648399999999,0.8267291999999999,0.8744586000000001,0.0459294,20.1872968,0.306196,0.015309799999999998,Linear (small gap),cruise,2021-04-29 14:00:00
2021-04-29 15:00:00+00:00,16.503517499975,54.8488633333,9.725,1000.82943902,0.819478263025528,0.866804833193613,0.0455265701680849,20.0105887803999,0.303510467787233,0.0151755233893616,Linear (small gap),cruise,2021-04-29 15:00:00
2021-04-29 16:00:00+00:00,16.1687633333,54.8256883333,9.6,932.771476669019,0.7636252240140889,0.807848847570427,0.0424236235563382,18.6494295333804,0.282824157042255,0.0141412078521128,No (reported postion),cruise,2021-04-29 16:00:00
2021-04-29 17:00:00+00:00,16.1574516667,54.826085,9.7,960.906635206371,0.786714867798541,0.832221249342905,0.043706381544363404,19.212132704127402,0.29137587696242295,0.0145687938481211,No (reported postion),cruise,2021-04-29 17:00:00
2021-04-29 18:00:00+00:00,15.8900083333,54.8496466667,9.7,960.906635206371,0.786714867798541,0.832221249342905,0.043706381544363404,19.212132704127402,0.29137587696242295,0.0145687938481211,No (reported postion),cruise,2021-04-29 18:00:00
2021-04-29 19:00:00+00:00,15.614815,54.8795266667,9.8,989.627921898812,0.8102855286099669,0.857101391310521,0.045015862700553695,19.7865584379762,0.30010575133702505,0.0150052875668512,No (reported postion),cruise,2021-04-29 19:00:00
2021-04-29 20:00:00+00:00,15.34842,54.9135466667,9.1,800.6761167681079,0.655218697651639,0.693419736410063,0.036401038758424396,16.0075223353622,0.242673591722829,0.012133679586141501,No (reported postion),cruise,2021-04-29 20:00:00
2021-04-29 21:00:00+00:00,15.0799166667,54.9233916667,8.9,720.86114642449,0.5897170502571799,0.624279108604801,0.0327620583476211,14.411222928489801,0.218413722317474,0.0109206861158737,No (reported postion),cruise,2021-04-29 21:00:00
2021-04-29 22:00:00+00:00,14.8073383333,54.94761,9.9,1018.94137930464,0.8343421653867891,0.882494507908277,0.0463523425214883,20.3728275860929,0.309015616809922,0.015450780840496099,No (reported postion),cruise,2021-04-29 22:00:00
2021-04-29 23:00:00+00:00,14.5664933333,55.0200783333,9.2,825.97127290451,0.675977640377562,0.715331953731871,0.037554313354309005,16.5134254580902,0.25036208902872703,0.012518104451436298,No (reported postion),cruise,2021-04-29 23:00:00
2021-04-30 00:00:00+00:00,14.3598133333,55.1039416667,8.7,704.933794692404,0.576645971328113,0.610481858624119,0.0320358872960063,14.0926758938481,0.213572581973375,0.0106786290986688,No (reported postion),cruise,2021-04-30 00:00:00
2021-04-30 01:00:00+00:00,14.1542733333,55.1853466667,9.0,775.930833436997,0.634911018322155,0.671983852673386,0.0352728343512309,15.5126166687399,0.235152229008206,0.0117576114504103,No (reported postion),cruise,2021-04-30 01:00:00
2021-04-30 02:00:00+00:00,13.8879416667,55.2170666667,9.8,989.627921898812,0.8102855286099669,0.857101391310521,0.045015862700553695,19.7865584379762,0.30010575133702505,0.0150052875668512,No (reported postion),cruise,2021-04-30 02:00:00
2021-04-30 03:00:00+00:00,13.6107616667,55.2320683333,9.6,932.771476669019,0.7636252240140889,0.807848847570427,0.0424236235563382,18.6494295333804,0.282824157042255,0.0141412078521128,No (reported postion),cruise,2021-04-30 03:00:00
2021-04-30 04:00:00+00:00,13.3352783333,55.24336,9.4,878.2353738263851,0.7188691517724131,0.760606326870881,0.0399371750984674,17.5587074765277,0.26624783398978297,0.0133123916994891,No (reported postion),cruise,2021-04-30 04:00:00
2021-04-30 05:00:00+00:00,13.0579283333,55.2558983333,9.5,905.2164037284571,0.7410116383181871,0.7839789515580861,0.0411673132398993,18.0983280745691,0.27444875493266196,0.0137224377466331,No (reported postion),cruise,2021-04-30 05:00:00
2021-04-30 06:00:00+00:00,12.789395,55.2839083333,9.5,905.2164037284571,0.7410116383181871,0.7839789515580861,0.0411673132398993,18.0983280745691,0.27444875493266196,0.0137224377466331,No (reported postion),cruise,2021-04-30 06:00:00
2021-04-30 07:00:00+00:00,12.6912483333,55.4023566667,9.3,816.602242473872,0.668288770419288,0.70721592433147,0.037127153912182596,16.326044849477498,0.247514359414551,0.0123757179707275,No (reported postion),cruise,2021-04-30 07:00:00
2021-04-30 08:00:00+00:00,12.7072366667,55.5561566667,9.3,816.602242473872,0.668288770419288,0.70721592433147,0.037127153912182596,16.326044849477498,0.247514359414551,0.0123757179707275,No (reported postion),cruise,2021-04-30 08:00:00
2021-04-30 09:00:00+00:00,12.6876516667,55.7165633333,9.9,976.4552323783539,0.799475114717798,0.845690398868787,0.044415284150988804,19.5231046475671,0.296101894339925,0.014805094716996299,No (reported postion),cruise,2021-04-30 09:00:00
2021-04-30 10:00:00+00:00,12.7331733333,55.8771333333,9.9,976.4552323783539,0.799475114717798,0.845690398868787,0.044415284150988804,19.5231046475671,0.296101894339925,0.014805094716996299,No (reported postion),cruise,2021-04-30 10:00:00
2021-04-30 11:00:00+00:00,12.6693883333,56.0363516667,10.2,1009.6648399999999,0.8267291999999999,0.8744586000000001,0.0459294,20.1872968,0.306196,0.015309799999999998,No (reported postion),cruise,2021-04-30 11:00:00
2021-04-30 12:00:00+00:00,12.464445,56.17003,10.5,1009.6648399999999,0.8267291999999999,0.8744586000000001,0.0459294,20.1872968,0.306196,0.015309799999999998,No (reported postion),cruise,2021-04-30 12:00:00
2021-04-30 13:00:00+00:00,12.3647383333,56.3420016667,10.9,1009.6648399999999,0.8267291999999999,0.8744586000000001,0.0459294,20.1872968,0.306196,0.015309799999999998,No (reported postion),cruise,2021-04-30 13:00:00
2021-04-30 14:00:00+00:00,12.2992616667,56.50912,9.8,989.627921898812,0.8102855286099669,0.857101391310521,0.045015862700553695,19.7865584379762,0.30010575133702505,0.0150052875668512,No (reported postion),cruise,2021-04-30 14:00:00
2021-04-30 15:00:00+00:00,12.220175,56.65953,9.5,905.2164037284571,0.7410116383181871,0.7839789515580861,0.0411673132398993,18.0983280745691,0.27444875493266196,0.0137224377466331,No (reported postion),cruise,2021-04-30 15:00:00
2021-04-30 16:00:00+00:00,12.1478183333,56.81425,9.3,851.822344404503,0.697192805438346,0.73772573907381,0.0387329336354637,17.0304468880901,0.258219557569758,0.0129109778784879,No (reported postion),cruise,2021-04-30 16:00:00
2021-04-30 17:00:00+00:00,12.0826483333,56.9630633333,9.6,932.771476669019,0.7636252240140889,0.807848847570427,0.0424236235563382,18.6494295333804,0.282824157042255,0.0141412078521128,No (reported postion),cruise,2021-04-30 17:00:00
2021-04-30 18:00:00+00:00,11.9799516667,57.1094516667,9.6,932.771476669019,0.7636252240140889,0.807848847570427,0.0424236235563382,18.6494295333804,0.282824157042255,0.0141412078521128,No (reported postion),cruise,2021-04-30 18:00:00
2021-04-30 19:00:00+00:00,11.8710683333,57.26099,9.9,1018.94137930464,0.8343421653867891,0.882494507908277,0.0463523425214883,20.3728275860929,0.309015616809922,0.015450780840496099,No (reported postion),cruise,2021-04-30 19:00:00
2021-04-30 20:00:00+00:00,11.7423066667,57.4048416667,9.7,960.906635206371,0.786714867798541,0.832221249342905,0.043706381544363404,19.212132704127402,0.29137587696242295,0.0145687938481211,No (reported postion),cruise,2021-04-30 20:00:00
2021-04-30 21:00:00+00:00,11.6509133333,57.552685,9.4,841.866879312195,0.689022666912743,0.729101703963451,0.038279037050707995,16.831337586243897,0.255193580338053,0.0127596790169027,No (reported postion),cruise,2021-04-30 21:00:00
2021-04-30 22:00:00+00:00,11.6778,57.5929,0.1,41.760963306395595,0.0324076683873865,0.036000834475145196,0.00180020334841695,0.8292892021722359,0.0120021344995818,0.000600310073396042,No (reported postion),anchor,2021-04-30 22:00:00
2021-04-30 23:00:00+00:00,11.613175,57.590105,9.5,867.674820957655,0.710202436652179,0.7514581275773,0.039455690925120995,17.3474964191531,0.263037939500807,0.0131518969750403,No (reported postion),cruise,2021-04-30 23:00:00
2021-05-01 00:00:00+00:00,11.3469766667,57.674135,10.1,1009.6648399999999,0.8267291999999999,0.8744586000000001,0.0459294,20.1872968,0.306196,0.015309799999999998,No (reported postion),cruise,2021-05-01 00:00:00
2021-05-01 01:00:00+00:00,11.071665,57.75305,10.0,1009.6648399999999,0.8267291999999999,0.8744586000000001,0.0459294,20.1872968,0.306196,0.015309799999999998,No (reported postion),cruise,2021-05-01 01:00:00
2021-05-01 02:00:00+00:00,10.8083433333,57.8321166667,9.8,989.627921898812,0.8102855286099669,0.857101391310521,0.045015862700553695,19.7865584379762,0.30010575133702505,0.0150052875668512,No (reported postion),cruise,2021-05-01 02:00:00
2021-05-01 03:00:00+00:00,10.5093,57.8461316667,9.5,905.2164037284571,0.7410116383181871,0.7839789515580861,0.0411673132398993,18.0983280745691,0.27444875493266196,0.0137224377466331,No (reported postion),cruise,2021-05-01 03:00:00
2021-05-01 04:00:00+00:00,10.2223766667,57.8507133333,9.2,825.97127290451,0.675977640377562,0.715331953731871,0.037554313354309005,16.5134254580902,0.25036208902872703,0.012518104451436298,No (reported postion),cruise,2021-05-01 04:00:00
2021-05-01 05:00:00+00:00,9.9367483333,57.857165,9.2,825.97127290451,0.675977640377562,0.715331953731871,0.037554313354309005,16.5134254580902,0.25036208902872703,0.012518104451436298,No (reported postion),cruise,2021-05-01 05:00:00
2021-05-01 06:00:00+00:00,9.653475,57.8633816667,9.0,775.930833436997,0.634911018322155,0.671983852673386,0.0352728343512309,15.5126166687399,0.235152229008206,0.0117576114504103,No (reported postion),cruise,2021-05-01 06:00:00
2021-05-01 07:00:00+00:00,9.3687466667,57.8681416667,9.0,775.930833436997,0.634911018322155,0.671983852673386,0.0352728343512309,15.5126166687399,0.235152229008206,0.0117576114504103,No (reported postion),cruise,2021-05-01 07:00:00
2021-05-01 08:00:00+00:00,9.0847016667,57.8735733333,9.1,800.6761167681079,0.655218697651639,0.693419736410063,0.036401038758424396,16.0075223353622,0.242673591722829,0.012133679586141501,No (reported postion),cruise,2021-05-01 08:00:00
2021-05-01 09:00:00+00:00,8.7937516667,57.8753,9.7,960.906635206371,0.786714867798541,0.832221249342905,0.043706381544363404,19.212132704127402,0.29137587696242295,0.0145687938481211,No (reported postion),cruise,2021-05-01 09:00:00
2021-05-01 10:00:00+00:00,8.488895,57.8746166667,9.9,1018.94137930464,0.8343421653867891,0.882494507908277,0.0463523425214883,20.3728275860929,0.309015616809922,0.015450780840496099,No (reported postion),cruise,2021-05-01 10:00:00
2021-05-01 11:00:00+00:00,8.1740466667,57.8824933333,10.1,1009.6648399999999,0.8267291999999999,0.8744586000000001,0.0459294,20.1872968,0.306196,0.015309799999999998,No (reported postion),cruise,2021-05-01 11:00:00
2021-05-01 12:00:00+00:00,7.8624066667,57.88897,9.7,960.906635206371,0.786714867798541,0.832221249342905,0.043706381544363404,19.212132704127402,0.29137587696242295,0.0145687938481211,No (reported postion),cruise,2021-05-01 12:00:00
2021-05-01 13:00:00+00:00,7.5627116667,57.8963433333,9.1,767.679763865147,0.6281396238406981,0.664836269609626,0.034896645768927696,15.3475952773029,0.232644305126185,0.0116322152563092,No (reported postion),cruise,2021-05-01 13:00:00
2021-05-01 14:00:00+00:00,7.2695133333,57.9019483333,9.3,851.822344404503,0.697192805438346,0.73772573907381,0.0387329336354637,17.0304468880901,0.258219557569758,0.0129109778784879,No (reported postion),cruise,2021-05-01 14:00:00
2021-05-01 15:00:00+00:00,6.986635,57.9396816667,9.7,920.943738023485,0.753918569198605,0.797602934154083,0.041884364955477996,18.4128747604697,0.279229099703187,0.0139614549851593,No (reported postion),cruise,2021-05-01 15:00:00
2021-05-01 16:00:00+00:00,6.70276,58.00079,9.6,894.031847248627,0.731832822969998,0.774290202023887,0.040657379053888804,17.874636944972497,0.271049193692592,0.0135524596846296,No (reported postion),cruise,2021-05-01 16:00:00
2021-05-01 17:00:00+00:00,6.44555,58.0831033333,9.5,867.674820957655,0.710202436652179,0.7514581275773,0.039455690925120995,17.3474964191531,0.263037939500807,0.0131518969750403,No (reported postion),cruise,2021-05-01 17:00:00
2021-05-01 18:00:00+00:00,6.1994816667,58.1850116667,9.9,1018.94137930464,0.8343421653867891,0.882494507908277,0.0463523425214883,20.3728275860929,0.309015616809922,0.015450780840496099,No (reported postion),cruise,2021-05-01 18:00:00
2021-05-01 19:00:00+00:00,5.956955,58.2887583333,10.3,1009.6648399999999,0.8267291999999999,0.8744586000000001,0.0459294,20.1872968,0.306196,0.015309799999999998,No (reported postion),cruise,2021-05-01 19:00:00
2021-05-01 20:00:00+00:00,5.709085,58.403755,10.5,1009.6648399999999,0.8267291999999999,0.8744586000000001,0.0459294,20.1872968,0.306196,0.015309799999999998,No (reported postion),cruise,2021-05-01 20:00:00
2021-05-01 21:00:00+00:00,5.4900666667,58.5191733333,9.4,878.2353738263851,0.7188691517724131,0.760606326870881,0.0399371750984674,17.5587074765277,0.26624783398978297,0.0133123916994891,No (reported postion),cruise,2021-05-01 21:00:00
2021-05-01 22:00:00+00:00,5.3206366667,58.6520933333,9.4,878.2353738263851,0.7188691517724131,0.760606326870881,0.0399371750984674,17.5587074765277,0.26624783398978297,0.0133123916994891,No (reported postion),cruise,2021-05-01 22:00:00
2021-05-01 23:00:00+00:00,5.20001,58.7917933333,9.5,905.2164037284571,0.7410116383181871,0.7839789515580861,0.0411673132398993,18.0983280745691,0.27444875493266196,0.0137224377466331,No (reported postion),cruise,2021-05-01 23:00:00
2021-05-02 00:00:00+00:00,5.05036,58.9257016667,9.6,932.771476669019,0.7636252240140889,0.807848847570427,0.0424236235563382,18.6494295333804,0.282824157042255,0.0141412078521128,No (reported postion),cruise,2021-05-02 00:00:00
2021-05-02 01:00:00+00:00,4.8855083333,59.05891,9.8,989.627921898812,0.8102855286099669,0.857101391310521,0.045015862700553695,19.7865584379762,0.30010575133702505,0.0150052875668512,No (reported postion),cruise,2021-05-02 01:00:00
2021-05-02 02:00:00+00:00,4.7754083333,59.184085,8.8,728.065714957445,0.595629614098815,0.630520148215416,0.0330905341166008,14.5553142991489,0.220603560777339,0.011030178038866901,No (reported postion),cruise,2021-05-02 02:00:00
2021-05-02 03:00:00+00:00,4.6617766667,59.3110933333,8.9,751.729380352875,0.615049643450688,0.6510190680868371,0.034169424636149304,15.0285876070575,0.227796164240996,0.0113898082120498,No (reported postion),cruise,2021-05-02 03:00:00
2021-05-02 04:00:00+00:00,4.6268916667,59.456725,8.7,704.933794692404,0.576645971328113,0.610481858624119,0.0320358872960063,14.0926758938481,0.213572581973375,0.0106786290986688,No (reported postion),cruise,2021-05-02 04:00:00
2021-05-02 05:00:00+00:00,4.5892466667,59.60378,9.2,825.97127290451,0.675977640377562,0.715331953731871,0.037554313354309005,16.5134254580902,0.25036208902872703,0.012518104451436298,No (reported postion),cruise,2021-05-02 05:00:00
2021-05-02 06:00:00+00:00,4.5488816667,59.75702,9.1,800.6761167681079,0.655218697651639,0.693419736410063,0.036401038758424396,16.0075223353622,0.242673591722829,0.012133679586141501,No (reported postion),cruise,2021-05-02 06:00:00
2021-05-02 07:00:00+00:00,4.52725,59.9144816667,9.7,960.906635206371,0.786714867798541,0.832221249342905,0.043706381544363404,19.212132704127402,0.29137587696242295,0.0145687938481211,No (reported postion),cruise,2021-05-02 07:00:00
2021-05-02 08:00:00+00:00,4.5069783333,60.072895,9.8,989.627921898812,0.8102855286099669,0.857101391310521,0.045015862700553695,19.7865584379762,0.30010575133702505,0.0150052875668512,No (reported postion),cruise,2021-05-02 08:00:00
2021-05-02 09:00:00+00:00,4.4649166667,60.2383266667,10.1,1009.6648399999999,0.8267291999999999,0.8744586000000001,0.0459294,20.1872968,0.306196,0.015309799999999998,No (reported postion),cruise,2021-05-02 09:00:00
2021-05-02 10:00:00+00:00,4.4367316667,60.403335,9.9,1018.94137930464,0.8343421653867891,0.882494507908277,0.0463523425214883,20.3728275860929,0.309015616809922,0.015450780840496099,No (reported postion),cruise,2021-05-02 10:00:00
2021-05-02 11:00:00+00:00,4.45446,60.5707483333,9.9,1018.94137930464,0.8343421653867891,0.882494507908277,0.0463523425214883,20.3728275860929,0.309015616809922,0.015450780840496099,No (reported postion),cruise,2021-05-02 11:00:00
2021-05-02 12:00:00+00:00,4.4637333333,60.7333683333,9.6,932.771476669019,0.7636252240140889,0.807848847570427,0.0424236235563382,18.6494295333804,0.282824157042255,0.0141412078521128,No (reported postion),cruise,2021-05-02 12:00:00
2021-05-02 13:00:00+00:00,4.4478616667,60.89599,9.5,905.2164037284571,0.7410116383181871,0.7839789515580861,0.0411673132398993,18.0983280745691,0.27444875493266196,0.0137224377466331,No (reported postion),cruise,2021-05-02 13:00:00
2021-05-02 14:00:00+00:00,4.442805,61.053005,9.3,851.822344404503,0.697192805438346,0.73772573907381,0.0387329336354637,17.0304468880901,0.258219557569758,0.0129109778784879,No (reported postion),cruise,2021-05-02 14:00:00
2021-05-02 15:00:00+00:00,4.446695,61.2049083333,9.2,825.97127290451,0.675977640377562,0.715331953731871,0.037554313354309005,16.5134254580902,0.25036208902872703,0.012518104451436298,No (reported postion),cruise,2021-05-02 15:00:00
2021-05-02 16:00:00+00:00,4.451855,61.3501333333,8.7,676.100151444908,0.552983103009499,0.585504386510027,0.0307212835005277,13.516003028898199,0.204808556670185,0.010240427833509199,No (reported postion),cruise,2021-05-02 16:00:00
2021-05-02 17:00:00+00:00,4.455025,61.4939966667,8.6,682.327576999455,0.558093756200161,0.590898964877947,0.0310052086777867,13.640551539989099,0.206701391185245,0.0103350695592622,No (reported postion),cruise,2021-05-02 17:00:00
2021-05-02 18:00:00+00:00,4.4565683333,61.63139,8.1,576.970537575571,0.471630532356851,0.499632228598899,0.026201696242047302,11.533410751511399,0.174677974946982,0.0087338987473491,No (reported postion),cruise,2021-05-02 18:00:00
2021-05-02 19:00:00+00:00,4.52172,61.7572083333,7.7,501.53121138750697,0.409719839132605,0.43428205241774903,0.0227622132851447,10.0246242277501,0.15174808856763097,0.00758740442838157,No (reported postion),cruise,2021-05-02 19:00:00
2021-05-02 20:00:00+00:00,4.6211866667,61.8794116667,7.7,501.53121138750697,0.409719839132605,0.43428205241774903,0.0227622132851447,10.0246242277501,0.15174808856763097,0.00758740442838157,No (reported postion),cruise,2021-05-02 20:00:00
2021-05-02 21:00:00+00:00,4.7255666667,61.9993816667,8.2,597.038880782565,0.488099993347394,0.517016659644471,0.027116666297077402,11.9347776156513,0.18077777531384998,0.00903888876569248,No (reported postion),cruise,2021-05-02 21:00:00
2021-05-02 22:00:00+00:00,4.8705433333,62.123105,8.3,617.602713770151,0.504976087288574,0.534830314360162,0.028054227071587397,12.346054275402999,0.18702818047725,0.00935140902386248,No (reported postion),cruise,2021-05-02 22:00:00
2021-05-02 23:00:00+00:00,5.0374766667,62.2325633333,8.3,592.566074041014,0.48442930088472297,0.513142039822763,0.0269127389380402,11.8453214808203,0.179418259586934,0.00897091297934672,No (reported postion),cruise,2021-05-02 23:00:00
2021-05-03 00:00:00+00:00,5.2233883333,62.3454716667,8.4,638.668079096628,0.522263773118814,0.55307842718097,0.0290146540621563,12.767361581932601,0.193431027081042,0.0096715513540521,No (reported postion),cruise,2021-05-03 00:00:00
2021-05-03 01:00:00+00:00,5.428595,62.4509616667,8.3,592.566074041014,0.48442930088472297,0.513142039822763,0.0269127389380402,11.8453214808203,0.179418259586934,0.00897091297934672,No (reported postion),cruise,2021-05-03 01:00:00
2021-05-03 02:00:00+00:00,5.6363133333,62.5573433333,8.5,660.241019320296,0.539968009776535,0.5717662325418981,0.029998222765363,13.198820386405899,0.19998815176908702,0.00999940758845435,No (reported postion),cruise,2021-05-03 02:00:00
2021-05-03 03:00:00+00:00,5.84086,62.663795,8.3,617.602713770151,0.504976087288574,0.534830314360162,0.028054227071587397,12.346054275402999,0.18702818047725,0.00935140902386248,No (reported postion),cruise,2021-05-03 03:00:00
2021-05-03 04:00:00+00:00,6.0476883333,62.7679866667,8.5,660.241019320296,0.539968009776535,0.5717662325418981,0.029998222765363,13.198820386405899,0.19998815176908702,0.00999940758845435,No (reported postion),cruise,2021-05-03 04:00:00
2021-05-03 05:00:00+00:00,6.262315,62.8677766667,8.5,633.350540219414,0.517899835438425,0.5484720485183371,0.0287722130799125,12.6610108043883,0.19181475386608302,0.009590737693304159,No (reported postion),cruise,2021-05-03 05:00:00
2021-05-03 06:00:00+00:00,6.5083783333,62.95573,8.8,698.2263360462521,0.571141370007562,0.6046714461190931,0.031730076111531204,13.958526720924999,0.21153384074354198,0.0105766920371771,No (reported postion),cruise,2021-05-03 06:00:00
2021-05-03 07:00:00+00:00,6.7534216667,63.043265,8.3,617.602713770151,0.504976087288574,0.534830314360162,0.028054227071587397,12.346054275402999,0.18702818047725,0.00935140902386248,No (reported postion),cruise,2021-05-03 07:00:00
2021-05-03 08:00:00+00:00,7.0004316667,63.1261716667,8.6,682.327576999455,0.558093756200161,0.590898964877947,0.0310052086777867,13.640551539989099,0.206701391185245,0.0103350695592622,No (reported postion),cruise,2021-05-03 08:00:00
2021-05-03 09:00:00+00:00,7.267405,63.2101716667,9.3,851.822344404503,0.697192805438346,0.73772573907381,0.0387329336354637,17.0304468880901,0.258219557569758,0.0129109778784879,No (reported postion),cruise,2021-05-03 09:00:00
2021-05-03 10:00:00+00:00,7.58166,63.2507483333,9.1,767.679763865147,0.6281396238406981,0.664836269609626,0.034896645768927696,15.3475952773029,0.232644305126185,0.0116322152563092,No (reported postion),cruise,2021-05-03 10:00:00
2021-05-03 11:00:00+00:00,7.91326,63.22144,9.4,841.866879312195,0.689022666912743,0.729101703963451,0.038279037050707995,16.831337586243897,0.255193580338053,0.0127596790169027,No (reported postion),cruise,2021-05-03 11:00:00
2021-05-03 12:00:00+00:00,8.2173833333,63.2881183333,9.3,816.602242473872,0.668288770419288,0.70721592433147,0.037127153912182596,16.326044849477498,0.247514359414551,0.0123757179707275,No (reported postion),cruise,2021-05-03 12:00:00
2021-05-03 13:00:00+00:00,8.4880816667,63.3857516667,9.2,791.875130604314,0.6479960038394069,0.685795781830485,0.035999777991078195,15.8315026120863,0.239998519940521,0.0119999259970261,No (reported postion),cruise,2021-05-03 13:00:00
2021-05-03 14:00:00+00:00,8.8114766667,63.4452583333,9.5,867.674820957655,0.710202436652179,0.7514581275773,0.039455690925120995,17.3474964191531,0.263037939500807,0.0131518969750403,No (reported postion),cruise,2021-05-03 14:00:00
2021-05-03 15:00:00+00:00,9.1282566667,63.50921,9.5,867.674820957655,0.710202436652179,0.7514581275773,0.039455690925120995,17.3474964191531,0.263037939500807,0.0131518969750403,No (reported postion),cruise,2021-05-03 15:00:00
2021-05-03 16:00:00+00:00,9.419265,63.579925,8.9,720.86114642449,0.5897170502571799,0.624279108604801,0.0327620583476211,14.411222928489801,0.218413722317474,0.0109206861158737,No (reported postion),cruise,2021-05-03 16:00:00
2021-05-03 17:00:00+00:00,9.699335,63.6516266667,9.1,767.679763865147,0.6281396238406981,0.664836269609626,0.034896645768927696,15.3475952773029,0.232644305126185,0.0116322152563092,No (reported postion),cruise,2021-05-03 17:00:00
2021-05-03 18:00:00+00:00,9.8672683333,63.5436633333,8.3,592.566074041014,0.48442930088472297,0.513142039822763,0.0269127389380402,11.8453214808203,0.179418259586934,0.00897091297934672,No (reported postion),cruise,2021-05-03 18:00:00
2021-05-03 19:00:00+00:00,10.0146083333,63.4170633333,10.0,1005.06639563511,0.8229554006731931,0.870475145155037,0.045719744481844,20.095327912702302,0.304798296545627,0.0152399148272813,No (reported postion),cruise,2021-05-03 19:00:00
2021-05-03 20:00:00+00:00,10.1625883333,63.3133966667,0.5,41.880413299454396,0.0333585484233163,0.0361043093931444,0.00182541855211887,0.8403502715294761,0.0122668124477272,0.000638759174505227,No (reported postion),anchor,2021-05-03 20:00:00
2021-05-03 21:00:00+00:00,10.163895,63.3125883333,0.1,41.760963306395595,0.0324076683873865,0.036000834475145196,0.00180020334841695,0.8292892021722359,0.0120021344995818,0.000600310073396042,No (reported postion),anchor,2021-05-03 21:00:00
2021-05-03 22:00:00+00:00,10.1638916667,63.3126283333,0.0,41.76,0.0324,0.036,0.0018,0.8292,0.012,0.0006,No (reported postion),anchor,2021-05-03 22:00:00
2021-05-03 23:00:00+00:00,10.1638466667,63.3125566667,0.0,41.76,0.0324,0.036,0.0018,0.8292,0.012,0.0006,No (reported postion),anchor,2021-05-03 23:00:00
2021-05-04 00:00:00+00:00,10.1639016667,63.31266,0.0,41.76,0.0324,0.036,0.0018,0.8292,0.012,0.0006,No (reported postion),anchor,2021-05-04 00:00:00
2021-05-04 01:00:00+00:00,10.1639,63.3126216667,0.0,41.76,0.0324,0.036,0.0018,0.8292,0.012,0.0006,No (reported postion),anchor,2021-05-04 01:00:00
2021-05-04 02:00:00+00:00,10.1639033333,63.3125616667,0.0,41.76,0.0324,0.036,0.0018,0.8292,0.012,0.0006,No (reported postion),anchor,2021-05-04 02:00:00
2021-05-04 03:00:00+00:00,10.163895,63.3125833333,0.0,41.76,0.0324,0.036,0.0018,0.8292,0.012,0.0006,No (reported postion),anchor,2021-05-04 03:00:00
2021-05-04 04:00:00+00:00,10.1638866667,63.3126583333,0.1,41.760963306395595,0.0324076683873865,0.036000834475145196,0.00180020334841695,0.8292892021722359,0.0120021344995818,0.000600310073396042,No (reported postion),anchor,2021-05-04 04:00:00
2021-05-04 05:00:00+00:00,10.16388,63.3126033333,0.0,41.76,0.0324,0.036,0.0018,0.8292,0.012,0.0006,No (reported postion),anchor,2021-05-04 05:00:00
2021-05-04 06:00:00+00:00,10.1637283333,63.3126083333,0.0,41.76,0.0324,0.036,0.0018,0.8292,0.012,0.0006,No (reported postion),anchor,2021-05-04 06:00:00
2021-05-04 07:00:00+00:00,10.1637716667,63.3127183333,0.0,41.76,0.0324,0.036,0.0018,0.8292,0.012,0.0006,No (reported postion),anchor,2021-05-04 07:00:00
2021-05-04 08:00:00+00:00,10.1634366667,63.31261,0.0,41.76,0.0324,0.036,0.0018,0.8292,0.012,0.0006,No (reported postion),anchor,2021-05-04 08:00:00
2021-05-04 09:00:00+00:00,10.163435,63.3126183333,0.0,41.76,0.0324,0.036,0.0018,0.8292,0.012,0.0006,No (reported postion),anchor,2021-05-04 09:00:00
2021-05-04 10:00:00+00:00,10.163405,63.3126066667,0.1,41.760963306395595,0.0324076683873865,0.036000834475145196,0.00180020334841695,0.8292892021722359,0.0120021344995818,0.000600310073396042,No (reported postion),anchor,2021-05-04 10:00:00
2021-05-04 11:00:00+00:00,10.16342,63.3125983333,0.1,41.760963306395595,0.0324076683873865,0.036000834475145196,0.00180020334841695,0.8292892021722359,0.0120021344995818,0.000600310073396042,No (reported postion),anchor,2021-05-04 11:00:00
2021-05-04 12:00:00+00:00,10.1634333333,63.3126066667,0.1,41.760963306395595,0.0324076683873865,0.036000834475145196,0.00180020334841695,0.8292892021722359,0.0120021344995818,0.000600310073396042,No (reported postion),anchor,2021-05-04 12:00:00
2021-05-04 13:00:00+00:00,10.1634383333,63.3126216667,0.0,41.76,0.0324,0.036,0.0018,0.8292,0.012,0.0006,No (reported postion),anchor,2021-05-04 13:00:00
2021-05-04 14:00:00+00:00,10.163415,63.31251,0.0,41.76,0.0324,0.036,0.0018,0.8292,0.012,0.0006,No (reported postion),anchor,2021-05-04 14:00:00
2021-05-04 15:00:00+00:00,10.1634566667,63.3126216667,0.0,41.76,0.0324,0.036,0.0018,0.8292,0.012,0.0006,No (reported postion),anchor,2021-05-04 15:00:00
2021-05-04 16:00:00+00:00,10.1635016667,63.3126883333,0.0,41.76,0.0324,0.036,0.0018,0.8292,0.012,0.0006,No (reported postion),anchor,2021-05-04 16:00:00
2021-05-04 17:00:00+00:00,10.1635816667,63.3125233333,0.0,41.76,0.0324,0.036,0.0018,0.8292,0.012,0.0006,No (reported postion),anchor,2021-05-04 17:00:00
2021-05-04 18:00:00+00:00,10.1635616667,63.3125916667,0.1,41.760963306395595,0.0324076683873865,0.036000834475145196,0.00180020334841695,0.8292892021722359,0.0120021344995818,0.000600310073396042,No (reported postion),anchor,2021-05-04 18:00:00
2021-05-04 19:00:00+00:00,10.163585,63.31262,0.0,41.76,0.0324,0.036,0.0018,0.8292,0.012,0.0006,No (reported postion),anchor,2021-05-04 19:00:00
2021-05-04 20:00:00+00:00,10.0930633333,63.3503216667,11.2,1009.6648399999999,0.8267291999999999,0.8744586000000001,0.0459294,20.1872968,0.306196,0.015309799999999998,No (reported postion),cruise,2021-05-04 20:00:00
2021-05-04 21:00:00+00:00,9.900695,63.5109833333,12.1,1009.6648399999999,0.8267291999999999,0.8744586000000001,0.0459294,20.1872968,0.306196,0.015309799999999998,No (reported postion),cruise,2021-05-04 21:00:00
2021-05-04 22:00:00+00:00,9.6694266667,63.648275,11.5,1009.6648399999999,0.8267291999999999,0.8744586000000001,0.0459294,20.1872968,0.306196,0.015309799999999998,No (reported postion),cruise,2021-05-04 22:00:00
2021-05-04 23:00:00+00:00,9.2854166667,63.5500083333,11.6,1009.6648399999999,0.8267291999999999,0.8744586000000001,0.0459294,20.1872968,0.306196,0.015309799999999998,No (reported postion),cruise,2021-05-04 23:00:00
2021-05-05 00:00:00+00:00,8.9095683333,63.46448,11.5,1009.6648399999999,0.8267291999999999,0.8744586000000001,0.0459294,20.1872968,0.306196,0.015309799999999998,No (reported postion),cruise,2021-05-05 00:00:00
2021-05-05 01:00:00+00:00,8.51884,63.3968716667,11.3,1009.6648399999999,0.8267291999999999,0.8744586000000001,0.0459294,20.1872968,0.306196,0.015309799999999998,No (reported postion),cruise,2021-05-05 01:00:00
2021-05-05 02:00:00+00:00,8.1914066667,63.2907516667,10.8,1009.6648399999999,0.8267291999999999,0.8744586000000001,0.0459294,20.1872968,0.306196,0.015309799999999998,No (reported postion),cruise,2021-05-05 02:00:00
2021-05-05 03:00:00+00:00,7.820585,63.2238066667,11.1,1009.6648399999999,0.8267291999999999,0.8744586000000001,0.0459294,20.1872968,0.306196,0.015309799999999998,No (reported postion),cruise,2021-05-05 03:00:00
2021-05-05 04:00:00+00:00,7.457135,63.227735,10.3,1009.6648399999999,0.8267291999999999,0.8744586000000001,0.0459294,20.1872968,0.306196,0.015309799999999998,No (reported postion),cruise,2021-05-05 04:00:00
2021-05-05 05:00:00+00:00,7.1132766667,63.1433633333,10.9,1009.6648399999999,0.8267291999999999,0.8744586000000001,0.0459294,20.1872968,0.306196,0.015309799999999998,No (reported postion),cruise,2021-05-05 05:00:00
2021-05-05 06:00:00+00:00,6.7885483333,63.040565,10.9,1009.6648399999999,0.8267291999999999,0.8744586000000001,0.0459294,20.1872968,0.306196,0.015309799999999998,No (reported postion),cruise,2021-05-05 06:00:00
2021-05-05 07:00:00+00:00,6.4620883333,62.9331083333,10.9,1009.6648399999999,0.8267291999999999,0.8744586000000001,0.0459294,20.1872968,0.306196,0.015309799999999998,No (reported postion),cruise,2021-05-05 07:00:00
2021-05-05 08:00:00+00:00,6.1546816667,62.8221166667,10.9,1009.6648399999999,0.8267291999999999,0.8744586000000001,0.0459294,20.1872968,0.306196,0.015309799999999998,No (reported postion),cruise,2021-05-05 08:00:00
2021-05-05 09:00:00+00:00,5.8892733333,62.6917116667,10.6,1009.6648399999999,0.8267291999999999,0.8744586000000001,0.0459294,20.1872968,0.306196,0.015309799999999998,No (reported postion),cruise,2021-05-05 09:00:00
2021-05-05 10:00:00+00:00,5.623855,62.5571083333,10.8,1009.6648399999999,0.8267291999999999,0.8744586000000001,0.0459294,20.1872968,0.306196,0.015309799999999998,No (reported postion),cruise,2021-05-05 10:00:00
2021-05-05 11:00:00+00:00,5.368895,62.4256516667,10.8,1009.6648399999999,0.8267291999999999,0.8744586000000001,0.0459294,20.1872968,0.306196,0.015309799999999998,No (reported postion),cruise,2021-05-05 11:00:00
2021-05-05 12:00:00+00:00,5.1335166667,62.2866533333,10.8,1009.6648399999999,0.8267291999999999,0.8744586000000001,0.0459294,20.1872968,0.306196,0.015309799999999998,No (reported postion),cruise,2021-05-05 12:00:00
2021-05-05 13:00:00+00:00,4.9195233333,62.1370216667,11.1,1009.6648399999999,0.8267291999999999,0.8744586000000001,0.0459294,20.1872968,0.306196,0.015309799999999998,No (reported postion),cruise,2021-05-05 13:00:00
2021-05-05 14:00:00+00:00,4.75434,61.9803833333,10.8,1009.6648399999999,0.8267291999999999,0.8744586000000001,0.0459294,20.1872968,0.306196,0.015309799999999998,No (reported postion),cruise,2021-05-05 14:00:00
2021-05-05 15:00:00+00:00,4.62285,61.8181683333,10.3,1009.6648399999999,0.8267291999999999,0.8744586000000001,0.0459294,20.1872968,0.306196,0.015309799999999998,No (reported postion),cruise,2021-05-05 15:00:00
2021-05-05 16:00:00+00:00,4.49911,61.6588516667,10.7,1009.6648399999999,0.8267291999999999,0.8744586000000001,0.0459294,20.1872968,0.306196,0.015309799999999998,No (reported postion),cruise,2021-05-05 16:00:00
2021-05-05 17:00:00+00:00,4.4624433333,61.486125,10.6,1009.6648399999999,0.8267291999999999,0.8744586000000001,0.0459294,20.1872968,0.306196,0.015309799999999998,No (reported postion),cruise,2021-05-05 17:00:00
2021-05-05 18:00:00+00:00,4.4430983333,61.3120716667,10.6,1009.6648399999999,0.8267291999999999,0.8744586000000001,0.0459294,20.1872968,0.306196,0.015309799999999998,No (reported postion),cruise,2021-05-05 18:00:00
2021-05-05 19:00:00+00:00,4.4344866667,61.137815,10.4,1009.6648399999999,0.8267291999999999,0.8744586000000001,0.0459294,20.1872968,0.306196,0.015309799999999998,No (reported postion),cruise,2021-05-05 19:00:00
2021-05-05 20:00:00+00:00,4.4611983333,60.96668,10.4,1009.6648399999999,0.8267291999999999,0.8744586000000001,0.0459294,20.1872968,0.306196,0.015309799999999998,No (reported postion),cruise,2021-05-05 20:00:00
2021-05-05 21:00:00+00:00,4.5217566667,60.799105,10.1,1009.6648399999999,0.8267291999999999,0.8744586000000001,0.0459294,20.1872968,0.306196,0.015309799999999998,No (reported postion),cruise,2021-05-05 21:00:00
2021-05-05 22:00:00+00:00,4.566065,60.6368083333,9.5,867.674820957655,0.710202436652179,0.7514581275773,0.039455690925120995,17.3474964191531,0.263037939500807,0.0131518969750403,No (reported postion),cruise,2021-05-05 22:00:00
2021-05-05 23:00:00+00:00,4.61932,60.4865016667,8.7,704.933794692404,0.576645971328113,0.610481858624119,0.0320358872960063,14.0926758938481,0.213572581973375,0.0106786290986688,No (reported postion),cruise,2021-05-05 23:00:00
2021-05-06 00:00:00+00:00,4.6737083333,60.3355483333,9.3,851.822344404503,0.697192805438346,0.73772573907381,0.0387329336354637,17.0304468880901,0.258219557569758,0.0129109778784879,No (reported postion),cruise,2021-05-06 00:00:00
2021-05-06 01:00:00+00:00,4.71539,60.17713,9.4,878.2353738263851,0.7188691517724131,0.760606326870881,0.0399371750984674,17.5587074765277,0.26624783398978297,0.0133123916994891,No (reported postion),cruise,2021-05-06 01:00:00
2021-05-06 02:00:00+00:00,4.7696366667,60.021015,9.6,932.771476669019,0.7636252240140889,0.807848847570427,0.0424236235563382,18.6494295333804,0.282824157042255,0.0141412078521128,No (reported postion),cruise,2021-05-06 02:00:00
2021-05-06 03:00:00+00:00,4.81824,59.8585283333,10.2,1009.6648399999999,0.8267291999999999,0.8744586000000001,0.0459294,20.1872968,0.306196,0.015309799999999998,No (reported postion),cruise,2021-05-06 03:00:00
2021-05-06 04:00:00+00:00,4.86388,59.7001083333,9.9,1018.94137930464,0.8343421653867891,0.882494507908277,0.0463523425214883,20.3728275860929,0.309015616809922,0.015450780840496099,No (reported postion),cruise,2021-05-06 04:00:00
2021-05-06 05:00:00+00:00,4.9157416667,59.5395783333,10.0,1009.6648399999999,0.8267291999999999,0.8744586000000001,0.0459294,20.1872968,0.306196,0.015309799999999998,No (reported postion),cruise,2021-05-06 05:00:00
2021-05-06 06:00:00+00:00,4.9491866667,59.3768583333,10.0,1005.06639563511,0.8229554006731931,0.870475145155037,0.045719744481844,20.095327912702302,0.304798296545627,0.0152399148272813,No (reported postion),cruise,2021-05-06 06:00:00
2021-05-06 07:00:00+00:00,5.0302616667,59.2199033333,9.6,894.031847248627,0.731832822969998,0.774290202023887,0.040657379053888804,17.874636944972497,0.271049193692592,0.0135524596846296,No (reported postion),cruise,2021-05-06 07:00:00
2021-05-06 08:00:00+00:00,5.1494233333,59.0701733333,9.8,948.4162731206029,0.776464418670404,0.821401330818759,0.0431369121483558,18.9623254624121,0.287579414322372,0.0143789707161186,No (reported postion),cruise,2021-05-06 08:00:00
2021-05-06 09:00:00+00:00,5.2567816667,58.9159866667,10.0,1005.06639563511,0.8229554006731931,0.870475145155037,0.045719744481844,20.095327912702302,0.304798296545627,0.0152399148272813,No (reported postion),cruise,2021-05-06 09:00:00
2021-05-06 10:00:00+00:00,5.3752433333,58.76016,10.2,1009.6648399999999,0.8267291999999999,0.8744586000000001,0.0459294,20.1872968,0.306196,0.015309799999999998,No (reported postion),cruise,2021-05-06 10:00:00
2021-05-06 11:00:00+00:00,5.5258883333,58.6209666667,10.0,1005.06639563511,0.8229554006731931,0.870475145155037,0.045719744481844,20.095327912702302,0.304798296545627,0.0152399148272813,No (reported postion),cruise,2021-05-06 11:00:00
2021-05-06 12:00:00+00:00,5.702735,58.4894866667,10.2,1009.6648399999999,0.8267291999999999,0.8744586000000001,0.0459294,20.1872968,0.306196,0.015309799999999998,No (reported postion),cruise,2021-05-06 12:00:00
2021-05-06 13:00:00+00:00,5.9381616667,58.3826183333,9.8,948.4162731206029,0.776464418670404,0.821401330818759,0.0431369121483558,18.9623254624121,0.287579414322372,0.0143789707161186,No (reported postion),cruise,2021-05-06 13:00:00
2021-05-06 14:00:00+00:00,6.2192466667,58.3128666667,10.4,1009.6648399999999,0.8267291999999999,0.8744586000000001,0.0459294,20.1872968,0.306196,0.015309799999999998,No (reported postion),cruise,2021-05-06 14:00:00
2021-05-06 15:00:00+00:00,6.26118,58.3280383333,0.0,41.76,0.0324,0.036,0.0018,0.8292,0.012,0.0006,No (reported postion),anchor,2021-05-06 15:00:00
2021-05-06 16:00:00+00:00,6.2612216667,58.328085,0.0,41.76,0.0324,0.036,0.0018,0.8292,0.012,0.0006,No (reported postion),anchor,2021-05-06 16:00:00
2021-05-06 17:00:00+00:00,6.2608266667,58.3279466667,0.1,41.760963306395595,0.0324076683873865,0.036000834475145196,0.00180020334841695,0.8292892021722359,0.0120021344995818,0.000600310073396042,No (reported postion),anchor,2021-05-06 17:00:00
2021-05-06 18:00:00+00:00,6.26073,58.327915,0.0,41.76,0.0324,0.036,0.0018,0.8292,0.012,0.0006,No (reported postion),anchor,2021-05-06 18:00:00
2021-05-06 19:00:00+00:00,6.2607366667,58.3279216667,0.0,41.76,0.0324,0.036,0.0018,0.8292,0.012,0.0006,No (reported postion),anchor,2021-05-06 19:00:00
2021-05-06 20:00:00+00:00,6.2609883333,58.3279933333,0.0,41.76,0.0324,0.036,0.0018,0.8292,0.012,0.0006,No (reported postion),anchor,2021-05-06 20:00:00
2021-05-06 21:00:00+00:00,6.2609983333,58.328005,0.0,41.76,0.0324,0.036,0.0018,0.8292,0.012,0.0006,No (reported postion),anchor,2021-05-06 21:00:00
2021-05-06 22:00:00+00:00,6.2609983333,58.3280066667,0.0,41.76,0.0324,0.036,0.0018,0.8292,0.012,0.0006,No (reported postion),anchor,2021-05-06 22:00:00
2021-05-06 23:00:00+00:00,6.24747,58.305565,9.1,767.679763865147,0.6281396238406981,0.664836269609626,0.034896645768927696,15.3475952773029,0.232644305126185,0.0116322152563092,No (reported postion),cruise,2021-05-06 23:00:00
2021-05-07 00:00:00+00:00,6.3453666667,58.1967366667,8.4,612.715553918514,0.500965348200604,0.530596756433971,0.0278314082333669,12.2483110783703,0.185542721555779,0.00927713607778897,No (reported postion),cruise,2021-05-07 00:00:00
2021-05-07 01:00:00+00:00,6.5081366667,58.0956016667,7.3,416.50256411078504,0.339939490303683,0.36062501754277704,0.018885527239093498,8.32405128221569,0.12590351492729002,0.00629517574636451,No (reported postion),cruise,2021-05-07 01:00:00
2021-05-07 02:00:00+00:00,6.7062916667,58.021985,8.3,592.566074041014,0.48442930088472297,0.513142039822763,0.0269127389380402,11.8453214808203,0.179418259586934,0.00897091297934672,No (reported postion),cruise,2021-05-07 02:00:00
2021-05-07 03:00:00+00:00,6.95531,57.9631433333,9.1,767.679763865147,0.6281396238406981,0.664836269609626,0.034896645768927696,15.3475952773029,0.232644305126185,0.0116322152563092,No (reported postion),cruise,2021-05-07 03:00:00
2021-05-07 04:00:00+00:00,7.2392783333,57.9310533333,9.3,816.602242473872,0.668288770419288,0.70721592433147,0.037127153912182596,16.326044849477498,0.247514359414551,0.0123757179707275,No (reported postion),cruise,2021-05-07 04:00:00
2021-05-07 05:00:00+00:00,7.531065,57.913745,9.0,744.0103624179969,0.608714887090758,0.644332380818022,0.0338174937272643,14.8742072483599,0.225449958181762,0.011272497909088101,No (reported postion),cruise,2021-05-07 05:00:00
2021-05-07 06:00:00+00:00,7.7961316667,57.8911766667,8.4,638.668079096628,0.522263773118814,0.55307842718097,0.0290146540621563,12.767361581932601,0.193431027081042,0.0096715513540521,No (reported postion),cruise,2021-05-07 06:00:00
2021-05-07 07:00:00+00:00,8.0617633333,57.8855,8.7,704.933794692404,0.576645971328113,0.610481858624119,0.0320358872960063,14.0926758938481,0.213572581973375,0.0106786290986688,No (reported postion),cruise,2021-05-07 07:00:00
2021-05-07 08:00:00+00:00,8.3342233333,57.8831866667,8.8,728.065714957445,0.595629614098815,0.630520148215416,0.0330905341166008,14.5553142991489,0.220603560777339,0.011030178038866901,No (reported postion),cruise,2021-05-07 08:00:00
2021-05-07 09:00:00+00:00,8.6093583333,57.8768933333,9.2,825.97127290451,0.675977640377562,0.715331953731871,0.037554313354309005,16.5134254580902,0.25036208902872703,0.012518104451436298,No (reported postion),cruise,2021-05-07 09:00:00
2021-05-07 10:00:00+00:00,8.904055,57.8564666667,9.7,960.906635206371,0.786714867798541,0.832221249342905,0.043706381544363404,19.212132704127402,0.29137587696242295,0.0145687938481211,No (reported postion),cruise,2021-05-07 10:00:00
2021-05-07 11:00:00+00:00,9.2138166667,57.852065,10.4,1009.6648399999999,0.8267291999999999,0.8744586000000001,0.0459294,20.1872968,0.306196,0.015309799999999998,No (reported postion),cruise,2021-05-07 11:00:00
2021-05-07 12:00:00+00:00,9.5418616667,57.8419083333,10.5,1009.6648399999999,0.8267291999999999,0.8744586000000001,0.0459294,20.1872968,0.306196,0.015309799999999998,No (reported postion),cruise,2021-05-07 12:00:00
2021-05-07 13:00:00+00:00,9.8599616667,57.8269116667,10.0,1009.6648399999999,0.8267291999999999,0.8744586000000001,0.0459294,20.1872968,0.306196,0.015309799999999998,No (reported postion),cruise,2021-05-07 13:00:00
2021-05-07 14:00:00+00:00,10.1681433333,57.8108183333,10.0,1009.6648399999999,0.8267291999999999,0.8744586000000001,0.0459294,20.1872968,0.306196,0.015309799999999998,No (reported postion),cruise,2021-05-07 14:00:00
2021-05-07 15:00:00+00:00,10.4840233333,57.80422,10.4,1009.6648399999999,0.8267291999999999,0.8744586000000001,0.0459294,20.1872968,0.306196,0.015309799999999998,No (reported postion),cruise,2021-05-07 15:00:00
2021-05-07 16:00:00+00:00,10.7630666667,57.75653,9.1,767.679763865147,0.6281396238406981,0.664836269609626,0.034896645768927696,15.3475952773029,0.232644305126185,0.0116322152563092,No (reported postion),cruise,2021-05-07 16:00:00
2021-05-07 17:00:00+00:00,10.7584133333,57.6070983333,9.2,825.97127290451,0.675977640377562,0.715331953731871,0.037554313354309005,16.5134254580902,0.25036208902872703,0.012518104451436298,No (reported postion),cruise,2021-05-07 17:00:00
2021-05-07 18:00:00+00:00,10.7412166667,57.4507933333,9.5,867.674820957655,0.710202436652179,0.7514581275773,0.039455690925120995,17.3474964191531,0.263037939500807,0.0131518969750403,No (reported postion),cruise,2021-05-07 18:00:00
2021-05-07 19:00:00+00:00,10.7162433333,57.30093,8.8,698.2263360462521,0.571141370007562,0.6046714461190931,0.031730076111531204,13.958526720924999,0.21153384074354198,0.0105766920371771,No (reported postion),cruise,2021-05-07 19:00:00
2021-05-07 20:00:00+00:00,10.735535,57.1588483333,8.8,728.065714957445,0.595629614098815,0.630520148215416,0.0330905341166008,14.5553142991489,0.220603560777339,0.011030178038866901,No (reported postion),cruise,2021-05-07 20:00:00
2021-05-07 21:00:00+00:00,10.8304233333,57.0202916667,9.0,775.930833436997,0.634911018322155,0.671983852673386,0.0352728343512309,15.5126166687399,0.235152229008206,0.0117576114504103,No (reported postion),cruise,2021-05-07 21:00:00
2021-05-07 22:00:00+00:00,10.7807333333,56.8829583333,9.4,878.2353738263851,0.7188691517724131,0.760606326870881,0.0399371750984674,17.5587074765277,0.26624783398978297,0.0133123916994891,No (reported postion),cruise,2021-05-07 22:00:00
2021-05-07 23:00:00+00:00,10.5472066667,56.8844616667,9.1,800.6761167681079,0.655218697651639,0.693419736410063,0.036401038758424396,16.0075223353622,0.242673591722829,0.012133679586141501,No (reported postion),cruise,2021-05-07 23:00:00
2021-05-08 00:00:00+00:00,10.3334283333,56.97549,8.1,553.70051420272,0.45253355268916196,0.47947430561633797,0.0251407529271757,11.0680102840544,0.167605019514505,0.00838025097572523,No (reported postion),cruise,2021-05-08 00:00:00
2021-05-08 01:00:00+00:00,10.11925,57.0328566667,8.7,676.100151444908,0.552983103009499,0.585504386510027,0.0307212835005277,13.516003028898199,0.204808556670185,0.010240427833509199,No (reported postion),cruise,2021-05-08 01:00:00
2021-05-08 02:00:00+00:00,9.9608566667,57.0575816667,3.3,76.37834193993899,0.170473520649204,0.0659885332914366,0.0052881399249512994,2.35933071374531,0.044513883463347,0.00465634371363115,No (reported postion),cruise,2021-05-08 02:00:00
2021-05-08 03:00:00+00:00,9.955415,57.0542033333,0.1,41.760963306395595,0.0324076683873865,0.036000834475145196,0.00180020334841695,0.8292892021722359,0.0120021344995818,0.000600310073396042,No (reported postion),anchor,2021-05-08 03:00:00
2021-05-08 04:00:00+00:00,9.9553983333,57.0542133333,0.0,41.76,0.0324,0.036,0.0018,0.8292,0.012,0.0006,No (reported postion),anchor,2021-05-08 04:00:00
2021-05-08 05:00:00+00:00,9.9552366667,57.0541183333,0.1,41.760963306395595,0.0324076683873865,0.036000834475145196,0.00180020334841695,0.8292892021722359,0.0120021344995818,0.000600310073396042,No (reported postion),anchor,2021-05-08 05:00:00
2021-05-08 06:00:00+00:00,9.9552533333,57.0541383333,0.0,41.76,0.0324,0.036,0.0018,0.8292,0.012,0.0006,No (reported postion),anchor,2021-05-08 06:00:00
2021-05-08 07:00:00+00:00,9.9551366667,57.054125,0.1,41.760963306395595,0.0324076683873865,0.036000834475145196,0.00180020334841695,0.8292892021722359,0.0120021344995818,0.000600310073396042,No (reported postion),anchor,2021-05-08 07:00:00
2021-05-08 08:00:00+00:00,9.9551483333,57.0540833333,0.0,41.76,0.0324,0.036,0.0018,0.8292,0.012,0.0006,No (reported postion),anchor,2021-05-08 08:00:00
2021-05-08 09:00:00+00:00,9.95433,57.053765,0.0,41.76,0.0324,0.036,0.0018,0.8292,0.012,0.0006,No (reported postion),anchor,2021-05-08 09:00:00
2021-05-08 10:00:00+00:00,9.9543366667,57.0537633333,0.0,41.76,0.0324,0.036,0.0018,0.8292,0.012,0.0006,No (reported postion),anchor,2021-05-08 10:00:00
2021-05-08 11:00:00+00:00,9.9543316667,57.0537366667,0.0,41.76,0.0324,0.036,0.0018,0.8292,0.012,0.0006,No (reported postion),anchor,2021-05-08 11:00:00
2021-05-08 12:00:00+00:00,9.954215,57.053705,0.1,41.760963306395595,0.0324076683873865,0.036000834475145196,0.00180020334841695,0.8292892021722359,0.0120021344995818,0.000600310073396042,No (reported postion),anchor,2021-05-08 12:00:00
2021-05-08 13:00:00+00:00,9.9542116667,57.05371,0.1,41.760963306395595,0.0324076683873865,0.036000834475145196,0.00180020334841695,0.8292892021722359,0.0120021344995818,0.000600310073396042,No (reported postion),anchor,2021-05-08 13:00:00
2021-05-08 14:00:00+00:00,10.0427766667,57.06536,11.9,1009.6648399999999,0.8267291999999999,0.8744586000000001,0.0459294,20.1872968,0.306196,0.015309799999999998,No (reported postion),cruise,2021-05-08 14:00:00
2021-05-08 15:00:00+00:00,10.325755,56.97972,11.1,1009.6648399999999,0.8267291999999999,0.8744586000000001,0.0459294,20.1872968,0.306196,0.015309799999999998,No (reported postion),cruise,2021-05-08 15:00:00
2021-05-08 16:00:00+00:00,10.5749183333,56.8683833333,10.4,1009.6648399999999,0.8267291999999999,0.8744586000000001,0.0459294,20.1872968,0.306196,0.015309799999999998,No (reported postion),cruise,2021-05-08 16:00:00
2021-05-08 17:00:00+00:00,10.734825,56.939355,11.0,1009.6648399999999,0.8267291999999999,0.8744586000000001,0.0459294,20.1872968,0.306196,0.015309799999999998,No (reported postion),cruise,2021-05-08 17:00:00
2021-05-08 18:00:00+00:00,10.7263816667,57.122565,11.3,1009.6648399999999,0.8267291999999999,0.8744586000000001,0.0459294,20.1872968,0.306196,0.015309799999999998,No (reported postion),cruise,2021-05-08 18:00:00
2021-05-08 19:00:00+00:00,10.73109,57.315365,11.9,1009.6648399999999,0.8267291999999999,0.8744586000000001,0.0459294,20.1872968,0.306196,0.015309799999999998,No (reported postion),cruise,2021-05-08 19:00:00
2021-05-08 20:00:00+00:00,10.7685016667,57.5111966667,11.6,1009.6648399999999,0.8267291999999999,0.8744586000000001,0.0459294,20.1872968,0.306196,0.015309799999999998,No (reported postion),cruise,2021-05-08 20:00:00
2021-05-08 21:00:00+00:00,10.7881816667,57.7071116667,11.7,1009.6648399999999,0.8267291999999999,0.8744586000000001,0.0459294,20.1872968,0.306196,0.015309799999999998,No (reported postion),cruise,2021-05-08 21:00:00
2021-05-08 22:00:00+00:00,10.6344633333,57.844535,10.5,1009.6648399999999,0.8267291999999999,0.8744586000000001,0.0459294,20.1872968,0.306196,0.015309799999999998,No (reported postion),cruise,2021-05-08 22:00:00
2021-05-08 23:00:00+00:00,10.30496,57.86261,10.7,1009.6648399999999,0.8267291999999999,0.8744586000000001,0.0459294,20.1872968,0.306196,0.015309799999999998,No (reported postion),cruise,2021-05-08 23:00:00
2021-05-09 00:00:00+00:00,9.95975,57.87395,11.2,1009.6648399999999,0.8267291999999999,0.8744586000000001,0.0459294,20.1872968,0.306196,0.015309799999999998,No (reported postion),cruise,2021-05-09 00:00:00
2021-05-09 01:00:00+00:00,9.6142783333,57.8822916667,10.7,1009.6648399999999,0.8267291999999999,0.8744586000000001,0.0459294,20.1872968,0.306196,0.015309799999999998,No (reported postion),cruise,2021-05-09 01:00:00
2021-05-09 02:00:00+00:00,9.2824833333,57.8882583333,10.7,1009.6648399999999,0.8267291999999999,0.8744586000000001,0.0459294,20.1872968,0.306196,0.015309799999999998,No (reported postion),cruise,2021-05-09 02:00:00
2021-05-09 03:00:00+00:00,8.9413366667,57.8982383333,10.9,1009.6648399999999,0.8267291999999999,0.8744586000000001,0.0459294,20.1872968,0.306196,0.015309799999999998,No (reported postion),cruise,2021-05-09 03:00:00
2021-05-09 04:00:00+00:00,8.6104683333,57.9043966667,10.6,1009.6648399999999,0.8267291999999999,0.8744586000000001,0.0459294,20.1872968,0.306196,0.015309799999999998,No (reported postion),cruise,2021-05-09 04:00:00
2021-05-09 05:00:00+00:00,8.287755,57.9113933333,10.2,1009.6648399999999,0.8267291999999999,0.8744586000000001,0.0459294,20.1872968,0.306196,0.015309799999999998,No (reported postion),cruise,2021-05-09 05:00:00
2021-05-09 06:00:00+00:00,7.9683166667,57.9189416667,10.5,1009.6648399999999,0.8267291999999999,0.8744586000000001,0.0459294,20.1872968,0.306196,0.015309799999999998,No (reported postion),cruise,2021-05-09 06:00:00
2021-05-09 07:00:00+00:00,7.6558466667,57.9186866667,10.0,1005.06639563511,0.8229554006731931,0.870475145155037,0.045719744481844,20.095327912702302,0.304798296545627,0.0152399148272813,No (reported postion),cruise,2021-05-09 07:00:00
2021-05-09 08:00:00+00:00,7.33534,57.9247416667,10.3,1009.6648399999999,0.8267291999999999,0.8744586000000001,0.0459294,20.1872968,0.306196,0.015309799999999998,No (reported postion),cruise,2021-05-09 08:00:00
2021-05-09 09:00:00+00:00,7.0394766667,57.9676716667,10.0,1005.06639563511,0.8229554006731931,0.870475145155037,0.045719744481844,20.095327912702302,0.304798296545627,0.0152399148272813,No (reported postion),cruise,2021-05-09 09:00:00
2021-05-09 10:00:00+00:00,6.73487,58.0120133333,11.1,1009.6648399999999,0.8267291999999999,0.8744586000000001,0.0459294,20.1872968,0.306196,0.015309799999999998,No (reported postion),cruise,2021-05-09 10:00:00
2021-05-09 11:00:00+00:00,6.449845,58.136565,12.3,1009.6648399999999,0.8267291999999999,0.8744586000000001,0.0459294,20.1872968,0.306196,0.015309799999999998,No (reported postion),cruise,2021-05-09 11:00:00
2021-05-09 12:00:00+00:00,6.2509083333,58.2771383333,10.1,1009.6648399999999,0.8267291999999999,0.8744586000000001,0.0459294,20.1872968,0.306196,0.015309799999999998,No (reported postion),cruise,2021-05-09 12:00:00
2021-05-09 13:00:00+00:00,6.261085,58.3280216667,0.0,41.76,0.0324,0.036,0.0018,0.8292,0.012,0.0006,No (reported postion),anchor,2021-05-09 13:00:00
2021-05-09 14:00:00+00:00,6.2611016667,58.328015,0.0,41.76,0.0324,0.036,0.0018,0.8292,0.012,0.0006,No (reported postion),anchor,2021-05-09 14:00:00
2021-05-09 15:00:00+00:00,6.261085,58.32801,0.0,41.76,0.0324,0.036,0.0018,0.8292,0.012,0.0006,No (reported postion),anchor,2021-05-09 15:00:00
2021-05-09 16:00:00+00:00,6.2610916667,58.32801,0.0,41.76,0.0324,0.036,0.0018,0.8292,0.012,0.0006,No (reported postion),anchor,2021-05-09 16:00:00
2021-05-09 17:00:00+00:00,6.2610966667,58.3280083333,0.0,41.76,0.0324,0.036,0.0018,0.8292,0.012,0.0006,No (reported postion),anchor,2021-05-09 17:00:00
2021-05-09 18:00:00+00:00,6.261105,58.32803,0.0,41.76,0.0324,0.036,0.0018,0.8292,0.012,0.0006,No (reported postion),anchor,2021-05-09 18:00:00
2021-05-09 19:00:00+00:00,6.2611066667,58.3280233333,0.0,41.76,0.0324,0.036,0.0018,0.8292,0.012,0.0006,No (reported postion),anchor,2021-05-09 19:00:00
2021-05-09 20:00:00+00:00,6.2610883333,58.3280133333,0.0,41.76,0.0324,0.036,0.0018,0.8292,0.012,0.0006,No (reported postion),anchor,2021-05-09 20:00:00
2021-05-09 21:00:00+00:00,6.2611133333,58.3280233333,0.0,41.76,0.0324,0.036,0.0018,0.8292,0.012,0.0006,No (reported postion),anchor,2021-05-09 21:00:00
2021-05-09 22:00:00+00:00,6.2611233333,58.3280216667,0.0,41.76,0.0324,0.036,0.0018,0.8292,0.012,0.0006,No (reported postion),anchor,2021-05-09 22:00:00
2021-05-09 23:00:00+00:00,6.2612583333,58.3280483333,0.0,41.76,0.0324,0.036,0.0018,0.8292,0.012,0.0006,No (reported postion),anchor,2021-05-09 23:00:00
2021-05-10 00:00:00+00:00,6.2607383333,58.3279133333,0.0,41.76,0.0324,0.036,0.0018,0.8292,0.012,0.0006,No (reported postion),anchor,2021-05-10 00:00:00
2021-05-10 01:00:00+00:00,6.2607433333,58.32794,0.0,41.76,0.0324,0.036,0.0018,0.8292,0.012,0.0006,No (reported postion),anchor,2021-05-10 01:00:00
2021-05-10 02:00:00+00:00,6.260835,58.327965,0.0,41.76,0.0324,0.036,0.0018,0.8292,0.012,0.0006,No (reported postion),anchor,2021-05-10 02:00:00
2021-05-10 03:00:00+00:00,6.2608516667,58.3279733333,0.0,41.76,0.0324,0.036,0.0018,0.8292,0.012,0.0006,No (reported postion),anchor,2021-05-10 03:00:00
2021-05-10 04:00:00+00:00,6.2608433333,58.32797,0.0,41.76,0.0324,0.036,0.0018,0.8292,0.012,0.0006,No (reported postion),anchor,2021-05-10 04:00:00
2021-05-10 05:00:00+00:00,6.2576883333,58.33047,0.0,41.76,0.0324,0.036,0.0018,0.8292,0.012,0.0006,No (reported postion),anchor,2021-05-10 05:00:00
2021-05-10 06:00:00+00:00,6.2577083333,58.3304166667,0.0,41.76,0.0324,0.036,0.0018,0.8292,0.012,0.0006,No (reported postion),anchor,2021-05-10 06:00:00
2021-05-10 07:00:00+00:00,6.2577433333,58.330385,0.1,41.760963306395595,0.0324076683873865,0.036000834475145196,0.00180020334841695,0.8292892021722359,0.0120021344995818,0.000600310073396042,No (reported postion),anchor,2021-05-10 07:00:00
2021-05-10 08:00:00+00:00,6.2550066667,58.2834666667,8.5,633.350540219414,0.517899835438425,0.5484720485183371,0.0287722130799125,12.6610108043883,0.19181475386608302,0.009590737693304159,No (reported postion),cruise,2021-05-10 08:00:00
2021-05-10 09:00:00+00:00,6.4177183333,58.1693433333,8.4,612.715553918514,0.500965348200604,0.530596756433971,0.0278314082333669,12.2483110783703,0.185542721555779,0.00927713607778897,No (reported postion),cruise,2021-05-10 09:00:00
2021-05-10 10:00:00+00:00,6.5913116667,58.0709716667,7.9,516.70762199754,0.42217464419251,0.447428791092094,0.0234541468995839,10.3281524399508,0.15636097933055898,0.00781804896652797,No (reported postion),cruise,2021-05-10 10:00:00
2021-05-10 11:00:00+00:00,6.8422016667,58.008575,9.6,894.031847248627,0.731832822969998,0.774290202023887,0.040657379053888804,17.874636944972497,0.271049193692592,0.0135524596846296,No (reported postion),cruise,2021-05-10 11:00:00
2021-05-10 12:00:00+00:00,7.1086533333,57.9532433333,8.8,698.2263360462521,0.571141370007562,0.6046714461190931,0.031730076111531204,13.958526720924999,0.21153384074354198,0.0105766920371771,No (reported postion),cruise,2021-05-10 12:00:00
2021-05-10 13:00:00+00:00,7.381465,57.9282383333,9.0,744.0103624179969,0.608714887090758,0.644332380818022,0.0338174937272643,14.8742072483599,0.225449958181762,0.011272497909088101,No (reported postion),cruise,2021-05-10 13:00:00
2021-05-10 14:00:00+00:00,7.6569466667,57.9174216667,8.7,676.100151444908,0.552983103009499,0.585504386510027,0.0307212835005277,13.516003028898199,0.204808556670185,0.010240427833509199,No (reported postion),cruise,2021-05-10 14:00:00
2021-05-10 15:00:00+00:00,7.9374333333,57.9065233333,9.1,800.6761167681079,0.655218697651639,0.693419736410063,0.036401038758424396,16.0075223353622,0.242673591722829,0.012133679586141501,No (reported postion),cruise,2021-05-10 15:00:00
2021-05-10 16:00:00+00:00,8.216845,57.8950033333,8.7,704.933794692404,0.576645971328113,0.610481858624119,0.0320358872960063,14.0926758938481,0.213572581973375,0.0106786290986688,No (reported postion),cruise,2021-05-10 16:00:00
2021-05-10 17:00:00+00:00,8.4914333333,57.8852633333,8.8,728.065714957445,0.595629614098815,0.630520148215416,0.0330905341166008,14.5553142991489,0.220603560777339,0.011030178038866901,No (reported postion),cruise,2021-05-10 17:00:00
2021-05-10 18:00:00+00:00,8.78217,57.8776133333,9.3,851.822344404503,0.697192805438346,0.73772573907381,0.0387329336354637,17.0304468880901,0.258219557569758,0.0129109778784879,No (reported postion),cruise,2021-05-10 18:00:00
2021-05-10 19:00:00+00:00,9.07234,57.8678266667,9.8,989.627921898812,0.8102855286099669,0.857101391310521,0.045015862700553695,19.7865584379762,0.30010575133702505,0.0150052875668512,No (reported postion),cruise,2021-05-10 19:00:00
2021-05-10 20:00:00+00:00,9.37622,57.856535,9.6,932.771476669019,0.7636252240140889,0.807848847570427,0.0424236235563382,18.6494295333804,0.282824157042255,0.0141412078521128,No (reported postion),cruise,2021-05-10 20:00:00
2021-05-10 21:00:00+00:00,9.67549,57.8431583333,9.7,960.906635206371,0.786714867798541,0.832221249342905,0.043706381544363404,19.212132704127402,0.29137587696242295,0.0145687938481211,No (reported postion),cruise,2021-05-10 21:00:00
2021-05-10 22:00:00+00:00,9.9707383333,57.82567,9.3,851.822344404503,0.697192805438346,0.73772573907381,0.0387329336354637,17.0304468880901,0.258219557569758,0.0129109778784879,No (reported postion),cruise,2021-05-10 22:00:00
2021-05-10 23:00:00+00:00,10.26352,57.81473,9.8,989.627921898812,0.8102855286099669,0.857101391310521,0.045015862700553695,19.7865584379762,0.30010575133702505,0.0150052875668512,No (reported postion),cruise,2021-05-10 23:00:00
2021-05-11 00:00:00+00:00,10.5628233333,57.803285,9.7,920.943738023485,0.753918569198605,0.797602934154083,0.041884364955477996,18.4128747604697,0.279229099703187,0.0139614549851593,No (reported postion),cruise,2021-05-11 00:00:00
2021-05-11 01:00:00+00:00,10.7750866667,57.7409733333,9.2,791.875130604314,0.6479960038394069,0.685795781830485,0.035999777991078195,15.8315026120863,0.239998519940521,0.0119999259970261,No (reported postion),cruise,2021-05-11 01:00:00
2021-05-11 02:00:00+00:00,10.7583633333,57.59231,8.3,617.602713770151,0.504976087288574,0.534830314360162,0.028054227071587397,12.346054275402999,0.18702818047725,0.00935140902386248,No (reported postion),cruise,2021-05-11 02:00:00
2021-05-11 03:00:00+00:00,10.7399333333,57.4507,8.9,720.86114642449,0.5897170502571799,0.624279108604801,0.0327620583476211,14.411222928489801,0.218413722317474,0.0109206861158737,No (reported postion),cruise,2021-05-11 03:00:00
2021-05-11 04:00:00+00:00,10.7214716667,57.3074166667,8.6,654.476812782087,0.5352375059305879,0.566772922926732,0.0297354169961438,13.0835362556417,0.198236113307625,0.00991180566538127,No (reported postion),cruise,2021-05-11 04:00:00
2021-05-11 05:00:00+00:00,10.720225,57.1612783333,9.1,800.6761167681079,0.655218697651639,0.693419736410063,0.036401038758424396,16.0075223353622,0.242673591722829,0.012133679586141501,No (reported postion),cruise,2021-05-11 05:00:00
2021-05-11 06:00:00+00:00,10.83129,57.021735,9.0,775.930833436997,0.634911018322155,0.671983852673386,0.0352728343512309,15.5126166687399,0.235152229008206,0.0117576114504103,No (reported postion),cruise,2021-05-11 06:00:00
2021-05-11 07:00:00+00:00,10.7938333333,56.876455,9.3,851.822344404503,0.697192805438346,0.73772573907381,0.0387329336354637,17.0304468880901,0.258219557569758,0.0129109778784879,No (reported postion),cruise,2021-05-11 07:00:00
2021-05-11 08:00:00+00:00,10.6765483333,56.7343733333,9.6,932.771476669019,0.7636252240140889,0.807848847570427,0.0424236235563382,18.6494295333804,0.282824157042255,0.0141412078521128,No (reported postion),cruise,2021-05-11 08:00:00
2021-05-11 09:00:00+00:00,10.5060633333,56.6137533333,9.2,791.875130604314,0.6479960038394069,0.685795781830485,0.035999777991078195,15.8315026120863,0.239998519940521,0.0119999259970261,No (reported postion),cruise,2021-05-11 09:00:00
2021-05-11 10:00:00+00:00,10.290245,56.5975916667,7.9,516.70762199754,0.42217464419251,0.447428791092094,0.0234541468995839,10.3281524399508,0.15636097933055898,0.00781804896652797,No (reported postion),cruise,2021-05-11 10:00:00
2021-05-11 11:00:00+00:00,10.2291083333,56.507155,6.2,271.34288665892495,0.220811487531641,0.23487879239450998,0.0122673048628689,5.4208577331785,0.0817820324191262,0.00408910162095631,No (reported postion),cruise,2021-05-11 11:00:00
2021-05-11 12:00:00+00:00,10.10801,56.46251,5.6,210.932015975856,0.18650593674153199,0.182547187091547,0.009667270043861989,4.2803091259074595,0.06547686827200311,0.0034538136433617003,No (reported postion),cruise,2021-05-11 12:00:00
2021-05-11 13:00:00+00:00,10.0569366667,56.45984,0.0,41.76,0.0324,0.036,0.0018,0.8292,0.012,0.0006,No (reported postion),anchor,2021-05-11 13:00:00
2021-05-11 14:00:00+00:00,10.0569616667,56.45984,0.0,41.76,0.0324,0.036,0.0018,0.8292,0.012,0.0006,No (reported postion),anchor,2021-05-11 14:00:00
2021-05-11 15:00:00+00:00,10.056955,56.4598383333,0.1,41.760963306395595,0.0324076683873865,0.036000834475145196,0.00180020334841695,0.8292892021722359,0.0120021344995818,0.000600310073396042,No (reported postion),anchor,2021-05-11 15:00:00
2021-05-11 16:00:00+00:00,10.0569733333,56.4598583333,0.0,41.76,0.0324,0.036,0.0018,0.8292,0.012,0.0006,No (reported postion),anchor,2021-05-11 16:00:00
2021-05-11 17:00:00+00:00,10.056975,56.4598333333,0.1,41.760963306395595,0.0324076683873865,0.036000834475145196,0.00180020334841695,0.8292892021722359,0.0120021344995818,0.000600310073396042,No (reported postion),anchor,2021-05-11 17:00:00
2021-05-11 18:00:00+00:00,10.0569966667,56.4598283333,0.0,41.76,0.0324,0.036,0.0018,0.8292,0.012,0.0006,No (reported postion),anchor,2021-05-11 18:00:00
2021-05-11 19:00:00+00:00,10.0567866667,56.4597633333,0.0,41.76,0.0324,0.036,0.0018,0.8292,0.012,0.0006,No (reported postion),anchor,2021-05-11 19:00:00
2021-05-11 20:00:00+00:00,10.0567716667,56.459785,0.0,41.76,0.0324,0.036,0.0018,0.8292,0.012,0.0006,No (reported postion),anchor,2021-05-11 20:00:00
2021-05-11 21:00:00+00:00,10.0572583333,56.4599416667,0.0,41.76,0.0324,0.036,0.0018,0.8292,0.012,0.0006,No (reported postion),anchor,2021-05-11 21:00:00
2021-05-11 22:00:00+00:00,10.057255,56.4599316667,0.0,41.76,0.0324,0.036,0.0018,0.8292,0.012,0.0006,No (reported postion),anchor,2021-05-11 22:00:00
2021-05-11 23:00:00+00:00,10.0572466667,56.4599183333,0.0,41.76,0.0324,0.036,0.0018,0.8292,0.012,0.0006,No (reported postion),anchor,2021-05-11 23:00:00
2021-05-12 00:00:00+00:00,10.0572716667,56.45989,0.0,41.76,0.0324,0.036,0.0018,0.8292,0.012,0.0006,No (reported postion),anchor,2021-05-12 00:00:00
2021-05-12 01:00:00+00:00,10.0572566667,56.459945,0.0,41.76,0.0324,0.036,0.0018,0.8292,0.012,0.0006,No (reported postion),anchor,2021-05-12 01:00:00
2021-05-12 02:00:00+00:00,10.1231533333,56.4581866667,6.9,358.21482072369497,0.29210456411975,0.31013259545973604,0.0162280313399861,7.1582964144739,0.108186875599907,0.00540934377999537,No (reported postion),cruise,2021-05-12 02:00:00
2021-05-12 03:00:00+00:00,10.2303833333,56.5339033333,6.9,358.21482072369497,0.29210456411975,0.31013259545973604,0.0162280313399861,7.1582964144739,0.108186875599907,0.00540934377999537,No (reported postion),cruise,2021-05-12 03:00:00
2021-05-12 04:00:00+00:00,10.37175,56.6064966667,9.7,920.943738023485,0.753918569198605,0.797602934154083,0.041884364955477996,18.4128747604697,0.279229099703187,0.0139614549851593,No (reported postion),cruise,2021-05-12 04:00:00
2021-05-12 05:00:00+00:00,10.6110633333,56.6836116667,10.1,1009.6648399999999,0.8267291999999999,0.8744586000000001,0.0459294,20.1872968,0.306196,0.015309799999999998,No (reported postion),cruise,2021-05-12 05:00:00
2021-05-12 06:00:00+00:00,10.7207316667,56.83917,10.0,1009.6648399999999,0.8267291999999999,0.8744586000000001,0.0459294,20.1872968,0.306196,0.015309799999999998,No (reported postion),cruise,2021-05-12 06:00:00
2021-05-12 07:00:00+00:00,10.731295,57.0059266667,10.2,1009.6648399999999,0.8267291999999999,0.8744586000000001,0.0459294,20.1872968,0.306196,0.015309799999999998,No (reported postion),cruise,2021-05-12 07:00:00
2021-05-12 08:00:00+00:00,10.7349166667,57.1773883333,10.5,1009.6648399999999,0.8267291999999999,0.8744586000000001,0.0459294,20.1872968,0.306196,0.015309799999999998,No (reported postion),cruise,2021-05-12 08:00:00
2021-05-12 09:00:00+00:00,10.739005,57.3511283333,10.3,1009.6648399999999,0.8267291999999999,0.8744586000000001,0.0459294,20.1872968,0.306196,0.015309799999999998,No (reported postion),cruise,2021-05-12 09:00:00
2021-05-12 10:00:00+00:00,10.76753,57.5275216667,11.0,1009.6648399999999,0.8267291999999999,0.8744586000000001,0.0459294,20.1872968,0.306196,0.015309799999999998,No (reported postion),cruise,2021-05-12 10:00:00
2021-05-12 11:00:00+00:00,10.7907316667,57.7070966667,10.5,1009.6648399999999,0.8267291999999999,0.8744586000000001,0.0459294,20.1872968,0.306196,0.015309799999999998,No (reported postion),cruise,2021-05-12 11:00:00
2021-05-12 12:00:00+00:00,10.6908683333,57.8640816667,9.8,989.627921898812,0.8102855286099669,0.857101391310521,0.045015862700553695,19.7865584379762,0.30010575133702505,0.0150052875668512,No (reported postion),cruise,2021-05-12 12:00:00
2021-05-12 13:00:00+00:00,10.5076433333,57.997965,10.2,1009.6648399999999,0.8267291999999999,0.8744586000000001,0.0459294,20.1872968,0.306196,0.015309799999999998,No (reported postion),cruise,2021-05-12 13:00:00
2021-05-12 14:00:00+00:00,10.3340333333,58.140155,10.1,1009.6648399999999,0.8267291999999999,0.8744586000000001,0.0459294,20.1872968,0.306196,0.015309799999999998,No (reported postion),cruise,2021-05-12 14:00:00
2021-05-12 15:00:00+00:00,10.1494966667,58.2885683333,10.6,1009.6648399999999,0.8267291999999999,0.8744586000000001,0.0459294,20.1872968,0.306196,0.015309799999999998,No (reported postion),cruise,2021-05-12 15:00:00
2021-05-12 16:00:00+00:00,9.9640466667,58.4332016667,10.0,1009.6648399999999,0.8267291999999999,0.8744586000000001,0.0459294,20.1872968,0.306196,0.015309799999999998,No (reported postion),cruise,2021-05-12 16:00:00
2021-05-12 17:00:00+00:00,9.7920533333,58.5713066667,10.2,1009.6648399999999,0.8267291999999999,0.8744586000000001,0.0459294,20.1872968,0.306196,0.015309799999999998,No (reported postion),cruise,2021-05-12 17:00:00
2021-05-12 18:00:00+00:00,9.5939116667,58.719925,10.5,1009.6648399999999,0.8267291999999999,0.8744586000000001,0.0459294,20.1872968,0.306196,0.015309799999999998,No (reported postion),cruise,2021-05-12 18:00:00
2021-05-12 19:00:00+00:00,9.4250666667,58.8588166667,8.1,553.70051420272,0.45253355268916196,0.47947430561633797,0.0251407529271757,11.0680102840544,0.167605019514505,0.00838025097572523,No (reported postion),cruise,2021-05-12 19:00:00
2021-05-12 20:00:00+00:00,9.4222983333,58.880585,0.0,41.76,0.0324,0.036,0.0018,0.8292,0.012,0.0006,No (reported postion),anchor,2021-05-12 20:00:00
2021-05-12 21:00:00+00:00,9.4223083333,58.8805983333,0.0,41.76,0.0324,0.036,0.0018,0.8292,0.012,0.0006,No (reported postion),anchor,2021-05-12 21:00:00
2021-05-12 22:00:00+00:00,9.4223266667,58.8806016667,0.0,41.76,0.0324,0.036,0.0018,0.8292,0.012,0.0006,No (reported postion),anchor,2021-05-12 22:00:00
2021-05-12 23:00:00+00:00,9.422535,58.8807933333,0.0,41.76,0.0324,0.036,0.0018,0.8292,0.012,0.0006,No (reported postion),anchor,2021-05-12 23:00:00
2021-05-13 00:00:00+00:00,9.42256,58.8806466667,0.0,41.76,0.0324,0.036,0.0018,0.8292,0.012,0.0006,No (reported postion),anchor,2021-05-13 00:00:00
2021-05-13 01:00:00+00:00,9.4225066667,58.8807983333,0.0,41.76,0.0324,0.036,0.0018,0.8292,0.012,0.0006,No (reported postion),anchor,2021-05-13 01:00:00
2021-05-13 02:00:00+00:00,9.4225333333,58.880775,0.1,41.760963306395595,0.0324076683873865,0.036000834475145196,0.00180020334841695,0.8292892021722359,0.0120021344995818,0.000600310073396042,No (reported postion),anchor,2021-05-13 02:00:00
2021-05-13 03:00:00+00:00,9.4733383333,58.8294333333,9.2,791.875130604314,0.6479960038394069,0.685795781830485,0.035999777991078195,15.8315026120863,0.239998519940521,0.0119999259970261,No (reported postion),cruise,2021-05-13 03:00:00
2021-05-13 04:00:00+00:00,9.624025,58.6976683333,9.1,800.6761167681079,0.655218697651639,0.693419736410063,0.036401038758424396,16.0075223353622,0.242673591722829,0.012133679586141501,No (reported postion),cruise,2021-05-13 04:00:00
2021-05-13 05:00:00+00:00,9.8248983333,58.5716883333,10.1,1009.6648399999999,0.8267291999999999,0.8744586000000001,0.0459294,20.1872968,0.306196,0.015309799999999998,No (reported postion),cruise,2021-05-13 05:00:00
2021-05-13 06:00:00+00:00,10.028665,58.44813,9.7,960.906635206371,0.786714867798541,0.832221249342905,0.043706381544363404,19.212132704127402,0.29137587696242295,0.0145687938481211,No (reported postion),cruise,2021-05-13 06:00:00
2021-05-13 07:00:00+00:00,10.1872966667,58.3070366667,9.7,960.906635206371,0.786714867798541,0.832221249342905,0.043706381544363404,19.212132704127402,0.29137587696242295,0.0145687938481211,No (reported postion),cruise,2021-05-13 07:00:00
2021-05-13 08:00:00+00:00,10.3473633333,58.1705833333,9.6,932.771476669019,0.7636252240140889,0.807848847570427,0.0424236235563382,18.6494295333804,0.282824157042255,0.0141412078521128,No (reported postion),cruise,2021-05-13 08:00:00
2021-05-13 09:00:00+00:00,10.5235466667,58.0382066667,9.7,960.906635206371,0.786714867798541,0.832221249342905,0.043706381544363404,19.212132704127402,0.29137587696242295,0.0145687938481211,No (reported postion),cruise,2021-05-13 09:00:00
2021-05-13 10:00:00+00:00,10.706285,57.906235,9.8,989.627921898812,0.8102855286099669,0.857101391310521,0.045015862700553695,19.7865584379762,0.30010575133702505,0.0150052875668512,No (reported postion),cruise,2021-05-13 10:00:00
2021-05-13 11:00:00+00:00,10.8859116667,57.7766183333,9.4,878.2353738263851,0.7188691517724131,0.760606326870881,0.0399371750984674,17.5587074765277,0.26624783398978297,0.0133123916994891,No (reported postion),cruise,2021-05-13 11:00:00
2021-05-13 12:00:00+00:00,11.0906616667,57.6571366667,9.9,1018.94137930464,0.8343421653867891,0.882494507908277,0.0463523425214883,20.3728275860929,0.309015616809922,0.015450780840496099,No (reported postion),cruise,2021-05-13 12:00:00
2021-05-13 13:00:00+00:00,11.2943883333,57.5448333333,9.2,825.97127290451,0.675977640377562,0.715331953731871,0.037554313354309005,16.5134254580902,0.25036208902872703,0.012518104451436298,No (reported postion),cruise,2021-05-13 13:00:00
2021-05-13 14:00:00+00:00,11.485,57.4342383333,9.4,878.2353738263851,0.7188691517724131,0.760606326870881,0.0399371750984674,17.5587074765277,0.26624783398978297,0.0133123916994891,No (reported postion),cruise,2021-05-13 14:00:00
2021-05-13 15:00:00+00:00,11.6891366667,57.316495,9.6,932.771476669019,0.7636252240140889,0.807848847570427,0.0424236235563382,18.6494295333804,0.282824157042255,0.0141412078521128,No (reported postion),cruise,2021-05-13 15:00:00
2021-05-13 16:00:00+00:00,11.8668983333,57.1917616667,9.9,1018.94137930464,0.8343421653867891,0.882494507908277,0.0463523425214883,20.3728275860929,0.309015616809922,0.015450780840496099,No (reported postion),cruise,2021-05-13 16:00:00
2021-05-13 17:00:00+00:00,11.96789,57.0397416667,9.7,960.906635206371,0.786714867798541,0.832221249342905,0.043706381544363404,19.212132704127402,0.29137587696242295,0.0145687938481211,No (reported postion),cruise,2021-05-13 17:00:00
2021-05-13 18:00:00+00:00,12.0569383333,56.8859633333,9.8,989.627921898812,0.8102855286099669,0.857101391310521,0.045015862700553695,19.7865584379762,0.30010575133702505,0.0150052875668512,No (reported postion),cruise,2021-05-13 18:00:00
2021-05-13 19:00:00+00:00,12.1243133333,56.7302666667,9.5,905.2164037284571,0.7410116383181871,0.7839789515580861,0.0411673132398993,18.0983280745691,0.27444875493266196,0.0137224377466331,No (reported postion),cruise,2021-05-13 19:00:00
2021-05-13 20:00:00+00:00,12.1992933333,56.5785316667,9.4,878.2353738263851,0.7188691517724131,0.760606326870881,0.0399371750984674,17.5587074765277,0.26624783398978297,0.0133123916994891,No (reported postion),cruise,2021-05-13 20:00:00
2021-05-13 21:00:00+00:00,12.2799266667,56.4283616667,9.5,905.2164037284571,0.7410116383181871,0.7839789515580861,0.0411673132398993,18.0983280745691,0.27444875493266196,0.0137224377466331,No (reported postion),cruise,2021-05-13 21:00:00
2021-05-13 22:00:00+00:00,12.3375216667,56.2776283333,8.6,654.476812782087,0.5352375059305879,0.566772922926732,0.0297354169961438,13.0835362556417,0.198236113307625,0.00991180566538127,No (reported postion),cruise,2021-05-13 22:00:00
2021-05-13 23:00:00+00:00,12.442905,56.1441,9.6,894.031847248627,0.731832822969998,0.774290202023887,0.040657379053888804,17.874636944972497,0.271049193692592,0.0135524596846296,No (reported postion),cruise,2021-05-13 23:00:00
2021-05-14 00:00:00+00:00,12.6386866667,56.0473083333,7.9,516.70762199754,0.42217464419251,0.447428791092094,0.0234541468995839,10.3281524399508,0.15636097933055898,0.00781804896652797,No (reported postion),cruise,2021-05-14 00:00:00
2021-05-14 01:00:00+00:00,12.6503783333,55.9007516667,9.2,791.875130604314,0.6479960038394069,0.685795781830485,0.035999777991078195,15.8315026120863,0.239998519940521,0.0119999259970261,No (reported postion),cruise,2021-05-14 01:00:00
2021-05-14 02:00:00+00:00,12.6829283333,55.7543066667,9.1,767.679763865147,0.6281396238406981,0.664836269609626,0.034896645768927696,15.3475952773029,0.232644305126185,0.0116322152563092,No (reported postion),cruise,2021-05-14 02:00:00
2021-05-14 03:00:00+00:00,12.6965666667,55.6094783333,8.0,534.9728745651779,0.437164365144675,0.46325127431937896,0.0242869091747041,10.6934574913036,0.161912727831361,0.00809563639156805,No (reported postion),cruise,2021-05-14 03:00:00
2021-05-14 04:00:00+00:00,12.63956,55.4898833333,8.7,676.100151444908,0.552983103009499,0.585504386510027,0.0307212835005277,13.516003028898199,0.204808556670185,0.010240427833509199,No (reported postion),cruise,2021-05-14 04:00:00
2021-05-14 05:00:00+00:00,12.378675,55.47037,9.0,744.0103624179969,0.608714887090758,0.644332380818022,0.0338174937272643,14.8742072483599,0.225449958181762,0.011272497909088101,No (reported postion),cruise,2021-05-14 05:00:00
2021-05-14 06:00:00+00:00,12.2028116667,55.4614933333,0.6,41.968074181457204,0.034056371675490506,0.036180246631353497,0.0018439232580614,0.848467669202935,0.0124610519096726,0.0006669758535450329,No (reported postion),anchor,2021-05-14 06:00:00
2021-05-14 07:00:00+00:00,12.2026883333,55.4616316667,0.0,41.76,0.0324,0.036,0.0018,0.8292,0.012,0.0006,No (reported postion),anchor,2021-05-14 07:00:00
2021-05-14 08:00:00+00:00,12.2026983333,55.4616366667,0.1,41.760963306395595,0.0324076683873865,0.036000834475145196,0.00180020334841695,0.8292892021722359,0.0120021344995818,0.000600310073396042,No (reported postion),anchor,2021-05-14 08:00:00
2021-05-14 09:00:00+00:00,12.20267,55.4616266667,0.2,41.7677064511651,0.0324613470990922,0.0360066758011612,0.00180162678733561,0.829913617377887,0.012017075996654499,0.000602480587168335,No (reported postion),anchor,2021-05-14 09:00:00
2021-05-14 10:00:00+00:00,12.2026983333,55.4616616667,0.0,41.76,0.0324,0.036,0.0018,0.8292,0.012,0.0006,No (reported postion),anchor,2021-05-14 10:00:00
2021-05-14 11:00:00+00:00,12.2026683333,55.46179,0.1,41.760963306395595,0.0324076683873865,0.036000834475145196,0.00180020334841695,0.8292892021722359,0.0120021344995818,0.000600310073396042,No (reported postion),anchor,2021-05-14 11:00:00
2021-05-14 12:00:00+00:00,12.2026816667,55.4617933333,0.0,41.76,0.0324,0.036,0.0018,0.8292,0.012,0.0006,No (reported postion),anchor,2021-05-14 12:00:00
2021-05-14 13:00:00+00:00,12.2026866667,55.4617766667,0.0,41.76,0.0324,0.036,0.0018,0.8292,0.012,0.0006,No (reported postion),anchor,2021-05-14 13:00:00
2021-05-14 14:00:00+00:00,12.2026766667,55.4617783333,0.0,41.76,0.0324,0.036,0.0018,0.8292,0.012,0.0006,No (reported postion),anchor,2021-05-14 14:00:00
2021-05-14 15:00:00+00:00,12.2026533333,55.4615233333,0.1,41.760963306395595,0.0324076683873865,0.036000834475145196,0.00180020334841695,0.8292892021722359,0.0120021344995818,0.000600310073396042,No (reported postion),anchor,2021-05-14 15:00:00
2021-05-14 16:00:00+00:00,12.202665,55.46152,0.1,41.760963306395595,0.0324076683873865,0.036000834475145196,0.00180020334841695,0.8292892021722359,0.0120021344995818,0.000600310073396042,No (reported postion),anchor,2021-05-14 16:00:00
2021-05-14 17:00:00+00:00,12.20267,55.4615366667,0.0,41.76,0.0324,0.036,0.0018,0.8292,0.012,0.0006,No (reported postion),anchor,2021-05-14 17:00:00
2021-05-14 18:00:00+00:00,12.202695,55.46154,0.0,41.76,0.0324,0.036,0.0018,0.8292,0.012,0.0006,No (reported postion),anchor,2021-05-14 18:00:00
2021-05-14 19:00:00+00:00,12.205705,55.4603216667,0.0,41.76,0.0324,0.036,0.0018,0.8292,0.012,0.0006,No (reported postion),anchor,2021-05-14 19:00:00
2021-05-14 20:00:00+00:00,12.2056833333,55.460315,0.0,41.76,0.0324,0.036,0.0018,0.8292,0.012,0.0006,No (reported postion),anchor,2021-05-14 20:00:00
2021-05-14 21:00:00+00:00,12.20569,55.4603283333,0.0,41.76,0.0324,0.036,0.0018,0.8292,0.012,0.0006,No (reported postion),anchor,2021-05-14 21:00:00
2021-05-14 22:00:00+00:00,12.2056916667,55.46032,0.0,41.76,0.0324,0.036,0.0018,0.8292,0.012,0.0006,No (reported postion),anchor,2021-05-14 22:00:00
2021-05-14 23:00:00+00:00,12.2057,55.4603116667,0.0,41.76,0.0324,0.036,0.0018,0.8292,0.012,0.0006,No (reported postion),anchor,2021-05-14 23:00:00
2021-05-15 00:00:00+00:00,12.2057033333,55.4603166667,0.0,41.76,0.0324,0.036,0.0018,0.8292,0.012,0.0006,No (reported postion),anchor,2021-05-15 00:00:00
2021-05-15 01:00:00+00:00,12.2057016667,55.4603283333,0.0,41.76,0.0324,0.036,0.0018,0.8292,0.012,0.0006,No (reported postion),anchor,2021-05-15 01:00:00
2021-05-15 02:00:00+00:00,12.205695,55.46032,0.0,41.76,0.0324,0.036,0.0018,0.8292,0.012,0.0006,No (reported postion),anchor,2021-05-15 02:00:00
2021-05-15 03:00:00+00:00,12.2056933333,55.4603166667,0.0,41.76,0.0324,0.036,0.0018,0.8292,0.012,0.0006,No (reported postion),anchor,2021-05-15 03:00:00
2021-05-15 04:00:00+00:00,12.20568,55.4603183333,0.0,41.76,0.0324,0.036,0.0018,0.8292,0.012,0.0006,No (reported postion),anchor,2021-05-15 04:00:00
2021-05-15 05:00:00+00:00,12.2056816667,55.460325,0.0,41.76,0.0324,0.036,0.0018,0.8292,0.012,0.0006,No (reported postion),anchor,2021-05-15 05:00:00
2021-05-15 06:00:00+00:00,12.2056983333,55.4603133333,0.0,41.76,0.0324,0.036,0.0018,0.8292,0.012,0.0006,No (reported postion),anchor,2021-05-15 06:00:00
2021-05-15 07:00:00+00:00,12.205705,55.4603883333,0.0,41.76,0.0324,0.036,0.0018,0.8292,0.012,0.0006,No (reported postion),anchor,2021-05-15 07:00:00
2021-05-15 08:00:00+00:00,12.2056983333,55.46037,0.0,41.76,0.0324,0.036,0.0018,0.8292,0.012,0.0006,No (reported postion),anchor,2021-05-15 08:00:00
2021-05-15 09:00:00+00:00,12.2056983333,55.4603733333,0.0,41.76,0.0324,0.036,0.0018,0.8292,0.012,0.0006,No (reported postion),anchor,2021-05-15 09:00:00
2021-05-15 10:00:00+00:00,12.205705,55.4603766667,0.0,41.76,0.0324,0.036,0.0018,0.8292,0.012,0.0006,No (reported postion),anchor,2021-05-15 10:00:00
2021-05-15 11:00:00+00:00,12.2057,55.460365,0.0,41.76,0.0324,0.036,0.0018,0.8292,0.012,0.0006,No (reported postion),anchor,2021-05-15 11:00:00
2021-05-15 12:00:00+00:00,12.2056916667,55.46036,0.0,41.76,0.0324,0.036,0.0018,0.8292,0.012,0.0006,No (reported postion),anchor,2021-05-15 12:00:00
2021-05-15 13:00:00+00:00,12.2057033333,55.460365,0.1,41.760963306395595,0.0324076683873865,0.036000834475145196,0.00180020334841695,0.8292892021722359,0.0120021344995818,0.000600310073396042,No (reported postion),anchor,2021-05-15 13:00:00
2021-05-15 14:00:00+00:00,12.2056916667,55.4602783333,0.2,41.7677064511651,0.0324613470990922,0.0360066758011612,0.00180162678733561,0.829913617377887,0.012017075996654499,0.000602480587168335,No (reported postion),anchor,2021-05-15 14:00:00
2021-05-15 15:00:00+00:00,12.2056966667,55.4598966667,0.1,41.760963306395595,0.0324076683873865,0.036000834475145196,0.00180020334841695,0.8292892021722359,0.0120021344995818,0.000600310073396042,No (reported postion),anchor,2021-05-15 15:00:00
2021-05-15 16:00:00+00:00,12.20567,55.4597483333,0.1,41.760963306395595,0.0324076683873865,0.036000834475145196,0.00180020334841695,0.8292892021722359,0.0120021344995818,0.000600310073396042,No (reported postion),anchor,2021-05-15 16:00:00
2021-05-15 17:00:00+00:00,12.2056516667,55.45947,0.1,41.760963306395595,0.0324076683873865,0.036000834475145196,0.00180020334841695,0.8292892021722359,0.0120021344995818,0.000600310073396042,No (reported postion),anchor,2021-05-15 17:00:00
2021-05-15 18:00:00+00:00,12.2056483333,55.4592933333,0.1,41.760963306395595,0.0324076683873865,0.036000834475145196,0.00180020334841695,0.8292892021722359,0.0120021344995818,0.000600310073396042,No (reported postion),anchor,2021-05-15 18:00:00
2021-05-15 19:00:00+00:00,12.2056533333,55.459135,0.1,41.760963306395595,0.0324076683873865,0.036000834475145196,0.00180020334841695,0.8292892021722359,0.0120021344995818,0.000600310073396042,No (reported postion),anchor,2021-05-15 19:00:00
2021-05-15 20:00:00+00:00,12.2056183333,55.4588466667,0.1,41.760963306395595,0.0324076683873865,0.036000834475145196,0.00180020334841695,0.8292892021722359,0.0120021344995818,0.000600310073396042,No (reported postion),anchor,2021-05-15 20:00:00
2021-05-15 21:00:00+00:00,12.2055933333,55.4587066667,0.3,41.7860092726821,0.032607046459436295,0.0360225308289192,0.0018054904072576801,0.8316084586503669,0.0120576314887091,0.000608371981693129,No (reported postion),anchor,2021-05-15 21:00:00
2021-05-15 22:00:00+00:00,12.2056216667,55.458705,0.1,41.760963306395595,0.0324076683873865,0.036000834475145196,0.00180020334841695,0.8292892021722359,0.0120021344995818,0.000600310073396042,No (reported postion),anchor,2021-05-15 22:00:00
2021-05-15 23:00:00+00:00,12.2056366667,55.4586866667,0.3,41.7860092726821,0.032607046459436295,0.0360225308289192,0.0018054904072576801,0.8316084586503669,0.0120576314887091,0.000608371981693129,No (reported postion),anchor,2021-05-15 23:00:00
2021-05-16 00:00:00+00:00,12.3203016667,55.46426,9.4,841.866879312195,0.689022666912743,0.729101703963451,0.038279037050707995,16.831337586243897,0.255193580338053,0.0127596790169027,No (reported postion),cruise,2021-05-16 00:00:00
2021-05-16 01:00:00+00:00,12.4934716667,55.3486883333,9.6,894.031847248627,0.731832822969998,0.774290202023887,0.040657379053888804,17.874636944972497,0.271049193692592,0.0135524596846296,No (reported postion),cruise,2021-05-16 01:00:00
2021-05-16 02:00:00+00:00,12.531365,55.1896583333,9.7,960.906635206371,0.786714867798541,0.832221249342905,0.043706381544363404,19.212132704127402,0.29137587696242295,0.0145687938481211,No (reported postion),cruise,2021-05-16 02:00:00
2021-05-16 03:00:00+00:00,12.57523,55.0297766667,9.7,920.943738023485,0.753918569198605,0.797602934154083,0.041884364955477996,18.4128747604697,0.279229099703187,0.0139614549851593,No (reported postion),cruise,2021-05-16 03:00:00
2021-05-16 04:00:00+00:00,12.5276266667,54.8929616667,10.1,1009.6648399999999,0.8267291999999999,0.8744586000000001,0.0459294,20.1872968,0.306196,0.015309799999999998,No (reported postion),cruise,2021-05-16 04:00:00
2021-05-16 05:00:00+00:00,12.3856733333,54.749545,9.9,1018.94137930464,0.8343421653867891,0.882494507908277,0.0463523425214883,20.3728275860929,0.309015616809922,0.015450780840496099,No (reported postion),cruise,2021-05-16 05:00:00
2021-05-16 06:00:00+00:00,12.249645,54.6051816667,9.8,989.627921898812,0.8102855286099669,0.857101391310521,0.045015862700553695,19.7865584379762,0.30010575133702505,0.0150052875668512,No (reported postion),cruise,2021-05-16 06:00:00
2021-05-16 07:00:00+00:00,12.1621333333,54.44994,9.8,989.627921898812,0.8102855286099669,0.857101391310521,0.045015862700553695,19.7865584379762,0.30010575133702505,0.0150052875668512,No (reported postion),cruise,2021-05-16 07:00:00
2021-05-16 08:00:00+00:00,12.0538716667,54.30334,9.9,1018.94137930464,0.8343421653867891,0.882494507908277,0.0463523425214883,20.3728275860929,0.309015616809922,0.015450780840496099,No (reported postion),cruise,2021-05-16 08:00:00
2021-05-16 09:00:00+00:00,12.09526,54.1763316667,6.0,249.834181457184,0.20315996654541,0.216246631353488,0.011286664808078299,4.990683629143691,0.0752444320538554,0.0037622216026927703,No (reported postion),cruise,2021-05-16 09:00:00
2021-05-16 10:00:00+00:00,12.0881133333,54.116265,0.0,41.76,0.0324,0.036,0.0018,0.8292,0.012,0.0006,No (reported postion),anchor,2021-05-16 10:00:00
2021-05-16 11:00:00+00:00,12.088115,54.1162416667,0.2,41.7677064511651,0.0324613470990922,0.0360066758011612,0.00180162678733561,0.829913617377887,0.012017075996654499,0.000602480587168335,No (reported postion),anchor,2021-05-16 11:00:00
2021-05-16 12:00:00+00:00,12.0881066667,54.11625,0.0,41.76,0.0324,0.036,0.0018,0.8292,0.012,0.0006,No (reported postion),anchor,2021-05-16 12:00:00
2021-05-16 13:00:00+00:00,12.0881066667,54.1162516667,0.1,41.760963306395595,0.0324076683873865,0.036000834475145196,0.00180020334841695,0.8292892021722359,0.0120021344995818,0.000600310073396042,No (reported postion),anchor,2021-05-16 13:00:00
2021-05-16 14:00:00+00:00,12.088105,54.1162433333,0.0,41.76,0.0324,0.036,0.0018,0.8292,0.012,0.0006,No (reported postion),anchor,2021-05-16 14:00:00
2021-05-16 15:00:00+00:00,12.08812,54.1162316667,0.0,41.76,0.0324,0.036,0.0018,0.8292,0.012,0.0006,No (reported postion),anchor,2021-05-16 15:00:00
2021-05-16 16:00:00+00:00,12.0882883333,54.1157633333,0.0,41.76,0.0324,0.036,0.0018,0.8292,0.012,0.0006,No (reported postion),anchor,2021-05-16 16:00:00
2021-05-16 17:00:00+00:00,12.0882966667,54.11578,0.1,41.760963306395595,0.0324076683873865,0.036000834475145196,0.00180020334841695,0.8292892021722359,0.0120021344995818,0.000600310073396042,No (reported postion),anchor,2021-05-16 17:00:00
2021-05-16 18:00:00+00:00,12.0882916667,54.1157833333,0.0,41.76,0.0324,0.036,0.0018,0.8292,0.012,0.0006,No (reported postion),anchor,2021-05-16 18:00:00
2021-05-16 19:00:00+00:00,12.0882816667,54.115765,0.0,41.76,0.0324,0.036,0.0018,0.8292,0.012,0.0006,No (reported postion),anchor,2021-05-16 19:00:00
2021-05-16 20:00:00+00:00,12.088295,54.1157766667,0.0,41.76,0.0324,0.036,0.0018,0.8292,0.012,0.0006,No (reported postion),anchor,2021-05-16 20:00:00
2021-05-16 21:00:00+00:00,12.08845,54.1153483333,0.0,41.76,0.0324,0.036,0.0018,0.8292,0.012,0.0006,No (reported postion),anchor,2021-05-16 21:00:00
2021-05-16 22:00:00+00:00,12.0884666667,54.11534,0.0,41.76,0.0324,0.036,0.0018,0.8292,0.012,0.0006,No (reported postion),anchor,2021-05-16 22:00:00
2021-05-16 23:00:00+00:00,12.08846,54.11533,0.0,41.76,0.0324,0.036,0.0018,0.8292,0.012,0.0006,No (reported postion),anchor,2021-05-16 23:00:00
2021-05-17 00:00:00+00:00,12.088455,54.1153383333,0.0,41.76,0.0324,0.036,0.0018,0.8292,0.012,0.0006,No (reported postion),anchor,2021-05-17 00:00:00
2021-05-17 01:00:00+00:00,12.0884366667,54.115435,0.0,41.76,0.0324,0.036,0.0018,0.8292,0.012,0.0006,No (reported postion),anchor,2021-05-17 01:00:00
2021-05-17 02:00:00+00:00,12.0884383333,54.11543,0.0,41.76,0.0324,0.036,0.0018,0.8292,0.012,0.0006,No (reported postion),anchor,2021-05-17 02:00:00
2021-05-17 03:00:00+00:00,12.0884266667,54.115425,0.0,41.76,0.0324,0.036,0.0018,0.8292,0.012,0.0006,No (reported postion),anchor,2021-05-17 03:00:00
2021-05-17 04:00:00+00:00,12.089185,54.1148783333,0.9,42.462250362418004,0.037990254404780405,0.036608332380817996,0.00194824099595723,0.894228383559907,0.013556050195145,0.0008260435057144861,No (reported postion),anchor,2021-05-17 04:00:00
2021-05-17 05:00:00+00:00,12.0811733333,54.2331433333,10.9,1009.6648399999999,0.8267291999999999,0.8744586000000001,0.0459294,20.1872968,0.306196,0.015309799999999998,No (reported postion),cruise,2021-05-17 05:00:00
2021-05-17 06:00:00+00:00,12.1705733333,54.404165,11.1,1009.6648399999999,0.8267291999999999,0.8744586000000001,0.0459294,20.1872968,0.306196,0.015309799999999998,No (reported postion),cruise,2021-05-17 06:00:00
2021-05-17 07:00:00+00:00,12.3718583333,54.5278166667,10.8,1009.6648399999999,0.8267291999999999,0.8744586000000001,0.0459294,20.1872968,0.306196,0.015309799999999998,No (reported postion),cruise,2021-05-17 07:00:00
2021-05-17 08:00:00+00:00,12.6695716667,54.578205,11.2,1009.6648399999999,0.8267291999999999,0.8744586000000001,0.0459294,20.1872968,0.306196,0.015309799999999998,No (reported postion),cruise,2021-05-17 08:00:00
2021-05-17 09:00:00+00:00,12.9680166667,54.638275,11.0,1009.6648399999999,0.8267291999999999,0.8744586000000001,0.0459294,20.1872968,0.306196,0.015309799999999998,No (reported postion),cruise,2021-05-17 09:00:00
2021-05-17 10:00:00+00:00,13.2609716667,54.692965,10.6,1009.6648399999999,0.8267291999999999,0.8744586000000001,0.0459294,20.1872968,0.306196,0.015309799999999998,No (reported postion),cruise,2021-05-17 10:00:00
2021-05-17 11:00:00+00:00,13.5657266667,54.6717266667,11.4,1009.6648399999999,0.8267291999999999,0.8744586000000001,0.0459294,20.1872968,0.306196,0.015309799999999998,No (reported postion),cruise,2021-05-17 11:00:00
2021-05-17 12:00:00+00:00,13.8643866667,54.5997666667,11.2,1009.6648399999999,0.8267291999999999,0.8744586000000001,0.0459294,20.1872968,0.306196,0.015309799999999998,No (reported postion),cruise,2021-05-17 12:00:00
2021-05-17 13:00:00+00:00,14.1593316667,54.5296116667,11.1,1009.6648399999999,0.8267291999999999,0.8744586000000001,0.0459294,20.1872968,0.306196,0.015309799999999998,No (reported postion),cruise,2021-05-17 13:00:00
2021-05-17 14:00:00+00:00,14.4513766667,54.45825,11.1,1009.6648399999999,0.8267291999999999,0.8744586000000001,0.0459294,20.1872968,0.306196,0.015309799999999998,No (reported postion),cruise,2021-05-17 14:00:00
2021-05-17 15:00:00+00:00,14.7447183333,54.388665,11.1,1009.6648399999999,0.8267291999999999,0.8744586000000001,0.0459294,20.1872968,0.306196,0.015309799999999998,No (reported postion),cruise,2021-05-17 15:00:00
2021-05-17 16:00:00+00:00,15.0372633333,54.3181,11.1,1009.6648399999999,0.8267291999999999,0.8744586000000001,0.0459294,20.1872968,0.306196,0.015309799999999998,No (reported postion),cruise,2021-05-17 16:00:00
2021-05-17 17:00:00+00:00,15.3301266667,54.2464316667,11.1,1009.6648399999999,0.8267291999999999,0.8744586000000001,0.0459294,20.1872968,0.306196,0.015309799999999998,No (reported postion),cruise,2021-05-17 17:00:00
2021-05-17 18:00:00+00:00,15.5529583333,54.18566,2.5,56.8116624317986,0.15221855291453099,0.0490386741430475,0.0049773190148584,2.22298394118455,0.045351555965900306,0.00544489681315342,No (reported postion),anchor,2021-05-17 18:00:00
2021-05-17 19:00:00+00:00,15.5529748610833,54.1855226388917,2.3,53.4805489156924,0.12570126933191,0.046153059091101296,0.004274140189042061,1.9145228295931198,0.037970456411975,0.0043726630096408104,Linear (small gap),anchor,2021-05-17 19:00:00
2021-05-17 20:00:00+00:00,15.5529913888667,54.1853852777833,2.1,50.6811805299768,0.103416935586654,0.0437280743192808,0.00368320968938264,1.65530131707585,0.031767600627213,0.0034715897207432903,Linear (small gap),anchor,2021-05-17 20:00:00
2021-05-17 21:00:00+00:00,15.55300791665,54.185247916675,1.9,48.3673185676612,0.0849974690842091,0.041723665020618396,0.00319476679186648,1.44103769936543,0.0266405326316871,0.00272679342345084,Linear (small gap),anchor,2021-05-17 21:00:00
2021-05-17 22:00:00+00:00,15.5530244444333,54.1851105555667,1.7,46.4927243217553,0.07007478723002179,0.0400997763881467,0.0027990507724799597,1.26745027219454,0.022486796445469998,0.0021233905947534598,Linear (small gap),anchor,2021-05-17 22:00:00
2021-05-17 23:00:00+00:00,15.5530409722167,54.1849731944583,1.5,45.011159085268496,0.0582808074295387,0.0388163536148982,0.00248630090720942,1.13025733129586,0.0192039360886345,0.00164649771164114,Linear (small gap),anchor,2021-05-17 23:00:00
2021-05-18 00:00:00+00:00,15.5530575,54.18483583335,1.3,43.8763841512103,0.0492474470882064,0.037833341893905595,0.0022467564720412103,1.02517717240208,0.0166894955812533,0.00128123125110388,Linear (small gap),anchor,2021-05-18 00:00:00
2021-05-18 01:00:00+00:00,15.5530740277833,54.1846984722417,1.1,43.0421608125903,0.0426066236114714,0.037110686418201394,0.0020706567429617,0.947928091245865,0.0148410189433993,0.00101270769013166,Linear (small gap),anchor,2021-05-18 01:00:00
2021-05-18 02:00:00+00:00,15.5530905555667,54.1845611111333,0.9,42.462250362418004,0.037990254404780405,0.036608332380817996,0.00194824099595723,0.894228383559907,0.013556050195145,0.0008260435057144861,Linear (small gap),anchor,2021-05-18 02:00:00
2021-05-18 03:00:00+00:00,15.55310708335,54.184423750025,0.7,42.0904140937028,0.0350302568735798,0.0362862249747882,0.0018697485070141699,0.859796345076883,0.0127321333565634,0.000706355174842344,Linear (small gap),anchor,2021-05-18 03:00:00
2021-05-18 04:00:00+00:00,15.5531236111333,54.1842863889167,0.5,41.880413299454396,0.0333585484233163,0.0361043093931444,0.00182541855211887,0.8403502715294761,0.0122668124477272,0.000638759174505227,Linear (small gap),anchor,2021-05-18 04:00:00
2021-05-18 05:00:00+00:00,15.5531401389167,54.1841490278083,0.3,41.7860092726821,0.032607046459436295,0.0360225308289192,0.0018054904072576801,0.8316084586503669,0.0120576314887091,0.000608371981693129,Linear (small gap),anchor,2021-05-18 05:00:00
2021-05-18 06:00:00+00:00,15.5531566667,54.1840116667,0.1,41.760963306395595,0.0324076683873865,0.036000834475145196,0.00180020334841695,0.8292892021722359,0.0120021344995818,0.000600310073396042,No (reported postion),anchor,2021-05-18 06:00:00
2021-05-18 07:00:00+00:00,15.5531506667,54.18397733336,0.1,41.760963306395595,0.0324076683873865,0.036000834475145196,0.00180020334841695,0.8292892021722359,0.0120021344995818,0.000600310073396042,Linear (small gap),anchor,2021-05-18 07:00:00
2021-05-18 08:00:00+00:00,15.5531446667,54.18394300002,0.1,41.760963306395595,0.0324076683873865,0.036000834475145196,0.00180020334841695,0.8292892021722359,0.0120021344995818,0.000600310073396042,Linear (small gap),anchor,2021-05-18 08:00:00
2021-05-18 09:00:00+00:00,15.5531386667,54.18390866668,0.1,41.760963306395595,0.0324076683873865,0.036000834475145196,0.00180020334841695,0.8292892021722359,0.0120021344995818,0.000600310073396042,Linear (small gap),anchor,2021-05-18 09:00:00
2021-05-18 10:00:00+00:00,15.5531326667,54.18387433334,0.1,41.760963306395595,0.0324076683873865,0.036000834475145196,0.00180020334841695,0.8292892021722359,0.0120021344995818,0.000600310073396042,Linear (small gap),anchor,2021-05-18 10:00:00
2021-05-18 11:00:00+00:00,15.5531266667,54.18384,0.1,41.760963306395595,0.0324076683873865,0.036000834475145196,0.00180020334841695,0.8292892021722359,0.0120021344995818,0.000600310073396042,No (reported postion),anchor,2021-05-18 11:00:00
2021-05-18 12:00:00+00:00,15.51795583335,54.26796916665,4.55,157.504514596014,0.20196910429671602,0.136177467051258,0.00797665841065972,3.55849415614273,0.0577911945721881,0.00404292768722355,Linear (small gap),maneuver,2021-05-18 12:00:00
2021-05-18 13:00:00+00:00,15.482785,54.3520983333,9.0,775.930833436997,0.634911018322155,0.671983852673386,0.0352728343512309,15.5126166687399,0.235152229008206,0.0117576114504103,No (reported postion),cruise,2021-05-18 13:00:00
2021-05-18 14:00:00+00:00,15.4565533333,54.4579216667,8.7,704.933794692404,0.576645971328113,0.610481858624119,0.0320358872960063,14.0926758938481,0.213572581973375,0.0106786290986688,No (reported postion),cruise,2021-05-18 14:00:00
2021-05-18 15:00:00+00:00,15.4304116667,54.5964066667,8.7,704.933794692404,0.576645971328113,0.610481858624119,0.0320358872960063,14.0926758938481,0.213572581973375,0.0106786290986688,No (reported postion),cruise,2021-05-18 15:00:00
2021-05-18 16:00:00+00:00,15.3481916667,54.7325433333,8.6,682.327576999455,0.558093756200161,0.590898964877947,0.0310052086777867,13.640551539989099,0.206701391185245,0.0103350695592622,No (reported postion),cruise,2021-05-18 16:00:00
2021-05-18 17:00:00+00:00,15.2861133333,54.8709716667,8.6,682.327576999455,0.558093756200161,0.590898964877947,0.0310052086777867,13.640551539989099,0.206701391185245,0.0103350695592622,No (reported postion),cruise,2021-05-18 17:00:00
2021-05-18 18:00:00+00:00,15.26838,55.0151533333,8.8,728.065714957445,0.595629614098815,0.630520148215416,0.0330905341166008,14.5553142991489,0.220603560777339,0.011030178038866901,No (reported postion),cruise,2021-05-18 18:00:00
2021-05-18 19:00:00+00:00,15.2163483333,55.1576583333,8.6,654.476812782087,0.5352375059305879,0.566772922926732,0.0297354169961438,13.0835362556417,0.198236113307625,0.00991180566538127,No (reported postion),cruise,2021-05-18 19:00:00
2021-05-18 20:00:00+00:00,15.1174016667,55.2717666667,7.4,449.85827408597197,0.367313477213412,0.389519781503046,0.020406304289634,8.99116548171944,0.13604202859756,0.006802101429878,No (reported postion),cruise,2021-05-18 20:00:00
2021-05-18 21:00:00+00:00,15.0265366667,55.384775,7.4,449.85827408597197,0.367313477213412,0.389519781503046,0.020406304289634,8.99116548171944,0.13604202859756,0.006802101429878,No (reported postion),cruise,2021-05-18 21:00:00
2021-05-18 22:00:00+00:00,14.9370816667,55.49616,7.5,466.627380461225,0.381075357825322,0.404046211037839,0.021170853212517902,9.326547609224502,0.141139021416786,0.00705695107083929,No (reported postion),cruise,2021-05-18 22:00:00
2021-05-18 23:00:00+00:00,14.8722183333,55.6000816667,6.3,293.58059586889,0.239061279284499,0.254142461466972,0.0132811821824722,5.8656119173778,0.0885412145498146,0.00442706072749073,No (reported postion),cruise,2021-05-18 23:00:00
2021-05-19 00:00:00+00:00,14.8033466667,55.6968616667,6.4,305.763400494524,0.249059325633804,0.26469595483568203,0.013836629201878,6.109268009890481,0.09224419467918671,0.00461220973395933,No (reported postion),cruise,2021-05-19 00:00:00
2021-05-19 01:00:00+00:00,14.7276333333,55.7962716667,6.6,331.295223497672,0.27001249344793804,0.28681318752837803,0.015000694080441001,6.61990446995344,0.10000462720294,0.00500023136014699,No (reported postion),cruise,2021-05-19 01:00:00
2021-05-19 02:00:00+00:00,14.654465,55.891995,5.2,183.36533957189198,0.185798611013442,0.158667239446776,0.00864354072703065,3.83123319892411,0.0597756616792706,0.00352679729206342,No (reported postion),cruise,2021-05-19 02:00:00
2021-05-19 03:00:00+00:00,14.5862733333,55.9726133333,6.9,358.21482072369497,0.29210456411975,0.31013259545973604,0.0162280313399861,7.1582964144739,0.108186875599907,0.00540934377999537,No (reported postion),cruise,2021-05-19 03:00:00
2021-05-19 04:00:00+00:00,14.5772083333,56.03153,0.1,41.760963306395595,0.0324076683873865,0.036000834475145196,0.00180020334841695,0.8292892021722359,0.0120021344995818,0.000600310073396042,No (reported postion),anchor,2021-05-19 04:00:00
2021-05-19 05:00:00+00:00,14.5772166667,56.031535,0.0,41.76,0.0324,0.036,0.0018,0.8292,0.012,0.0006,No (reported postion),anchor,2021-05-19 05:00:00
2021-05-19 06:00:00+00:00,14.57721,56.0315283333,0.1,41.760963306395595,0.0324076683873865,0.036000834475145196,0.00180020334841695,0.8292892021722359,0.0120021344995818,0.000600310073396042,No (reported postion),anchor,2021-05-19 06:00:00
2021-05-19 07:00:00+00:00,14.5772216667,56.0315216667,0.0,41.76,0.0324,0.036,0.0018,0.8292,0.012,0.0006,No (reported postion),anchor,2021-05-19 07:00:00
2021-05-19 08:00:00+00:00,14.5772133333,56.0315316667,0.0,41.76,0.0324,0.036,0.0018,0.8292,0.012,0.0006,No (reported postion),anchor,2021-05-19 08:00:00
2021-05-19 09:00:00+00:00,14.577215,56.0315266667,0.0,41.76,0.0324,0.036,0.0018,0.8292,0.012,0.0006,No (reported postion),anchor,2021-05-19 09:00:00
2021-05-19 10:00:00+00:00,14.5772033333,56.031545,0.0,41.76,0.0324,0.036,0.0018,0.8292,0.012,0.0006,No (reported postion),anchor,2021-05-19 10:00:00
2021-05-19 11:00:00+00:00,14.5774916667,56.0317866667,0.0,41.76,0.0324,0.036,0.0018,0.8292,0.012,0.0006,No (reported postion),anchor,2021-05-19 11:00:00
2021-05-19 12:00:00+00:00,14.5774716667,56.0317916667,0.0,41.76,0.0324,0.036,0.0018,0.8292,0.012,0.0006,No (reported postion),anchor,2021-05-19 12:00:00
2021-05-19 13:00:00+00:00,14.5774833333,56.0317816667,0.1,41.760963306395595,0.0324076683873865,0.036000834475145196,0.00180020334841695,0.8292892021722359,0.0120021344995818,0.000600310073396042,No (reported postion),anchor,2021-05-19 13:00:00
2021-05-19 14:00:00+00:00,14.5774883333,56.031775,0.0,41.76,0.0324,0.036,0.0018,0.8292,0.012,0.0006,No (reported postion),anchor,2021-05-19 14:00:00
2021-05-19 15:00:00+00:00,14.5774866667,56.0317766667,0.0,41.76,0.0324,0.036,0.0018,0.8292,0.012,0.0006,No (reported postion),anchor,2021-05-19 15:00:00
2021-05-19 16:00:00+00:00,14.5602316667,55.98819,10.5,1009.6648399999999,0.8267291999999999,0.8744586000000001,0.0459294,20.1872968,0.306196,0.015309799999999998,No (reported postion),cruise,2021-05-19 16:00:00
2021-05-19 17:00:00+00:00,14.7615983333,55.9173066667,10.9,1009.6648399999999,0.8267291999999999,0.8744586000000001,0.0459294,20.1872968,0.306196,0.015309799999999998,No (reported postion),cruise,2021-05-19 17:00:00
2021-05-19 18:00:00+00:00,15.0491383333,55.8363766667,10.9,1009.6648399999999,0.8267291999999999,0.8744586000000001,0.0459294,20.1872968,0.306196,0.015309799999999998,No (reported postion),cruise,2021-05-19 18:00:00
2021-05-19 19:00:00+00:00,15.3316133333,55.7574833333,10.5,1009.6648399999999,0.8267291999999999,0.8744586000000001,0.0459294,20.1872968,0.306196,0.015309799999999998,No (reported postion),cruise,2021-05-19 19:00:00
2021-05-19 20:00:00+00:00,15.6160883333,55.677125,10.9,1009.6648399999999,0.8267291999999999,0.8744586000000001,0.0459294,20.1872968,0.306196,0.015309799999999998,No (reported postion),cruise,2021-05-19 20:00:00
2021-05-19 21:00:00+00:00,15.898985,55.595295,10.9,1009.6648399999999,0.8267291999999999,0.8744586000000001,0.0459294,20.1872968,0.306196,0.015309799999999998,No (reported postion),cruise,2021-05-19 21:00:00
2021-05-19 22:00:00+00:00,16.1905416667,55.5116666667,11.0,1009.6648399999999,0.8267291999999999,0.8744586000000001,0.0459294,20.1872968,0.306196,0.015309799999999998,No (reported postion),cruise,2021-05-19 22:00:00
2021-05-19 23:00:00+00:00,16.4800233333,55.4329283333,10.8,1009.6648399999999,0.8267291999999999,0.8744586000000001,0.0459294,20.1872968,0.306196,0.015309799999999998,No (reported postion),cruise,2021-05-19 23:00:00
2021-05-20 00:00:00+00:00,16.7591866667,55.3487333333,10.7,1009.6648399999999,0.8267291999999999,0.8744586000000001,0.0459294,20.1872968,0.306196,0.015309799999999998,No (reported postion),cruise,2021-05-20 00:00:00
2021-05-20 01:00:00+00:00,17.2522416667,55.20899,10.8,1009.6648399999999,0.8267291999999999,0.8744586000000001,0.0459294,20.1872968,0.306196,0.015309799999999998,No (reported postion),cruise,2021-05-20 01:00:00
2021-05-20 02:00:00+00:00,17.480696250025,55.141685,10.85,1009.6648399999999,0.8267291999999999,0.8744586000000001,0.0459294,20.1872968,0.306196,0.015309799999999998,Linear (small gap),cruise,2021-05-20 02:00:00
2021-05-20 03:00:00+00:00,17.70915083335,55.07438,10.9,1009.6648399999999,0.8267291999999999,0.8744586000000001,0.0459294,20.1872968,0.306196,0.015309799999999998,Linear (small gap),cruise,2021-05-20 03:00:00
2021-05-20 04:00:00+00:00,17.937605416675,55.007075,10.95,1009.6648399999999,0.8267291999999999,0.8744586000000001,0.0459294,20.1872968,0.306196,0.015309799999999998,Linear (small gap),cruise,2021-05-20 04:00:00
2021-05-20 05:00:00+00:00,18.16606,54.93977,11.0,1009.6648399999999,0.8267291999999999,0.8744586000000001,0.0459294,20.1872968,0.306196,0.015309799999999998,No (reported postion),cruise,2021-05-20 05:00:00
2021-05-20 06:00:00+00:00,18.4415916667,54.8631433333,11.1,1009.6648399999999,0.8267291999999999,0.8744586000000001,0.0459294,20.1872968,0.306196,0.015309799999999998,No (reported postion),cruise,2021-05-20 06:00:00
2021-05-20 07:00:00+00:00,18.7177183333,54.7659283333,11.3,1009.6648399999999,0.8267291999999999,0.8744586000000001,0.0459294,20.1872968,0.306196,0.015309799999999998,No (reported postion),cruise,2021-05-20 07:00:00
2021-05-20 08:00:00+00:00,18.9092683333,54.6374816667,10.9,1009.6648399999999,0.8267291999999999,0.8744586000000001,0.0459294,20.1872968,0.306196,0.015309799999999998,No (reported postion),cruise,2021-05-20 08:00:00
2021-05-20 09:00:00+00:00,18.6885366667,54.5360916667,10.9,1009.6648399999999,0.8267291999999999,0.8744586000000001,0.0459294,20.1872968,0.306196,0.015309799999999998,No (reported postion),cruise,2021-05-20 09:00:00
2021-05-20 10:00:00+00:00,18.5248883333,54.5335466667,0.1,41.760963306395595,0.0324076683873865,0.036000834475145196,0.00180020334841695,0.8292892021722359,0.0120021344995818,0.000600310073396042,No (reported postion),anchor,2021-05-20 10:00:00
2021-05-20 11:00:00+00:00,18.5248983333,54.5335666667,0.0,41.76,0.0324,0.036,0.0018,0.8292,0.012,0.0006,No (reported postion),anchor,2021-05-20 11:00:00
2021-05-20 12:00:00+00:00,18.524905,54.53358,0.0,41.76,0.0324,0.036,0.0018,0.8292,0.012,0.0006,No (reported postion),anchor,2021-05-20 12:00:00
2021-05-20 13:00:00+00:00,18.5248933333,54.5335666667,0.0,41.76,0.0324,0.036,0.0018,0.8292,0.012,0.0006,No (reported postion),anchor,2021-05-20 13:00:00
2021-05-20 14:00:00+00:00,18.5248833333,54.5335566667,0.0,41.76,0.0324,0.036,0.0018,0.8292,0.012,0.0006,No (reported postion),anchor,2021-05-20 14:00:00
2021-05-20 15:00:00+00:00,18.52491,54.53356,0.0,41.76,0.0324,0.036,0.0018,0.8292,0.012,0.0006,No (reported postion),anchor,2021-05-20 15:00:00
2021-05-20 16:00:00+00:00,18.52489,54.5335516667,0.0,41.76,0.0324,0.036,0.0018,0.8292,0.012,0.0006,No (reported postion),anchor,2021-05-20 16:00:00
2021-05-20 17:00:00+00:00,18.5249083333,54.5335616667,0.0,41.76,0.0324,0.036,0.0018,0.8292,0.012,0.0006,No (reported postion),anchor,2021-05-20 17:00:00
2021-05-20 18:00:00+00:00,18.5249016667,54.5335683333,0.0,41.76,0.0324,0.036,0.0018,0.8292,0.012,0.0006,No (reported postion),anchor,2021-05-20 18:00:00
2021-05-20 19:00:00+00:00,18.5248933333,54.533555,0.0,41.76,0.0324,0.036,0.0018,0.8292,0.012,0.0006,No (reported postion),anchor,2021-05-20 19:00:00
2021-05-20 20:00:00+00:00,18.524905,54.5335716667,0.0,41.76,0.0324,0.036,0.0018,0.8292,0.012,0.0006,No (reported postion),anchor,2021-05-20 20:00:00
2021-05-20 21:00:00+00:00,18.524905,54.5335566667,0.0,41.76,0.0324,0.036,0.0018,0.8292,0.012,0.0006,No (reported postion),anchor,2021-05-20 21:00:00
2021-05-20 22:00:00+00:00,18.52489,54.533555,0.0,41.76,0.0324,0.036,0.0018,0.8292,0.012,0.0006,No (reported postion),anchor,2021-05-20 22:00:00
2021-05-20 23:00:00+00:00,18.524915,54.5335383333,0.0,41.76,0.0324,0.036,0.0018,0.8292,0.012,0.0006,No (reported postion),anchor,2021-05-20 23:00:00
2021-05-21 00:00:00+00:00,18.5249233333,54.533575,0.0,41.76,0.0324,0.036,0.0018,0.8292,0.012,0.0006,No (reported postion),anchor,2021-05-21 00:00:00
2021-05-21 01:00:00+00:00,18.5249016667,54.5336083333,0.0,41.76,0.0324,0.036,0.0018,0.8292,0.012,0.0006,No (reported postion),anchor,2021-05-21 01:00:00
2021-05-21 02:00:00+00:00,18.5249116667,54.5335616667,0.0,41.76,0.0324,0.036,0.0018,0.8292,0.012,0.0006,No (reported postion),anchor,2021-05-21 02:00:00
2021-05-21 03:00:00+00:00,18.52491,54.5335566667,0.0,41.76,0.0324,0.036,0.0018,0.8292,0.012,0.0006,No (reported postion),anchor,2021-05-21 03:00:00
2021-05-21 04:00:00+00:00,18.5249083333,54.5335483333,0.0,41.76,0.0324,0.036,0.0018,0.8292,0.012,0.0006,No (reported postion),anchor,2021-05-21 04:00:00
2021-05-21 05:00:00+00:00,18.5249216667,54.5335583333,0.0,41.76,0.0324,0.036,0.0018,0.8292,0.012,0.0006,No (reported postion),anchor,2021-05-21 05:00:00
2021-05-21 06:00:00+00:00,18.52488,54.5335833333,0.0,41.76,0.0324,0.036,0.0018,0.8292,0.012,0.0006,No (reported postion),anchor,2021-05-21 06:00:00
2021-05-21 07:00:00+00:00,18.5249016667,54.533555,0.0,41.76,0.0324,0.036,0.0018,0.8292,0.012,0.0006,No (reported postion),anchor,2021-05-21 07:00:00
2021-05-21 08:00:00+00:00,18.5249133333,54.5335633333,0.0,41.76,0.0324,0.036,0.0018,0.8292,0.012,0.0006,No (reported postion),anchor,2021-05-21 08:00:00
2021-05-21 09:00:00+00:00,18.5249033333,54.533565,0.0,41.76,0.0324,0.036,0.0018,0.8292,0.012,0.0006,No (reported postion),anchor,2021-05-21 09:00:00
2021-05-21 10:00:00+00:00,18.5248816667,54.5335566667,0.0,41.76,0.0324,0.036,0.0018,0.8292,0.012,0.0006,No (reported postion),anchor,2021-05-21 10:00:00
2021-05-21 11:00:00+00:00,18.5249016667,54.5335583333,0.2,41.7677064511651,0.0324613470990922,0.0360066758011612,0.00180162678733561,0.829913617377887,0.012017075996654499,0.000602480587168335,No (reported postion),anchor,2021-05-21 11:00:00
2021-05-21 12:00:00+00:00,18.5249116667,54.5335616667,0.0,41.76,0.0324,0.036,0.0018,0.8292,0.012,0.0006,No (reported postion),anchor,2021-05-21 12:00:00
2021-05-21 13:00:00+00:00,18.5248966667,54.5335583333,0.0,41.76,0.0324,0.036,0.0018,0.8292,0.012,0.0006,No (reported postion),anchor,2021-05-21 13:00:00
2021-05-21 14:00:00+00:00,18.5249,54.533555,0.0,41.76,0.0324,0.036,0.0018,0.8292,0.012,0.0006,No (reported postion),anchor,2021-05-21 14:00:00
2021-05-21 15:00:00+00:00,18.5249316667,54.533555,0.0,41.76,0.0324,0.036,0.0018,0.8292,0.012,0.0006,No (reported postion),anchor,2021-05-21 15:00:00
2021-05-21 16:00:00+00:00,18.5249033333,54.53355,0.0,41.76,0.0324,0.036,0.0018,0.8292,0.012,0.0006,No (reported postion),anchor,2021-05-21 16:00:00
2021-05-21 17:00:00+00:00,18.5249066667,54.5335716667,0.0,41.76,0.0324,0.036,0.0018,0.8292,0.012,0.0006,No (reported postion),anchor,2021-05-21 17:00:00
2021-05-21 18:00:00+00:00,18.524915,54.5335516667,0.0,41.76,0.0324,0.036,0.0018,0.8292,0.012,0.0006,No (reported postion),anchor,2021-05-21 18:00:00
2021-05-21 19:00:00+00:00,18.5248933333,54.533555,0.0,41.76,0.0324,0.036,0.0018,0.8292,0.012,0.0006,No (reported postion),anchor,2021-05-21 19:00:00
2021-05-21 20:00:00+00:00,18.612365,54.5323333333,9.8,948.4162731206029,0.776464418670404,0.821401330818759,0.0431369121483558,18.9623254624121,0.287579414322372,0.0143789707161186,No (reported postion),cruise,2021-05-21 20:00:00
2021-05-21 21:00:00+00:00,18.8617216667,54.567895,10.0,1005.06639563511,0.8229554006731931,0.870475145155037,0.045719744481844,20.095327912702302,0.304798296545627,0.0152399148272813,No (reported postion),cruise,2021-05-21 21:00:00
2021-05-21 22:00:00+00:00,18.9185983333,54.7053416667,9.4,878.2353738263851,0.7188691517724131,0.760606326870881,0.0399371750984674,17.5587074765277,0.26624783398978297,0.0133123916994891,No (reported postion),cruise,2021-05-21 22:00:00
2021-05-21 23:00:00+00:00,18.6796916667,54.7903433333,9.5,867.674820957655,0.710202436652179,0.7514581275773,0.039455690925120995,17.3474964191531,0.263037939500807,0.0131518969750403,No (reported postion),cruise,2021-05-21 23:00:00
2021-05-22 00:00:00+00:00,18.442095,54.871505,9.5,867.674820957655,0.710202436652179,0.7514581275773,0.039455690925120995,17.3474964191531,0.263037939500807,0.0131518969750403,No (reported postion),cruise,2021-05-22 00:00:00
2021-05-22 01:00:00+00:00,18.18051,54.9080816667,9.6,894.031847248627,0.731832822969998,0.774290202023887,0.040657379053888804,17.874636944972497,0.271049193692592,0.0135524596846296,No (reported postion),cruise,2021-05-22 01:00:00
2021-05-22 02:00:00+00:00,17.8840661111,54.9103133333667,9.56666666666667,954.743961637174,0.781657354535067,0.826882763120348,0.0434254085852815,19.0888792327435,0.289502723901877,0.0144751361950938,Linear (small gap),cruise,2021-05-22 02:00:00
2021-05-22 03:00:00+00:00,17.5876222222,54.9125450000333,9.53333333333333,945.2337888754139,0.773852653484382,0.8186444675668479,0.042991814082465704,18.8986757775083,0.28661209388310405,0.0143306046941552,Linear (small gap),cruise,2021-05-22 03:00:00
2021-05-22 04:00:00+00:00,17.2911783333,54.9147766667,9.5,905.2164037284571,0.7410116383181871,0.7839789515580861,0.0411673132398993,18.0983280745691,0.27444875493266196,0.0137224377466331,No (reported postion),cruise,2021-05-22 04:00:00
2021-05-22 05:00:00+00:00,17.07483,54.8992016667,9.6,932.771476669019,0.7636252240140889,0.807848847570427,0.0424236235563382,18.6494295333804,0.282824157042255,0.0141412078521128,No (reported postion),cruise,2021-05-22 05:00:00
2021-05-22 06:00:00+00:00,16.799195,54.8786516667,9.6,932.771476669019,0.7636252240140889,0.807848847570427,0.0424236235563382,18.6494295333804,0.282824157042255,0.0141412078521128,No (reported postion),cruise,2021-05-22 06:00:00
2021-05-22 07:00:00+00:00,16.523275,54.868175,9.6,932.771476669019,0.7636252240140889,0.807848847570427,0.0424236235563382,18.6494295333804,0.282824157042255,0.0141412078521128,No (reported postion),cruise,2021-05-22 07:00:00
2021-05-22 08:00:00+00:00,16.2373716667,54.86505,9.7,960.906635206371,0.786714867798541,0.832221249342905,0.043706381544363404,19.212132704127402,0.29137587696242295,0.0145687938481211,No (reported postion),cruise,2021-05-22 08:00:00
2021-05-22 09:00:00+00:00,15.9603266667,54.8637866667,9.8,989.627921898812,0.8102855286099669,0.857101391310521,0.045015862700553695,19.7865584379762,0.30010575133702505,0.0150052875668512,No (reported postion),cruise,2021-05-22 09:00:00
2021-05-22 10:00:00+00:00,15.682695,54.8651183333,9.5,905.2164037284571,0.7410116383181871,0.7839789515580861,0.0411673132398993,18.0983280745691,0.27444875493266196,0.0137224377466331,No (reported postion),cruise,2021-05-22 10:00:00
2021-05-22 11:00:00+00:00,15.4034916667,54.8744516667,9.9,1018.94137930464,0.8343421653867891,0.882494507908277,0.0463523425214883,20.3728275860929,0.309015616809922,0.015450780840496099,No (reported postion),cruise,2021-05-22 11:00:00
2021-05-22 12:00:00+00:00,15.1233083333,54.8790533333,9.6,932.771476669019,0.7636252240140889,0.807848847570427,0.0424236235563382,18.6494295333804,0.282824157042255,0.0141412078521128,No (reported postion),cruise,2021-05-22 12:00:00
2021-05-22 13:00:00+00:00,14.8481816667,54.8765166667,9.6,932.771476669019,0.7636252240140889,0.807848847570427,0.0424236235563382,18.6494295333804,0.282824157042255,0.0141412078521128,No (reported postion),cruise,2021-05-22 13:00:00
2021-05-22 14:00:00+00:00,14.5716766667,54.881515,9.6,932.771476669019,0.7636252240140889,0.807848847570427,0.0424236235563382,18.6494295333804,0.282824157042255,0.0141412078521128,No (reported postion),cruise,2021-05-22 14:00:00
2021-05-22 15:00:00+00:00,14.305205,54.908355,9.6,932.771476669019,0.7636252240140889,0.807848847570427,0.0424236235563382,18.6494295333804,0.282824157042255,0.0141412078521128,No (reported postion),cruise,2021-05-22 15:00:00
2021-05-22 16:00:00+00:00,14.0489583333,54.9734616667,9.8,989.627921898812,0.8102855286099669,0.857101391310521,0.045015862700553695,19.7865584379762,0.30010575133702505,0.0150052875668512,No (reported postion),cruise,2021-05-22 16:00:00
2021-05-22 17:00:00+00:00,13.7849083333,55.04011,10.0,1009.6648399999999,0.8267291999999999,0.8744586000000001,0.0459294,20.1872968,0.306196,0.015309799999999998,No (reported postion),cruise,2021-05-22 17:00:00
2021-05-22 18:00:00+00:00,13.523675,55.1025966667,9.5,905.2164037284571,0.7410116383181871,0.7839789515580861,0.0411673132398993,18.0983280745691,0.27444875493266196,0.0137224377466331,No (reported postion),cruise,2021-05-22 18:00:00
2021-05-22 19:00:00+00:00,13.26883,55.165475,9.5,905.2164037284571,0.7410116383181871,0.7839789515580861,0.0411673132398993,18.0983280745691,0.27444875493266196,0.0137224377466331,No (reported postion),cruise,2021-05-22 19:00:00
2021-05-22 20:00:00+00:00,13.0175583333,55.22916,9.4,878.2353738263851,0.7188691517724131,0.760606326870881,0.0399371750984674,17.5587074765277,0.26624783398978297,0.0133123916994891,No (reported postion),cruise,2021-05-22 20:00:00
2021-05-22 21:00:00+00:00,12.7709316667,55.29147,9.1,800.6761167681079,0.655218697651639,0.693419736410063,0.036401038758424396,16.0075223353622,0.242673591722829,0.012133679586141501,No (reported postion),cruise,2021-05-22 21:00:00
2021-05-22 22:00:00+00:00,12.7026883333,55.4237016667,9.8,948.4162731206029,0.776464418670404,0.821401330818759,0.0431369121483558,18.9623254624121,0.287579414322372,0.0143789707161186,No (reported postion),cruise,2021-05-22 22:00:00
2021-05-22 23:00:00+00:00,12.7022133333,55.5879016667,10.4,1009.6648399999999,0.8267291999999999,0.8744586000000001,0.0459294,20.1872968,0.306196,0.015309799999999998,No (reported postion),cruise,2021-05-22 23:00:00
2021-05-23 00:00:00+00:00,12.7055716667,55.773005,10.4,1009.6648399999999,0.8267291999999999,0.8744586000000001,0.0459294,20.1872968,0.306196,0.015309799999999998,No (reported postion),cruise,2021-05-23 00:00:00
2021-05-23 01:00:00+00:00,12.7220666667,55.9417566667,10.8,1009.6648399999999,0.8267291999999999,0.8744586000000001,0.0459294,20.1872968,0.306196,0.015309799999999998,No (reported postion),cruise,2021-05-23 01:00:00
2021-05-23 02:00:00+00:00,12.5736266667,56.09808,11.8,1009.6648399999999,0.8267291999999999,0.8744586000000001,0.0459294,20.1872968,0.306196,0.015309799999999998,No (reported postion),cruise,2021-05-23 02:00:00
2021-05-23 03:00:00+00:00,12.4072016667,56.261505,10.3,1009.6648399999999,0.8267291999999999,0.8744586000000001,0.0459294,20.1872968,0.306196,0.015309799999999998,No (reported postion),cruise,2021-05-23 03:00:00
2021-05-23 04:00:00+00:00,12.3311816667,56.4082133333,8.9,751.729380352875,0.615049643450688,0.6510190680868371,0.034169424636149304,15.0285876070575,0.227796164240996,0.0113898082120498,No (reported postion),cruise,2021-05-23 04:00:00
2021-05-23 05:00:00+00:00,12.2674633333,56.54316,8.1,576.970537575571,0.471630532356851,0.499632228598899,0.026201696242047302,11.533410751511399,0.174677974946982,0.0087338987473491,No (reported postion),cruise,2021-05-23 05:00:00
2021-05-23 06:00:00+00:00,12.2043866667,56.68114,8.6,682.327576999455,0.558093756200161,0.590898964877947,0.0310052086777867,13.640551539989099,0.206701391185245,0.0103350695592622,No (reported postion),cruise,2021-05-23 06:00:00
2021-05-23 07:00:00+00:00,12.1423183333,56.8247366667,9.4,878.2353738263851,0.7188691517724131,0.760606326870881,0.0399371750984674,17.5587074765277,0.26624783398978297,0.0133123916994891,No (reported postion),cruise,2021-05-23 07:00:00
2021-05-23 08:00:00+00:00,12.06832,56.974255,10.0,1009.6648399999999,0.8267291999999999,0.8744586000000001,0.0459294,20.1872968,0.306196,0.015309799999999998,No (reported postion),cruise,2021-05-23 08:00:00
2021-05-23 09:00:00+00:00,11.9694983333,57.1265783333,9.5,905.2164037284571,0.7410116383181871,0.7839789515580861,0.0411673132398993,18.0983280745691,0.27444875493266196,0.0137224377466331,No (reported postion),cruise,2021-05-23 09:00:00
2021-05-23 10:00:00+00:00,11.8370416667,57.2631533333,9.3,851.822344404503,0.697192805438346,0.73772573907381,0.0387329336354637,17.0304468880901,0.258219557569758,0.0129109778784879,No (reported postion),cruise,2021-05-23 10:00:00
2021-05-23 11:00:00+00:00,11.6512616667,57.3849333333,9.5,905.2164037284571,0.7410116383181871,0.7839789515580861,0.0411673132398993,18.0983280745691,0.27444875493266196,0.0137224377466331,No (reported postion),cruise,2021-05-23 11:00:00
2021-05-23 12:00:00+00:00,11.4552566667,57.5083466667,9.7,960.906635206371,0.786714867798541,0.832221249342905,0.043706381544363404,19.212132704127402,0.29137587696242295,0.0145687938481211,No (reported postion),cruise,2021-05-23 12:00:00
2021-05-23 13:00:00+00:00,11.258635,57.6276616667,9.2,825.97127290451,0.675977640377562,0.715331953731871,0.037554313354309005,16.5134254580902,0.25036208902872703,0.012518104451436298,No (reported postion),cruise,2021-05-23 13:00:00
2021-05-23 14:00:00+00:00,11.059385,57.741565,9.3,851.822344404503,0.697192805438346,0.73772573907381,0.0387329336354637,17.0304468880901,0.258219557569758,0.0129109778784879,No (reported postion),cruise,2021-05-23 14:00:00
2021-05-23 15:00:00+00:00,10.8624133333,57.8377566667,8.4,638.668079096628,0.522263773118814,0.55307842718097,0.0290146540621563,12.767361581932601,0.193431027081042,0.0096715513540521,No (reported postion),cruise,2021-05-23 15:00:00
2021-05-23 16:00:00+00:00,10.6018583333,57.8488,8.5,660.241019320296,0.539968009776535,0.5717662325418981,0.029998222765363,13.198820386405899,0.19998815176908702,0.00999940758845435,No (reported postion),cruise,2021-05-23 16:00:00
2021-05-23 17:00:00+00:00,10.3348733333,57.8531366667,8.8,728.065714957445,0.595629614098815,0.630520148215416,0.0330905341166008,14.5553142991489,0.220603560777339,0.011030178038866901,No (reported postion),cruise,2021-05-23 17:00:00
2021-05-23 18:00:00+00:00,10.07428,57.8525133333,7.8,519.678021055135,0.424612357704822,0.45000193313286796,0.023589575428045698,10.3875604211027,0.15726383618697098,0.00786319180934856,No (reported postion),cruise,2021-05-23 18:00:00
2021-05-23 19:00:00+00:00,9.8445433333,57.8533733333,7.1,402.209680612166,0.32820976828354,0.348243644299293,0.0182338760157522,8.03819361224332,0.121559173438348,0.00607795867191741,No (reported postion),cruise,2021-05-23 19:00:00
2021-05-23 20:00:00+00:00,9.6444383333,57.8562766667,6.7,344.656326991785,0.280977532789611,0.298387395722367,0.0156098629327562,6.88712653983571,0.104065752885041,0.005203287644252061,No (reported postion),cruise,2021-05-23 20:00:00
2021-05-23 21:00:00+00:00,9.4476766667,57.86288,6.2,281.778472416149,0.229375646055806,0.243918737503351,0.0127430914475448,5.62956944832298,0.0849539429836319,0.0042476971491816,No (reported postion),cruise,2021-05-23 21:00:00
2021-05-23 22:00:00+00:00,9.24685,57.86794,6.2,281.778472416149,0.229375646055806,0.243918737503351,0.0127430914475448,5.62956944832298,0.0849539429836319,0.0042476971491816,No (reported postion),cruise,2021-05-23 22:00:00
2021-05-23 23:00:00+00:00,9.027385,57.8783383333,7.6,483.84967870897003,0.395209158818912,0.41896522319774,0.0219560643788284,9.6709935741794,0.146373762525523,0.00731868812627614,No (reported postion),cruise,2021-05-23 23:00:00
2021-05-24 00:00:00+00:00,8.77269,57.8870733333,8.7,704.933794692404,0.576645971328113,0.610481858624119,0.0320358872960063,14.0926758938481,0.213572581973375,0.0106786290986688,No (reported postion),cruise,2021-05-24 00:00:00
2021-05-24 01:00:00+00:00,8.4974466667,57.89913,9.0,775.930833436997,0.634911018322155,0.671983852673386,0.0352728343512309,15.5126166687399,0.235152229008206,0.0117576114504103,No (reported postion),cruise,2021-05-24 01:00:00
2021-05-24 02:00:00+00:00,8.2104716667,57.904935,9.8,989.627921898812,0.8102855286099669,0.857101391310521,0.045015862700553695,19.7865584379762,0.30010575133702505,0.0150052875668512,No (reported postion),cruise,2021-05-24 02:00:00
2021-05-24 03:00:00+00:00,7.8744283333,57.9078416667,11.5,1009.6648399999999,0.8267291999999999,0.8744586000000001,0.0459294,20.1872968,0.306196,0.015309799999999998,No (reported postion),cruise,2021-05-24 03:00:00
2021-05-24 04:00:00+00:00,7.540155,57.918935,10.2,1009.6648399999999,0.8267291999999999,0.8744586000000001,0.0459294,20.1872968,0.306196,0.015309799999999998,No (reported postion),cruise,2021-05-24 04:00:00
2021-05-24 05:00:00+00:00,7.22865,57.9311316667,9.9,976.4552323783539,0.799475114717798,0.845690398868787,0.044415284150988804,19.5231046475671,0.296101894339925,0.014805094716996299,No (reported postion),cruise,2021-05-24 05:00:00
2021-05-24 06:00:00+00:00,6.930755,57.9625666667,9.7,920.943738023485,0.753918569198605,0.797602934154083,0.041884364955477996,18.4128747604697,0.279229099703187,0.0139614549851593,No (reported postion),cruise,2021-05-24 06:00:00
2021-05-24 07:00:00+00:00,6.6294116667,58.0178583333,10.7,1009.6648399999999,0.8267291999999999,0.8744586000000001,0.0459294,20.1872968,0.306196,0.015309799999999998,No (reported postion),cruise,2021-05-24 07:00:00
2021-05-24 08:00:00+00:00,6.3719783333,58.1131066667,9.1,800.6761167681079,0.655218697651639,0.693419736410063,0.036401038758424396,16.0075223353622,0.242673591722829,0.012133679586141501,No (reported postion),cruise,2021-05-24 08:00:00
2021-05-24 09:00:00+00:00,6.1446716667,58.20344,8.4,638.668079096628,0.522263773118814,0.55307842718097,0.0290146540621563,12.767361581932601,0.193431027081042,0.0096715513540521,No (reported postion),cruise,2021-05-24 09:00:00
2021-05-24 10:00:00+00:00,5.93631,58.2849233333,8.2,597.038880782565,0.488099993347394,0.517016659644471,0.027116666297077402,11.9347776156513,0.18077777531384998,0.00903888876569248,No (reported postion),cruise,2021-05-24 10:00:00
2021-05-24 11:00:00+00:00,5.7746183333,58.3920366667,8.6,654.476812782087,0.5352375059305879,0.566772922926732,0.0297354169961438,13.0835362556417,0.198236113307625,0.00991180566538127,No (reported postion),cruise,2021-05-24 11:00:00
2021-05-24 12:00:00+00:00,5.6176633333,58.5079866667,8.6,654.476812782087,0.5352375059305879,0.566772922926732,0.0297354169961438,13.0835362556417,0.198236113307625,0.00991180566538127,No (reported postion),cruise,2021-05-24 12:00:00
2021-05-24 13:00:00+00:00,5.4552916667,58.62014,8.5,633.350540219414,0.517899835438425,0.5484720485183371,0.0287722130799125,12.6610108043883,0.19181475386608302,0.009590737693304159,No (reported postion),cruise,2021-05-24 13:00:00
2021-05-24 14:00:00+00:00,5.2970633333,58.7286083333,8.2,597.038880782565,0.488099993347394,0.517016659644471,0.027116666297077402,11.9347776156513,0.18077777531384998,0.00903888876569248,No (reported postion),cruise,2021-05-24 14:00:00
2021-05-24 15:00:00+00:00,5.1927283333,58.8552433333,8.4,638.668079096628,0.522263773118814,0.55307842718097,0.0290146540621563,12.767361581932601,0.193431027081042,0.0096715513540521,No (reported postion),cruise,2021-05-24 15:00:00
2021-05-24 16:00:00+00:00,5.07987,58.9826016667,8.8,728.065714957445,0.595629614098815,0.630520148215416,0.0330905341166008,14.5553142991489,0.220603560777339,0.011030178038866901,No (reported postion),cruise,2021-05-24 16:00:00
2021-05-24 17:00:00+00:00,4.99872,59.10528,7.7,501.53121138750697,0.409719839132605,0.43428205241774903,0.0227622132851447,10.0246242277501,0.15174808856763097,0.00758740442838157,No (reported postion),cruise,2021-05-24 17:00:00
2021-05-24 18:00:00+00:00,4.96308,59.22979,7.6,464.628388330319,0.379434847565916,0.40231456131957705,0.021079713753661997,9.286567766606389,0.14053142502441301,0.00702657125122066,No (reported postion),cruise,2021-05-24 18:00:00
2021-05-24 19:00:00+00:00,4.9413166667,59.3543666667,7.2,401.312185558015,0.327473222190468,0.347466178978827,0.0181929567883593,8.02024371116029,0.121286378589062,0.00606431892945311,No (reported postion),cruise,2021-05-24 19:00:00
2021-05-24 20:00:00+00:00,4.919195,59.478335,7.7,481.54115871848495,0.393314628735535,0.416965441443065,0.0218508127075297,9.6248231743697,0.145672084716865,0.00728360423584324,No (reported postion),cruise,2021-05-24 20:00:00
2021-05-24 21:00:00+00:00,4.8955516667,59.60281,7.5,466.627380461225,0.381075357825322,0.404046211037839,0.021170853212517902,9.326547609224502,0.141139021416786,0.00705695107083929,No (reported postion),cruise,2021-05-24 21:00:00
2021-05-24 22:00:00+00:00,4.8704466667,59.7262233333,7.4,449.85827408597197,0.367313477213412,0.389519781503046,0.020406304289634,8.99116548171944,0.13604202859756,0.006802101429878,No (reported postion),cruise,2021-05-24 22:00:00
2021-05-24 23:00:00+00:00,4.8615716667,59.8060233333,4.2,137.25350988707902,0.198620780517637,0.118634803397621,0.00729247287298888,3.25836476695112,0.0545129942000597,0.00424513456180671,No (reported postion),maneuver,2021-05-24 23:00:00
2021-05-25 00:00:00+00:00,4.8592666667,59.87689,4.1,132.04986009782098,0.188158122962639,0.11412708245555901,0.006972187437631819,3.1178662226411604,0.0519665272819122,0.0040118402323491,No (reported postion),maneuver,2021-05-25 00:00:00
2021-05-25 01:00:00+00:00,4.8836566667,59.946405,4.2,137.25350988707902,0.198620780517637,0.118634803397621,0.00729247287298888,3.25836476695112,0.0545129942000597,0.00424513456180671,No (reported postion),maneuver,2021-05-25 01:00:00
2021-05-25 02:00:00+00:00,4.92975,60.0573566667,10.1,1009.6648399999999,0.8267291999999999,0.8744586000000001,0.0459294,20.1872968,0.306196,0.015309799999999998,No (reported postion),cruise,2021-05-25 02:00:00
2021-05-25 03:00:00+00:00,5.1366266667,60.1658866667,10.1,1009.6648399999999,0.8267291999999999,0.8744586000000001,0.0459294,20.1872968,0.306196,0.015309799999999998,No (reported postion),cruise,2021-05-25 03:00:00
2021-05-25 04:00:00+00:00,5.1997683333,60.3212733333,10.5,1009.6648399999999,0.8267291999999999,0.8744586000000001,0.0459294,20.1872968,0.306196,0.015309799999999998,No (reported postion),cruise,2021-05-25 04:00:00
2021-05-25 05:00:00+00:00,5.25506,60.4589133333,9.9,976.4552323783539,0.799475114717798,0.845690398868787,0.044415284150988804,19.5231046475671,0.296101894339925,0.014805094716996299,No (reported postion),cruise,2021-05-25 05:00:00
2021-05-25 06:00:00+00:00,5.4314716667,60.4773716667,10.0,1005.06639563511,0.8229554006731931,0.870475145155037,0.045719744481844,20.095327912702302,0.304798296545627,0.0152399148272813,No (reported postion),cruise,2021-05-25 06:00:00
2021-05-25 07:00:00+00:00,5.6859383333,60.4631733333,9.4,841.866879312195,0.689022666912743,0.729101703963451,0.038279037050707995,16.831337586243897,0.255193580338053,0.0127596790169027,No (reported postion),cruise,2021-05-25 07:00:00
2021-05-25 08:00:00+00:00,5.735715,60.47545,0.1,41.760963306395595,0.0324076683873865,0.036000834475145196,0.00180020334841695,0.8292892021722359,0.0120021344995818,0.000600310073396042,No (reported postion),anchor,2021-05-25 08:00:00
2021-05-25 09:00:00+00:00,5.7363483333,60.475005,0.0,41.76,0.0324,0.036,0.0018,0.8292,0.012,0.0006,No (reported postion),anchor,2021-05-25 09:00:00
2021-05-25 10:00:00+00:00,5.7362683333,60.4749766667,0.0,41.76,0.0324,0.036,0.0018,0.8292,0.012,0.0006,No (reported postion),anchor,2021-05-25 10:00:00
2021-05-25 11:00:00+00:00,5.736305,60.4749683333,0.0,41.76,0.0324,0.036,0.0018,0.8292,0.012,0.0006,No (reported postion),anchor,2021-05-25 11:00:00
2021-05-25 12:00:00+00:00,5.736275,60.4749766667,0.0,41.76,0.0324,0.036,0.0018,0.8292,0.012,0.0006,No (reported postion),anchor,2021-05-25 12:00:00
2021-05-25 13:00:00+00:00,5.7363283333,60.475045,0.1,41.760963306395595,0.0324076683873865,0.036000834475145196,0.00180020334841695,0.8292892021722359,0.0120021344995818,0.000600310073396042,No (reported postion),anchor,2021-05-25 13:00:00
2021-05-25 14:00:00+00:00,5.7364483333,60.475115,0.0,41.76,0.0324,0.036,0.0018,0.8292,0.012,0.0006,No (reported postion),anchor,2021-05-25 14:00:00
2021-05-25 15:00:00+00:00,5.7364983333,60.4751683333,0.0,41.76,0.0324,0.036,0.0018,0.8292,0.012,0.0006,No (reported postion),anchor,2021-05-25 15:00:00
2021-05-25 16:00:00+00:00,5.7364966667,60.4751683333,0.1,41.760963306395595,0.0324076683873865,0.036000834475145196,0.00180020334841695,0.8292892021722359,0.0120021344995818,0.000600310073396042,No (reported postion),anchor,2021-05-25 16:00:00
2021-05-25 17:00:00+00:00,5.736545,60.475165,0.1,41.760963306395595,0.0324076683873865,0.036000834475145196,0.00180020334841695,0.8292892021722359,0.0120021344995818,0.000600310073396042,No (reported postion),anchor,2021-05-25 17:00:00
2021-05-25 18:00:00+00:00,5.7362983333,60.4751766667,0.4,41.821651609320604,0.0328907767927379,0.0360534064092899,0.00181301429868486,0.8349089390230919,0.0121366079732363,0.000619844697346676,No (reported postion),anchor,2021-05-25 18:00:00
2021-05-25 19:00:00+00:00,5.73651,60.4751616667,0.1,41.760963306395595,0.0324076683873865,0.036000834475145196,0.00180020334841695,0.8292892021722359,0.0120021344995818,0.000600310073396042,No (reported postion),anchor,2021-05-25 19:00:00
2021-05-25 20:00:00+00:00,5.5108066667,60.4357316667,11.1,1009.6648399999999,0.8267291999999999,0.8744586000000001,0.0459294,20.1872968,0.306196,0.015309799999999998,No (reported postion),cruise,2021-05-25 20:00:00
2021-05-25 21:00:00+00:00,5.248945,60.4938916667,11.5,1009.6648399999999,0.8267291999999999,0.8744586000000001,0.0459294,20.1872968,0.306196,0.015309799999999998,No (reported postion),cruise,2021-05-25 21:00:00
2021-05-25 22:00:00+00:00,5.1922066667,60.3328066667,11.2,1009.6648399999999,0.8267291999999999,0.8744586000000001,0.0459294,20.1872968,0.306196,0.015309799999999998,No (reported postion),cruise,2021-05-25 22:00:00
2021-05-25 23:00:00+00:00,5.12143,60.1646933333,11.4,1009.6648399999999,0.8267291999999999,0.8744586000000001,0.0459294,20.1872968,0.306196,0.015309799999999998,No (reported postion),cruise,2021-05-25 23:00:00
2021-05-26 00:00:00+00:00,4.9453433333,60.0422416667,10.7,1009.6648399999999,0.8267291999999999,0.8744586000000001,0.0459294,20.1872968,0.306196,0.015309799999999998,No (reported postion),cruise,2021-05-26 00:00:00
2021-05-26 01:00:00+00:00,4.9444333333,59.86441,11.1,1009.6648399999999,0.8267291999999999,0.8744586000000001,0.0459294,20.1872968,0.306196,0.015309799999999998,No (reported postion),cruise,2021-05-26 01:00:00
2021-05-26 02:00:00+00:00,4.9607016667,59.6784966667,11.2,1009.6648399999999,0.8267291999999999,0.8744586000000001,0.0459294,20.1872968,0.306196,0.015309799999999998,No (reported postion),cruise,2021-05-26 02:00:00
2021-05-26 03:00:00+00:00,5.0592066667,59.5060666667,11.4,1009.6648399999999,0.8267291999999999,0.8744586000000001,0.0459294,20.1872968,0.306196,0.015309799999999998,No (reported postion),cruise,2021-05-26 03:00:00
2021-05-26 04:00:00+00:00,5.2695466667,59.3978583333,2.7,60.72075978528591,0.183336868929069,0.0524249742820866,0.00580250689084531,2.5849663561174796,0.0540133552689163,0.00670317465429113,No (reported postion),anchor,2021-05-26 04:00:00
2021-05-26 05:00:00+00:00,5.3280416667,59.31167,8.1,553.70051420272,0.45253355268916196,0.47947430561633797,0.0251407529271757,11.0680102840544,0.167605019514505,0.00838025097572523,No (reported postion),cruise,2021-05-26 05:00:00
2021-05-26 06:00:00+00:00,5.3249283333,59.1651833333,9.1,767.679763865147,0.6281396238406981,0.664836269609626,0.034896645768927696,15.3475952773029,0.232644305126185,0.0116322152563092,No (reported postion),cruise,2021-05-26 06:00:00
2021-05-26 07:00:00+00:00,5.2564433333,59.1479416667,0.6,41.968074181457204,0.034056371675490506,0.036180246631353497,0.0018439232580614,0.848467669202935,0.0124610519096726,0.0006669758535450329,No (reported postion),anchor,2021-05-26 07:00:00
2021-05-26 08:00:00+00:00,5.2570783333,59.1475216667,0.0,41.76,0.0324,0.036,0.0018,0.8292,0.012,0.0006,No (reported postion),anchor,2021-05-26 08:00:00
2021-05-26 09:00:00+00:00,5.25707771601852,59.1475216049704,0.0,41.76,0.0324,0.036,0.0018,0.8292,0.012,0.0006,Linear (small gap),anchor,2021-05-26 09:00:00
2021-05-26 10:00:00+00:00,5.25707709873704,59.1475215432407,0.0,41.76,0.0324,0.036,0.0018,0.8292,0.012,0.0006,Linear (small gap),anchor,2021-05-26 10:00:00
2021-05-26 11:00:00+00:00,5.25707648145556,59.1475214815111,0.0,41.76,0.0324,0.036,0.0018,0.8292,0.012,0.0006,Linear (small gap),anchor,2021-05-26 11:00:00
2021-05-26 12:00:00+00:00,5.25707586417407,59.1475214197815,0.0,41.76,0.0324,0.036,0.0018,0.8292,0.012,0.0006,Linear (small gap),anchor,2021-05-26 12:00:00
2021-05-26 13:00:00+00:00,5.25707524689259,59.1475213580519,0.0,41.76,0.0324,0.036,0.0018,0.8292,0.012,0.0006,Linear (small gap),anchor,2021-05-26 13:00:00
2021-05-26 14:00:00+00:00,5.25707462961111,59.1475212963222,0.0,41.76,0.0324,0.036,0.0018,0.8292,0.012,0.0006,Linear (small gap),anchor,2021-05-26 14:00:00
2021-05-26 15:00:00+00:00,5.25707401232963,59.1475212345926,0.0,41.76,0.0324,0.036,0.0018,0.8292,0.012,0.0006,Linear (small gap),anchor,2021-05-26 15:00:00
2021-05-26 16:00:00+00:00,5.25707339504815,59.147521172863,0.0,41.76,0.0324,0.036,0.0018,0.8292,0.012,0.0006,Linear (small gap),anchor,2021-05-26 16:00:00
2021-05-26 17:00:00+00:00,5.25707277776667,59.1475211111333,0.0,41.76,0.0324,0.036,0.0018,0.8292,0.012,0.0006,Linear (small gap),anchor,2021-05-26 17:00:00
2021-05-26 18:00:00+00:00,5.25707216048519,59.1475210494037,0.0,41.76,0.0324,0.036,0.0018,0.8292,0.012,0.0006,Linear (small gap),anchor,2021-05-26 18:00:00
2021-05-26 19:00:00+00:00,5.2570715432037,59.1475209876741,0.0,41.76,0.0324,0.036,0.0018,0.8292,0.012,0.0006,Linear (small gap),anchor,2021-05-26 19:00:00
2021-05-26 20:00:00+00:00,5.25707092592222,59.1475209259444,0.0,41.76,0.0324,0.036,0.0018,0.8292,0.012,0.0006,Linear (small gap),anchor,2021-05-26 20:00:00
2021-05-26 21:00:00+00:00,5.25707030864074,59.1475208642148,0.0,41.76,0.0324,0.036,0.0018,0.8292,0.012,0.0006,Linear (small gap),anchor,2021-05-26 21:00:00
2021-05-26 22:00:00+00:00,5.25706969135926,59.1475208024852,0.0,41.76,0.0324,0.036,0.0018,0.8292,0.012,0.0006,Linear (small gap),anchor,2021-05-26 22:00:00
2021-05-26 23:00:00+00:00,5.25706907407778,59.1475207407556,0.0,41.76,0.0324,0.036,0.0018,0.8292,0.012,0.0006,Linear (small gap),anchor,2021-05-26 23:00:00
2021-05-27 00:00:00+00:00,5.2570684567963,59.1475206790259,0.0,41.76,0.0324,0.036,0.0018,0.8292,0.012,0.0006,Linear (small gap),anchor,2021-05-27 00:00:00
2021-05-27 01:00:00+00:00,5.25706783951482,59.1475206172963,0.0,41.76,0.0324,0.036,0.0018,0.8292,0.012,0.0006,Linear (small gap),anchor,2021-05-27 01:00:00
2021-05-27 02:00:00+00:00,5.25706722223333,59.1475205555667,0.0,41.76,0.0324,0.036,0.0018,0.8292,0.012,0.0006,Linear (small gap),anchor,2021-05-27 02:00:00
2021-05-27 03:00:00+00:00,5.25706660495185,59.147520493837,0.0,41.76,0.0324,0.036,0.0018,0.8292,0.012,0.0006,Linear (small gap),anchor,2021-05-27 03:00:00
2021-05-27 04:00:00+00:00,5.25706598767037,59.1475204321074,0.0,41.76,0.0324,0.036,0.0018,0.8292,0.012,0.0006,Linear (small gap),anchor,2021-05-27 04:00:00
2021-05-27 05:00:00+00:00,5.25706537038889,59.1475203703778,0.0,41.76,0.0324,0.036,0.0018,0.8292,0.012,0.0006,Linear (small gap),anchor,2021-05-27 05:00:00
2021-05-27 06:00:00+00:00,5.25706475310741,59.1475203086481,0.0,41.76,0.0324,0.036,0.0018,0.8292,0.012,0.0006,Linear (small gap),anchor,2021-05-27 06:00:00
2021-05-27 07:00:00+00:00,5.25706413582593,59.1475202469185,0.0,41.76,0.0324,0.036,0.0018,0.8292,0.012,0.0006,Linear (small gap),anchor,2021-05-27 07:00:00
2021-05-27 08:00:00+00:00,5.25706351854444,59.1475201851889,0.0,41.76,0.0324,0.036,0.0018,0.8292,0.012,0.0006,Linear (small gap),anchor,2021-05-27 08:00:00
2021-05-27 11:00:00+00:00,5.2570616667,59.14752,0.0,41.76,0.0324,0.036,0.0018,0.8292,0.012,0.0006,No (reported postion),anchor,2021-05-27 11:00:00
2021-05-27 12:00:00+00:00,5.25707,59.1475366667,0.0,41.76,0.0324,0.036,0.0018,0.8292,0.012,0.0006,No (reported postion),anchor,2021-05-27 12:00:00
2021-05-27 13:00:00+00:00,5.2570633333,59.1475216667,0.0,41.76,0.0324,0.036,0.0018,0.8292,0.012,0.0006,No (reported postion),anchor,2021-05-27 13:00:00
2021-05-27 14:00:00+00:00,5.25706,59.14751,0.0,41.76,0.0324,0.036,0.0018,0.8292,0.012,0.0006,No (reported postion),anchor,2021-05-27 14:00:00
2021-05-27 15:00:00+00:00,5.2570883333,59.1475233333,0.0,41.76,0.0324,0.036,0.0018,0.8292,0.012,0.0006,No (reported postion),anchor,2021-05-27 15:00:00
2021-05-27 16:00:00+00:00,5.2570883333,59.1475266667,0.0,41.76,0.0324,0.036,0.0018,0.8292,0.012,0.0006,No (reported postion),anchor,2021-05-27 16:00:00
2021-05-27 17:00:00+00:00,5.2570716667,59.1475283333,0.0,41.76,0.0324,0.036,0.0018,0.8292,0.012,0.0006,No (reported postion),anchor,2021-05-27 17:00:00
2021-05-27 18:00:00+00:00,5.2570866667,59.147545,0.0,41.76,0.0324,0.036,0.0018,0.8292,0.012,0.0006,No (reported postion),anchor,2021-05-27 18:00:00
2021-05-27 19:00:00+00:00,5.2570583333,59.1475133333,0.0,41.76,0.0324,0.036,0.0018,0.8292,0.012,0.0006,No (reported postion),anchor,2021-05-27 19:00:00
2021-05-27 20:00:00+00:00,5.257065,59.1475233333,0.0,41.76,0.0324,0.036,0.0018,0.8292,0.012,0.0006,No (reported postion),anchor,2021-05-27 20:00:00
2021-05-27 21:00:00+00:00,5.2570716667,59.1475333333,0.0,41.76,0.0324,0.036,0.0018,0.8292,0.012,0.0006,No (reported postion),anchor,2021-05-27 21:00:00
2021-05-27 22:00:00+00:00,5.25706,59.1475333333,0.0,41.76,0.0324,0.036,0.0018,0.8292,0.012,0.0006,No (reported postion),anchor,2021-05-27 22:00:00
2021-05-27 23:00:00+00:00,5.2570883333,59.1475283333,0.0,41.76,0.0324,0.036,0.0018,0.8292,0.012,0.0006,No (reported postion),anchor,2021-05-27 23:00:00
2021-05-28 00:00:00+00:00,5.2570766667,59.1475366667,0.0,41.76,0.0324,0.036,0.0018,0.8292,0.012,0.0006,No (reported postion),anchor,2021-05-28 00:00:00
2021-05-28 01:00:00+00:00,5.25709,59.1475383333,0.0,41.76,0.0324,0.036,0.0018,0.8292,0.012,0.0006,No (reported postion),anchor,2021-05-28 01:00:00
2021-05-28 02:00:00+00:00,5.257065,59.1475216667,0.0,41.76,0.0324,0.036,0.0018,0.8292,0.012,0.0006,No (reported postion),anchor,2021-05-28 02:00:00
2021-05-28 03:00:00+00:00,5.2570766667,59.147515,0.0,41.76,0.0324,0.036,0.0018,0.8292,0.012,0.0006,No (reported postion),anchor,2021-05-28 03:00:00
2021-05-28 04:00:00+00:00,5.25708,59.1475183333,0.0,41.76,0.0324,0.036,0.0018,0.8292,0.012,0.0006,No (reported postion),anchor,2021-05-28 04:00:00
2021-05-28 05:00:00+00:00,5.257075,59.1475333333,0.0,41.76,0.0324,0.036,0.0018,0.8292,0.012,0.0006,No (reported postion),anchor,2021-05-28 05:00:00
2021-05-28 06:00:00+00:00,5.2570816667,59.1475283333,0.0,41.76,0.0324,0.036,0.0018,0.8292,0.012,0.0006,No (reported postion),anchor,2021-05-28 06:00:00
2021-05-28 07:00:00+00:00,5.2570716667,59.14752,0.0,41.76,0.0324,0.036,0.0018,0.8292,0.012,0.0006,No (reported postion),anchor,2021-05-28 07:00:00
2021-05-28 08:00:00+00:00,5.25709,59.1475283333,0.0,41.76,0.0324,0.036,0.0018,0.8292,0.012,0.0006,No (reported postion),anchor,2021-05-28 08:00:00
2021-05-28 09:00:00+00:00,5.257065,59.1475283333,0.0,41.76,0.0324,0.036,0.0018,0.8292,0.012,0.0006,No (reported postion),anchor,2021-05-28 09:00:00
2021-05-28 10:00:00+00:00,5.2570766667,59.147515,0.0,41.76,0.0324,0.036,0.0018,0.8292,0.012,0.0006,No (reported postion),anchor,2021-05-28 10:00:00
2021-05-28 11:00:00+00:00,5.257065,59.14752333335,0.0,41.76,0.0324,0.036,0.0018,0.8292,0.012,0.0006,Linear (small gap),anchor,2021-05-28 11:00:00
2021-05-28 12:00:00+00:00,5.2570533333,59.1475316667,0.0,41.76,0.0324,0.036,0.0018,0.8292,0.012,0.0006,No (reported postion),anchor,2021-05-28 12:00:00
2021-05-28 13:00:00+00:00,5.2570583333,59.1475166667,0.0,41.76,0.0324,0.036,0.0018,0.8292,0.012,0.0006,No (reported postion),anchor,2021-05-28 13:00:00
2021-05-28 14:00:00+00:00,5.2570516667,59.14752,0.0,41.76,0.0324,0.036,0.0018,0.8292,0.012,0.0006,No (reported postion),anchor,2021-05-28 14:00:00
2021-05-28 15:00:00+00:00,5.2570816667,59.1475166667,0.0,41.76,0.0324,0.036,0.0018,0.8292,0.012,0.0006,No (reported postion),anchor,2021-05-28 15:00:00
2021-05-28 16:00:00+00:00,5.2570883333,59.14752,0.0,41.76,0.0324,0.036,0.0018,0.8292,0.012,0.0006,No (reported postion),anchor,2021-05-28 16:00:00
2021-05-28 17:00:00+00:00,5.257065,59.1475316667,0.0,41.76,0.0324,0.036,0.0018,0.8292,0.012,0.0006,No (reported postion),anchor,2021-05-28 17:00:00
2021-05-28 18:00:00+00:00,5.257075,59.1475216667,0.0,41.76,0.0324,0.036,0.0018,0.8292,0.012,0.0006,No (reported postion),anchor,2021-05-28 18:00:00
2021-05-28 19:00:00+00:00,5.257065,59.1475083333,0.0,41.76,0.0324,0.036,0.0018,0.8292,0.012,0.0006,No (reported postion),anchor,2021-05-28 19:00:00
2021-05-28 20:00:00+00:00,5.257055,59.1475333333,0.0,41.76,0.0324,0.036,0.0018,0.8292,0.012,0.0006,No (reported postion),anchor,2021-05-28 20:00:00
2021-05-28 21:00:00+00:00,5.2570616667,59.14753,0.0,41.76,0.0324,0.036,0.0018,0.8292,0.012,0.0006,No (reported postion),anchor,2021-05-28 21:00:00
2021-05-28 22:00:00+00:00,5.2570766667,59.1475166667,0.0,41.76,0.0324,0.036,0.0018,0.8292,0.012,0.0006,No (reported postion),anchor,2021-05-28 22:00:00
2021-05-28 23:00:00+00:00,5.2570683333,59.147525,0.0,41.76,0.0324,0.036,0.0018,0.8292,0.012,0.0006,No (reported postion),anchor,2021-05-28 23:00:00
2021-05-29 00:00:00+00:00,5.2570916667,59.1475366667,0.0,41.76,0.0324,0.036,0.0018,0.8292,0.012,0.0006,No (reported postion),anchor,2021-05-29 00:00:00
2021-05-29 01:00:00+00:00,5.2570816667,59.14756,0.0,41.76,0.0324,0.036,0.0018,0.8292,0.012,0.0006,No (reported postion),anchor,2021-05-29 01:00:00
2021-05-29 02:00:00+00:00,5.2570533333,59.1475166667,0.0,41.76,0.0324,0.036,0.0018,0.8292,0.012,0.0006,No (reported postion),anchor,2021-05-29 02:00:00
2021-05-29 03:00:00+00:00,5.2570566667,59.1475266667,0.0,41.76,0.0324,0.036,0.0018,0.8292,0.012,0.0006,No (reported postion),anchor,2021-05-29 03:00:00
2021-05-29 04:00:00+00:00,5.257065,59.1475283333,0.0,41.76,0.0324,0.036,0.0018,0.8292,0.012,0.0006,No (reported postion),anchor,2021-05-29 04:00:00
2021-05-29 05:00:00+00:00,5.257085,59.1475216667,0.0,41.76,0.0324,0.036,0.0018,0.8292,0.012,0.0006,No (reported postion),anchor,2021-05-29 05:00:00
2021-05-29 06:00:00+00:00,5.2570766667,59.147525,0.0,41.76,0.0324,0.036,0.0018,0.8292,0.012,0.0006,No (reported postion),anchor,2021-05-29 06:00:00
2021-05-29 07:00:00+00:00,5.257075,59.1475283333,0.0,41.76,0.0324,0.036,0.0018,0.8292,0.012,0.0006,No (reported postion),anchor,2021-05-29 07:00:00
2021-05-29 08:00:00+00:00,5.25709,59.1475266667,0.0,41.76,0.0324,0.036,0.0018,0.8292,0.012,0.0006,No (reported postion),anchor,2021-05-29 08:00:00
2021-05-29 09:00:00+00:00,5.257085,59.1475283333,0.0,41.76,0.0324,0.036,0.0018,0.8292,0.012,0.0006,No (reported postion),anchor,2021-05-29 09:00:00
2021-05-29 10:00:00+00:00,5.257085,59.1475366667,0.0,41.76,0.0324,0.036,0.0018,0.8292,0.012,0.0006,No (reported postion),anchor,2021-05-29 10:00:00
2021-05-29 11:00:00+00:00,5.25706,59.1475283333,0.0,41.76,0.0324,0.036,0.0018,0.8292,0.012,0.0006,No (reported postion),anchor,2021-05-29 11:00:00
2021-05-29 12:00:00+00:00,5.2570633333,59.14754,0.0,41.76,0.0324,0.036,0.0018,0.8292,0.012,0.0006,No (reported postion),anchor,2021-05-29 12:00:00
2021-05-29 13:00:00+00:00,5.2570633333,59.1475133333,0.0,41.76,0.0324,0.036,0.0018,0.8292,0.012,0.0006,No (reported postion),anchor,2021-05-29 13:00:00
2021-05-29 14:00:00+00:00,5.2570566667,59.1475216667,0.0,41.76,0.0324,0.036,0.0018,0.8292,0.012,0.0006,No (reported postion),anchor,2021-05-29 14:00:00
2021-05-29 15:00:00+00:00,5.2570733333,59.1475233333,0.0,41.76,0.0324,0.036,0.0018,0.8292,0.012,0.0006,No (reported postion),anchor,2021-05-29 15:00:00
2021-05-29 16:00:00+00:00,5.2570883333,59.1475233333,0.0,41.76,0.0324,0.036,0.0018,0.8292,0.012,0.0006,No (reported postion),anchor,2021-05-29 16:00:00
2021-05-29 17:00:00+00:00,5.25707,59.1475316667,0.0,41.76,0.0324,0.036,0.0018,0.8292,0.012,0.0006,No (reported postion),anchor,2021-05-29 17:00:00
2021-05-29 18:00:00+00:00,5.2570833333,59.1475333333,0.0,41.76,0.0324,0.036,0.0018,0.8292,0.012,0.0006,No (reported postion),anchor,2021-05-29 18:00:00
2021-05-29 19:00:00+00:00,5.2570816667,59.147525,0.0,41.76,0.0324,0.036,0.0018,0.8292,0.012,0.0006,No (reported postion),anchor,2021-05-29 19:00:00
2021-05-29 20:00:00+00:00,5.2570616667,59.147535,0.0,41.76,0.0324,0.036,0.0018,0.8292,0.012,0.0006,No (reported postion),anchor,2021-05-29 20:00:00
2021-05-29 21:00:00+00:00,5.25706,59.14753,0.0,41.76,0.0324,0.036,0.0018,0.8292,0.012,0.0006,No (reported postion),anchor,2021-05-29 21:00:00
2021-05-29 22:00:00+00:00,5.2570683333,59.1475133333,0.0,41.76,0.0324,0.036,0.0018,0.8292,0.012,0.0006,No (reported postion),anchor,2021-05-29 22:00:00
2021-05-29 23:00:00+00:00,5.2570483333,59.1475333333,0.0,41.76,0.0324,0.036,0.0018,0.8292,0.012,0.0006,No (reported postion),anchor,2021-05-29 23:00:00
2021-05-30 00:00:00+00:00,5.25707,59.1475333333,0.0,41.76,0.0324,0.036,0.0018,0.8292,0.012,0.0006,No (reported postion),anchor,2021-05-30 00:00:00
2021-05-30 01:00:00+00:00,5.2570733333,59.1475383333,0.0,41.76,0.0324,0.036,0.0018,0.8292,0.012,0.0006,No (reported postion),anchor,2021-05-30 01:00:00
2021-05-30 02:00:00+00:00,5.2570616667,59.14753,0.0,41.76,0.0324,0.036,0.0018,0.8292,0.012,0.0006,No (reported postion),anchor,2021-05-30 02:00:00
2021-05-30 03:00:00+00:00,5.2570583333,59.14754,0.0,41.76,0.0324,0.036,0.0018,0.8292,0.012,0.0006,No (reported postion),anchor,2021-05-30 03:00:00
2021-05-30 04:00:00+00:00,5.25707,59.14753,0.0,41.76,0.0324,0.036,0.0018,0.8292,0.012,0.0006,No (reported postion),anchor,2021-05-30 04:00:00
2021-05-30 05:00:00+00:00,5.2570866667,59.1475116667,0.0,41.76,0.0324,0.036,0.0018,0.8292,0.012,0.0006,No (reported postion),anchor,2021-05-30 05:00:00
2021-05-30 06:00:00+00:00,5.2570816667,59.1475133333,0.0,41.76,0.0324,0.036,0.0018,0.8292,0.012,0.0006,No (reported postion),anchor,2021-05-30 06:00:00
2021-05-30 07:00:00+00:00,5.2570866667,59.14751,0.0,41.76,0.0324,0.036,0.0018,0.8292,0.012,0.0006,No (reported postion),anchor,2021-05-30 07:00:00
2021-05-30 08:00:00+00:00,5.2570683333,59.147535,0.0,41.76,0.0324,0.036,0.0018,0.8292,0.012,0.0006,No (reported postion),anchor,2021-05-30 08:00:00
2021-05-30 09:00:00+00:00,5.2570816667,59.1475266667,0.0,41.76,0.0324,0.036,0.0018,0.8292,0.012,0.0006,No (reported postion),anchor,2021-05-30 09:00:00
2021-05-30 10:00:00+00:00,5.25706,59.147535,0.0,41.76,0.0324,0.036,0.0018,0.8292,0.012,0.0006,No (reported postion),anchor,2021-05-30 10:00:00
2021-05-30 11:00:00+00:00,5.2570616667,59.147535,0.0,41.76,0.0324,0.036,0.0018,0.8292,0.012,0.0006,No (reported postion),anchor,2021-05-30 11:00:00
2021-05-30 12:00:00+00:00,5.2570466667,59.1475316667,0.0,41.76,0.0324,0.036,0.0018,0.8292,0.012,0.0006,No (reported postion),anchor,2021-05-30 12:00:00
2021-05-30 13:00:00+00:00,5.2570583333,59.1475183333,0.0,41.76,0.0324,0.036,0.0018,0.8292,0.012,0.0006,No (reported postion),anchor,2021-05-30 13:00:00
2021-05-30 14:00:00+00:00,5.2570683333,59.1475233333,0.0,41.76,0.0324,0.036,0.0018,0.8292,0.012,0.0006,No (reported postion),anchor,2021-05-30 14:00:00
2021-05-30 15:00:00+00:00,5.2570633333,59.147525,0.0,41.76,0.0324,0.036,0.0018,0.8292,0.012,0.0006,No (reported postion),anchor,2021-05-30 15:00:00
2021-05-30 16:00:00+00:00,5.257085,59.1475283333,0.0,41.76,0.0324,0.036,0.0018,0.8292,0.012,0.0006,No (reported postion),anchor,2021-05-30 16:00:00
2021-05-30 17:00:00+00:00,5.257065,59.1475333333,0.0,41.76,0.0324,0.036,0.0018,0.8292,0.012,0.0006,No (reported postion),anchor,2021-05-30 17:00:00
2021-05-30 18:00:00+00:00,5.2570666667,59.1475216667,0.0,41.76,0.0324,0.036,0.0018,0.8292,0.012,0.0006,No (reported postion),anchor,2021-05-30 18:00:00
2021-05-30 19:00:00+00:00,5.2570616667,59.147515,0.0,41.76,0.0324,0.036,0.0018,0.8292,0.012,0.0006,No (reported postion),anchor,2021-05-30 19:00:00
2021-05-30 20:00:00+00:00,5.25706,59.1475266667,0.0,41.76,0.0324,0.036,0.0018,0.8292,0.012,0.0006,No (reported postion),anchor,2021-05-30 20:00:00
2021-05-30 21:00:00+00:00,5.2570633333,59.1475266667,0.0,41.76,0.0324,0.036,0.0018,0.8292,0.012,0.0006,No (reported postion),anchor,2021-05-30 21:00:00
2021-05-30 22:00:00+00:00,5.257085,59.1475216667,0.0,41.76,0.0324,0.036,0.0018,0.8292,0.012,0.0006,No (reported postion),anchor,2021-05-30 22:00:00
2021-05-30 23:00:00+00:00,5.2570683333,59.1475166667,0.0,41.76,0.0324,0.036,0.0018,0.8292,0.012,0.0006,No (reported postion),anchor,2021-05-30 23:00:00
2021-05-31 00:00:00+00:00,5.257075,59.1475266667,0.0,41.76,0.0324,0.036,0.0018,0.8292,0.012,0.0006,No (reported postion),anchor,2021-05-31 00:00:00
2021-05-31 01:00:00+00:00,5.2570816667,59.14751,0.0,41.76,0.0324,0.036,0.0018,0.8292,0.012,0.0006,No (reported postion),anchor,2021-05-31 01:00:00
2021-05-31 02:00:00+00:00,5.2570716667,59.14752,0.0,41.76,0.0324,0.036,0.0018,0.8292,0.012,0.0006,No (reported postion),anchor,2021-05-31 02:00:00
2021-05-31 03:00:00+00:00,5.2570616667,59.14751,0.0,41.76,0.0324,0.036,0.0018,0.8292,0.012,0.0006,No (reported postion),anchor,2021-05-31 03:00:00
2021-05-31 04:00:00+00:00,5.2570766667,59.14752,0.0,41.76,0.0324,0.036,0.0018,0.8292,0.012,0.0006,No (reported postion),anchor,2021-05-31 04:00:00
2021-05-31 05:00:00+00:00,5.257065,59.14753,0.0,41.76,0.0324,0.036,0.0018,0.8292,0.012,0.0006,No (reported postion),anchor,2021-05-31 05:00:00
2021-05-31 06:00:00+00:00,5.2570583333,59.147545,0.0,41.76,0.0324,0.036,0.0018,0.8292,0.012,0.0006,No (reported postion),anchor,2021-05-31 06:00:00
2021-05-31 07:00:00+00:00,5.25705944443333,59.1475411111,0.0,41.76,0.0324,0.036,0.0018,0.8292,0.012,0.0006,Linear (small gap),anchor,2021-05-31 07:00:00
2021-05-31 08:00:00+00:00,5.25706055556667,59.1475372222,0.0,41.76,0.0324,0.036,0.0018,0.8292,0.012,0.0006,Linear (small gap),anchor,2021-05-31 08:00:00
2021-05-31 09:00:00+00:00,5.2570616667,59.1475333333,0.0,41.76,0.0324,0.036,0.0018,0.8292,0.012,0.0006,No (reported postion),anchor,2021-05-31 09:00:00
2021-05-31 10:00:00+00:00,5.2570616667,59.14752,0.0,41.76,0.0324,0.036,0.0018,0.8292,0.012,0.0006,No (reported postion),anchor,2021-05-31 10:00:00
2021-05-31 11:00:00+00:00,5.257065,59.1475333333,0.0,41.76,0.0324,0.036,0.0018,0.8292,0.012,0.0006,No (reported postion),anchor,2021-05-31 11:00:00
2021-05-31 12:00:00+00:00,5.2570533333,59.14754,0.0,41.76,0.0324,0.036,0.0018,0.8292,0.012,0.0006,No (reported postion),anchor,2021-05-31 12:00:00
2021-05-31 13:00:00+00:00,5.2570716667,59.1475066667,0.0,41.76,0.0324,0.036,0.0018,0.8292,0.012,0.0006,No (reported postion),anchor,2021-05-31 13:00:00
2021-05-31 14:00:00+00:00,5.25707,59.14752,0.0,41.76,0.0324,0.036,0.0018,0.8292,0.012,0.0006,No (reported postion),anchor,2021-05-31 14:00:00
2021-05-31 15:00:00+00:00,5.2570666667,59.1475333333,0.0,41.76,0.0324,0.036,0.0018,0.8292,0.012,0.0006,No (reported postion),anchor,2021-05-31 15:00:00
2021-05-31 16:00:00+00:00,5.2570783333,59.14754,0.0,41.76,0.0324,0.036,0.0018,0.8292,0.012,0.0006,No (reported postion),anchor,2021-05-31 16:00:00
2021-05-31 17:00:00+00:00,5.2570833333,59.1475333333,0.0,41.76,0.0324,0.036,0.0018,0.8292,0.012,0.0006,No (reported postion),anchor,2021-05-31 17:00:00
2021-05-31 18:00:00+00:00,5.2570633333,59.1475333333,0.0,41.76,0.0324,0.036,0.0018,0.8292,0.012,0.0006,No (reported postion),anchor,2021-05-31 18:00:00
2021-05-31 19:00:00+00:00,5.2570616667,59.1475333333,0.0,41.76,0.0324,0.036,0.0018,0.8292,0.012,0.0006,No (reported postion),anchor,2021-05-31 19:00:00
2021-05-31 20:00:00+00:00,5.2570466667,59.14754,0.0,41.76,0.0324,0.036,0.0018,0.8292,0.012,0.0006,No (reported postion),anchor,2021-05-31 20:00:00
2021-05-31 21:00:00+00:00,5.2570666667,59.14754,0.0,41.76,0.0324,0.036,0.0018,0.8292,0.012,0.0006,No (reported postion),anchor,2021-05-31 21:00:00
2021-05-31 22:00:00+00:00,5.2570833333,59.14752,0.0,41.76,0.0324,0.036,0.0018,0.8292,0.012,0.0006,No (reported postion),anchor,2021-05-31 22:00:00
2021-05-31 23:00:00+00:00,5.257065,59.1475333333,0.0,41.76,0.0324,0.036,0.0018,0.8292,0.012,0.0006,No (reported postion),anchor,2021-05-31 23:00:00
2021-06-01 00:00:00+00:00,5.257075,59.14754,0.0,41.76,0.0324,0.036,0.0018,0.8292,0.012,0.0006,No (reported postion),anchor,2021-06-01 00:00:00
2021-06-01 01:00:00+00:00,5.2570666667,59.14752,0.0,41.76,0.0324,0.036,0.0018,0.8292,0.012,0.0006,No (reported postion),anchor,2021-06-01 01:00:00
2021-06-01 02:00:00+00:00,5.2570583333,59.1475333333,0.0,41.76,0.0324,0.036,0.0018,0.8292,0.012,0.0006,No (reported postion),anchor,2021-06-01 02:00:00
2021-06-01 03:00:00+00:00,5.2570516667,59.14752,0.0,41.76,0.0324,0.036,0.0018,0.8292,0.012,0.0006,No (reported postion),anchor,2021-06-01 03:00:00
2021-06-01 04:00:00+00:00,5.2570766667,59.14752,0.0,41.76,0.0324,0.036,0.0018,0.8292,0.012,0.0006,No (reported postion),anchor,2021-06-01 04:00:00
2021-06-01 05:00:00+00:00,5.257075,59.14752,0.0,41.76,0.0324,0.036,0.0018,0.8292,0.012,0.0006,No (reported postion),anchor,2021-06-01 05:00:00
2021-06-01 06:00:00+00:00,5.2570766667,59.14754,0.0,41.76,0.0324,0.036,0.0018,0.8292,0.012,0.0006,No (reported postion),anchor,2021-06-01 06:00:00
2021-06-01 07:00:00+00:00,5.25707,59.14754,0.0,41.76,0.0324,0.036,0.0018,0.8292,0.012,0.0006,No (reported postion),anchor,2021-06-01 07:00:00
2021-06-01 08:00:00+00:00,5.2570566667,59.1475333333,0.0,41.76,0.0324,0.036,0.0018,0.8292,0.012,0.0006,No (reported postion),anchor,2021-06-01 08:00:00
2021-06-01 09:00:00+00:00,5.2570833333,59.14754,0.0,41.76,0.0324,0.036,0.0018,0.8292,0.012,0.0006,No (reported postion),anchor,2021-06-01 09:00:00
2021-06-01 10:00:00+00:00,5.2570583333,59.1475333333,0.0,41.76,0.0324,0.036,0.0018,0.8292,0.012,0.0006,No (reported postion),anchor,2021-06-01 10:00:00
2021-06-01 11:00:00+00:00,5.2570716667,59.14754,0.0,41.76,0.0324,0.036,0.0018,0.8292,0.012,0.0006,No (reported postion),anchor,2021-06-01 11:00:00
2021-06-01 12:00:00+00:00,5.257025,59.14752,0.0,41.76,0.0324,0.036,0.0018,0.8292,0.012,0.0006,No (reported postion),anchor,2021-06-01 12:00:00
2021-06-01 13:00:00+00:00,5.25707,59.14752,0.0,41.76,0.0324,0.036,0.0018,0.8292,0.012,0.0006,No (reported postion),anchor,2021-06-01 13:00:00
2021-06-01 14:00:00+00:00,5.2570716667,59.1475333333,0.0,41.76,0.0324,0.036,0.0018,0.8292,0.012,0.0006,No (reported postion),anchor,2021-06-01 14:00:00
2021-06-01 15:00:00+00:00,5.25708,59.14752,0.0,41.76,0.0324,0.036,0.0018,0.8292,0.012,0.0006,No (reported postion),anchor,2021-06-01 15:00:00
2021-06-01 16:00:00+00:00,5.2570783333,59.14754,0.0,41.76,0.0324,0.036,0.0018,0.8292,0.012,0.0006,No (reported postion),anchor,2021-06-01 16:00:00
2021-06-01 17:00:00+00:00,5.2570666667,59.14754,0.0,41.76,0.0324,0.036,0.0018,0.8292,0.012,0.0006,No (reported postion),anchor,2021-06-01 17:00:00
2021-06-01 18:00:00+00:00,5.257075,59.1475333333,0.0,41.76,0.0324,0.036,0.0018,0.8292,0.012,0.0006,No (reported postion),anchor,2021-06-01 18:00:00
2021-06-01 19:00:00+00:00,5.2570666667,59.1475333333,0.0,41.76,0.0324,0.036,0.0018,0.8292,0.012,0.0006,No (reported postion),anchor,2021-06-01 19:00:00
2021-06-01 20:00:00+00:00,5.2570583333,59.1475333333,0.0,41.76,0.0324,0.036,0.0018,0.8292,0.012,0.0006,No (reported postion),anchor,2021-06-01 20:00:00
2021-06-01 21:00:00+00:00,5.2570833333,59.1475333333,0.0,41.76,0.0324,0.036,0.0018,0.8292,0.012,0.0006,No (reported postion),anchor,2021-06-01 21:00:00
2021-06-01 22:00:00+00:00,5.2570933333,59.14752,0.0,41.76,0.0324,0.036,0.0018,0.8292,0.012,0.0006,No (reported postion),anchor,2021-06-01 22:00:00
2021-06-01 23:00:00+00:00,5.2570583333,59.14752,0.0,41.76,0.0324,0.036,0.0018,0.8292,0.012,0.0006,No (reported postion),anchor,2021-06-01 23:00:00
2021-06-02 00:00:00+00:00,5.2570716667,59.14754,0.0,41.76,0.0324,0.036,0.0018,0.8292,0.012,0.0006,No (reported postion),anchor,2021-06-02 00:00:00
2021-06-02 01:00:00+00:00,5.25708,59.1475066667,0.0,41.76,0.0324,0.036,0.0018,0.8292,0.012,0.0006,No (reported postion),anchor,2021-06-02 01:00:00
2021-06-02 02:00:00+00:00,5.2570716667,59.14752,0.0,41.76,0.0324,0.036,0.0018,0.8292,0.012,0.0006,No (reported postion),anchor,2021-06-02 02:00:00
2021-06-02 03:00:00+00:00,5.2570633333,59.1475333333,0.0,41.76,0.0324,0.036,0.0018,0.8292,0.012,0.0006,No (reported postion),anchor,2021-06-02 03:00:00
2021-06-02 04:00:00+00:00,5.2570766667,59.1475333333,0.0,41.76,0.0324,0.036,0.0018,0.8292,0.012,0.0006,No (reported postion),anchor,2021-06-02 04:00:00
2021-06-02 05:00:00+00:00,5.2570833333,59.1475333333,0.0,41.76,0.0324,0.036,0.0018,0.8292,0.012,0.0006,No (reported postion),anchor,2021-06-02 05:00:00
2021-06-02 06:00:00+00:00,5.2570983333,59.1475066667,0.0,41.76,0.0324,0.036,0.0018,0.8292,0.012,0.0006,No (reported postion),anchor,2021-06-02 06:00:00
2021-06-02 07:00:00+00:00,5.2570383333,59.14758,0.0,41.76,0.0324,0.036,0.0018,0.8292,0.012,0.0006,No (reported postion),anchor,2021-06-02 07:00:00
2021-06-02 08:00:00+00:00,5.2570533333,59.14754,0.0,41.76,0.0324,0.036,0.0018,0.8292,0.012,0.0006,No (reported postion),anchor,2021-06-02 08:00:00
2021-06-02 09:00:00+00:00,5.2570033333,59.1475333333,0.0,41.76,0.0324,0.036,0.0018,0.8292,0.012,0.0006,No (reported postion),anchor,2021-06-02 09:00:00
2021-06-02 10:00:00+00:00,5.2570583333,59.1475333333,0.0,41.76,0.0324,0.036,0.0018,0.8292,0.012,0.0006,No (reported postion),anchor,2021-06-02 10:00:00
2021-06-02 11:00:00+00:00,5.2570383333,59.1475533333,0.0,41.76,0.0324,0.036,0.0018,0.8292,0.012,0.0006,No (reported postion),anchor,2021-06-02 11:00:00
2021-06-02 12:00:00+00:00,5.25702,59.14754,0.0,41.76,0.0324,0.036,0.0018,0.8292,0.012,0.0006,No (reported postion),anchor,2021-06-02 12:00:00
2021-06-02 13:00:00+00:00,5.2606616667,59.1474066667,2.4,55.076747613259805,0.13840778723139,0.0475357844066232,0.0046110885159297696,2.06233082898786,0.0415073222190468,0.004886454626882111,No (reported postion),anchor,2021-06-02 13:00:00
2021-06-02 14:00:00+00:00,5.3436633333,59.2500066667,11.4,1009.6648399999999,0.8267291999999999,0.8744586000000001,0.0459294,20.1872968,0.306196,0.015309799999999998,No (reported postion),cruise,2021-06-02 14:00:00
2021-06-02 15:00:00+00:00,5.2355366667,59.41782,10.7,1009.6648399999999,0.8267291999999999,0.8744586000000001,0.0459294,20.1872968,0.306196,0.015309799999999998,No (reported postion),cruise,2021-06-02 15:00:00
2021-06-02 16:00:00+00:00,5.265665,59.5939466667,11.4,1009.6648399999999,0.8267291999999999,0.8744586000000001,0.0459294,20.1872968,0.306196,0.015309799999999998,No (reported postion),cruise,2021-06-02 16:00:00
2021-06-02 17:00:00+00:00,5.486965,59.7379733333,10.8,1009.6648399999999,0.8267291999999999,0.8744586000000001,0.0459294,20.1872968,0.306196,0.015309799999999998,No (reported postion),cruise,2021-06-02 17:00:00
2021-06-02 18:00:00+00:00,5.5144,59.9103,11.0,1009.6648399999999,0.8267291999999999,0.8744586000000001,0.0459294,20.1872968,0.306196,0.015309799999999998,No (reported postion),cruise,2021-06-02 18:00:00
2021-06-02 19:00:00+00:00,5.32294,60.0534733333,11.1,1009.6648399999999,0.8267291999999999,0.8744586000000001,0.0459294,20.1872968,0.306196,0.015309799999999998,No (reported postion),cruise,2021-06-02 19:00:00
2021-06-02 20:00:00+00:00,5.1848383333,60.21254,11.1,1009.6648399999999,0.8267291999999999,0.8744586000000001,0.0459294,20.1872968,0.306196,0.015309799999999998,No (reported postion),cruise,2021-06-02 20:00:00
2021-06-02 21:00:00+00:00,5.1753383333,60.3787866667,10.3,1009.6648399999999,0.8267291999999999,0.8744586000000001,0.0459294,20.1872968,0.306196,0.015309799999999998,No (reported postion),cruise,2021-06-02 21:00:00
2021-06-02 22:00:00+00:00,5.2695183333,60.39426,0.0,41.76,0.0324,0.036,0.0018,0.8292,0.012,0.0006,No (reported postion),anchor,2021-06-02 22:00:00
2021-06-02 23:00:00+00:00,5.2695466667,60.3942933333,0.0,41.76,0.0324,0.036,0.0018,0.8292,0.012,0.0006,No (reported postion),anchor,2021-06-02 23:00:00
2021-06-03 00:00:00+00:00,5.2695333333,60.3943066667,0.0,41.76,0.0324,0.036,0.0018,0.8292,0.012,0.0006,No (reported postion),anchor,2021-06-03 00:00:00
2021-06-03 01:00:00+00:00,5.2695333333,60.39426,0.0,41.76,0.0324,0.036,0.0018,0.8292,0.012,0.0006,No (reported postion),anchor,2021-06-03 01:00:00
2021-06-03 02:00:00+00:00,5.269515,60.3942733333,0.0,41.76,0.0324,0.036,0.0018,0.8292,0.012,0.0006,No (reported postion),anchor,2021-06-03 02:00:00
2021-06-03 03:00:00+00:00,5.2695016667,60.39426,0.0,41.76,0.0324,0.036,0.0018,0.8292,0.012,0.0006,No (reported postion),anchor,2021-06-03 03:00:00
2021-06-03 04:00:00+00:00,5.26954,60.3942733333,0.0,41.76,0.0324,0.036,0.0018,0.8292,0.012,0.0006,No (reported postion),anchor,2021-06-03 04:00:00
2021-06-03 05:00:00+00:00,5.2695216667,60.39426,0.1,41.760963306395595,0.0324076683873865,0.036000834475145196,0.00180020334841695,0.8292892021722359,0.0120021344995818,0.000600310073396042,No (reported postion),anchor,2021-06-03 05:00:00
2021-06-03 06:00:00+00:00,5.269525,60.39426,0.1,41.760963306395595,0.0324076683873865,0.036000834475145196,0.00180020334841695,0.8292892021722359,0.0120021344995818,0.000600310073396042,No (reported postion),anchor,2021-06-03 06:00:00
2021-06-03 07:00:00+00:00,5.269525,60.3942733333,0.0,41.76,0.0324,0.036,0.0018,0.8292,0.012,0.0006,No (reported postion),anchor,2021-06-03 07:00:00
2021-06-03 08:00:00+00:00,5.26952,60.3942933333,0.1,41.760963306395595,0.0324076683873865,0.036000834475145196,0.00180020334841695,0.8292892021722359,0.0120021344995818,0.000600310073396042,No (reported postion),anchor,2021-06-03 08:00:00
2021-06-03 09:00:00+00:00,5.2695116667,60.3942733333,0.0,41.76,0.0324,0.036,0.0018,0.8292,0.012,0.0006,No (reported postion),anchor,2021-06-03 09:00:00
2021-06-03 10:00:00+00:00,5.269515,60.39428,0.1,41.760963306395595,0.0324076683873865,0.036000834475145196,0.00180020334841695,0.8292892021722359,0.0120021344995818,0.000600310073396042,No (reported postion),anchor,2021-06-03 10:00:00
2021-06-03 11:00:00+00:00,5.2689116667,60.3946466667,1.8,47.378002899344,0.0771220352382428,0.0408666590465442,0.0029859279676578703,1.34942706847925,0.024448401561160397,0.00240834804571589,No (reported postion),anchor,2021-06-03 11:00:00
2021-06-03 12:00:00+00:00,5.1954133333,60.3068333333,9.7,920.943738023485,0.753918569198605,0.797602934154083,0.041884364955477996,18.4128747604697,0.279229099703187,0.0139614549851593,No (reported postion),cruise,2021-06-03 12:00:00
2021-06-03 13:00:00+00:00,5.2478666667,60.16542,9.8,948.4162731206029,0.776464418670404,0.821401330818759,0.0431369121483558,18.9623254624121,0.287579414322372,0.0143789707161186,No (reported postion),cruise,2021-06-03 13:00:00
2021-06-03 14:00:00+00:00,5.3306966667,60.0043533333,10.0,1005.06639563511,0.8229554006731931,0.870475145155037,0.045719744481844,20.095327912702302,0.304798296545627,0.0152399148272813,No (reported postion),cruise,2021-06-03 14:00:00
2021-06-03 15:00:00+00:00,5.534095,59.8830666667,9.6,894.031847248627,0.731832822969998,0.774290202023887,0.040657379053888804,17.874636944972497,0.271049193692592,0.0135524596846296,No (reported postion),cruise,2021-06-03 15:00:00
2021-06-03 16:00:00+00:00,5.4771116667,59.7318666667,10.2,1009.6648399999999,0.8267291999999999,0.8744586000000001,0.0459294,20.1872968,0.306196,0.015309799999999998,No (reported postion),cruise,2021-06-03 16:00:00
2021-06-03 17:00:00+00:00,5.26995,59.5974666667,10.2,1009.6648399999999,0.8267291999999999,0.8744586000000001,0.0459294,20.1872968,0.306196,0.015309799999999998,No (reported postion),cruise,2021-06-03 17:00:00
2021-06-03 18:00:00+00:00,5.2256233333,59.4410266667,10.1,1009.6648399999999,0.8267291999999999,0.8744586000000001,0.0459294,20.1872968,0.306196,0.015309799999999998,No (reported postion),cruise,2021-06-03 18:00:00
2021-06-03 19:00:00+00:00,5.332205,59.2836266667,10.0,1005.06639563511,0.8229554006731931,0.870475145155037,0.045719744481844,20.095327912702302,0.304798296545627,0.0152399148272813,No (reported postion),cruise,2021-06-03 19:00:00
2021-06-03 20:00:00+00:00,5.33101,59.1180933333,10.6,1009.6648399999999,0.8267291999999999,0.8744586000000001,0.0459294,20.1872968,0.306196,0.015309799999999998,No (reported postion),cruise,2021-06-03 20:00:00
2021-06-03 21:00:00+00:00,5.3036583333,58.9529733333,9.9,976.4552323783539,0.799475114717798,0.845690398868787,0.044415284150988804,19.5231046475671,0.296101894339925,0.014805094716996299,No (reported postion),cruise,2021-06-03 21:00:00
2021-06-03 22:00:00+00:00,5.359945,58.8103933333,8.0,534.9728745651779,0.437164365144675,0.46325127431937896,0.0242869091747041,10.6934574913036,0.161912727831361,0.00809563639156805,No (reported postion),cruise,2021-06-03 22:00:00
2021-06-03 23:00:00+00:00,5.452025,58.68786,7.8,498.898976661434,0.407559646500265,0.432001849083613,0.022642202583348103,9.97197953322868,0.15094801722232,0.00754740086111602,No (reported postion),cruise,2021-06-03 23:00:00
2021-06-04 00:00:00+00:00,5.561755,58.57688,7.6,464.628388330319,0.379434847565916,0.40231456131957705,0.021079713753661997,9.286567766606389,0.14053142502441301,0.00702657125122066,No (reported postion),cruise,2021-06-04 00:00:00
2021-06-04 01:00:00+00:00,5.7103583333,58.4759466667,8.5,633.350540219414,0.517899835438425,0.5484720485183371,0.0287722130799125,12.6610108043883,0.19181475386608302,0.009590737693304159,No (reported postion),cruise,2021-06-04 01:00:00
2021-06-04 02:00:00+00:00,5.90296,58.3813,8.3,592.566074041014,0.48442930088472297,0.513142039822763,0.0269127389380402,11.8453214808203,0.179418259586934,0.00897091297934672,No (reported postion),cruise,2021-06-04 02:00:00
2021-06-04 03:00:00+00:00,6.0990183333,58.2840066667,8.6,654.476812782087,0.5352375059305879,0.566772922926732,0.0297354169961438,13.0835362556417,0.198236113307625,0.00991180566538127,No (reported postion),cruise,2021-06-04 03:00:00
2021-06-04 04:00:00+00:00,6.2909183333,58.1890933333,7.7,501.53121138750697,0.409719839132605,0.43428205241774903,0.0227622132851447,10.0246242277501,0.15174808856763097,0.00758740442838157,No (reported postion),cruise,2021-06-04 04:00:00
2021-06-04 05:00:00+00:00,6.4729916667,58.0986866667,8.1,553.70051420272,0.45253355268916196,0.47947430561633797,0.0251407529271757,11.0680102840544,0.167605019514505,0.00838025097572523,No (reported postion),cruise,2021-06-04 05:00:00
2021-06-04 06:00:00+00:00,6.6811316667,58.0247533333,8.6,654.476812782087,0.5352375059305879,0.566772922926732,0.0297354169961438,13.0835362556417,0.198236113307625,0.00991180566538127,No (reported postion),cruise,2021-06-04 06:00:00
2021-06-04 07:00:00+00:00,6.9376266667,57.96762,8.9,720.86114642449,0.5897170502571799,0.624279108604801,0.0327620583476211,14.411222928489801,0.218413722317474,0.0109206861158737,No (reported postion),cruise,2021-06-04 07:00:00
2021-06-04 08:00:00+00:00,7.20578,57.9296533333,8.8,698.2263360462521,0.571141370007562,0.6046714461190931,0.031730076111531204,13.958526720924999,0.21153384074354198,0.0105766920371771,No (reported postion),cruise,2021-06-04 08:00:00
2021-06-04 09:00:00+00:00,7.4719566667,57.9221466667,8.3,592.566074041014,0.48442930088472297,0.513142039822763,0.0269127389380402,11.8453214808203,0.179418259586934,0.00897091297934672,No (reported postion),cruise,2021-06-04 09:00:00
2021-06-04 10:00:00+00:00,7.7336933333,57.9059,8.2,597.038880782565,0.488099993347394,0.517016659644471,0.027116666297077402,11.9347776156513,0.18077777531384998,0.00903888876569248,No (reported postion),cruise,2021-06-04 10:00:00
2021-06-04 11:00:00+00:00,8.0054383333,57.8899333333,9.3,851.822344404503,0.697192805438346,0.73772573907381,0.0387329336354637,17.0304468880901,0.258219557569758,0.0129109778784879,No (reported postion),cruise,2021-06-04 11:00:00
2021-06-04 12:00:00+00:00,8.307545,57.8721933333,10.3,1009.6648399999999,0.8267291999999999,0.8744586000000001,0.0459294,20.1872968,0.306196,0.015309799999999998,No (reported postion),cruise,2021-06-04 12:00:00
2021-06-04 13:00:00+00:00,8.629255,57.8595133333,10.3,1009.6648399999999,0.8267291999999999,0.8744586000000001,0.0459294,20.1872968,0.306196,0.015309799999999998,No (reported postion),cruise,2021-06-04 13:00:00
2021-06-04 14:00:00+00:00,8.9414666667,57.84088,10.3,1009.6648399999999,0.8267291999999999,0.8744586000000001,0.0459294,20.1872968,0.306196,0.015309799999999998,No (reported postion),cruise,2021-06-04 14:00:00
2021-06-04 15:00:00+00:00,9.2756866667,57.8265933333,10.8,1009.6648399999999,0.8267291999999999,0.8744586000000001,0.0459294,20.1872968,0.306196,0.015309799999999998,No (reported postion),cruise,2021-06-04 15:00:00
2021-06-04 16:00:00+00:00,9.5972133333,57.8152533333,10.0,1009.6648399999999,0.8267291999999999,0.8744586000000001,0.0459294,20.1872968,0.306196,0.015309799999999998,No (reported postion),cruise,2021-06-04 16:00:00
2021-06-04 17:00:00+00:00,9.9012233333,57.815,10.0,1009.6648399999999,0.8267291999999999,0.8744586000000001,0.0459294,20.1872968,0.306196,0.015309799999999998,No (reported postion),cruise,2021-06-04 17:00:00
2021-06-04 18:00:00+00:00,10.2127216667,57.8039866667,9.9,1018.94137930464,0.8343421653867891,0.882494507908277,0.0463523425214883,20.3728275860929,0.309015616809922,0.015450780840496099,No (reported postion),cruise,2021-06-04 18:00:00
2021-06-04 19:00:00+00:00,10.5168816667,57.8021666667,9.6,894.031847248627,0.731832822969998,0.774290202023887,0.040657379053888804,17.874636944972497,0.271049193692592,0.0135524596846296,No (reported postion),cruise,2021-06-04 19:00:00
2021-06-04 20:00:00+00:00,10.7546566667,57.7481266667,9.6,894.031847248627,0.731832822969998,0.774290202023887,0.040657379053888804,17.874636944972497,0.271049193692592,0.0135524596846296,No (reported postion),cruise,2021-06-04 20:00:00
2021-06-04 21:00:00+00:00,10.7537266667,57.60264,8.3,617.602713770151,0.504976087288574,0.534830314360162,0.028054227071587397,12.346054275402999,0.18702818047725,0.00935140902386248,No (reported postion),cruise,2021-06-04 21:00:00
2021-06-04 22:00:00+00:00,10.73517,57.45934,8.8,698.2263360462521,0.571141370007562,0.6046714461190931,0.031730076111531204,13.958526720924999,0.21153384074354198,0.0105766920371771,No (reported postion),cruise,2021-06-04 22:00:00
2021-06-04 23:00:00+00:00,10.71074,57.3143133333,8.8,698.2263360462521,0.571141370007562,0.6046714461190931,0.031730076111531204,13.958526720924999,0.21153384074354198,0.0105766920371771,No (reported postion),cruise,2021-06-04 23:00:00
2021-06-05 00:00:00+00:00,10.7124433333,57.1657733333,9.3,851.822344404503,0.697192805438346,0.73772573907381,0.0387329336354637,17.0304468880901,0.258219557569758,0.0129109778784879,No (reported postion),cruise,2021-06-05 00:00:00
2021-06-05 01:00:00+00:00,10.8278116667,57.02012,9.4,878.2353738263851,0.7188691517724131,0.760606326870881,0.0399371750984674,17.5587074765277,0.26624783398978297,0.0133123916994891,No (reported postion),cruise,2021-06-05 01:00:00
2021-06-05 02:00:00+00:00,10.798905,56.8733133333,9.2,825.97127290451,0.675977640377562,0.715331953731871,0.037554313354309005,16.5134254580902,0.25036208902872703,0.012518104451436298,No (reported postion),cruise,2021-06-05 02:00:00
2021-06-05 03:00:00+00:00,10.6626233333,56.73326,9.9,1018.94137930464,0.8343421653867891,0.882494507908277,0.0463523425214883,20.3728275860929,0.309015616809922,0.015450780840496099,No (reported postion),cruise,2021-06-05 03:00:00
2021-06-05 04:00:00+00:00,10.48131,56.6142,9.1,767.679763865147,0.6281396238406981,0.664836269609626,0.034896645768927696,15.3475952773029,0.232644305126185,0.0116322152563092,No (reported postion),cruise,2021-06-05 04:00:00
2021-06-05 05:00:00+00:00,10.28097,56.5844133333,6.5,306.308018901293,0.24950627690987598,0.265167736738202,0.0138614598283264,6.12016037802586,0.0924097321888428,0.00462048660944214,No (reported postion),cruise,2021-06-05 05:00:00
2021-06-05 06:00:00+00:00,10.2209283333,56.48952,6.0,249.834181457184,0.20315996654541,0.216246631353488,0.011286664808078299,4.990683629143691,0.0752444320538554,0.0037622216026927703,No (reported postion),cruise,2021-06-05 06:00:00
2021-06-05 07:00:00+00:00,10.0878933333,56.4648533333,5.4,193.446078282287,0.18676017935838898,0.16739979425669302,0.00906156757734355,4.01460764392804,0.0617936062446415,0.00350462703093742,No (reported postion),cruise,2021-06-05 07:00:00
2021-06-05 08:00:00+00:00,10.0561866667,56.4596133333,0.0,41.76,0.0324,0.036,0.0018,0.8292,0.012,0.0006,No (reported postion),anchor,2021-06-05 08:00:00
2021-06-05 09:00:00+00:00,10.05617,56.4596266667,0.1,41.760963306395595,0.0324076683873865,0.036000834475145196,0.00180020334841695,0.8292892021722359,0.0120021344995818,0.000600310073396042,No (reported postion),anchor,2021-06-05 09:00:00
2021-06-05 10:00:00+00:00,10.056175,56.4596266667,0.2,41.7677064511651,0.0324613470990922,0.0360066758011612,0.00180162678733561,0.829913617377887,0.012017075996654499,0.000602480587168335,No (reported postion),anchor,2021-06-05 10:00:00
2021-06-05 11:00:00+00:00,10.0562066667,56.45966,0.0,41.76,0.0324,0.036,0.0018,0.8292,0.012,0.0006,No (reported postion),anchor,2021-06-05 11:00:00
2021-06-05 12:00:00+00:00,10.056175,56.4595866667,0.0,41.76,0.0324,0.036,0.0018,0.8292,0.012,0.0006,No (reported postion),anchor,2021-06-05 12:00:00
2021-06-05 13:00:00+00:00,10.0561916667,56.4596,0.0,41.76,0.0324,0.036,0.0018,0.8292,0.012,0.0006,No (reported postion),anchor,2021-06-05 13:00:00
2021-06-05 14:00:00+00:00,10.0561533333,56.4595933333,0.0,41.76,0.0324,0.036,0.0018,0.8292,0.012,0.0006,No (reported postion),anchor,2021-06-05 14:00:00
2021-06-05 15:00:00+00:00,10.0561283333,56.4595933333,0.1,41.760963306395595,0.0324076683873865,0.036000834475145196,0.00180020334841695,0.8292892021722359,0.0120021344995818,0.000600310073396042,No (reported postion),anchor,2021-06-05 15:00:00
2021-06-05 16:00:00+00:00,10.05616,56.4596,0.0,41.76,0.0324,0.036,0.0018,0.8292,0.012,0.0006,No (reported postion),anchor,2021-06-05 16:00:00
2021-06-05 17:00:00+00:00,10.082725,56.4643866667,7.5,448.154885658563,0.365915559659003,0.388044201862281,0.020328642203278,8.95709771317126,0.135524281355186,0.006776214067759321,No (reported postion),cruise,2021-06-05 17:00:00
2021-06-05 18:00:00+00:00,10.23012,56.5261,7.4,432.114870864843,0.352752021682394,0.374149356220305,0.0195973345379108,8.636297417296861,0.13064889691940498,0.00653244484597026,No (reported postion),cruise,2021-06-05 18:00:00
2021-06-05 19:00:00+00:00,10.3803416667,56.6080066667,9.4,841.866879312195,0.689022666912743,0.729101703963451,0.038279037050707995,16.831337586243897,0.255193580338053,0.0127596790169027,No (reported postion),cruise,2021-06-05 19:00:00
2021-06-05 20:00:00+00:00,10.597045,56.6741066667,8.8,728.065714957445,0.595629614098815,0.630520148215416,0.0330905341166008,14.5553142991489,0.220603560777339,0.011030178038866901,No (reported postion),cruise,2021-06-05 20:00:00
2021-06-05 21:00:00+00:00,10.7419566667,56.7963866667,8.9,751.729380352875,0.615049643450688,0.6510190680868371,0.034169424636149304,15.0285876070575,0.227796164240996,0.0113898082120498,No (reported postion),cruise,2021-06-05 21:00:00
2021-06-05 22:00:00+00:00,10.8575116667,56.9327133333,9.0,775.930833436997,0.634911018322155,0.671983852673386,0.0352728343512309,15.5126166687399,0.235152229008206,0.0117576114504103,No (reported postion),cruise,2021-06-05 22:00:00
2021-06-05 23:00:00+00:00,10.7968683333,57.0752533333,9.2,825.97127290451,0.675977640377562,0.715331953731871,0.037554313354309005,16.5134254580902,0.25036208902872703,0.012518104451436298,No (reported postion),cruise,2021-06-05 23:00:00
2021-06-06 00:00:00+00:00,10.7346183333,57.2310933333,9.9,976.4552323783539,0.799475114717798,0.845690398868787,0.044415284150988804,19.5231046475671,0.296101894339925,0.014805094716996299,No (reported postion),cruise,2021-06-06 00:00:00
2021-06-06 01:00:00+00:00,10.7488566667,57.39506,9.6,932.771476669019,0.7636252240140889,0.807848847570427,0.0424236235563382,18.6494295333804,0.282824157042255,0.0141412078521128,No (reported postion),cruise,2021-06-06 01:00:00
2021-06-06 02:00:00+00:00,10.7622733333,57.55362,9.1,800.6761167681079,0.655218697651639,0.693419736410063,0.036401038758424396,16.0075223353622,0.242673591722829,0.012133679586141501,No (reported postion),cruise,2021-06-06 02:00:00
2021-06-06 03:00:00+00:00,10.7886483333,57.71002,10.4,1009.6648399999999,0.8267291999999999,0.8744586000000001,0.0459294,20.1872968,0.306196,0.015309799999999998,No (reported postion),cruise,2021-06-06 03:00:00
2021-06-06 04:00:00+00:00,10.7845516667,57.8764266667,10.1,1009.6648399999999,0.8267291999999999,0.8744586000000001,0.0459294,20.1872968,0.306196,0.015309799999999998,No (reported postion),cruise,2021-06-06 04:00:00
2021-06-06 05:00:00+00:00,10.7884816667,58.03068,8.6,682.327576999455,0.558093756200161,0.590898964877947,0.0310052086777867,13.640551539989099,0.206701391185245,0.0103350695592622,No (reported postion),cruise,2021-06-06 05:00:00
2021-06-06 06:00:00+00:00,10.7799216667,58.1759333333,8.9,751.729380352875,0.615049643450688,0.6510190680868371,0.034169424636149304,15.0285876070575,0.227796164240996,0.0113898082120498,No (reported postion),cruise,2021-06-06 06:00:00
2021-06-06 07:00:00+00:00,10.7551833333,58.3276133333,9.3,851.822344404503,0.697192805438346,0.73772573907381,0.0387329336354637,17.0304468880901,0.258219557569758,0.0129109778784879,No (reported postion),cruise,2021-06-06 07:00:00
2021-06-06 08:00:00+00:00,10.7154666667,58.48672,9.9,1018.94137930464,0.8343421653867891,0.882494507908277,0.0463523425214883,20.3728275860929,0.309015616809922,0.015450780840496099,No (reported postion),cruise,2021-06-06 08:00:00
2021-06-06 09:00:00+00:00,10.6904583333,58.6560933333,10.6,1009.6648399999999,0.8267291999999999,0.8744586000000001,0.0459294,20.1872968,0.306196,0.015309799999999998,No (reported postion),cruise,2021-06-06 09:00:00
2021-06-06 10:00:00+00:00,10.69166,58.8284,9.9,1018.94137930464,0.8343421653867891,0.882494507908277,0.0463523425214883,20.3728275860929,0.309015616809922,0.015450780840496099,No (reported postion),cruise,2021-06-06 10:00:00
2021-06-06 11:00:00+00:00,10.6689116667,58.9848533333,9.3,851.822344404503,0.697192805438346,0.73772573907381,0.0387329336354637,17.0304468880901,0.258219557569758,0.0129109778784879,No (reported postion),cruise,2021-06-06 11:00:00
2021-06-06 12:00:00+00:00,10.6573833333,59.14068,9.3,816.602242473872,0.668288770419288,0.70721592433147,0.037127153912182596,16.326044849477498,0.247514359414551,0.0123757179707275,No (reported postion),cruise,2021-06-06 12:00:00
2021-06-06 13:00:00+00:00,10.6063916667,59.2977466667,9.8,948.4162731206029,0.776464418670404,0.821401330818759,0.0431369121483558,18.9623254624121,0.287579414322372,0.0143789707161186,No (reported postion),cruise,2021-06-06 13:00:00
2021-06-06 14:00:00+00:00,10.5289,59.4530466667,9.9,976.4552323783539,0.799475114717798,0.845690398868787,0.044415284150988804,19.5231046475671,0.296101894339925,0.014805094716996299,No (reported postion),cruise,2021-06-06 14:00:00
2021-06-06 15:00:00+00:00,10.4226066667,59.57882,8.6,654.476812782087,0.5352375059305879,0.566772922926732,0.0297354169961438,13.0835362556417,0.198236113307625,0.00991180566538127,No (reported postion),cruise,2021-06-06 15:00:00
2021-06-06 16:00:00+00:00,10.3396933333,59.6987533333,8.8,698.2263360462521,0.571141370007562,0.6046714461190931,0.031730076111531204,13.958526720924999,0.21153384074354198,0.0105766920371771,No (reported postion),cruise,2021-06-06 16:00:00
2021-06-06 17:00:00+00:00,10.2214033333,59.7361733333,0.0,41.76,0.0324,0.036,0.0018,0.8292,0.012,0.0006,No (reported postion),anchor,2021-06-06 17:00:00
2021-06-06 18:00:00+00:00,10.2213683333,59.7361466667,0.0,41.76,0.0324,0.036,0.0018,0.8292,0.012,0.0006,No (reported postion),anchor,2021-06-06 18:00:00
2021-06-06 19:00:00+00:00,10.2213683333,59.73614,0.0,41.76,0.0324,0.036,0.0018,0.8292,0.012,0.0006,No (reported postion),anchor,2021-06-06 19:00:00
2021-06-06 20:00:00+00:00,10.2213683333,59.7361733333,0.0,41.76,0.0324,0.036,0.0018,0.8292,0.012,0.0006,No (reported postion),anchor,2021-06-06 20:00:00
2021-06-06 21:00:00+00:00,10.2213916667,59.73614,0.0,41.76,0.0324,0.036,0.0018,0.8292,0.012,0.0006,No (reported postion),anchor,2021-06-06 21:00:00
2021-06-06 22:00:00+00:00,10.22141,59.7361466667,0.0,41.76,0.0324,0.036,0.0018,0.8292,0.012,0.0006,No (reported postion),anchor,2021-06-06 22:00:00
2021-06-06 23:00:00+00:00,10.221415,59.7361733333,0.0,41.76,0.0324,0.036,0.0018,0.8292,0.012,0.0006,No (reported postion),anchor,2021-06-06 23:00:00
2021-06-07 00:00:00+00:00,10.221395,59.7361866667,0.0,41.76,0.0324,0.036,0.0018,0.8292,0.012,0.0006,No (reported postion),anchor,2021-06-07 00:00:00
2021-06-07 01:00:00+00:00,10.22138,59.7361733333,0.0,41.76,0.0324,0.036,0.0018,0.8292,0.012,0.0006,No (reported postion),anchor,2021-06-07 01:00:00
2021-06-07 02:00:00+00:00,10.2213733333,59.7361466667,0.0,41.76,0.0324,0.036,0.0018,0.8292,0.012,0.0006,No (reported postion),anchor,2021-06-07 02:00:00
2021-06-07 03:00:00+00:00,10.2213966667,59.7361733333,0.0,41.76,0.0324,0.036,0.0018,0.8292,0.012,0.0006,No (reported postion),anchor,2021-06-07 03:00:00
2021-06-07 04:00:00+00:00,10.2214066667,59.7361466667,0.0,41.76,0.0324,0.036,0.0018,0.8292,0.012,0.0006,No (reported postion),anchor,2021-06-07 04:00:00
2021-06-07 05:00:00+00:00,10.2214066667,59.73616,0.0,41.76,0.0324,0.036,0.0018,0.8292,0.012,0.0006,No (reported postion),anchor,2021-06-07 05:00:00
2021-06-07 06:00:00+00:00,10.2213983333,59.73614,0.0,41.76,0.0324,0.036,0.0018,0.8292,0.012,0.0006,No (reported postion),anchor,2021-06-07 06:00:00
2021-06-07 07:00:00+00:00,10.22138416665,59.73614333335,0.0,41.76,0.0324,0.036,0.0018,0.8292,0.012,0.0006,Linear (small gap),anchor,2021-06-07 07:00:00
2021-06-07 08:00:00+00:00,10.22137,59.7361466667,0.0,41.76,0.0324,0.036,0.0018,0.8292,0.012,0.0006,No (reported postion),anchor,2021-06-07 08:00:00
2021-06-07 09:00:00+00:00,10.22139,59.7361466667,0.0,41.76,0.0324,0.036,0.0018,0.8292,0.012,0.0006,No (reported postion),anchor,2021-06-07 09:00:00
2021-06-07 10:00:00+00:00,10.2216366667,59.7360533333,0.0,41.76,0.0324,0.036,0.0018,0.8292,0.012,0.0006,No (reported postion),anchor,2021-06-07 10:00:00
2021-06-07 11:00:00+00:00,10.2216483333,59.7360866667,0.0,41.76,0.0324,0.036,0.0018,0.8292,0.012,0.0006,No (reported postion),anchor,2021-06-07 11:00:00
2021-06-07 12:00:00+00:00,10.29798,59.715,10.1,1009.6648399999999,0.8267291999999999,0.8744586000000001,0.0459294,20.1872968,0.306196,0.015309799999999998,No (reported postion),cruise,2021-06-07 12:00:00
2021-06-07 13:00:00+00:00,10.4228716667,59.58782,9.6,894.031847248627,0.731832822969998,0.774290202023887,0.040657379053888804,17.874636944972497,0.271049193692592,0.0135524596846296,No (reported postion),cruise,2021-06-07 13:00:00
2021-06-07 14:00:00+00:00,10.5873533333,59.5075133333,10.5,1009.6648399999999,0.8267291999999999,0.8744586000000001,0.0459294,20.1872968,0.306196,0.015309799999999998,No (reported postion),cruise,2021-06-07 14:00:00
2021-06-07 15:00:00+00:00,10.68034,59.4723333333,0.0,41.76,0.0324,0.036,0.0018,0.8292,0.012,0.0006,No (reported postion),anchor,2021-06-07 15:00:00
2021-06-07 16:00:00+00:00,10.6803583333,59.47234,0.0,41.76,0.0324,0.036,0.0018,0.8292,0.012,0.0006,No (reported postion),anchor,2021-06-07 16:00:00
2021-06-07 17:00:00+00:00,10.6803466667,59.47232,0.0,41.76,0.0324,0.036,0.0018,0.8292,0.012,0.0006,No (reported postion),anchor,2021-06-07 17:00:00
2021-06-07 18:00:00+00:00,10.6803283333,59.47232,0.0,41.76,0.0324,0.036,0.0018,0.8292,0.012,0.0006,No (reported postion),anchor,2021-06-07 18:00:00
2021-06-07 19:00:00+00:00,10.680355,59.47232,0.0,41.76,0.0324,0.036,0.0018,0.8292,0.012,0.0006,No (reported postion),anchor,2021-06-07 19:00:00
2021-06-07 20:00:00+00:00,10.6803316667,59.4723333333,0.0,41.76,0.0324,0.036,0.0018,0.8292,0.012,0.0006,No (reported postion),anchor,2021-06-07 20:00:00
2021-06-07 21:00:00+00:00,10.680375,59.47232,0.0,41.76,0.0324,0.036,0.0018,0.8292,0.012,0.0006,No (reported postion),anchor,2021-06-07 21:00:00
2021-06-07 22:00:00+00:00,10.626415,59.5173066667,9.7,920.943738023485,0.753918569198605,0.797602934154083,0.041884364955477996,18.4128747604697,0.279229099703187,0.0139614549851593,No (reported postion),cruise,2021-06-07 22:00:00
2021-06-07 23:00:00+00:00,10.56512,59.37408,9.8,948.4162731206029,0.776464418670404,0.821401330818759,0.0431369121483558,18.9623254624121,0.287579414322372,0.0143789707161186,No (reported postion),cruise,2021-06-07 23:00:00
2021-06-08 00:00:00+00:00,10.62152,59.2160733333,9.9,976.4552323783539,0.799475114717798,0.845690398868787,0.044415284150988804,19.5231046475671,0.296101894339925,0.014805094716996299,No (reported postion),cruise,2021-06-08 00:00:00
2021-06-08 01:00:00+00:00,10.5099516667,59.0774933333,10.2,1009.6648399999999,0.8267291999999999,0.8744586000000001,0.0459294,20.1872968,0.306196,0.015309799999999998,No (reported postion),cruise,2021-06-08 01:00:00
2021-06-08 02:00:00+00:00,10.28946,58.95734,10.4,1009.6648399999999,0.8267291999999999,0.8744586000000001,0.0459294,20.1872968,0.306196,0.015309799999999998,No (reported postion),cruise,2021-06-08 02:00:00
2021-06-08 03:00:00+00:00,9.978935,58.8712866667,11.4,1009.6648399999999,0.8267291999999999,0.8744586000000001,0.0459294,20.1872968,0.306196,0.015309799999999998,No (reported postion),cruise,2021-06-08 03:00:00
2021-06-08 04:00:00+00:00,9.6470133333,58.7766533333,11.8,1009.6648399999999,0.8267291999999999,0.8744586000000001,0.0459294,20.1872968,0.306196,0.015309799999999998,No (reported postion),cruise,2021-06-08 04:00:00
2021-06-08 05:00:00+00:00,9.378655,58.6379066667,11.8,1009.6648399999999,0.8267291999999999,0.8744586000000001,0.0459294,20.1872968,0.306196,0.015309799999999998,No (reported postion),cruise,2021-06-08 05:00:00
2021-06-08 06:00:00+00:00,9.1163433333,58.4984,11.8,1009.6648399999999,0.8267291999999999,0.8744586000000001,0.0459294,20.1872968,0.306196,0.015309799999999998,No (reported postion),cruise,2021-06-08 06:00:00
2021-06-08 07:00:00+00:00,8.8479583333,58.3695533333,11.5,1009.6648399999999,0.8267291999999999,0.8744586000000001,0.0459294,20.1872968,0.306196,0.015309799999999998,No (reported postion),cruise,2021-06-08 07:00:00
2021-06-08 08:00:00+00:00,8.584185,58.23616,11.7,1009.6648399999999,0.8267291999999999,0.8744586000000001,0.0459294,20.1872968,0.306196,0.015309799999999998,No (reported postion),cruise,2021-06-08 08:00:00
2021-06-08 09:00:00+00:00,8.330685,58.11104,10.6,1009.6648399999999,0.8267291999999999,0.8744586000000001,0.0459294,20.1872968,0.306196,0.015309799999999998,No (reported postion),cruise,2021-06-08 09:00:00
2021-06-08 10:00:00+00:00,8.0693566667,58.02912,9.2,791.875130604314,0.6479960038394069,0.685795781830485,0.035999777991078195,15.8315026120863,0.239998519940521,0.0119999259970261,No (reported postion),cruise,2021-06-08 10:00:00
2021-06-08 11:00:00+00:00,7.8039816667,57.9796466667,9.2,791.875130604314,0.6479960038394069,0.685795781830485,0.035999777991078195,15.8315026120863,0.239998519940521,0.0119999259970261,No (reported postion),cruise,2021-06-08 11:00:00
2021-06-08 12:00:00+00:00,7.5219983333,57.9380066667,9.5,867.674820957655,0.710202436652179,0.7514581275773,0.039455690925120995,17.3474964191531,0.263037939500807,0.0131518969750403,No (reported postion),cruise,2021-06-08 12:00:00
2021-06-08 13:00:00+00:00,7.22194,57.93808,9.6,894.031847248627,0.731832822969998,0.774290202023887,0.040657379053888804,17.874636944972497,0.271049193692592,0.0135524596846296,No (reported postion),cruise,2021-06-08 13:00:00
2021-06-08 14:00:00+00:00,6.93498,57.9882266667,9.6,894.031847248627,0.731832822969998,0.774290202023887,0.040657379053888804,17.874636944972497,0.271049193692592,0.0135524596846296,No (reported postion),cruise,2021-06-08 14:00:00
2021-06-08 15:00:00+00:00,6.66504,58.0405,9.0,744.0103624179969,0.608714887090758,0.644332380818022,0.0338174937272643,14.8742072483599,0.225449958181762,0.011272497909088101,No (reported postion),cruise,2021-06-08 15:00:00
2021-06-08 16:00:00+00:00,6.4262833333,58.1459066667,10.1,1009.6648399999999,0.8267291999999999,0.8744586000000001,0.0459294,20.1872968,0.306196,0.015309799999999998,No (reported postion),cruise,2021-06-08 16:00:00
2021-06-08 17:00:00+00:00,6.1831516667,58.2557933333,10.2,1009.6648399999999,0.8267291999999999,0.8744586000000001,0.0459294,20.1872968,0.306196,0.015309799999999998,No (reported postion),cruise,2021-06-08 17:00:00
2021-06-08 18:00:00+00:00,5.94813,58.3606666667,8.9,720.86114642449,0.5897170502571799,0.624279108604801,0.0327620583476211,14.411222928489801,0.218413722317474,0.0109206861158737,No (reported postion),cruise,2021-06-08 18:00:00
2021-06-08 19:00:00+00:00,5.7279,58.4633066667,9.2,791.875130604314,0.6479960038394069,0.685795781830485,0.035999777991078195,15.8315026120863,0.239998519940521,0.0119999259970261,No (reported postion),cruise,2021-06-08 19:00:00
2021-06-08 20:00:00+00:00,5.5359916667,58.5751466667,9.3,816.602242473872,0.668288770419288,0.70721592433147,0.037127153912182596,16.326044849477498,0.247514359414551,0.0123757179707275,No (reported postion),cruise,2021-06-08 20:00:00
2021-06-08 21:00:00+00:00,5.36728,58.7051,9.5,867.674820957655,0.710202436652179,0.7514581275773,0.039455690925120995,17.3474964191531,0.263037939500807,0.0131518969750403,No (reported postion),cruise,2021-06-08 21:00:00
2021-06-08 22:00:00+00:00,5.2867616667,58.85574,9.6,894.031847248627,0.731832822969998,0.774290202023887,0.040657379053888804,17.874636944972497,0.271049193692592,0.0135524596846296,No (reported postion),cruise,2021-06-08 22:00:00
2021-06-08 23:00:00+00:00,5.2014516667,59.00318,9.1,800.6761167681079,0.655218697651639,0.693419736410063,0.036401038758424396,16.0075223353622,0.242673591722829,0.012133679586141501,No (reported postion),cruise,2021-06-08 23:00:00
2021-06-09 00:00:00+00:00,5.09201,59.1493733333,9.6,894.031847248627,0.731832822969998,0.774290202023887,0.040657379053888804,17.874636944972497,0.271049193692592,0.0135524596846296,No (reported postion),cruise,2021-06-09 00:00:00
2021-06-09 01:00:00+00:00,4.9802516667,59.3062733333,10.0,1005.06639563511,0.8229554006731931,0.870475145155037,0.045719744481844,20.095327912702302,0.304798296545627,0.0152399148272813,No (reported postion),cruise,2021-06-09 01:00:00
2021-06-09 02:00:00+00:00,4.96444,59.4732,9.9,976.4552323783539,0.799475114717798,0.845690398868787,0.044415284150988804,19.5231046475671,0.296101894339925,0.014805094716996299,No (reported postion),cruise,2021-06-09 02:00:00
2021-06-09 03:00:00+00:00,4.9572233333,59.6419266667,10.6,1009.6648399999999,0.8267291999999999,0.8744586000000001,0.0459294,20.1872968,0.306196,0.015309799999999998,No (reported postion),cruise,2021-06-09 03:00:00
2021-06-09 04:00:00+00:00,4.9516266667,59.8235333333,11.2,1009.6648399999999,0.8267291999999999,0.8744586000000001,0.0459294,20.1872968,0.306196,0.015309799999999998,No (reported postion),cruise,2021-06-09 04:00:00
2021-06-09 05:00:00+00:00,4.95348,60.0122,11.3,1009.6648399999999,0.8267291999999999,0.8744586000000001,0.0459294,20.1872968,0.306196,0.015309799999999998,No (reported postion),cruise,2021-06-09 05:00:00
2021-06-09 06:00:00+00:00,5.0776,60.1551666667,11.1,1009.6648399999999,0.8267291999999999,0.8744586000000001,0.0459294,20.1872968,0.306196,0.015309799999999998,No (reported postion),cruise,2021-06-09 06:00:00
2021-06-09 07:00:00+00:00,5.1964933333,60.3041933333,11.0,1009.6648399999999,0.8267291999999999,0.8744586000000001,0.0459294,20.1872968,0.306196,0.015309799999999998,No (reported postion),cruise,2021-06-09 07:00:00
2021-06-09 08:00:00+00:00,5.256485,60.4488133333,10.6,1009.6648399999999,0.8267291999999999,0.8744586000000001,0.0459294,20.1872968,0.306196,0.015309799999999998,No (reported postion),cruise,2021-06-09 08:00:00
2021-06-09 09:00:00+00:00,5.42043,60.4839933333,9.8,948.4162731206029,0.776464418670404,0.821401330818759,0.0431369121483558,18.9623254624121,0.287579414322372,0.0143789707161186,No (reported postion),cruise,2021-06-09 09:00:00
2021-06-09 10:00:00+00:00,5.6761933333,60.4636866667,9.6,894.031847248627,0.731832822969998,0.774290202023887,0.040657379053888804,17.874636944972497,0.271049193692592,0.0135524596846296,No (reported postion),cruise,2021-06-09 10:00:00
2021-06-09 11:00:00+00:00,5.7362516667,60.4749666667,0.0,41.76,0.0324,0.036,0.0018,0.8292,0.012,0.0006,No (reported postion),anchor,2021-06-09 11:00:00
2021-06-09 12:00:00+00:00,5.73633,60.4749666667,0.1,41.760963306395595,0.0324076683873865,0.036000834475145196,0.00180020334841695,0.8292892021722359,0.0120021344995818,0.000600310073396042,No (reported postion),anchor,2021-06-09 12:00:00
2021-06-09 13:00:00+00:00,5.73631722223333,60.4749622222333,0.0666666666666667,41.7602854241172,0.0324022721147812,0.0360002472518949,0.0018000602513827998,0.829226430273255,0.0120006324443205,0.000600091873598827,Linear (small gap),anchor,2021-06-09 13:00:00
2021-06-09 14:00:00+00:00,5.73630444446667,60.4749577777667,0.0333333333333333,41.760035678014695,0.0324002840143477,0.0360000309064869,0.0018000075314228501,0.829203303784157,0.0120000790555401,0.000600011484199853,Linear (small gap),anchor,2021-06-09 14:00:00
2021-06-09 15:00:00+00:00,5.7362916667,60.4749533333,0.0,41.76,0.0324,0.036,0.0018,0.8292,0.012,0.0006,No (reported postion),anchor,2021-06-09 15:00:00
2021-06-09 16:00:00+00:00,5.7362966667,60.4749666667,0.0,41.76,0.0324,0.036,0.0018,0.8292,0.012,0.0006,No (reported postion),anchor,2021-06-09 16:00:00
2021-06-09 17:00:00+00:00,5.73634,60.47504,0.0,41.76,0.0324,0.036,0.0018,0.8292,0.012,0.0006,No (reported postion),anchor,2021-06-09 17:00:00
2021-06-09 18:00:00+00:00,5.7363883333,60.4750333333,0.0,41.76,0.0324,0.036,0.0018,0.8292,0.012,0.0006,No (reported postion),anchor,2021-06-09 18:00:00
2021-06-09 19:00:00+00:00,5.7365266667,60.4751866667,0.0,41.76,0.0324,0.036,0.0018,0.8292,0.012,0.0006,No (reported postion),anchor,2021-06-09 19:00:00
2021-06-09 20:00:00+00:00,5.7365333333,60.47518,0.0,41.76,0.0324,0.036,0.0018,0.8292,0.012,0.0006,No (reported postion),anchor,2021-06-09 20:00:00
2021-06-09 21:00:00+00:00,5.73658,60.4751466667,0.0,41.76,0.0324,0.036,0.0018,0.8292,0.012,0.0006,No (reported postion),anchor,2021-06-09 21:00:00
2021-06-09 22:00:00+00:00,5.7364533333,60.47516,0.1,41.760963306395595,0.0324076683873865,0.036000834475145196,0.00180020334841695,0.8292892021722359,0.0120021344995818,0.000600310073396042,No (reported postion),anchor,2021-06-09 22:00:00
2021-06-09 23:00:00+00:00,5.7365383333,60.4751866667,0.0,41.76,0.0324,0.036,0.0018,0.8292,0.012,0.0006,No (reported postion),anchor,2021-06-09 23:00:00
2021-06-10 00:00:00+00:00,5.7365383333,60.47528,0.1,41.760963306395595,0.0324076683873865,0.036000834475145196,0.00180020334841695,0.8292892021722359,0.0120021344995818,0.000600310073396042,No (reported postion),anchor,2021-06-10 00:00:00
2021-06-10 01:00:00+00:00,5.7365566667,60.4751866667,0.0,41.76,0.0324,0.036,0.0018,0.8292,0.012,0.0006,No (reported postion),anchor,2021-06-10 01:00:00
2021-06-10 02:00:00+00:00,5.736555,60.47518,0.0,41.76,0.0324,0.036,0.0018,0.8292,0.012,0.0006,No (reported postion),anchor,2021-06-10 02:00:00
2021-06-10 03:00:00+00:00,5.736485,60.4751733333,0.0,41.76,0.0324,0.036,0.0018,0.8292,0.012,0.0006,No (reported postion),anchor,2021-06-10 03:00:00
2021-06-10 04:00:00+00:00,5.7364916667,60.4751466667,0.0,41.76,0.0324,0.036,0.0018,0.8292,0.012,0.0006,No (reported postion),anchor,2021-06-10 04:00:00
2021-06-10 05:00:00+00:00,5.7365333333,60.4751866667,0.0,41.76,0.0324,0.036,0.0018,0.8292,0.012,0.0006,No (reported postion),anchor,2021-06-10 05:00:00
2021-06-10 06:00:00+00:00,5.7362333333,60.47522,0.2,41.7677064511651,0.0324613470990922,0.0360066758011612,0.00180162678733561,0.829913617377887,0.012017075996654499,0.000602480587168335,No (reported postion),anchor,2021-06-10 06:00:00
2021-06-10 07:00:00+00:00,5.7366616667,60.4752066667,0.0,41.76,0.0324,0.036,0.0018,0.8292,0.012,0.0006,No (reported postion),anchor,2021-06-10 07:00:00
2021-06-10 08:00:00+00:00,5.7364,60.4752133333,0.0,41.76,0.0324,0.036,0.0018,0.8292,0.012,0.0006,No (reported postion),anchor,2021-06-10 08:00:00
2021-06-10 09:00:00+00:00,5.736455,60.4750733333,0.0,41.76,0.0324,0.036,0.0018,0.8292,0.012,0.0006,No (reported postion),anchor,2021-06-10 09:00:00
2021-06-10 10:00:00+00:00,5.7116716667,60.4654266667,10.6,1009.6648399999999,0.8267291999999999,0.8744586000000001,0.0459294,20.1872968,0.306196,0.015309799999999998,No (reported postion),cruise,2021-06-10 10:00:00
2021-06-10 11:00:00+00:00,5.4115616667,60.49026,11.7,1009.6648399999999,0.8267291999999999,0.8744586000000001,0.0459294,20.1872968,0.306196,0.015309799999999998,No (reported postion),cruise,2021-06-10 11:00:00
2021-06-10 12:00:00+00:00,5.2611,60.42678,10.8,1009.6648399999999,0.8267291999999999,0.8744586000000001,0.0459294,20.1872968,0.306196,0.015309799999999998,No (reported postion),cruise,2021-06-10 12:00:00
2021-06-10 13:00:00+00:00,5.2694583333,60.3942933333,0.1,41.760963306395595,0.0324076683873865,0.036000834475145196,0.00180020334841695,0.8292892021722359,0.0120021344995818,0.000600310073396042,No (reported postion),anchor,2021-06-10 13:00:00
2021-06-10 14:00:00+00:00,5.2694683333,60.3942933333,0.2,41.7677064511651,0.0324613470990922,0.0360066758011612,0.00180162678733561,0.829913617377887,0.012017075996654499,0.000602480587168335,No (reported postion),anchor,2021-06-10 14:00:00
2021-06-10 15:00:00+00:00,5.2694583333,60.3943066667,0.0,41.76,0.0324,0.036,0.0018,0.8292,0.012,0.0006,No (reported postion),anchor,2021-06-10 15:00:00
2021-06-10 16:00:00+00:00,5.2694616667,60.3942933333,0.0,41.76,0.0324,0.036,0.0018,0.8292,0.012,0.0006,No (reported postion),anchor,2021-06-10 16:00:00
2021-06-10 17:00:00+00:00,5.26947,60.3943333333,0.0,41.76,0.0324,0.036,0.0018,0.8292,0.012,0.0006,No (reported postion),anchor,2021-06-10 17:00:00
2021-06-10 18:00:00+00:00,5.26946,60.3942933333,0.0,41.76,0.0324,0.036,0.0018,0.8292,0.012,0.0006,No (reported postion),anchor,2021-06-10 18:00:00
2021-06-10 19:00:00+00:00,5.2694566667,60.3942933333,0.0,41.76,0.0324,0.036,0.0018,0.8292,0.012,0.0006,No (reported postion),anchor,2021-06-10 19:00:00
2021-06-10 20:00:00+00:00,5.26948,60.3942933333,0.0,41.76,0.0324,0.036,0.0018,0.8292,0.012,0.0006,No (reported postion),anchor,2021-06-10 20:00:00
2021-06-10 21:00:00+00:00,5.269475,60.39428,0.0,41.76,0.0324,0.036,0.0018,0.8292,0.012,0.0006,No (reported postion),anchor,2021-06-10 21:00:00
2021-06-10 22:00:00+00:00,5.2694983333,60.3942733333,0.0,41.76,0.0324,0.036,0.0018,0.8292,0.012,0.0006,No (reported postion),anchor,2021-06-10 22:00:00
2021-06-10 23:00:00+00:00,5.26948,60.3943066667,0.0,41.76,0.0324,0.036,0.0018,0.8292,0.012,0.0006,No (reported postion),anchor,2021-06-10 23:00:00
2021-06-11 00:00:00+00:00,5.26948,60.3942933333,0.0,41.76,0.0324,0.036,0.0018,0.8292,0.012,0.0006,No (reported postion),anchor,2021-06-11 00:00:00
2021-06-11 01:00:00+00:00,5.269485,60.3942933333,0.0,41.76,0.0324,0.036,0.0018,0.8292,0.012,0.0006,No (reported postion),anchor,2021-06-11 01:00:00
2021-06-11 02:00:00+00:00,5.26945,60.3942933333,0.0,41.76,0.0324,0.036,0.0018,0.8292,0.012,0.0006,No (reported postion),anchor,2021-06-11 02:00:00
2021-06-11 03:00:00+00:00,5.269485,60.3942933333,0.0,41.76,0.0324,0.036,0.0018,0.8292,0.012,0.0006,No (reported postion),anchor,2021-06-11 03:00:00
2021-06-11 04:00:00+00:00,5.269475,60.39428,0.0,41.76,0.0324,0.036,0.0018,0.8292,0.012,0.0006,No (reported postion),anchor,2021-06-11 04:00:00
2021-06-11 05:00:00+00:00,5.26948,60.3942933333,0.1,41.760963306395595,0.0324076683873865,0.036000834475145196,0.00180020334841695,0.8292892021722359,0.0120021344995818,0.000600310073396042,No (reported postion),anchor,2021-06-11 05:00:00
2021-06-11 06:00:00+00:00,5.269485,60.39428,0.0,41.76,0.0324,0.036,0.0018,0.8292,0.012,0.0006,No (reported postion),anchor,2021-06-11 06:00:00
2021-06-11 07:00:00+00:00,5.1948166667,60.32652,8.4,612.715553918514,0.500965348200604,0.530596756433971,0.0278314082333669,12.2483110783703,0.185542721555779,0.00927713607778897,No (reported postion),cruise,2021-06-11 07:00:00
2021-06-11 08:00:00+00:00,5.1824733333,60.18746,9.1,767.679763865147,0.6281396238406981,0.664836269609626,0.034896645768927696,15.3475952773029,0.232644305126185,0.0116322152563092,No (reported postion),cruise,2021-06-11 08:00:00
2021-06-11 09:00:00+00:00,5.177745,60.0340066667,9.8,948.4162731206029,0.776464418670404,0.821401330818759,0.0431369121483558,18.9623254624121,0.287579414322372,0.0143789707161186,No (reported postion),cruise,2021-06-11 09:00:00
2021-06-11 10:00:00+00:00,5.1864333333,59.9217266667,10.0,1005.06639563511,0.8229554006731931,0.870475145155037,0.045719744481844,20.095327912702302,0.304798296545627,0.0152399148272813,No (reported postion),cruise,2021-06-11 10:00:00
2021-06-11 11:00:00+00:00,5.342985,59.7723866667,9.8,948.4162731206029,0.776464418670404,0.821401330818759,0.0431369121483558,18.9623254624121,0.287579414322372,0.0143789707161186,No (reported postion),cruise,2021-06-11 11:00:00
2021-06-11 12:00:00+00:00,5.3129483333,59.6399333333,8.7,676.100151444908,0.552983103009499,0.585504386510027,0.0307212835005277,13.516003028898199,0.204808556670185,0.010240427833509199,No (reported postion),cruise,2021-06-11 12:00:00
2021-06-11 13:00:00+00:00,5.2055733333,59.50318,9.6,894.031847248627,0.731832822969998,0.774290202023887,0.040657379053888804,17.874636944972497,0.271049193692592,0.0135524596846296,No (reported postion),cruise,2021-06-11 13:00:00
2021-06-11 14:00:00+00:00,5.2761483333,59.3943666667,0.2,41.7677064511651,0.0324613470990922,0.0360066758011612,0.00180162678733561,0.829913617377887,0.012017075996654499,0.000602480587168335,No (reported postion),anchor,2021-06-11 14:00:00
2021-06-11 15:00:00+00:00,5.31928,59.3364933333,10.0,1005.06639563511,0.8229554006731931,0.870475145155037,0.045719744481844,20.095327912702302,0.304798296545627,0.0152399148272813,No (reported postion),cruise,2021-06-11 15:00:00
2021-06-11 16:00:00+00:00,5.3380633333,59.1707533333,10.2,1009.6648399999999,0.8267291999999999,0.8744586000000001,0.0459294,20.1872968,0.306196,0.015309799999999998,No (reported postion),cruise,2021-06-11 16:00:00
2021-06-11 17:00:00+00:00,5.315395,59.01352,9.2,791.875130604314,0.6479960038394069,0.685795781830485,0.035999777991078195,15.8315026120863,0.239998519940521,0.0119999259970261,No (reported postion),cruise,2021-06-11 17:00:00
2021-06-11 18:00:00+00:00,5.3785916667,58.8662933333,9.3,816.602242473872,0.668288770419288,0.70721592433147,0.037127153912182596,16.326044849477498,0.247514359414551,0.0123757179707275,No (reported postion),cruise,2021-06-11 18:00:00
2021-06-11 19:00:00+00:00,5.46639,58.7112333333,9.8,948.4162731206029,0.776464418670404,0.821401330818759,0.0431369121483558,18.9623254624121,0.287579414322372,0.0143789707161186,No (reported postion),cruise,2021-06-11 19:00:00
2021-06-11 20:00:00+00:00,5.6072033333,58.5634733333,9.8,948.4162731206029,0.776464418670404,0.821401330818759,0.0431369121483558,18.9623254624121,0.287579414322372,0.0143789707161186,No (reported postion),cruise,2021-06-11 20:00:00
2021-06-11 21:00:00+00:00,5.7977,58.44112,9.4,841.866879312195,0.689022666912743,0.729101703963451,0.038279037050707995,16.831337586243897,0.255193580338053,0.0127596790169027,No (reported postion),cruise,2021-06-11 21:00:00
2021-06-11 22:00:00+00:00,6.0151116667,58.32246,10.1,1009.6648399999999,0.8267291999999999,0.8744586000000001,0.0459294,20.1872968,0.306196,0.015309799999999998,No (reported postion),cruise,2021-06-11 22:00:00
2021-06-11 23:00:00+00:00,6.2631216667,58.2149,10.1,1009.6648399999999,0.8267291999999999,0.8744586000000001,0.0459294,20.1872968,0.306196,0.015309799999999998,No (reported postion),cruise,2021-06-11 23:00:00
2021-06-12 00:00:00+00:00,6.50361,58.09698,10.5,1009.6648399999999,0.8267291999999999,0.8744586000000001,0.0459294,20.1872968,0.306196,0.015309799999999998,No (reported postion),cruise,2021-06-12 00:00:00
2021-06-12 01:00:00+00:00,6.7895533333,58.0115333333,10.2,1009.6648399999999,0.8267291999999999,0.8744586000000001,0.0459294,20.1872968,0.306196,0.015309799999999998,No (reported postion),cruise,2021-06-12 01:00:00
2021-06-12 02:00:00+00:00,7.09165,57.9564066667,10.5,1009.6648399999999,0.8267291999999999,0.8744586000000001,0.0459294,20.1872968,0.306196,0.015309799999999998,No (reported postion),cruise,2021-06-12 02:00:00
2021-06-12 03:00:00+00:00,7.395175,57.9248533333,9.8,948.4162731206029,0.776464418670404,0.821401330818759,0.0431369121483558,18.9623254624121,0.287579414322372,0.0143789707161186,No (reported postion),cruise,2021-06-12 03:00:00
2021-06-12 04:00:00+00:00,7.6967933333,57.9145533333,10.0,1005.06639563511,0.8229554006731931,0.870475145155037,0.045719744481844,20.095327912702302,0.304798296545627,0.0152399148272813,No (reported postion),cruise,2021-06-12 04:00:00
2021-06-12 05:00:00+00:00,7.9988983333,57.8974066667,9.9,1018.94137930464,0.8343421653867891,0.882494507908277,0.0463523425214883,20.3728275860929,0.309015616809922,0.015450780840496099,No (reported postion),cruise,2021-06-12 05:00:00
2021-06-12 06:00:00+00:00,8.2911833333,57.8828133333,9.6,932.771476669019,0.7636252240140889,0.807848847570427,0.0424236235563382,18.6494295333804,0.282824157042255,0.0141412078521128,No (reported postion),cruise,2021-06-12 06:00:00
2021-06-12 07:00:00+00:00,8.595765,57.8665333333,10.3,1009.6648399999999,0.8267291999999999,0.8744586000000001,0.0459294,20.1872968,0.306196,0.015309799999999998,No (reported postion),cruise,2021-06-12 07:00:00
2021-06-12 08:00:00+00:00,8.910505,57.8515,9.8,989.627921898812,0.8102855286099669,0.857101391310521,0.045015862700553695,19.7865584379762,0.30010575133702505,0.0150052875668512,No (reported postion),cruise,2021-06-12 08:00:00
2021-06-12 09:00:00+00:00,9.2188383333,57.8428333333,9.8,989.627921898812,0.8102855286099669,0.857101391310521,0.045015862700553695,19.7865584379762,0.30010575133702505,0.0150052875668512,No (reported postion),cruise,2021-06-12 09:00:00
2021-06-12 10:00:00+00:00,9.5305266667,57.8340466667,10.1,1009.6648399999999,0.8267291999999999,0.8744586000000001,0.0459294,20.1872968,0.306196,0.015309799999999998,No (reported postion),cruise,2021-06-12 10:00:00
2021-06-12 11:00:00+00:00,9.8559816667,57.8261666667,10.3,1009.6648399999999,0.8267291999999999,0.8744586000000001,0.0459294,20.1872968,0.306196,0.015309799999999998,No (reported postion),cruise,2021-06-12 11:00:00
2021-06-12 12:00:00+00:00,10.1762816667,57.81952,10.8,1009.6648399999999,0.8267291999999999,0.8744586000000001,0.0459294,20.1872968,0.306196,0.015309799999999998,No (reported postion),cruise,2021-06-12 12:00:00
2021-06-12 13:00:00+00:00,10.5251333333,57.8052133333,12.6,1009.6648399999999,0.8267291999999999,0.8744586000000001,0.0459294,20.1872968,0.306196,0.015309799999999998,No (reported postion),cruise,2021-06-12 13:00:00
2021-06-12 14:00:00+00:00,10.7579166667,57.72644,8.8,698.2263360462521,0.571141370007562,0.6046714461190931,0.031730076111531204,13.958526720924999,0.21153384074354198,0.0105766920371771,No (reported postion),cruise,2021-06-12 14:00:00
2021-06-12 15:00:00+00:00,10.7421966667,57.5757333333,9.4,878.2353738263851,0.7188691517724131,0.760606326870881,0.0399371750984674,17.5587074765277,0.26624783398978297,0.0133123916994891,No (reported postion),cruise,2021-06-12 15:00:00
2021-06-12 16:00:00+00:00,10.7232416667,57.4072866667,10.4,1009.6648399999999,0.8267291999999999,0.8744586000000001,0.0459294,20.1872968,0.306196,0.015309799999999998,No (reported postion),cruise,2021-06-12 16:00:00
2021-06-12 17:00:00+00:00,10.7087983333,57.2275866667,11.5,1009.6648399999999,0.8267291999999999,0.8744586000000001,0.0459294,20.1872968,0.306196,0.015309799999999998,No (reported postion),cruise,2021-06-12 17:00:00
2021-06-12 18:00:00+00:00,10.7275983333,57.0423666667,10.4,1009.6648399999999,0.8267291999999999,0.8744586000000001,0.0459294,20.1872968,0.306196,0.015309799999999998,No (reported postion),cruise,2021-06-12 18:00:00
2021-06-12 19:00:00+00:00,10.7336116667,56.8737066667,10.2,1009.6648399999999,0.8267291999999999,0.8744586000000001,0.0459294,20.1872968,0.306196,0.015309799999999998,No (reported postion),cruise,2021-06-12 19:00:00
2021-06-12 20:00:00+00:00,10.6435433333,56.7195866667,10.1,1009.6648399999999,0.8267291999999999,0.8744586000000001,0.0459294,20.1872968,0.306196,0.015309799999999998,No (reported postion),cruise,2021-06-12 20:00:00
2021-06-12 21:00:00+00:00,10.4569183333,56.6142,9.0,744.0103624179969,0.608714887090758,0.644332380818022,0.0338174937272643,14.8742072483599,0.225449958181762,0.011272497909088101,No (reported postion),cruise,2021-06-12 21:00:00
2021-06-12 22:00:00+00:00,10.2615683333,56.5745866667,5.6,210.932015975856,0.18650593674153199,0.182547187091547,0.009667270043861989,4.2803091259074595,0.06547686827200311,0.0034538136433617003,No (reported postion),cruise,2021-06-12 22:00:00
2021-06-12 23:00:00+00:00,10.2288383333,56.5040933333,5.9,239.602904229144,0.19476347763486002,0.207383670836796,0.0108201932019367,4.78605808458288,0.07213462134624431,0.00360673106731222,No (reported postion),cruise,2021-06-12 23:00:00
2021-06-13 00:00:00+00:00,10.1135883333,56.4609266667,5.6,210.932015975856,0.18650593674153199,0.182547187091547,0.009667270043861989,4.2803091259074595,0.06547686827200311,0.0034538136433617003,No (reported postion),cruise,2021-06-13 00:00:00
2021-06-13 01:00:00+00:00,10.0552866667,56.45934,0.1,41.760963306395595,0.0324076683873865,0.036000834475145196,0.00180020334841695,0.8292892021722359,0.0120021344995818,0.000600310073396042,No (reported postion),anchor,2021-06-13 01:00:00
2021-06-13 02:00:00+00:00,10.0552916667,56.45936,0.1,41.760963306395595,0.0324076683873865,0.036000834475145196,0.00180020334841695,0.8292892021722359,0.0120021344995818,0.000600310073396042,No (reported postion),anchor,2021-06-13 02:00:00
2021-06-13 03:00:00+00:00,10.0552916667,56.45934,0.3,41.7860092726821,0.032607046459436295,0.0360225308289192,0.0018054904072576801,0.8316084586503669,0.0120576314887091,0.000608371981693129,No (reported postion),anchor,2021-06-13 03:00:00
2021-06-13 04:00:00+00:00,10.0553066667,56.4593533333,0.1,41.760963306395595,0.0324076683873865,0.036000834475145196,0.00180020334841695,0.8292892021722359,0.0120021344995818,0.000600310073396042,No (reported postion),anchor,2021-06-13 04:00:00
2021-06-13 05:00:00+00:00,10.05532,56.45932,0.3,41.7860092726821,0.032607046459436295,0.0360225308289192,0.0018054904072576801,0.8316084586503669,0.0120576314887091,0.000608371981693129,No (reported postion),anchor,2021-06-13 05:00:00
2021-06-13 06:00:00+00:00,10.0553,56.4593066667,0.0,41.76,0.0324,0.036,0.0018,0.8292,0.012,0.0006,No (reported postion),anchor,2021-06-13 06:00:00
2021-06-13 07:00:00+00:00,10.0553083333,56.4593533333,0.0,41.76,0.0324,0.036,0.0018,0.8292,0.012,0.0006,No (reported postion),anchor,2021-06-13 07:00:00
2021-06-13 08:00:00+00:00,10.05942,56.4607933333,5.5,202.030101573792,0.186288526100793,0.17483580227516898,0.00932636191281181,4.13076409242011,0.0636371755830454,0.00347414467867894,No (reported postion),cruise,2021-06-13 08:00:00
2021-06-13 09:00:00+00:00,10.2290883333,56.50454,7.7,481.54115871848495,0.393314628735535,0.416965441443065,0.0218508127075297,9.6248231743697,0.145672084716865,0.00728360423584324,No (reported postion),cruise,2021-06-13 09:00:00
2021-06-13 10:00:00+00:00,10.332715,56.6040466667,9.2,791.875130604314,0.6479960038394069,0.685795781830485,0.035999777991078195,15.8315026120863,0.239998519940521,0.0119999259970261,No (reported postion),cruise,2021-06-13 10:00:00
2021-06-13 11:00:00+00:00,10.588655,56.6625,10.1,1009.6648399999999,0.8267291999999999,0.8744586000000001,0.0459294,20.1872968,0.306196,0.015309799999999998,No (reported postion),cruise,2021-06-13 11:00:00
2021-06-13 12:00:00+00:00,10.7091766667,56.81556,9.9,1018.94137930464,0.8343421653867891,0.882494507908277,0.0463523425214883,20.3728275860929,0.309015616809922,0.015450780840496099,No (reported postion),cruise,2021-06-13 12:00:00
2021-06-13 13:00:00+00:00,10.73639,56.9762466667,10.0,1009.6648399999999,0.8267291999999999,0.8744586000000001,0.0459294,20.1872968,0.306196,0.015309799999999998,No (reported postion),cruise,2021-06-13 13:00:00
2021-06-13 14:00:00+00:00,10.736805,57.1408533333,9.9,1018.94137930464,0.8343421653867891,0.882494507908277,0.0463523425214883,20.3728275860929,0.309015616809922,0.015450780840496099,No (reported postion),cruise,2021-06-13 14:00:00
2021-06-13 15:00:00+00:00,10.7360433333,57.2988933333,9.6,894.031847248627,0.731832822969998,0.774290202023887,0.040657379053888804,17.874636944972497,0.271049193692592,0.0135524596846296,No (reported postion),cruise,2021-06-13 15:00:00
2021-06-13 16:00:00+00:00,10.7518083333,57.4606133333,9.7,920.943738023485,0.753918569198605,0.797602934154083,0.041884364955477996,18.4128747604697,0.279229099703187,0.0139614549851593,No (reported postion),cruise,2021-06-13 16:00:00
2021-06-13 17:00:00+00:00,10.77128,57.6246066667,10.1,1009.6648399999999,0.8267291999999999,0.8744586000000001,0.0459294,20.1872968,0.306196,0.015309799999999998,No (reported postion),cruise,2021-06-13 17:00:00
2021-06-13 18:00:00+00:00,10.79342,57.78458,8.4,612.715553918514,0.500965348200604,0.530596756433971,0.0278314082333669,12.2483110783703,0.185542721555779,0.00927713607778897,No (reported postion),cruise,2021-06-13 18:00:00
2021-06-13 19:00:00+00:00,10.6957966667,57.89824,6.6,331.295223497672,0.27001249344793804,0.28681318752837803,0.015000694080441001,6.61990446995344,0.10000462720294,0.00500023136014699,No (reported postion),cruise,2021-06-13 19:00:00
2021-06-13 20:00:00+00:00,10.5607333333,58.0027933333,7.5,466.627380461225,0.381075357825322,0.404046211037839,0.021170853212517902,9.326547609224502,0.141139021416786,0.00705695107083929,No (reported postion),cruise,2021-06-13 20:00:00
2021-06-13 21:00:00+00:00,10.4256666667,58.10782,7.5,466.627380461225,0.381075357825322,0.404046211037839,0.021170853212517902,9.326547609224502,0.141139021416786,0.00705695107083929,No (reported postion),cruise,2021-06-13 21:00:00
2021-06-13 22:00:00+00:00,10.285385,58.2206266667,9.0,775.930833436997,0.634911018322155,0.671983852673386,0.0352728343512309,15.5126166687399,0.235152229008206,0.0117576114504103,No (reported postion),cruise,2021-06-13 22:00:00
2021-06-13 23:00:00+00:00,10.1358383333,58.3153533333,7.9,538.296150270156,0.439891673473988,0.466130099778098,0.0244384263041104,10.759923005403099,0.16292284202740298,0.00814614210137015,No (reported postion),cruise,2021-06-13 23:00:00
2021-06-14 00:00:00+00:00,9.9850866667,58.4160266667,7.6,483.84967870897003,0.395209158818912,0.41896522319774,0.0219560643788284,9.6709935741794,0.146373762525523,0.00731868812627614,No (reported postion),cruise,2021-06-14 00:00:00
2021-06-14 01:00:00+00:00,9.853965,58.52128,7.0,387.192916143882,0.315885979814128,0.335235200914913,0.0175492211007849,7.737858322877639,0.116994807338566,0.0058497403669283,No (reported postion),cruise,2021-06-14 01:00:00
2021-06-14 02:00:00+00:00,9.71709,58.6153,7.4,449.85827408597197,0.367313477213412,0.389519781503046,0.020406304289634,8.99116548171944,0.13604202859756,0.006802101429878,No (reported postion),cruise,2021-06-14 02:00:00
2021-06-14 03:00:00+00:00,9.600025,58.7172466667,7.2,417.655466719743,0.34088564138094396,0.361623732568774,0.0189380911878302,8.347109334394851,0.126253941252201,0.00631269706261007,No (reported postion),cruise,2021-06-14 03:00:00
2021-06-14 04:00:00+00:00,9.4892983333,58.8037666667,6.6,318.706735519512,0.25968151547193996,0.27590826633149196,0.0144267508595522,6.36813471039025,0.0961783390636816,0.00480891695318408,No (reported postion),cruise,2021-06-14 04:00:00
2021-06-14 05:00:00+00:00,9.4224266667,58.8807066667,0.0,41.76,0.0324,0.036,0.0018,0.8292,0.012,0.0006,No (reported postion),anchor,2021-06-14 05:00:00
2021-06-14 06:00:00+00:00,9.4224466667,58.88074,0.0,41.76,0.0324,0.036,0.0018,0.8292,0.012,0.0006,No (reported postion),anchor,2021-06-14 06:00:00
2021-06-14 07:00:00+00:00,9.4224,58.8806933333,0.0,41.76,0.0324,0.036,0.0018,0.8292,0.012,0.0006,No (reported postion),anchor,2021-06-14 07:00:00
2021-06-14 08:00:00+00:00,9.4223783333,58.8806733333,0.0,41.76,0.0324,0.036,0.0018,0.8292,0.012,0.0006,No (reported postion),anchor,2021-06-14 08:00:00
2021-06-14 09:00:00+00:00,9.4223833333,58.88068,0.0,41.76,0.0324,0.036,0.0018,0.8292,0.012,0.0006,No (reported postion),anchor,2021-06-14 09:00:00
2021-06-14 10:00:00+00:00,9.4224283333,58.8807266667,0.0,41.76,0.0324,0.036,0.0018,0.8292,0.012,0.0006,No (reported postion),anchor,2021-06-14 10:00:00
2021-06-14 11:00:00+00:00,9.4224,58.8807066667,0.0,41.76,0.0324,0.036,0.0018,0.8292,0.012,0.0006,No (reported postion),anchor,2021-06-14 11:00:00
2021-06-14 12:00:00+00:00,9.4503333333,58.84682,10.1,1009.6648399999999,0.8267291999999999,0.8744586000000001,0.0459294,20.1872968,0.306196,0.015309799999999998,No (reported postion),cruise,2021-06-14 12:00:00
2021-06-14 13:00:00+00:00,9.58116,58.7268533333,7.6,483.84967870897003,0.395209158818912,0.41896522319774,0.0219560643788284,9.6709935741794,0.146373762525523,0.00731868812627614,No (reported postion),cruise,2021-06-14 13:00:00
2021-06-14 14:00:00+00:00,9.7117583333,58.6212133333,7.7,501.53121138750697,0.409719839132605,0.43428205241774903,0.0227622132851447,10.0246242277501,0.15174808856763097,0.00758740442838157,No (reported postion),cruise,2021-06-14 14:00:00
2021-06-14 15:00:00+00:00,9.8524833333,58.5097933333,8.8,728.065714957445,0.595629614098815,0.630520148215416,0.0330905341166008,14.5553142991489,0.220603560777339,0.011030178038866901,No (reported postion),cruise,2021-06-14 15:00:00
2021-06-14 16:00:00+00:00,10.0027083333,58.3857666667,9.4,878.2353738263851,0.7188691517724131,0.760606326870881,0.0399371750984674,17.5587074765277,0.26624783398978297,0.0133123916994891,No (reported postion),cruise,2021-06-14 16:00:00
2021-06-14 17:00:00+00:00,10.15438,58.2579933333,9.4,878.2353738263851,0.7188691517724131,0.760606326870881,0.0399371750984674,17.5587074765277,0.26624783398978297,0.0133123916994891,No (reported postion),cruise,2021-06-14 17:00:00
2021-06-14 18:00:00+00:00,10.3281733333,58.1283866667,10.0,1009.6648399999999,0.8267291999999999,0.8744586000000001,0.0459294,20.1872968,0.306196,0.015309799999999998,No (reported postion),cruise,2021-06-14 18:00:00
2021-06-14 19:00:00+00:00,10.5068383333,57.9887866667,10.0,1009.6648399999999,0.8267291999999999,0.8744586000000001,0.0459294,20.1872968,0.306196,0.015309799999999998,No (reported postion),cruise,2021-06-14 19:00:00
2021-06-14 20:00:00+00:00,10.6794483333,57.8501333333,9.8,989.627921898812,0.8102855286099669,0.857101391310521,0.045015862700553695,19.7865584379762,0.30010575133702505,0.0150052875668512,No (reported postion),cruise,2021-06-14 20:00:00
2021-06-14 21:00:00+00:00,10.7538166667,57.69474,9.9,976.4552323783539,0.799475114717798,0.845690398868787,0.044415284150988804,19.5231046475671,0.296101894339925,0.014805094716996299,No (reported postion),cruise,2021-06-14 21:00:00
2021-06-14 22:00:00+00:00,10.7422333333,57.5308266667,10.4,1009.6648399999999,0.8267291999999999,0.8744586000000001,0.0459294,20.1872968,0.306196,0.015309799999999998,No (reported postion),cruise,2021-06-14 22:00:00
2021-06-14 23:00:00+00:00,10.7179433333,57.3563333333,10.5,1009.6648399999999,0.8267291999999999,0.8744586000000001,0.0459294,20.1872968,0.306196,0.015309799999999998,No (reported postion),cruise,2021-06-14 23:00:00
2021-06-15 00:00:00+00:00,10.700415,57.1799533333,10.7,1009.6648399999999,0.8267291999999999,0.8744586000000001,0.0459294,20.1872968,0.306196,0.015309799999999998,No (reported postion),cruise,2021-06-15 00:00:00
2021-06-15 01:00:00+00:00,10.8260966667,57.01952,10.5,1009.6648399999999,0.8267291999999999,0.8744586000000001,0.0459294,20.1872968,0.306196,0.015309799999999998,No (reported postion),cruise,2021-06-15 01:00:00
2021-06-15 02:00:00+00:00,10.9027116667,56.8596533333,9.6,932.771476669019,0.7636252240140889,0.807848847570427,0.0424236235563382,18.6494295333804,0.282824157042255,0.0141412078521128,No (reported postion),cruise,2021-06-15 02:00:00
2021-06-15 03:00:00+00:00,10.9964066667,56.71184,9.6,932.771476669019,0.7636252240140889,0.807848847570427,0.0424236235563382,18.6494295333804,0.282824157042255,0.0141412078521128,No (reported postion),cruise,2021-06-15 03:00:00
2021-06-15 04:00:00+00:00,11.0045933333,56.5652266667,8.8,728.065714957445,0.595629614098815,0.630520148215416,0.0330905341166008,14.5553142991489,0.220603560777339,0.011030178038866901,No (reported postion),cruise,2021-06-15 04:00:00
2021-06-15 05:00:00+00:00,11.004095,56.4240733333,8.8,698.2263360462521,0.571141370007562,0.6046714461190931,0.031730076111531204,13.958526720924999,0.21153384074354198,0.0105766920371771,No (reported postion),cruise,2021-06-15 05:00:00
2021-06-15 06:00:00+00:00,10.9186716667,56.2879,9.6,894.031847248627,0.731832822969998,0.774290202023887,0.040657379053888804,17.874636944972497,0.271049193692592,0.0135524596846296,No (reported postion),cruise,2021-06-15 06:00:00
2021-06-15 07:00:00+00:00,10.76042,56.1585266667,9.8,948.4162731206029,0.776464418670404,0.821401330818759,0.0431369121483558,18.9623254624121,0.287579414322372,0.0143789707161186,No (reported postion),cruise,2021-06-15 07:00:00
2021-06-15 08:00:00+00:00,10.5774733333,56.0521466667,9.9,976.4552323783539,0.799475114717798,0.845690398868787,0.044415284150988804,19.5231046475671,0.296101894339925,0.014805094716996299,No (reported postion),cruise,2021-06-15 08:00:00
2021-06-15 09:00:00+00:00,10.4880833333,55.8986733333,10.3,1009.6648399999999,0.8267291999999999,0.8744586000000001,0.0459294,20.1872968,0.306196,0.015309799999999998,No (reported postion),cruise,2021-06-15 09:00:00
2021-06-15 10:00:00+00:00,10.4127633333,55.74555,9.7,920.943738023485,0.753918569198605,0.797602934154083,0.041884364955477996,18.4128747604697,0.279229099703187,0.0139614549851593,No (reported postion),cruise,2021-06-15 10:00:00
2021-06-15 11:00:00+00:00,10.156655,55.6825933333,10.2,1009.6648399999999,0.8267291999999999,0.8744586000000001,0.0459294,20.1872968,0.306196,0.015309799999999998,No (reported postion),cruise,2021-06-15 11:00:00
2021-06-15 12:00:00+00:00,9.8676483333,55.65839,10.0,1005.06639563511,0.8229554006731931,0.870475145155037,0.045719744481844,20.095327912702302,0.304798296545627,0.0152399148272813,No (reported postion),cruise,2021-06-15 12:00:00
2021-06-15 13:00:00+00:00,9.61452,55.69877,7.0,372.174093702844,0.303560502430905,0.32222497478817796,0.0168644723572725,7.43748187405687,0.11242981571515,0.0056214907857575,No (reported postion),cruise,2021-06-15 13:00:00
2021-06-15 14:00:00+00:00,9.55013,55.7055166667,0.0,41.76,0.0324,0.036,0.0018,0.8292,0.012,0.0006,No (reported postion),anchor,2021-06-15 14:00:00
2021-06-15 15:00:00+00:00,9.5501483333,55.7055333333,0.0,41.76,0.0324,0.036,0.0018,0.8292,0.012,0.0006,No (reported postion),anchor,2021-06-15 15:00:00
2021-06-15 16:00:00+00:00,9.5501333333,55.70555,0.0,41.76,0.0324,0.036,0.0018,0.8292,0.012,0.0006,No (reported postion),anchor,2021-06-15 16:00:00
2021-06-15 17:00:00+00:00,9.5501233333,55.7055266667,0.0,41.76,0.0324,0.036,0.0018,0.8292,0.012,0.0006,No (reported postion),anchor,2021-06-15 17:00:00
2021-06-15 18:00:00+00:00,9.5501233333,55.7055166667,0.0,41.76,0.0324,0.036,0.0018,0.8292,0.012,0.0006,No (reported postion),anchor,2021-06-15 18:00:00
2021-06-15 19:00:00+00:00,9.5505266667,55.70547,0.0,41.76,0.0324,0.036,0.0018,0.8292,0.012,0.0006,No (reported postion),anchor,2021-06-15 19:00:00
2021-06-15 20:00:00+00:00,9.5505383333,55.7054933333,0.0,41.76,0.0324,0.036,0.0018,0.8292,0.012,0.0006,No (reported postion),anchor,2021-06-15 20:00:00
2021-06-15 21:00:00+00:00,9.5505483333,55.7054533333,0.1,41.760963306395595,0.0324076683873865,0.036000834475145196,0.00180020334841695,0.8292892021722359,0.0120021344995818,0.000600310073396042,No (reported postion),anchor,2021-06-15 21:00:00
2021-06-15 22:00:00+00:00,9.58549,55.6995266667,7.9,516.70762199754,0.42217464419251,0.447428791092094,0.0234541468995839,10.3281524399508,0.15636097933055898,0.00781804896652797,No (reported postion),cruise,2021-06-15 22:00:00
2021-06-15 23:00:00+00:00,9.864405,55.6589766667,10.5,1009.6648399999999,0.8267291999999999,0.8744586000000001,0.0459294,20.1872968,0.306196,0.015309799999999998,No (reported postion),cruise,2021-06-15 23:00:00
2021-06-16 00:00:00+00:00,10.17661,55.67986,10.6,1009.6648399999999,0.8267291999999999,0.8744586000000001,0.0459294,20.1872968,0.306196,0.015309799999999998,No (reported postion),cruise,2021-06-16 00:00:00
2021-06-16 01:00:00+00:00,10.4487316667,55.7670833333,11.0,1009.6648399999999,0.8267291999999999,0.8744586000000001,0.0459294,20.1872968,0.306196,0.015309799999999998,No (reported postion),cruise,2021-06-16 01:00:00
2021-06-16 02:00:00+00:00,10.5005983333,55.9333266667,10.5,1009.6648399999999,0.8267291999999999,0.8744586000000001,0.0459294,20.1872968,0.306196,0.015309799999999998,No (reported postion),cruise,2021-06-16 02:00:00
2021-06-16 03:00:00+00:00,10.6550383333,56.0745933333,11.1,1009.6648399999999,0.8267291999999999,0.8744586000000001,0.0459294,20.1872968,0.306196,0.015309799999999998,No (reported postion),cruise,2021-06-16 03:00:00
2021-06-16 04:00:00+00:00,10.82371,56.2305666667,11.9,1009.6648399999999,0.8267291999999999,0.8744586000000001,0.0459294,20.1872968,0.306196,0.015309799999999998,No (reported postion),cruise,2021-06-16 04:00:00
2021-06-16 05:00:00+00:00,10.866745,56.3002866667,0.0,41.76,0.0324,0.036,0.0018,0.8292,0.012,0.0006,No (reported postion),anchor,2021-06-16 05:00:00
2021-06-16 06:00:00+00:00,10.8667533333,56.3003466667,0.0,41.76,0.0324,0.036,0.0018,0.8292,0.012,0.0006,No (reported postion),anchor,2021-06-16 06:00:00
2021-06-16 07:00:00+00:00,10.8668183333,56.3003733333,0.0,41.76,0.0324,0.036,0.0018,0.8292,0.012,0.0006,No (reported postion),anchor,2021-06-16 07:00:00
2021-06-16 08:00:00+00:00,10.8667633333,56.3003733333,0.0,41.76,0.0324,0.036,0.0018,0.8292,0.012,0.0006,No (reported postion),anchor,2021-06-16 08:00:00
2021-06-16 09:00:00+00:00,10.8667616667,56.3003666667,0.0,41.76,0.0324,0.036,0.0018,0.8292,0.012,0.0006,No (reported postion),anchor,2021-06-16 09:00:00
2021-06-16 10:00:00+00:00,10.8782616667,56.3003,3.0,67.769272682148,0.170929022859964,0.058530828919186,0.0052626326549485795,2.34814152463745,0.0462310488491493,0.00521684353993145,No (reported postion),anchor,2021-06-16 10:00:00
2021-06-16 11:00:00+00:00,11.1583733333,56.2835933333,10.2,1009.6648399999999,0.8267291999999999,0.8744586000000001,0.0459294,20.1872968,0.306196,0.015309799999999998,No (reported postion),cruise,2021-06-16 11:00:00
2021-06-16 12:00:00+00:00,11.4633116667,56.2653333333,10.1,1009.6648399999999,0.8267291999999999,0.8744586000000001,0.0459294,20.1872968,0.306196,0.015309799999999998,No (reported postion),cruise,2021-06-16 12:00:00
2021-06-16 13:00:00+00:00,11.7503533333,56.2466933333,9.5,867.674820957655,0.710202436652179,0.7514581275773,0.039455690925120995,17.3474964191531,0.263037939500807,0.0131518969750403,No (reported postion),cruise,2021-06-16 13:00:00
2021-06-16 14:00:00+00:00,12.030165,56.2099933333,9.4,878.2353738263851,0.7188691517724131,0.760606326870881,0.0399371750984674,17.5587074765277,0.26624783398978297,0.0133123916994891,No (reported postion),cruise,2021-06-16 14:00:00
2021-06-16 15:00:00+00:00,12.31455,56.1777666667,10.0,1005.06639563511,0.8229554006731931,0.870475145155037,0.045719744481844,20.095327912702302,0.304798296545627,0.0152399148272813,No (reported postion),cruise,2021-06-16 15:00:00
2021-06-16 16:00:00+00:00,12.5506866667,56.0975,8.3,592.566074041014,0.48442930088472297,0.513142039822763,0.0269127389380402,11.8453214808203,0.179418259586934,0.00897091297934672,No (reported postion),cruise,2021-06-16 16:00:00
2021-06-16 17:00:00+00:00,12.6872733333,55.9753266667,10.1,1009.6648399999999,0.8267291999999999,0.8744586000000001,0.0459294,20.1872968,0.306196,0.015309799999999998,No (reported postion),cruise,2021-06-16 17:00:00
2021-06-16 18:00:00+00:00,12.7695816667,55.8242266667,9.9,976.4552323783539,0.799475114717798,0.845690398868787,0.044415284150988804,19.5231046475671,0.296101894339925,0.014805094716996299,No (reported postion),cruise,2021-06-16 18:00:00
2021-06-16 19:00:00+00:00,12.9146983333,55.68614,10.0,1005.06639563511,0.8229554006731931,0.870475145155037,0.045719744481844,20.095327912702302,0.304798296545627,0.0152399148272813,No (reported postion),cruise,2021-06-16 19:00:00
2021-06-16 20:00:00+00:00,13.0059033333,55.6256033333,0.0,41.76,0.0324,0.036,0.0018,0.8292,0.012,0.0006,No (reported postion),anchor,2021-06-16 20:00:00
2021-06-16 21:00:00+00:00,13.0059233333,55.6256033333,0.1,41.760963306395595,0.0324076683873865,0.036000834475145196,0.00180020334841695,0.8292892021722359,0.0120021344995818,0.000600310073396042,No (reported postion),anchor,2021-06-16 21:00:00
2021-06-16 22:00:00+00:00,13.00592,55.62561,0.1,41.760963306395595,0.0324076683873865,0.036000834475145196,0.00180020334841695,0.8292892021722359,0.0120021344995818,0.000600310073396042,No (reported postion),anchor,2021-06-16 22:00:00
2021-06-16 23:00:00+00:00,13.00592,55.62562,0.1,41.760963306395595,0.0324076683873865,0.036000834475145196,0.00180020334841695,0.8292892021722359,0.0120021344995818,0.000600310073396042,No (reported postion),anchor,2021-06-16 23:00:00
2021-06-17 00:00:00+00:00,13.0059183333,55.62561,0.0,41.76,0.0324,0.036,0.0018,0.8292,0.012,0.0006,No (reported postion),anchor,2021-06-17 00:00:00
2021-06-17 01:00:00+00:00,13.0059183333,55.6256033333,0.0,41.76,0.0324,0.036,0.0018,0.8292,0.012,0.0006,No (reported postion),anchor,2021-06-17 01:00:00
2021-06-17 02:00:00+00:00,13.00591,55.62561,0.0,41.76,0.0324,0.036,0.0018,0.8292,0.012,0.0006,No (reported postion),anchor,2021-06-17 02:00:00
2021-06-17 03:00:00+00:00,13.0059316667,55.6256033333,0.0,41.76,0.0324,0.036,0.0018,0.8292,0.012,0.0006,No (reported postion),anchor,2021-06-17 03:00:00
2021-06-17 04:00:00+00:00,12.8519833333,55.7424633333,12.5,1009.6648399999999,0.8267291999999999,0.8744586000000001,0.0459294,20.1872968,0.306196,0.015309799999999998,No (reported postion),cruise,2021-06-17 04:00:00
2021-06-17 05:00:00+00:00,12.812095,55.8672433333,6.5,306.308018901293,0.24950627690987598,0.265167736738202,0.0138614598283264,6.12016037802586,0.0924097321888428,0.00462048660944214,No (reported postion),cruise,2021-06-17 05:00:00
2021-06-17 06:00:00+00:00,12.8285666667,55.8606266667,0.0,41.76,0.0324,0.036,0.0018,0.8292,0.012,0.0006,No (reported postion),anchor,2021-06-17 06:00:00
2021-06-17 07:00:00+00:00,12.8285616667,55.8606133333,0.0,41.76,0.0324,0.036,0.0018,0.8292,0.012,0.0006,No (reported postion),anchor,2021-06-17 07:00:00
2021-06-17 08:00:00+00:00,12.828575,55.8606366667,0.0,41.76,0.0324,0.036,0.0018,0.8292,0.012,0.0006,No (reported postion),anchor,2021-06-17 08:00:00
2021-06-17 09:00:00+00:00,12.8285483333,55.8606266667,0.0,41.76,0.0324,0.036,0.0018,0.8292,0.012,0.0006,No (reported postion),anchor,2021-06-17 09:00:00
2021-06-17 10:00:00+00:00,12.8285633333,55.8606133333,0.0,41.76,0.0324,0.036,0.0018,0.8292,0.012,0.0006,No (reported postion),anchor,2021-06-17 10:00:00
2021-06-17 11:00:00+00:00,12.8285416667,55.8606266667,0.0,41.76,0.0324,0.036,0.0018,0.8292,0.012,0.0006,No (reported postion),anchor,2021-06-17 11:00:00
2021-06-17 12:00:00+00:00,12.8285583333,55.8606133333,0.0,41.76,0.0324,0.036,0.0018,0.8292,0.012,0.0006,No (reported postion),anchor,2021-06-17 12:00:00
2021-06-17 13:00:00+00:00,12.82856,55.8605966667,0.0,41.76,0.0324,0.036,0.0018,0.8292,0.012,0.0006,No (reported postion),anchor,2021-06-17 13:00:00
2021-06-17 14:00:00+00:00,12.8285483333,55.8606133333,0.0,41.76,0.0324,0.036,0.0018,0.8292,0.012,0.0006,No (reported postion),anchor,2021-06-17 14:00:00
2021-06-17 15:00:00+00:00,12.828575,55.8606133333,0.0,41.76,0.0324,0.036,0.0018,0.8292,0.012,0.0006,No (reported postion),anchor,2021-06-17 15:00:00
2021-06-17 16:00:00+00:00,12.828575,55.86062,0.0,41.76,0.0324,0.036,0.0018,0.8292,0.012,0.0006,No (reported postion),anchor,2021-06-17 16:00:00
2021-06-17 17:00:00+00:00,12.82855,55.86062,0.0,41.76,0.0324,0.036,0.0018,0.8292,0.012,0.0006,No (reported postion),anchor,2021-06-17 17:00:00
2021-06-17 18:00:00+00:00,12.82855,55.86062,0.0,41.76,0.0324,0.036,0.0018,0.8292,0.012,0.0006,No (reported postion),anchor,2021-06-17 18:00:00
2021-06-17 19:00:00+00:00,12.8285483333,55.86062,0.0,41.76,0.0324,0.036,0.0018,0.8292,0.012,0.0006,No (reported postion),anchor,2021-06-17 19:00:00
2021-06-17 20:00:00+00:00,12.7537533333,55.9135,8.5,633.350540219414,0.517899835438425,0.5484720485183371,0.0287722130799125,12.6610108043883,0.19181475386608302,0.009590737693304159,No (reported postion),cruise,2021-06-17 20:00:00
2021-06-17 21:00:00+00:00,12.6587783333,56.0466133333,8.9,720.86114642449,0.5897170502571799,0.624279108604801,0.0327620583476211,14.411222928489801,0.218413722317474,0.0109206861158737,No (reported postion),cruise,2021-06-17 21:00:00
2021-06-17 22:00:00+00:00,12.4756316667,56.16044,8.0,534.9728745651779,0.437164365144675,0.46325127431937896,0.0242869091747041,10.6934574913036,0.161912727831361,0.00809563639156805,No (reported postion),cruise,2021-06-17 22:00:00
2021-06-17 23:00:00+00:00,12.39686,56.27464,7.0,372.174093702844,0.303560502430905,0.32222497478817796,0.0168644723572725,7.43748187405687,0.11242981571515,0.0056214907857575,No (reported postion),cruise,2021-06-17 23:00:00
2021-06-18 00:00:00+00:00,12.3417516667,56.3933333333,7.5,466.627380461225,0.381075357825322,0.404046211037839,0.021170853212517902,9.326547609224502,0.141139021416786,0.00705695107083929,No (reported postion),cruise,2021-06-18 00:00:00
2021-06-18 01:00:00+00:00,12.2887,56.5115466667,7.3,433.536317024911,0.35391855804476,0.375380700158358,0.0196621421135978,8.66472634049822,0.13108094742398502,0.00655404737119926,No (reported postion),cruise,2021-06-18 01:00:00
2021-06-18 02:00:00+00:00,12.2344066667,56.6252066667,6.7,344.656326991785,0.280977532789611,0.298387395722367,0.0156098629327562,6.88712653983571,0.104065752885041,0.005203287644252061,No (reported postion),cruise,2021-06-18 02:00:00
2021-06-18 03:00:00+00:00,12.1922683333,56.7423,7.3,433.536317024911,0.35391855804476,0.375380700158358,0.0196621421135978,8.66472634049822,0.13108094742398502,0.00655404737119926,No (reported postion),cruise,2021-06-18 03:00:00
2021-06-18 04:00:00+00:00,12.130025,56.8625,7.6,483.84967870897003,0.395209158818912,0.41896522319774,0.0219560643788284,9.6709935741794,0.146373762525523,0.00731868812627614,No (reported postion),cruise,2021-06-18 04:00:00
2021-06-18 05:00:00+00:00,12.067035,56.9857533333,8.0,557.3916415908669,0.455562745378523,0.482671786788441,0.025309041409918,11.1418328318173,0.168726942732786,0.00843634713663932,No (reported postion),cruise,2021-06-18 05:00:00
2021-06-18 06:00:00+00:00,11.97677,57.1151466667,8.7,704.933794692404,0.576645971328113,0.610481858624119,0.0320358872960063,14.0926758938481,0.213572581973375,0.0106786290986688,No (reported postion),cruise,2021-06-18 06:00:00
2021-06-18 07:00:00+00:00,11.864715,57.24278,8.5,660.241019320296,0.539968009776535,0.5717662325418981,0.029998222765363,13.198820386405899,0.19998815176908702,0.00999940758845435,No (reported postion),cruise,2021-06-18 07:00:00
2021-06-18 08:00:00+00:00,11.6951816667,57.3470933333,8.5,660.241019320296,0.539968009776535,0.5717662325418981,0.029998222765363,13.198820386405899,0.19998815176908702,0.00999940758845435,No (reported postion),cruise,2021-06-18 08:00:00
2021-06-18 09:00:00+00:00,11.5271516667,57.4415266667,7.4,449.85827408597197,0.367313477213412,0.389519781503046,0.020406304289634,8.99116548171944,0.13604202859756,0.006802101429878,No (reported postion),cruise,2021-06-18 09:00:00
2021-06-18 10:00:00+00:00,11.3756933333,57.5345066667,7.5,466.627380461225,0.381075357825322,0.404046211037839,0.021170853212517902,9.326547609224502,0.141139021416786,0.00705695107083929,No (reported postion),cruise,2021-06-18 10:00:00
2021-06-18 11:00:00+00:00,11.2168966667,57.6281266667,7.6,483.84967870897003,0.395209158818912,0.41896522319774,0.0219560643788284,9.6709935741794,0.146373762525523,0.00731868812627614,No (reported postion),cruise,2021-06-18 11:00:00
2021-06-18 12:00:00+00:00,11.0681183333,57.72658,7.2,417.655466719743,0.34088564138094396,0.361623732568774,0.0189380911878302,8.347109334394851,0.126253941252201,0.00631269706261007,No (reported postion),cruise,2021-06-18 12:00:00
2021-06-18 13:00:00+00:00,10.9058116667,57.8176,6.9,372.59913075659,0.30390931703428403,0.322593167980633,0.0168838509463491,7.44598261513181,0.112559006308994,0.005627950315449701,No (reported postion),cruise,2021-06-18 13:00:00
2021-06-18 14:00:00+00:00,10.7088183333,57.84848,5.8,238.25593916812,0.1936580655787,0.206216846999739,0.0107587814210389,4.7591187833624,0.0717252094735927,0.0035862604736796298,No (reported postion),cruise,2021-06-18 14:00:00
2021-06-18 15:00:00+00:00,10.53481,57.85826,5.8,238.25593916812,0.1936580655787,0.206216846999739,0.0107587814210389,4.7591187833624,0.0717252094735927,0.0035862604736796298,No (reported postion),cruise,2021-06-18 15:00:00
2021-06-18 16:00:00+00:00,10.351405,57.8613533333,5.8,238.25593916812,0.1936580655787,0.206216846999739,0.0107587814210389,4.7591187833624,0.0717252094735927,0.0035862604736796298,No (reported postion),cruise,2021-06-18 16:00:00
2021-06-18 17:00:00+00:00,10.169925,57.8669133333,6.0,259.292098796147,0.21092178320656502,0.224439660051374,0.0117178768448091,5.17984197592294,0.0781191789653943,0.00390595894826971,No (reported postion),cruise,2021-06-18 17:00:00
2021-06-18 18:00:00+00:00,9.97175,57.87202,6.5,318.332928851352,0.259374744042143,0.275584452044484,0.014409708002341301,6.3606585770270305,0.0960647200156084,0.004803236000780421,No (reported postion),cruise,2021-06-18 18:00:00
2021-06-18 19:00:00+00:00,9.758585,57.8774733333,7.2,417.655466719743,0.34088564138094396,0.361623732568774,0.0189380911878302,8.347109334394851,0.126253941252201,0.00631269706261007,No (reported postion),cruise,2021-06-18 19:00:00
2021-06-18 20:00:00+00:00,9.5346183333,57.8804666667,7.2,417.655466719743,0.34088564138094396,0.361623732568774,0.0189380911878302,8.347109334394851,0.126253941252201,0.00631269706261007,No (reported postion),cruise,2021-06-18 20:00:00
2021-06-18 21:00:00+00:00,9.3052083333,57.8834666667,7.4,449.85827408597197,0.367313477213412,0.389519781503046,0.020406304289634,8.99116548171944,0.13604202859756,0.006802101429878,No (reported postion),cruise,2021-06-18 21:00:00
2021-06-18 22:00:00+00:00,9.075305,57.8895933333,7.2,417.655466719743,0.34088564138094396,0.361623732568774,0.0189380911878302,8.347109334394851,0.126253941252201,0.00631269706261007,No (reported postion),cruise,2021-06-18 22:00:00
2021-06-18 23:00:00+00:00,8.8557666667,57.8908333333,6.8,358.42228189199204,0.292274821005586,0.310312311061452,0.016237490055865902,7.16244563783983,0.108249933705773,0.005412496685288631,No (reported postion),cruise,2021-06-18 23:00:00
2021-06-19 00:00:00+00:00,8.63473,57.8891266667,7.3,433.536317024911,0.35391855804476,0.375380700158358,0.0196621421135978,8.66472634049822,0.13108094742398502,0.00655404737119926,No (reported postion),cruise,2021-06-19 00:00:00
2021-06-19 01:00:00+00:00,8.4077616667,57.8923333333,7.2,417.655466719743,0.34088564138094396,0.361623732568774,0.0189380911878302,8.347109334394851,0.126253941252201,0.00631269706261007,No (reported postion),cruise,2021-06-19 01:00:00
2021-06-19 02:00:00+00:00,8.1638516667,57.8965,8.3,617.602713770151,0.504976087288574,0.534830314360162,0.028054227071587397,12.346054275402999,0.18702818047725,0.00935140902386248,No (reported postion),cruise,2021-06-19 02:00:00
2021-06-19 03:00:00+00:00,7.8958383333,57.9018666667,8.8,728.065714957445,0.595629614098815,0.630520148215416,0.0330905341166008,14.5553142991489,0.220603560777339,0.011030178038866901,No (reported postion),cruise,2021-06-19 03:00:00
2021-06-19 04:00:00+00:00,7.6210666667,57.9053333333,8.6,654.476812782087,0.5352375059305879,0.566772922926732,0.0297354169961438,13.0835362556417,0.198236113307625,0.00991180566538127,No (reported postion),cruise,2021-06-19 04:00:00
2021-06-19 05:00:00+00:00,7.3657116667,57.91222,7.9,538.296150270156,0.439891673473988,0.466130099778098,0.0244384263041104,10.759923005403099,0.16292284202740298,0.00814614210137015,No (reported postion),cruise,2021-06-19 05:00:00
2021-06-19 06:00:00+00:00,7.13898,57.9393066667,7.0,372.174093702844,0.303560502430905,0.32222497478817796,0.0168644723572725,7.43748187405687,0.11242981571515,0.0056214907857575,No (reported postion),cruise,2021-06-19 06:00:00
2021-06-19 07:00:00+00:00,6.9213883333,57.9718533333,7.7,481.54115871848495,0.393314628735535,0.416965441443065,0.0218508127075297,9.6248231743697,0.145672084716865,0.00728360423584324,No (reported postion),cruise,2021-06-19 07:00:00
2021-06-19 08:00:00+00:00,6.6926916667,58.00366,7.5,448.154885658563,0.365915559659003,0.388044201862281,0.020328642203278,8.95709771317126,0.135524281355186,0.006776214067759321,No (reported postion),cruise,2021-06-19 08:00:00
2021-06-19 09:00:00+00:00,6.4801166667,58.0642666667,8.1,553.70051420272,0.45253355268916196,0.47947430561633797,0.0251407529271757,11.0680102840544,0.167605019514505,0.00838025097572523,No (reported postion),cruise,2021-06-19 09:00:00
2021-06-19 10:00:00+00:00,6.2689016667,58.1405866667,8.1,576.970537575571,0.471630532356851,0.499632228598899,0.026201696242047302,11.533410751511399,0.174677974946982,0.0087338987473491,No (reported postion),cruise,2021-06-19 10:00:00
2021-06-19 11:00:00+00:00,6.0812833333,58.22562,7.6,483.84967870897003,0.395209158818912,0.41896522319774,0.0219560643788284,9.6709935741794,0.146373762525523,0.00731868812627614,No (reported postion),cruise,2021-06-19 11:00:00
2021-06-19 12:00:00+00:00,5.8976866667,58.31264,8.1,576.970537575571,0.471630532356851,0.499632228598899,0.026201696242047302,11.533410751511399,0.174677974946982,0.0087338987473491,No (reported postion),cruise,2021-06-19 12:00:00
2021-06-19 13:00:00+00:00,5.7278133333,58.4088533333,7.8,498.898976661434,0.407559646500265,0.432001849083613,0.022642202583348103,9.97197953322868,0.15094801722232,0.00754740086111602,No (reported postion),cruise,2021-06-19 13:00:00
2021-06-19 14:00:00+00:00,5.6023866667,58.5134933333,7.3,416.50256411078504,0.339939490303683,0.36062501754277704,0.018885527239093498,8.32405128221569,0.12590351492729002,0.00629517574636451,No (reported postion),cruise,2021-06-19 14:00:00
2021-06-19 15:00:00+00:00,5.516945,58.6271333333,7.3,416.50256411078504,0.339939490303683,0.36062501754277704,0.018885527239093498,8.32405128221569,0.12590351492729002,0.00629517574636451,No (reported postion),cruise,2021-06-19 15:00:00
2021-06-19 16:00:00+00:00,5.43632,58.7359733333,6.8,344.65435659234,0.280975915744473,0.29838568884138905,0.0156097730969152,6.887087131846799,0.104065153979435,0.00520325769897173,No (reported postion),cruise,2021-06-19 16:00:00
2021-06-19 17:00:00+00:00,5.5093283333,58.8532133333,8.4,612.715553918514,0.500965348200604,0.530596756433971,0.0278314082333669,12.2483110783703,0.185542721555779,0.00927713607778897,No (reported postion),cruise,2021-06-19 17:00:00
2021-06-19 18:00:00+00:00,5.5503116667,58.98954,8.6,654.476812782087,0.5352375059305879,0.566772922926732,0.0297354169961438,13.0835362556417,0.198236113307625,0.00991180566538127,No (reported postion),cruise,2021-06-19 18:00:00
2021-06-19 19:00:00+00:00,5.4643066667,59.1178466667,9.3,816.602242473872,0.668288770419288,0.70721592433147,0.037127153912182596,16.326044849477498,0.247514359414551,0.0123757179707275,No (reported postion),cruise,2021-06-19 19:00:00
2021-06-19 20:00:00+00:00,5.3463416667,59.23756,8.9,720.86114642449,0.5897170502571799,0.624279108604801,0.0327620583476211,14.411222928489801,0.218413722317474,0.0109206861158737,No (reported postion),cruise,2021-06-19 20:00:00
2021-06-19 21:00:00+00:00,5.2969533333,59.37354,8.3,592.566074041014,0.48442930088472297,0.513142039822763,0.0269127389380402,11.8453214808203,0.179418259586934,0.00897091297934672,No (reported postion),cruise,2021-06-19 21:00:00
2021-06-19 22:00:00+00:00,5.2087316667,59.4952933333,7.9,516.70762199754,0.42217464419251,0.447428791092094,0.0234541468995839,10.3281524399508,0.15636097933055898,0.00781804896652797,No (reported postion),cruise,2021-06-19 22:00:00
2021-06-19 23:00:00+00:00,5.28634,59.6076466667,7.6,464.628388330319,0.379434847565916,0.40231456131957705,0.021079713753661997,9.286567766606389,0.14053142502441301,0.00702657125122066,No (reported postion),cruise,2021-06-19 23:00:00
2021-06-20 00:00:00+00:00,5.4431383333,59.7087066667,8.0,534.9728745651779,0.437164365144675,0.46325127431937896,0.0242869091747041,10.6934574913036,0.161912727831361,0.00809563639156805,No (reported postion),cruise,2021-06-20 00:00:00
2021-06-20 01:00:00+00:00,5.6109766667,59.8117133333,8.3,592.566074041014,0.48442930088472297,0.513142039822763,0.0269127389380402,11.8453214808203,0.179418259586934,0.00897091297934672,No (reported postion),cruise,2021-06-20 01:00:00
2021-06-20 02:00:00+00:00,5.7655316667,59.9269466667,8.3,592.566074041014,0.48442930088472297,0.513142039822763,0.0269127389380402,11.8453214808203,0.179418259586934,0.00897091297934672,No (reported postion),cruise,2021-06-20 02:00:00
2021-06-20 03:00:00+00:00,5.9471283333,60.03278,8.5,633.350540219414,0.517899835438425,0.5484720485183371,0.0287722130799125,12.6610108043883,0.19181475386608302,0.009590737693304159,No (reported postion),cruise,2021-06-20 03:00:00
2021-06-20 04:00:00+00:00,6.08432,60.1455133333,8.7,676.100151444908,0.552983103009499,0.585504386510027,0.0307212835005277,13.516003028898199,0.204808556670185,0.010240427833509199,No (reported postion),cruise,2021-06-20 04:00:00
2021-06-20 05:00:00+00:00,6.1895133333,60.26384,7.9,516.70762199754,0.42217464419251,0.447428791092094,0.0234541468995839,10.3281524399508,0.15636097933055898,0.00781804896652797,No (reported postion),cruise,2021-06-20 05:00:00
2021-06-20 06:00:00+00:00,6.346725,60.37312,7.7,481.54115871848495,0.393314628735535,0.416965441443065,0.0218508127075297,9.6248231743697,0.145672084716865,0.00728360423584324,No (reported postion),cruise,2021-06-20 06:00:00
2021-06-20 07:00:00+00:00,6.5769233333,60.4393466667,8.0,534.9728745651779,0.437164365144675,0.46325127431937896,0.0242869091747041,10.6934574913036,0.161912727831361,0.00809563639156805,No (reported postion),cruise,2021-06-20 07:00:00
2021-06-20 08:00:00+00:00,6.6342583333,60.33278,8.5,633.350540219414,0.517899835438425,0.5484720485183371,0.0287722130799125,12.6610108043883,0.19181475386608302,0.009590737693304159,No (reported postion),cruise,2021-06-20 08:00:00
2021-06-20 09:00:00+00:00,6.567035,60.1787533333,10.2,1009.6648399999999,0.8267291999999999,0.8744586000000001,0.0459294,20.1872968,0.306196,0.015309799999999998,No (reported postion),cruise,2021-06-20 09:00:00
2021-06-20 10:00:00+00:00,6.5370533333,60.08572,0.0,41.76,0.0324,0.036,0.0018,0.8292,0.012,0.0006,No (reported postion),anchor,2021-06-20 10:00:00
2021-06-20 11:00:00+00:00,6.537065,60.08572,0.0,41.76,0.0324,0.036,0.0018,0.8292,0.012,0.0006,No (reported postion),anchor,2021-06-20 11:00:00
2021-06-20 12:00:00+00:00,6.5370716667,60.0857066667,0.0,41.76,0.0324,0.036,0.0018,0.8292,0.012,0.0006,No (reported postion),anchor,2021-06-20 12:00:00
2021-06-20 13:00:00+00:00,6.5370683333,60.0857066667,0.0,41.76,0.0324,0.036,0.0018,0.8292,0.012,0.0006,No (reported postion),anchor,2021-06-20 13:00:00
2021-06-20 14:00:00+00:00,6.5370383333,60.0857333333,0.0,41.76,0.0324,0.036,0.0018,0.8292,0.012,0.0006,No (reported postion),anchor,2021-06-20 14:00:00
2021-06-20 15:00:00+00:00,6.5370783333,60.0857066667,0.0,41.76,0.0324,0.036,0.0018,0.8292,0.012,0.0006,No (reported postion),anchor,2021-06-20 15:00:00
2021-06-20 16:00:00+00:00,6.5370583333,60.0857266667,0.0,41.76,0.0324,0.036,0.0018,0.8292,0.012,0.0006,No (reported postion),anchor,2021-06-20 16:00:00
2021-06-20 17:00:00+00:00,6.53708,60.08572,0.0,41.76,0.0324,0.036,0.0018,0.8292,0.012,0.0006,No (reported postion),anchor,2021-06-20 17:00:00
2021-06-20 18:00:00+00:00,6.537045,60.0857,0.0,41.76,0.0324,0.036,0.0018,0.8292,0.012,0.0006,No (reported postion),anchor,2021-06-20 18:00:00
2021-06-20 19:00:00+00:00,6.537035,60.0857266667,0.0,41.76,0.0324,0.036,0.0018,0.8292,0.012,0.0006,No (reported postion),anchor,2021-06-20 19:00:00
2021-06-20 20:00:00+00:00,6.5370783333,60.0856866667,0.0,41.76,0.0324,0.036,0.0018,0.8292,0.012,0.0006,No (reported postion),anchor,2021-06-20 20:00:00
2021-06-20 21:00:00+00:00,6.537065,60.08572,0.0,41.76,0.0324,0.036,0.0018,0.8292,0.012,0.0006,No (reported postion),anchor,2021-06-20 21:00:00
2021-06-20 22:00:00+00:00,6.5370533333,60.0857066667,0.0,41.76,0.0324,0.036,0.0018,0.8292,0.012,0.0006,No (reported postion),anchor,2021-06-20 22:00:00
2021-06-20 23:00:00+00:00,6.5370683333,60.0857066667,0.0,41.76,0.0324,0.036,0.0018,0.8292,0.012,0.0006,No (reported postion),anchor,2021-06-20 23:00:00
2021-06-21 00:00:00+00:00,6.5370616667,60.08572,0.0,41.76,0.0324,0.036,0.0018,0.8292,0.012,0.0006,No (reported postion),anchor,2021-06-21 00:00:00
2021-06-21 01:00:00+00:00,6.5370516667,60.0856933333,0.0,41.76,0.0324,0.036,0.0018,0.8292,0.012,0.0006,No (reported postion),anchor,2021-06-21 01:00:00
2021-06-21 02:00:00+00:00,6.537035,60.0857066667,0.0,41.76,0.0324,0.036,0.0018,0.8292,0.012,0.0006,No (reported postion),anchor,2021-06-21 02:00:00
2021-06-21 03:00:00+00:00,6.5370616667,60.0857066667,0.0,41.76,0.0324,0.036,0.0018,0.8292,0.012,0.0006,No (reported postion),anchor,2021-06-21 03:00:00
2021-06-21 04:00:00+00:00,6.5370483333,60.0857266667,0.0,41.76,0.0324,0.036,0.0018,0.8292,0.012,0.0006,No (reported postion),anchor,2021-06-21 04:00:00
2021-06-21 05:00:00+00:00,6.5371083333,60.0856866667,0.0,41.76,0.0324,0.036,0.0018,0.8292,0.012,0.0006,No (reported postion),anchor,2021-06-21 05:00:00
2021-06-21 06:00:00+00:00,6.5370583333,60.0857066667,0.0,41.76,0.0324,0.036,0.0018,0.8292,0.012,0.0006,No (reported postion),anchor,2021-06-21 06:00:00
2021-06-21 07:00:00+00:00,6.5370733333,60.08572,0.0,41.76,0.0324,0.036,0.0018,0.8292,0.012,0.0006,No (reported postion),anchor,2021-06-21 07:00:00
2021-06-21 08:00:00+00:00,6.53705,60.0857066667,0.1,41.760963306395595,0.0324076683873865,0.036000834475145196,0.00180020334841695,0.8292892021722359,0.0120021344995818,0.000600310073396042,No (reported postion),anchor,2021-06-21 08:00:00
2021-06-21 09:00:00+00:00,6.537045,60.0857066667,0.0,41.76,0.0324,0.036,0.0018,0.8292,0.012,0.0006,No (reported postion),anchor,2021-06-21 09:00:00
2021-06-21 10:00:00+00:00,6.5370216667,60.0856933333,0.0,41.76,0.0324,0.036,0.0018,0.8292,0.012,0.0006,No (reported postion),anchor,2021-06-21 10:00:00
2021-06-21 11:00:00+00:00,6.5370533333,60.0857066667,0.0,41.76,0.0324,0.036,0.0018,0.8292,0.012,0.0006,No (reported postion),anchor,2021-06-21 11:00:00
2021-06-21 12:00:00+00:00,6.537065,60.0856933333,0.0,41.76,0.0324,0.036,0.0018,0.8292,0.012,0.0006,No (reported postion),anchor,2021-06-21 12:00:00
2021-06-21 13:00:00+00:00,6.5370916667,60.0857066667,0.0,41.76,0.0324,0.036,0.0018,0.8292,0.012,0.0006,No (reported postion),anchor,2021-06-21 13:00:00
2021-06-21 14:00:00+00:00,6.5370566667,60.0857066667,0.0,41.76,0.0324,0.036,0.0018,0.8292,0.012,0.0006,No (reported postion),anchor,2021-06-21 14:00:00
2021-06-21 15:00:00+00:00,6.5370866667,60.08572,0.0,41.76,0.0324,0.036,0.0018,0.8292,0.012,0.0006,No (reported postion),anchor,2021-06-21 15:00:00
2021-06-21 16:00:00+00:00,6.53709,60.0857066667,0.0,41.76,0.0324,0.036,0.0018,0.8292,0.012,0.0006,No (reported postion),anchor,2021-06-21 16:00:00
2021-06-21 17:00:00+00:00,6.5370733333,60.0857066667,0.0,41.76,0.0324,0.036,0.0018,0.8292,0.012,0.0006,No (reported postion),anchor,2021-06-21 17:00:00
2021-06-21 18:00:00+00:00,6.53708,60.0856866667,0.0,41.76,0.0324,0.036,0.0018,0.8292,0.012,0.0006,No (reported postion),anchor,2021-06-21 18:00:00
2021-06-21 19:00:00+00:00,6.5370583333,60.0857066667,0.0,41.76,0.0324,0.036,0.0018,0.8292,0.012,0.0006,No (reported postion),anchor,2021-06-21 19:00:00
2021-06-21 20:00:00+00:00,6.5370766667,60.0856933333,0.0,41.76,0.0324,0.036,0.0018,0.8292,0.012,0.0006,No (reported postion),anchor,2021-06-21 20:00:00
2021-06-21 21:00:00+00:00,6.5370316667,60.0856666667,0.0,41.76,0.0324,0.036,0.0018,0.8292,0.012,0.0006,No (reported postion),anchor,2021-06-21 21:00:00
2021-06-21 22:00:00+00:00,6.53708,60.0857066667,0.0,41.76,0.0324,0.036,0.0018,0.8292,0.012,0.0006,No (reported postion),anchor,2021-06-21 22:00:00
2021-06-21 23:00:00+00:00,6.5370666667,60.08576,0.0,41.76,0.0324,0.036,0.0018,0.8292,0.012,0.0006,No (reported postion),anchor,2021-06-21 23:00:00
2021-06-22 00:00:00+00:00,6.5370766667,60.0856933333,0.0,41.76,0.0324,0.036,0.0018,0.8292,0.012,0.0006,No (reported postion),anchor,2021-06-22 00:00:00
2021-06-22 01:00:00+00:00,6.537065,60.0857066667,0.0,41.76,0.0324,0.036,0.0018,0.8292,0.012,0.0006,No (reported postion),anchor,2021-06-22 01:00:00
2021-06-22 02:00:00+00:00,6.537065,60.0857066667,0.0,41.76,0.0324,0.036,0.0018,0.8292,0.012,0.0006,No (reported postion),anchor,2021-06-22 02:00:00
2021-06-22 03:00:00+00:00,6.53708,60.0856933333,0.0,41.76,0.0324,0.036,0.0018,0.8292,0.012,0.0006,No (reported postion),anchor,2021-06-22 03:00:00
2021-06-22 04:00:00+00:00,6.5370733333,60.0857333333,0.0,41.76,0.0324,0.036,0.0018,0.8292,0.012,0.0006,No (reported postion),anchor,2021-06-22 04:00:00
2021-06-22 05:00:00+00:00,6.53709,60.08572,0.1,41.760963306395595,0.0324076683873865,0.036000834475145196,0.00180020334841695,0.8292892021722359,0.0120021344995818,0.000600310073396042,No (reported postion),anchor,2021-06-22 05:00:00
2021-06-22 06:00:00+00:00,6.537045,60.08574,0.0,41.76,0.0324,0.036,0.0018,0.8292,0.012,0.0006,No (reported postion),anchor,2021-06-22 06:00:00
2021-06-22 07:00:00+00:00,6.5370866667,60.08572,0.1,41.760963306395595,0.0324076683873865,0.036000834475145196,0.00180020334841695,0.8292892021722359,0.0120021344995818,0.000600310073396042,No (reported postion),anchor,2021-06-22 07:00:00
2021-06-22 08:00:00+00:00,6.5370583333,60.0857066667,0.0,41.76,0.0324,0.036,0.0018,0.8292,0.012,0.0006,No (reported postion),anchor,2021-06-22 08:00:00
2021-06-22 09:00:00+00:00,6.5370583333,60.08572,0.0,41.76,0.0324,0.036,0.0018,0.8292,0.012,0.0006,No (reported postion),anchor,2021-06-22 09:00:00
2021-06-22 10:00:00+00:00,6.53708,60.0857266667,0.0,41.76,0.0324,0.036,0.0018,0.8292,0.012,0.0006,No (reported postion),anchor,2021-06-22 10:00:00
2021-06-22 11:00:00+00:00,6.53708,60.08574,0.0,41.76,0.0324,0.036,0.0018,0.8292,0.012,0.0006,No (reported postion),anchor,2021-06-22 11:00:00
2021-06-22 12:00:00+00:00,6.5370916667,60.0857066667,0.0,41.76,0.0324,0.036,0.0018,0.8292,0.012,0.0006,No (reported postion),anchor,2021-06-22 12:00:00
2021-06-22 13:00:00+00:00,6.5370733333,60.0857266667,0.0,41.76,0.0324,0.036,0.0018,0.8292,0.012,0.0006,No (reported postion),anchor,2021-06-22 13:00:00
2021-06-22 14:00:00+00:00,6.53704,60.0857066667,0.0,41.76,0.0324,0.036,0.0018,0.8292,0.012,0.0006,No (reported postion),anchor,2021-06-22 14:00:00
2021-06-22 15:00:00+00:00,6.55627,60.1425266667,11.6,1009.6648399999999,0.8267291999999999,0.8744586000000001,0.0459294,20.1872968,0.306196,0.015309799999999998,No (reported postion),cruise,2021-06-22 15:00:00
2021-06-22 16:00:00+00:00,6.6385933333,60.33164,11.6,1009.6648399999999,0.8267291999999999,0.8744586000000001,0.0459294,20.1872968,0.306196,0.015309799999999998,No (reported postion),cruise,2021-06-22 16:00:00
2021-06-22 17:00:00+00:00,6.4879483333,60.4205333333,11.7,1009.6648399999999,0.8267291999999999,0.8744586000000001,0.0459294,20.1872968,0.306196,0.015309799999999998,No (reported postion),cruise,2021-06-22 17:00:00
2021-06-22 18:00:00+00:00,6.213035,60.29524,11.0,1009.6648399999999,0.8267291999999999,0.8744586000000001,0.0459294,20.1872968,0.306196,0.015309799999999998,No (reported postion),cruise,2021-06-22 18:00:00
2021-06-22 19:00:00+00:00,6.08124,60.1342533333,11.5,1009.6648399999999,0.8267291999999999,0.8744586000000001,0.0459294,20.1872968,0.306196,0.015309799999999998,No (reported postion),cruise,2021-06-22 19:00:00
2021-06-22 20:00:00+00:00,5.8553666667,59.9826466667,12.1,1009.6648399999999,0.8267291999999999,0.8744586000000001,0.0459294,20.1872968,0.306196,0.015309799999999998,No (reported postion),cruise,2021-06-22 20:00:00
2021-06-22 21:00:00+00:00,5.616065,59.8219733333,12.8,1009.6648399999999,0.8267291999999999,0.8744586000000001,0.0459294,20.1872968,0.306196,0.015309799999999998,No (reported postion),cruise,2021-06-22 21:00:00
2021-06-22 22:00:00+00:00,5.34323,59.6589466667,13.3,1009.6648399999999,0.8267291999999999,0.8744586000000001,0.0459294,20.1872968,0.306196,0.015309799999999998,No (reported postion),cruise,2021-06-22 22:00:00
2021-06-22 23:00:00+00:00,5.2166266667,59.4642933333,12.2,1009.6648399999999,0.8267291999999999,0.8744586000000001,0.0459294,20.1872968,0.306196,0.015309799999999998,No (reported postion),cruise,2021-06-22 23:00:00
2021-06-23 00:00:00+00:00,5.29764,59.3686933333,11.3,1009.6648399999999,0.8267291999999999,0.8744586000000001,0.0459294,20.1872968,0.306196,0.015309799999999998,No (reported postion),cruise,2021-06-23 00:00:00
2021-06-23 01:00:00+00:00,5.3371166667,59.1782666667,11.9,1009.6648399999999,0.8267291999999999,0.8744586000000001,0.0459294,20.1872968,0.306196,0.015309799999999998,No (reported postion),cruise,2021-06-23 01:00:00
2021-06-23 02:00:00+00:00,5.322185,58.9854,11.5,1009.6648399999999,0.8267291999999999,0.8744586000000001,0.0459294,20.1872968,0.306196,0.015309799999999998,No (reported postion),cruise,2021-06-23 02:00:00
2021-06-23 03:00:00+00:00,5.3956216667,58.79876,10.8,1009.6648399999999,0.8267291999999999,0.8744586000000001,0.0459294,20.1872968,0.306196,0.015309799999999998,No (reported postion),cruise,2021-06-23 03:00:00
2021-06-23 04:00:00+00:00,5.54083,58.62576,12.0,1009.6648399999999,0.8267291999999999,0.8744586000000001,0.0459294,20.1872968,0.306196,0.015309799999999998,No (reported postion),cruise,2021-06-23 04:00:00
2021-06-23 05:00:00+00:00,5.7495033333,58.4633066667,12.1,1009.6648399999999,0.8267291999999999,0.8744586000000001,0.0459294,20.1872968,0.306196,0.015309799999999998,No (reported postion),cruise,2021-06-23 05:00:00
2021-06-23 06:00:00+00:00,6.02031,58.33794,11.7,1009.6648399999999,0.8267291999999999,0.8744586000000001,0.0459294,20.1872968,0.306196,0.015309799999999998,No (reported postion),cruise,2021-06-23 06:00:00
2021-06-23 07:00:00+00:00,6.2959666667,58.2116266667,11.3,1009.6648399999999,0.8267291999999999,0.8744586000000001,0.0459294,20.1872968,0.306196,0.015309799999999998,No (reported postion),cruise,2021-06-23 07:00:00
2021-06-23 08:00:00+00:00,6.5656183333,58.0854466667,11.4,1009.6648399999999,0.8267291999999999,0.8744586000000001,0.0459294,20.1872968,0.306196,0.015309799999999998,No (reported postion),cruise,2021-06-23 08:00:00
2021-06-23 09:00:00+00:00,6.86733,58.0143066667,11.2,1009.6648399999999,0.8267291999999999,0.8744586000000001,0.0459294,20.1872968,0.306196,0.015309799999999998,No (reported postion),cruise,2021-06-23 09:00:00
2021-06-23 10:00:00+00:00,6.9865466667,58.0507466667,0.0,41.76,0.0324,0.036,0.0018,0.8292,0.012,0.0006,No (reported postion),anchor,2021-06-23 10:00:00
2021-06-23 11:00:00+00:00,6.9865583333,58.0507666667,0.1,41.760963306395595,0.0324076683873865,0.036000834475145196,0.00180020334841695,0.8292892021722359,0.0120021344995818,0.000600310073396042,No (reported postion),anchor,2021-06-23 11:00:00
2021-06-23 12:00:00+00:00,6.986565,58.0507466667,0.1,41.760963306395595,0.0324076683873865,0.036000834475145196,0.00180020334841695,0.8292892021722359,0.0120021344995818,0.000600310073396042,No (reported postion),anchor,2021-06-23 12:00:00
2021-06-23 13:00:00+00:00,6.98658,58.05074,0.0,41.76,0.0324,0.036,0.0018,0.8292,0.012,0.0006,No (reported postion),anchor,2021-06-23 13:00:00
2021-06-23 14:00:00+00:00,6.986555,58.05074,0.1,41.760963306395595,0.0324076683873865,0.036000834475145196,0.00180020334841695,0.8292892021722359,0.0120021344995818,0.000600310073396042,No (reported postion),anchor,2021-06-23 14:00:00
2021-06-23 15:00:00+00:00,6.9865933333,58.0507466667,0.1,41.760963306395595,0.0324076683873865,0.036000834475145196,0.00180020334841695,0.8292892021722359,0.0120021344995818,0.000600310073396042,No (reported postion),anchor,2021-06-23 15:00:00
2021-06-23 16:00:00+00:00,6.9865733333,58.05074,0.1,41.760963306395595,0.0324076683873865,0.036000834475145196,0.00180020334841695,0.8292892021722359,0.0120021344995818,0.000600310073396042,No (reported postion),anchor,2021-06-23 16:00:00
2021-06-23 17:00:00+00:00,6.9865383333,58.05074,0.0,41.76,0.0324,0.036,0.0018,0.8292,0.012,0.0006,No (reported postion),anchor,2021-06-23 17:00:00
2021-06-23 18:00:00+00:00,6.9241183333,57.9795466667,9.5,867.674820957655,0.710202436652179,0.7514581275773,0.039455690925120995,17.3474964191531,0.263037939500807,0.0131518969750403,No (reported postion),cruise,2021-06-23 18:00:00
2021-06-23 19:00:00+00:00,6.8324966667,57.8220733333,10.1,1009.6648399999999,0.8267291999999999,0.8744586000000001,0.0459294,20.1872968,0.306196,0.015309799999999998,No (reported postion),cruise,2021-06-23 19:00:00
2021-06-23 20:00:00+00:00,6.7444,57.6605933333,10.0,1009.6648399999999,0.8267291999999999,0.8744586000000001,0.0459294,20.1872968,0.306196,0.015309799999999998,No (reported postion),cruise,2021-06-23 20:00:00
2021-06-23 21:00:00+00:00,6.671185,57.4919333333,10.3,1009.6648399999999,0.8267291999999999,0.8744586000000001,0.0459294,20.1872968,0.306196,0.015309799999999998,No (reported postion),cruise,2021-06-23 21:00:00
2021-06-23 22:00:00+00:00,6.5908066667,57.32448,10.4,1009.6648399999999,0.8267291999999999,0.8744586000000001,0.0459294,20.1872968,0.306196,0.015309799999999998,No (reported postion),cruise,2021-06-23 22:00:00
2021-06-23 23:00:00+00:00,6.49924,57.1596266667,10.1,1009.6648399999999,0.8267291999999999,0.8744586000000001,0.0459294,20.1872968,0.306196,0.015309799999999998,No (reported postion),cruise,2021-06-23 23:00:00
2021-06-24 00:00:00+00:00,6.409915,56.9955066667,10.3,1009.6648399999999,0.8267291999999999,0.8744586000000001,0.0459294,20.1872968,0.306196,0.015309799999999998,No (reported postion),cruise,2021-06-24 00:00:00
2021-06-24 01:00:00+00:00,6.32629,56.82828,10.4,1009.6648399999999,0.8267291999999999,0.8744586000000001,0.0459294,20.1872968,0.306196,0.015309799999999998,No (reported postion),cruise,2021-06-24 01:00:00
2021-06-24 02:00:00+00:00,6.2407316667,56.6650066667,10.3,1009.6648399999999,0.8267291999999999,0.8744586000000001,0.0459294,20.1872968,0.306196,0.015309799999999998,No (reported postion),cruise,2021-06-24 02:00:00
2021-06-24 03:00:00+00:00,6.1579733333,56.5027066667,9.9,1018.94137930464,0.8343421653867891,0.882494507908277,0.0463523425214883,20.3728275860929,0.309015616809922,0.015450780840496099,No (reported postion),cruise,2021-06-24 03:00:00
2021-06-24 04:00:00+00:00,6.0781583333,56.3430333333,9.9,1018.94137930464,0.8343421653867891,0.882494507908277,0.0463523425214883,20.3728275860929,0.309015616809922,0.015450780840496099,No (reported postion),cruise,2021-06-24 04:00:00
2021-06-24 05:00:00+00:00,5.9989166667,56.1839933333,10.0,1009.6648399999999,0.8267291999999999,0.8744586000000001,0.0459294,20.1872968,0.306196,0.015309799999999998,No (reported postion),cruise,2021-06-24 05:00:00
2021-06-24 06:00:00+00:00,5.9279516667,56.0233133333,9.9,1018.94137930464,0.8343421653867891,0.882494507908277,0.0463523425214883,20.3728275860929,0.309015616809922,0.015450780840496099,No (reported postion),cruise,2021-06-24 06:00:00
2021-06-24 07:00:00+00:00,5.8628866667,55.86066,10.1,1009.6648399999999,0.8267291999999999,0.8744586000000001,0.0459294,20.1872968,0.306196,0.015309799999999998,No (reported postion),cruise,2021-06-24 07:00:00
2021-06-24 08:00:00+00:00,5.79876,55.69502,10.2,1009.6648399999999,0.8267291999999999,0.8744586000000001,0.0459294,20.1872968,0.306196,0.015309799999999998,No (reported postion),cruise,2021-06-24 08:00:00
2021-06-24 09:00:00+00:00,5.7257466667,55.5296966667,10.2,1009.6648399999999,0.8267291999999999,0.8744586000000001,0.0459294,20.1872968,0.306196,0.015309799999999998,No (reported postion),cruise,2021-06-24 09:00:00
2021-06-24 10:00:00+00:00,5.6465216667,55.367,10.1,1009.6648399999999,0.8267291999999999,0.8744586000000001,0.0459294,20.1872968,0.306196,0.015309799999999998,No (reported postion),cruise,2021-06-24 10:00:00
2021-06-24 11:00:00+00:00,5.5534333333,55.2071866667,10.2,1009.6648399999999,0.8267291999999999,0.8744586000000001,0.0459294,20.1872968,0.306196,0.015309799999999998,No (reported postion),cruise,2021-06-24 11:00:00
2021-06-24 12:00:00+00:00,5.44598,55.04195,10.2,1009.6648399999999,0.8267291999999999,0.8744586000000001,0.0459294,20.1872968,0.306196,0.015309799999999998,No (reported postion),cruise,2021-06-24 12:00:00
2021-06-24 13:00:00+00:00,5.3247316667,54.8313166667,10.3,1009.6648399999999,0.8267291999999999,0.8744586000000001,0.0459294,20.1872968,0.306196,0.015309799999999998,No (reported postion),cruise,2021-06-24 13:00:00
2021-06-24 14:00:00+00:00,5.221215,54.6178533333,10.4,1009.6648399999999,0.8267291999999999,0.8744586000000001,0.0459294,20.1872968,0.306196,0.015309799999999998,No (reported postion),cruise,2021-06-24 14:00:00
2021-06-24 15:00:00+00:00,5.158820833325,54.477627499975,10.225,1009.6648399999999,0.8267291999999999,0.8744586000000001,0.0459294,20.1872968,0.306196,0.015309799999999998,Linear (small gap),cruise,2021-06-24 15:00:00
2021-06-24 16:00:00+00:00,5.09642666665,54.33740166665,10.05,1009.6648399999999,0.8267291999999999,0.8744586000000001,0.0459294,20.1872968,0.306196,0.015309799999999998,Linear (small gap),cruise,2021-06-24 16:00:00
2021-06-24 17:00:00+00:00,5.034032499975,54.197175833325,9.875,1009.6648399999999,0.8267291999999999,0.8744586000000001,0.0459294,20.1872968,0.306196,0.015309799999999998,Linear (small gap),cruise,2021-06-24 17:00:00
2021-06-24 18:00:00+00:00,4.9716383333,54.05695,9.7,960.906635206371,0.786714867798541,0.832221249342905,0.043706381544363404,19.212132704127402,0.29137587696242295,0.0145687938481211,No (reported postion),cruise,2021-06-24 18:00:00
2021-06-24 19:00:00+00:00,4.8640183333,53.8909855555667,9.83333333333333,1009.6648399999999,0.8267291999999999,0.8744586000000001,0.0459294,20.1872968,0.306196,0.015309799999999998,Linear (small gap),cruise,2021-06-24 19:00:00
2021-06-24 20:00:00+00:00,4.7563983333,53.7250211111333,9.96666666666667,1009.6648399999999,0.8267291999999999,0.8744586000000001,0.0459294,20.1872968,0.306196,0.015309799999999998,Linear (small gap),cruise,2021-06-24 20:00:00
2021-06-24 21:00:00+00:00,4.6487783333,53.5590566667,10.1,1009.6648399999999,0.8267291999999999,0.8744586000000001,0.0459294,20.1872968,0.306196,0.015309799999999998,No (reported postion),cruise,2021-06-24 21:00:00
2021-06-24 22:00:00+00:00,4.59102,53.46141,10.6,1009.6648399999999,0.8267291999999999,0.8744586000000001,0.0459294,20.1872968,0.306196,0.015309799999999998,No (reported postion),cruise,2021-06-24 22:00:00
2021-06-24 23:00:00+00:00,4.517705,53.28911,11.1,1009.6648399999999,0.8267291999999999,0.8744586000000001,0.0459294,20.1872968,0.306196,0.015309799999999998,No (reported postion),cruise,2021-06-24 23:00:00
2021-06-25 00:00:00+00:00,4.49172,53.13637,10.0,1009.6648399999999,0.8267291999999999,0.8744586000000001,0.0459294,20.1872968,0.306196,0.015309799999999998,No (reported postion),cruise,2021-06-25 00:00:00
2021-06-25 01:00:00+00:00,4.5463433333,52.9864433333,6.5,318.332928851352,0.259374744042143,0.275584452044484,0.014409708002341301,6.3606585770270305,0.0960647200156084,0.004803236000780421,No (reported postion),cruise,2021-06-25 01:00:00
2021-06-25 02:00:00+00:00,4.5527866667,52.9167466667,3.8,117.901209838621,0.196444732218706,0.101870652899718,0.00673121287576568,3.0121587148358797,0.052265309444008305,0.00455328666866265,No (reported postion),maneuver,2021-06-25 02:00:00
2021-06-25 03:00:00+00:00,4.6421066667,52.89642,11.4,1009.6648399999999,0.8267291999999999,0.8744586000000001,0.0459294,20.1872968,0.306196,0.015309799999999998,No (reported postion),cruise,2021-06-25 03:00:00
2021-06-25 04:00:00+00:00,4.8817816667,53.0392333333,13.9,1009.6648399999999,0.8267291999999999,0.8744586000000001,0.0459294,20.1872968,0.306196,0.015309799999999998,No (reported postion),cruise,2021-06-25 04:00:00
2021-06-25 05:00:00+00:00,5.086085,53.0294833333,0.5,41.8858866312478,0.0334021188061943,0.036109050729196394,0.00182657394085154,0.840857102053544,0.012278940286260299,0.000640520955164556,No (reported postion),anchor,2021-06-25 05:00:00
2021-06-25 06:00:00+00:00,5.08583,53.0293466667,0.1,41.76100709305,0.0324080169504496,0.0360008724058336,0.00180021259152681,0.829293256816428,0.012002231522290099,0.000600324167641316,No (reported postion),anchor,2021-06-25 06:00:00
2021-06-25 07:00:00+00:00,5.08605,53.02976,0.1,41.76100709305,0.0324080169504496,0.0360008724058336,0.00180021259152681,0.829293256816428,0.012002231522290099,0.000600324167641316,No (reported postion),anchor,2021-06-25 07:00:00
2021-06-25 08:00:00+00:00,5.0859066667,53.0302966667,0.0,41.76,0.0324,0.036,0.0018,0.8292,0.012,0.0006,No (reported postion),anchor,2021-06-25 08:00:00
2021-06-25 09:00:00+00:00,5.0858533333,53.03038,0.1,41.76100709305,0.0324080169504496,0.0360008724058336,0.00180021259152681,0.829293256816428,0.012002231522290099,0.000600324167641316,No (reported postion),anchor,2021-06-25 09:00:00
2021-06-25 10:00:00+00:00,5.084105,53.0313,0.0,41.76,0.0324,0.036,0.0018,0.8292,0.012,0.0006,No (reported postion),anchor,2021-06-25 10:00:00
2021-06-25 11:00:00+00:00,5.0823533333,53.03094,0.1,41.76100709305,0.0324080169504496,0.0360008724058336,0.00180021259152681,0.829293256816428,0.012002231522290099,0.000600324167641316,No (reported postion),anchor,2021-06-25 11:00:00
2021-06-25 12:00:00+00:00,5.0816133333,53.03108,0.0,41.76,0.0324,0.036,0.0018,0.8292,0.012,0.0006,No (reported postion),anchor,2021-06-25 12:00:00
2021-06-25 13:00:00+00:00,5.0825333333,53.0320233333,0.0,41.76,0.0324,0.036,0.0018,0.8292,0.012,0.0006,No (reported postion),anchor,2021-06-25 13:00:00
2021-06-25 14:00:00+00:00,5.08228,53.0319833333,0.0,41.76,0.0324,0.036,0.0018,0.8292,0.012,0.0006,No (reported postion),anchor,2021-06-25 14:00:00
2021-06-25 15:00:00+00:00,5.08394,53.0318266667,0.4,41.8244539551989,0.032913084828771505,0.0360558339733486,0.0018136058577159898,0.835168436251414,0.012142817426565299,0.000620746729044253,No (reported postion),anchor,2021-06-25 15:00:00
2021-06-25 16:00:00+00:00,5.0861916667,53.0308766667,0.2,41.7680567443999,0.03246413560359639,0.0360069792466686,0.0018017007322145,0.829946054531427,0.0120178521783207,0.0006025933411305319,No (reported postion),anchor,2021-06-25 16:00:00
2021-06-25 17:00:00+00:00,5.086545,53.0300633333,0.0,41.76,0.0324,0.036,0.0018,0.8292,0.012,0.0006,No (reported postion),anchor,2021-06-25 17:00:00
2021-06-25 18:00:00+00:00,4.9509533333,53.06516,10.0,1005.06639563511,0.8229554006731931,0.870475145155037,0.045719744481844,20.095327912702302,0.304798296545627,0.0152399148272813,No (reported postion),cruise,2021-06-25 18:00:00
2021-06-25 19:00:00+00:00,4.7343266667,52.9700766667,10.5,1009.6648399999999,0.8267291999999999,0.8744586000000001,0.0459294,20.1872968,0.306196,0.015309799999999998,No (reported postion),cruise,2021-06-25 19:00:00
2021-06-25 20:00:00+00:00,4.5494633333,52.9617833333,11.4,1009.6648399999999,0.8267291999999999,0.8744586000000001,0.0459294,20.1872968,0.306196,0.015309799999999998,No (reported postion),cruise,2021-06-25 20:00:00
2021-06-25 21:00:00+00:00,4.7296142578125,53.45947265625,11.6253837888051,1009.6648399999999,0.8267291999999999,0.8744586000000001,0.0459294,20.1872968,0.306196,0.015309799999999998,Routed (large gap),cruise,2021-06-25 21:00:00
2021-06-25 22:00:00+00:00,4.94970703125,53.79931640625,11.6253837888051,1009.6648399999999,0.8267291999999999,0.8744586000000001,0.0459294,20.1872968,0.306196,0.015309799999999998,Routed (large gap),cruise,2021-06-25 22:00:00
2021-06-25 23:00:00+00:00,5.1800537109375,54.140625,11.6253837888051,1009.6648399999999,0.8267291999999999,0.8744586000000001,0.0459294,20.1872968,0.306196,0.015309799999999998,Routed (large gap),cruise,2021-06-25 23:00:00
2021-06-26 00:00:00+00:00,5.32384535845588,54.5038200827206,11.6253837888051,1009.6648399999999,0.8267291999999999,0.8744586000000001,0.0459294,20.1872968,0.306196,0.015309799999999998,Routed (large gap),cruise,2021-06-26 00:00:00
2021-06-26 01:00:00+00:00,5.372314453125,54.86572265625,11.6253837888051,1009.6648399999999,0.8267291999999999,0.8744586000000001,0.0459294,20.1872968,0.306196,0.015309799999999998,Routed (large gap),cruise,2021-06-26 01:00:00
2021-06-26 02:00:00+00:00,5.41171681314688,54.9271014908812,11.5847108152044,1009.6648399999999,0.8267291999999999,0.8744586000000001,0.0459294,20.1872968,0.306196,0.015309799999999998,Linear (small gap),cruise,2021-06-26 02:00:00
2021-06-26 03:00:00+00:00,5.45111917316875,54.9884803255125,11.5440378416038,1009.6648399999999,0.8267291999999999,0.8744586000000001,0.0459294,20.1872968,0.306196,0.015309799999999998,Linear (small gap),cruise,2021-06-26 03:00:00
2021-06-26 04:00:00+00:00,5.49052153319063,55.0498591601437,11.5033648680032,1009.6648399999999,0.8267291999999999,0.8744586000000001,0.0459294,20.1872968,0.306196,0.015309799999999998,Linear (small gap),cruise,2021-06-26 04:00:00
2021-06-26 05:00:00+00:00,5.5299238932125,55.111237994775,11.4626918944025,1009.6648399999999,0.8267291999999999,0.8744586000000001,0.0459294,20.1872968,0.306196,0.015309799999999998,Linear (small gap),cruise,2021-06-26 05:00:00
2021-06-26 06:00:00+00:00,5.56932625323438,55.1726168294063,11.4220189208019,1009.6648399999999,0.8267291999999999,0.8744586000000001,0.0459294,20.1872968,0.306196,0.015309799999999998,Linear (small gap),cruise,2021-06-26 06:00:00
2021-06-26 07:00:00+00:00,5.60872861325625,55.2339956640375,11.3813459472013,1009.6648399999999,0.8267291999999999,0.8744586000000001,0.0459294,20.1872968,0.306196,0.015309799999999998,Linear (small gap),cruise,2021-06-26 07:00:00
2021-06-26 08:00:00+00:00,5.64813097327812,55.2953744986688,11.3406729736006,1009.6648399999999,0.8267291999999999,0.8744586000000001,0.0459294,20.1872968,0.306196,0.015309799999999998,Linear (small gap),cruise,2021-06-26 08:00:00
2021-06-26 09:00:00+00:00,5.6875333333,55.3567533333,11.3,1009.6648399999999,0.8267291999999999,0.8744586000000001,0.0459294,20.1872968,0.306196,0.015309799999999998,No (reported postion),cruise,2021-06-26 09:00:00
2021-06-26 10:00:00+00:00,5.7377816667,55.4797933333,11.1,1009.6648399999999,0.8267291999999999,0.8744586000000001,0.0459294,20.1872968,0.306196,0.015309799999999998,No (reported postion),cruise,2021-06-26 10:00:00
2021-06-26 11:00:00+00:00,5.8270383333,55.6588633333,11.1,1009.6648399999999,0.8267291999999999,0.8744586000000001,0.0459294,20.1872968,0.306196,0.015309799999999998,No (reported postion),cruise,2021-06-26 11:00:00
2021-06-26 12:00:00+00:00,5.9176916667,55.8574633333,11.5,1009.6648399999999,0.8267291999999999,0.8744586000000001,0.0459294,20.1872968,0.306196,0.015309799999999998,No (reported postion),cruise,2021-06-26 12:00:00
2021-06-26 13:00:00+00:00,5.9935583333,56.0198,11.3,1009.6648399999999,0.8267291999999999,0.8744586000000001,0.0459294,20.1872968,0.306196,0.015309799999999998,No (reported postion),cruise,2021-06-26 13:00:00
2021-06-26 14:00:00+00:00,6.08762,56.2171733333,11.3,1009.6648399999999,0.8267291999999999,0.8744586000000001,0.0459294,20.1872968,0.306196,0.015309799999999998,No (reported postion),cruise,2021-06-26 14:00:00
2021-06-26 15:00:00+00:00,6.195905,56.4481866667,11.5,1009.6648399999999,0.8267291999999999,0.8744586000000001,0.0459294,20.1872968,0.306196,0.015309799999999998,No (reported postion),cruise,2021-06-26 15:00:00
2021-06-26 16:00:00+00:00,6.2551066667,56.5691466667,11.8,1009.6648399999999,0.8267291999999999,0.8744586000000001,0.0459294,20.1872968,0.306196,0.015309799999999998,No (reported postion),cruise,2021-06-26 16:00:00
2021-06-26 17:00:00+00:00,6.3232783333,56.7543066667,11.4,1009.6648399999999,0.8267291999999999,0.8744586000000001,0.0459294,20.1872968,0.306196,0.015309799999999998,No (reported postion),cruise,2021-06-26 17:00:00
2021-06-26 18:00:00+00:00,6.4075133333,56.9430933333,11.7,1009.6648399999999,0.8267291999999999,0.8744586000000001,0.0459294,20.1872968,0.306196,0.015309799999999998,No (reported postion),cruise,2021-06-26 18:00:00
2021-06-26 19:00:00+00:00,6.4985483333,57.1263333333,11.5,1009.6648399999999,0.8267291999999999,0.8744586000000001,0.0459294,20.1872968,0.306196,0.015309799999999998,No (reported postion),cruise,2021-06-26 19:00:00
2021-06-26 20:00:00+00:00,6.5932916667,57.3049066667,10.8,1009.6648399999999,0.8267291999999999,0.8744586000000001,0.0459294,20.1872968,0.306196,0.015309799999999998,No (reported postion),cruise,2021-06-26 20:00:00
2021-06-26 21:00:00+00:00,6.686185,57.4721,10.1,1009.6648399999999,0.8267291999999999,0.8744586000000001,0.0459294,20.1872968,0.306196,0.015309799999999998,No (reported postion),cruise,2021-06-26 21:00:00
2021-06-26 22:00:00+00:00,6.7763733333,57.6312533333,9.7,960.906635206371,0.786714867798541,0.832221249342905,0.043706381544363404,19.212132704127402,0.29137587696242295,0.0145687938481211,No (reported postion),cruise,2021-06-26 22:00:00
2021-06-26 23:00:00+00:00,6.8548666667,57.79244,10.1,1009.6648399999999,0.8267291999999999,0.8744586000000001,0.0459294,20.1872968,0.306196,0.015309799999999998,No (reported postion),cruise,2021-06-26 23:00:00
2021-06-27 00:00:00+00:00,6.92408,57.9543466667,10.4,1009.6648399999999,0.8267291999999999,0.8744586000000001,0.0459294,20.1872968,0.306196,0.015309799999999998,No (reported postion),cruise,2021-06-27 00:00:00
2021-06-27 01:00:00+00:00,6.986565,58.0507666667,0.0,41.76,0.0324,0.036,0.0018,0.8292,0.012,0.0006,No (reported postion),anchor,2021-06-27 01:00:00
2021-06-27 02:00:00+00:00,6.986585,58.0507666667,0.0,41.76,0.0324,0.036,0.0018,0.8292,0.012,0.0006,No (reported postion),anchor,2021-06-27 02:00:00
2021-06-27 03:00:00+00:00,6.986555,58.0507666667,0.0,41.76,0.0324,0.036,0.0018,0.8292,0.012,0.0006,No (reported postion),anchor,2021-06-27 03:00:00
2021-06-27 04:00:00+00:00,6.9865916667,58.0507466667,0.0,41.76,0.0324,0.036,0.0018,0.8292,0.012,0.0006,No (reported postion),anchor,2021-06-27 04:00:00
2021-06-27 05:00:00+00:00,6.986575,58.0507466667,0.0,41.76,0.0324,0.036,0.0018,0.8292,0.012,0.0006,No (reported postion),anchor,2021-06-27 05:00:00
2021-06-27 06:00:00+00:00,6.98656,58.0507666667,0.1,41.760963306395595,0.0324076683873865,0.036000834475145196,0.00180020334841695,0.8292892021722359,0.0120021344995818,0.000600310073396042,No (reported postion),anchor,2021-06-27 06:00:00
2021-06-27 07:00:00+00:00,6.9865516667,58.0507466667,0.1,41.760963306395595,0.0324076683873865,0.036000834475145196,0.00180020334841695,0.8292892021722359,0.0120021344995818,0.000600310073396042,No (reported postion),anchor,2021-06-27 07:00:00
2021-06-27 08:00:00+00:00,6.9865583333,58.0507666667,0.0,41.76,0.0324,0.036,0.0018,0.8292,0.012,0.0006,No (reported postion),anchor,2021-06-27 08:00:00
2021-06-27 09:00:00+00:00,6.9865383333,58.0507466667,0.1,41.760963306395595,0.0324076683873865,0.036000834475145196,0.00180020334841695,0.8292892021722359,0.0120021344995818,0.000600310073396042,No (reported postion),anchor,2021-06-27 09:00:00
2021-06-27 10:00:00+00:00,6.986545,58.0507666667,0.0,41.76,0.0324,0.036,0.0018,0.8292,0.012,0.0006,No (reported postion),anchor,2021-06-27 10:00:00
2021-06-27 11:00:00+00:00,6.9865433333,58.0507466667,0.1,41.760963306395595,0.0324076683873865,0.036000834475145196,0.00180020334841695,0.8292892021722359,0.0120021344995818,0.000600310073396042,No (reported postion),anchor,2021-06-27 11:00:00
2021-06-27 12:00:00+00:00,6.9697383333,58.0453866667,8.6,654.476812782087,0.5352375059305879,0.566772922926732,0.0297354169961438,13.0835362556417,0.198236113307625,0.00991180566538127,No (reported postion),cruise,2021-06-27 12:00:00
2021-06-27 13:00:00+00:00,6.876665,57.8875733333,10.1,1009.6648399999999,0.8267291999999999,0.8744586000000001,0.0459294,20.1872968,0.306196,0.015309799999999998,No (reported postion),cruise,2021-06-27 13:00:00
2021-06-27 14:00:00+00:00,6.7968633333,57.734,10.0,1009.6648399999999,0.8267291999999999,0.8744586000000001,0.0459294,20.1872968,0.306196,0.015309799999999998,No (reported postion),cruise,2021-06-27 14:00:00
2021-06-27 15:00:00+00:00,6.7126983333,57.5706733333,10.6,1009.6648399999999,0.8267291999999999,0.8744586000000001,0.0459294,20.1872968,0.306196,0.015309799999999998,No (reported postion),cruise,2021-06-27 15:00:00
2021-06-27 16:00:00+00:00,6.6234433333,57.4053466667,10.5,1009.6648399999999,0.8267291999999999,0.8744586000000001,0.0459294,20.1872968,0.306196,0.015309799999999998,No (reported postion),cruise,2021-06-27 16:00:00
2021-06-27 17:00:00+00:00,6.5474,57.2419466667,9.9,1018.94137930464,0.8343421653867891,0.882494507908277,0.0463523425214883,20.3728275860929,0.309015616809922,0.015450780840496099,No (reported postion),cruise,2021-06-27 17:00:00
2021-06-27 18:00:00+00:00,6.469485,57.0853533333,9.7,960.906635206371,0.786714867798541,0.832221249342905,0.043706381544363404,19.212132704127402,0.29137587696242295,0.0145687938481211,No (reported postion),cruise,2021-06-27 18:00:00
2021-06-27 19:00:00+00:00,6.3923316667,56.9278666667,9.8,989.627921898812,0.8102855286099669,0.857101391310521,0.045015862700553695,19.7865584379762,0.30010575133702505,0.0150052875668512,No (reported postion),cruise,2021-06-27 19:00:00
2021-06-27 20:00:00+00:00,6.3134166667,56.7707133333,9.8,989.627921898812,0.8102855286099669,0.857101391310521,0.045015862700553695,19.7865584379762,0.30010575133702505,0.0150052875668512,No (reported postion),cruise,2021-06-27 20:00:00
2021-06-27 21:00:00+00:00,6.2297066667,56.6139333333,10.1,1009.6648399999999,0.8267291999999999,0.8744586000000001,0.0459294,20.1872968,0.306196,0.015309799999999998,No (reported postion),cruise,2021-06-27 21:00:00
2021-06-27 22:00:00+00:00,6.155205,56.4515933333,10.1,1009.6648399999999,0.8267291999999999,0.8744586000000001,0.0459294,20.1872968,0.306196,0.015309799999999998,No (reported postion),cruise,2021-06-27 22:00:00
2021-06-27 23:00:00+00:00,6.0650166667,56.2899333333,10.3,1009.6648399999999,0.8267291999999999,0.8744586000000001,0.0459294,20.1872968,0.306196,0.015309799999999998,No (reported postion),cruise,2021-06-27 23:00:00
2021-06-28 00:00:00+00:00,5.9691466667,56.12526,10.4,1009.6648399999999,0.8267291999999999,0.8744586000000001,0.0459294,20.1872968,0.306196,0.015309799999999998,No (reported postion),cruise,2021-06-28 00:00:00
2021-06-28 01:00:00+00:00,5.8837016667,55.95784,10.5,1009.6648399999999,0.8267291999999999,0.8744586000000001,0.0459294,20.1872968,0.306196,0.015309799999999998,No (reported postion),cruise,2021-06-28 01:00:00
2021-06-28 02:00:00+00:00,5.7997933333,55.7898033333,10.6,1009.6648399999999,0.8267291999999999,0.8744586000000001,0.0459294,20.1872968,0.306196,0.015309799999999998,No (reported postion),cruise,2021-06-28 02:00:00
2021-06-28 03:00:00+00:00,5.7160983333,55.6224433333,10.4,1009.6648399999999,0.8267291999999999,0.8744586000000001,0.0459294,20.1872968,0.306196,0.015309799999999998,No (reported postion),cruise,2021-06-28 03:00:00
2021-06-28 04:00:00+00:00,5.631325,55.4561933333,10.3,1009.6648399999999,0.8267291999999999,0.8744586000000001,0.0459294,20.1872968,0.306196,0.015309799999999998,No (reported postion),cruise,2021-06-28 04:00:00
2021-06-28 05:00:00+00:00,5.5538066667,55.2890233333,10.5,1009.6648399999999,0.8267291999999999,0.8744586000000001,0.0459294,20.1872968,0.306196,0.015309799999999998,No (reported postion),cruise,2021-06-28 05:00:00
2021-06-28 06:00:00+00:00,5.47365,55.1207033333,10.6,1009.6648399999999,0.8267291999999999,0.8744586000000001,0.0459294,20.1872968,0.306196,0.015309799999999998,No (reported postion),cruise,2021-06-28 06:00:00
2021-06-28 07:00:00+00:00,5.3947033333,54.95263,10.4,1009.6648399999999,0.8267291999999999,0.8744586000000001,0.0459294,20.1872968,0.306196,0.015309799999999998,No (reported postion),cruise,2021-06-28 07:00:00
2021-06-28 08:00:00+00:00,5.3182933333,54.78675,10.2,1009.6648399999999,0.8267291999999999,0.8744586000000001,0.0459294,20.1872968,0.306196,0.015309799999999998,No (reported postion),cruise,2021-06-28 08:00:00
2021-06-28 09:00:00+00:00,5.2538066667,54.6232666667,10.1,1009.6648399999999,0.8267291999999999,0.8744586000000001,0.0459294,20.1872968,0.306196,0.015309799999999998,No (reported postion),cruise,2021-06-28 09:00:00
2021-06-28 10:00:00+00:00,5.1969566667,54.4588866667,10.0,1009.6648399999999,0.8267291999999999,0.8744586000000001,0.0459294,20.1872968,0.306196,0.015309799999999998,No (reported postion),cruise,2021-06-28 10:00:00
2021-06-28 11:00:00+00:00,5.1190933333,54.30096,9.8,989.627921898812,0.8102855286099669,0.857101391310521,0.045015862700553695,19.7865584379762,0.30010575133702505,0.0150052875668512,No (reported postion),cruise,2021-06-28 11:00:00
2021-06-28 12:00:00+00:00,5.0124133333,54.1475333333,10.1,1009.6648399999999,0.8267291999999999,0.8744586000000001,0.0459294,20.1872968,0.306196,0.015309799999999998,No (reported postion),cruise,2021-06-28 12:00:00
2021-06-28 13:00:00+00:00,4.907145,53.9882966667,10.3,1009.6648399999999,0.8267291999999999,0.8744586000000001,0.0459294,20.1872968,0.306196,0.015309799999999998,No (reported postion),cruise,2021-06-28 13:00:00
2021-06-28 14:00:00+00:00,4.8022533333,53.8249266667,10.5,1009.6648399999999,0.8267291999999999,0.8744586000000001,0.0459294,20.1872968,0.306196,0.015309799999999998,No (reported postion),cruise,2021-06-28 14:00:00
2021-06-28 15:00:00+00:00,4.6965066667,53.6567866667,11.0,1009.6648399999999,0.8267291999999999,0.8744586000000001,0.0459294,20.1872968,0.306196,0.015309799999999998,No (reported postion),cruise,2021-06-28 15:00:00
2021-06-28 16:00:00+00:00,4.5956,53.4819333333,10.9,1009.6648399999999,0.8267291999999999,0.8744586000000001,0.0459294,20.1872968,0.306196,0.015309799999999998,No (reported postion),cruise,2021-06-28 16:00:00
2021-06-28 17:00:00+00:00,4.5234066667,53.30804,10.3,1009.6648399999999,0.8267291999999999,0.8744586000000001,0.0459294,20.1872968,0.306196,0.015309799999999998,No (reported postion),cruise,2021-06-28 17:00:00
2021-06-28 18:00:00+00:00,4.4882716667,53.1640133333,9.3,851.822344404503,0.697192805438346,0.73772573907381,0.0387329336354637,17.0304468880901,0.258219557569758,0.0129109778784879,No (reported postion),cruise,2021-06-28 18:00:00
2021-06-28 19:00:00+00:00,4.5424433333,53.0365566667,8.1,576.970537575571,0.471630532356851,0.499632228598899,0.026201696242047302,11.533410751511399,0.174677974946982,0.0087338987473491,No (reported postion),cruise,2021-06-28 19:00:00
2021-06-28 20:00:00+00:00,4.5832383333,52.90604,9.2,791.875130604314,0.6479960038394069,0.685795781830485,0.035999777991078195,15.8315026120863,0.239998519940521,0.0119999259970261,No (reported postion),cruise,2021-06-28 20:00:00
2021-06-28 21:00:00+00:00,4.7476383333,52.9740566667,10.6,1009.6648399999999,0.8267291999999999,0.8744586000000001,0.0459294,20.1872968,0.306196,0.015309799999999998,No (reported postion),cruise,2021-06-28 21:00:00
2021-06-28 22:00:00+00:00,4.9933116667,53.0605566667,10.7,1009.6648399999999,0.8267291999999999,0.8744586000000001,0.0459294,20.1872968,0.306196,0.015309799999999998,No (reported postion),cruise,2021-06-28 22:00:00
2021-06-28 23:00:00+00:00,5.0818333333,53.02999,0.1,41.76100709305,0.0324080169504496,0.0360008724058336,0.00180021259152681,0.829293256816428,0.012002231522290099,0.000600324167641316,No (reported postion),anchor,2021-06-28 23:00:00
2021-06-29 00:00:00+00:00,5.0814316667,53.0299966667,0.0,41.76,0.0324,0.036,0.0018,0.8292,0.012,0.0006,No (reported postion),anchor,2021-06-29 00:00:00
2021-06-29 01:00:00+00:00,5.0798433333,53.0306,0.2,41.7680567443999,0.03246413560359639,0.0360069792466686,0.0018017007322145,0.829946054531427,0.0120178521783207,0.0006025933411305319,No (reported postion),anchor,2021-06-29 01:00:00
2021-06-29 02:00:00+00:00,5.0791183333,53.03112,0.0,41.76,0.0324,0.036,0.0018,0.8292,0.012,0.0006,No (reported postion),anchor,2021-06-29 02:00:00
2021-06-29 03:00:00+00:00,5.0792533333,53.0307866667,0.0,41.76,0.0324,0.036,0.0018,0.8292,0.012,0.0006,No (reported postion),anchor,2021-06-29 03:00:00
2021-06-29 04:00:00+00:00,5.0792466667,53.03086,0.1,41.76100709305,0.0324080169504496,0.0360008724058336,0.00180021259152681,0.829293256816428,0.012002231522290099,0.000600324167641316,No (reported postion),anchor,2021-06-29 04:00:00
2021-06-29 05:00:00+00:00,5.079365,53.0306566667,0.0,41.76,0.0324,0.036,0.0018,0.8292,0.012,0.0006,No (reported postion),anchor,2021-06-29 05:00:00
2021-06-29 06:00:00+00:00,5.0802816667,53.0300766667,0.1,41.76100709305,0.0324080169504496,0.0360008724058336,0.00180021259152681,0.829293256816428,0.012002231522290099,0.000600324167641316,No (reported postion),anchor,2021-06-29 06:00:00
2021-06-29 07:00:00+00:00,5.08321,53.03086,0.1,41.76100709305,0.0324080169504496,0.0360008724058336,0.00180021259152681,0.829293256816428,0.012002231522290099,0.000600324167641316,No (reported postion),anchor,2021-06-29 07:00:00
2021-06-29 08:00:00+00:00,5.0834316667,53.0308933333,0.1,41.76100709305,0.0324080169504496,0.0360008724058336,0.00180021259152681,0.829293256816428,0.012002231522290099,0.000600324167641316,No (reported postion),anchor,2021-06-29 08:00:00
2021-06-29 09:00:00+00:00,5.0834133333,53.0309233333,0.1,41.76100709305,0.0324080169504496,0.0360008724058336,0.00180021259152681,0.829293256816428,0.012002231522290099,0.000600324167641316,No (reported postion),anchor,2021-06-29 09:00:00
2021-06-29 10:00:00+00:00,5.08318,53.0304866667,0.0,41.76,0.0324,0.036,0.0018,0.8292,0.012,0.0006,No (reported postion),anchor,2021-06-29 10:00:00
2021-06-29 11:00:00+00:00,5.082325,53.0300633333,0.1,41.76100709305,0.0324080169504496,0.0360008724058336,0.00180021259152681,0.829293256816428,0.012002231522290099,0.000600324167641316,No (reported postion),anchor,2021-06-29 11:00:00
2021-06-29 12:00:00+00:00,5.0819316667,53.0298433333,0.1,41.76100709305,0.0324080169504496,0.0360008724058336,0.00180021259152681,0.829293256816428,0.012002231522290099,0.000600324167641316,No (reported postion),anchor,2021-06-29 12:00:00
2021-06-29 13:00:00+00:00,5.08003,53.0300133333,0.2,41.7680567443999,0.03246413560359639,0.0360069792466686,0.0018017007322145,0.829946054531427,0.0120178521783207,0.0006025933411305319,No (reported postion),anchor,2021-06-29 13:00:00
2021-06-29 14:00:00+00:00,5.0787116667,53.03082,0.0,41.76,0.0324,0.036,0.0018,0.8292,0.012,0.0006,No (reported postion),anchor,2021-06-29 14:00:00
2021-06-29 15:00:00+00:00,5.0788016667,53.0306633333,0.0,41.76,0.0324,0.036,0.0018,0.8292,0.012,0.0006,No (reported postion),anchor,2021-06-29 15:00:00
2021-06-29 16:00:00+00:00,5.07851,53.03028,0.1,41.76100709305,0.0324080169504496,0.0360008724058336,0.00180021259152681,0.829293256816428,0.012002231522290099,0.000600324167641316,No (reported postion),anchor,2021-06-29 16:00:00
2021-06-29 17:00:00+00:00,5.078785,53.0302233333,0.1,41.76100709305,0.0324080169504496,0.0360008724058336,0.00180021259152681,0.829293256816428,0.012002231522290099,0.000600324167641316,No (reported postion),anchor,2021-06-29 17:00:00
2021-06-29 18:00:00+00:00,4.9160316667,53.0536133333,12.0,1009.6648399999999,0.8267291999999999,0.8744586000000001,0.0459294,20.1872968,0.306196,0.015309799999999998,No (reported postion),cruise,2021-06-29 18:00:00
2021-06-29 19:00:00+00:00,4.6881433333,52.9479666667,9.8,948.4162731206029,0.776464418670404,0.821401330818759,0.0431369121483558,18.9623254624121,0.287579414322372,0.0143789707161186,No (reported postion),cruise,2021-06-29 19:00:00
2021-06-29 20:00:00+00:00,4.614905,53.08305,12.4,1009.6648399999999,0.8267291999999999,0.8744586000000001,0.0459294,20.1872968,0.306196,0.015309799999999998,No (reported postion),cruise,2021-06-29 20:00:00
2021-06-29 21:00:00+00:00,4.77228333335,53.22145666665,11.95,1009.6648399999999,0.8267291999999999,0.8744586000000001,0.0459294,20.1872968,0.306196,0.015309799999999998,Linear (small gap),cruise,2021-06-29 21:00:00
2021-06-29 22:00:00+00:00,4.9296616667,53.3598633333,11.5,1009.6648399999999,0.8267291999999999,0.8744586000000001,0.0459294,20.1872968,0.306196,0.015309799999999998,No (reported postion),cruise,2021-06-29 22:00:00
2021-06-29 23:00:00+00:00,5.1541533333,53.45279,11.1,1009.6648399999999,0.8267291999999999,0.8744586000000001,0.0459294,20.1872968,0.306196,0.015309799999999998,No (reported postion),cruise,2021-06-29 23:00:00
2021-06-30 00:00:00+00:00,5.44305,53.5188233333,11.2,1009.6648399999999,0.8267291999999999,0.8744586000000001,0.0459294,20.1872968,0.306196,0.015309799999999998,No (reported postion),cruise,2021-06-30 00:00:00
2021-06-30 01:00:00+00:00,5.7469816667,53.5635566667,11.2,1009.6648399999999,0.8267291999999999,0.8744586000000001,0.0459294,20.1872968,0.306196,0.015309799999999998,No (reported postion),cruise,2021-06-30 01:00:00
2021-06-30 02:00:00+00:00,6.0502183333,53.59908,10.9,1009.6648399999999,0.8267291999999999,0.8744586000000001,0.0459294,20.1872968,0.306196,0.015309799999999998,No (reported postion),cruise,2021-06-30 02:00:00
2021-06-30 03:00:00+00:00,6.4949866667,53.61289,10.0,1005.06639563511,0.8229554006731931,0.870475145155037,0.045719744481844,20.095327912702302,0.304798296545627,0.0152399148272813,No (reported postion),cruise,2021-06-30 03:00:00
2021-06-30 04:00:00+00:00,6.6834133333,53.5533433333,9.3,816.602242473872,0.668288770419288,0.70721592433147,0.037127153912182596,16.326044849477498,0.247514359414551,0.0123757179707275,No (reported postion),cruise,2021-06-30 04:00:00
2021-06-30 05:00:00+00:00,6.825825,53.4853366667,9.3,816.602242473872,0.668288770419288,0.70721592433147,0.037127153912182596,16.326044849477498,0.247514359414551,0.0123757179707275,No (reported postion),cruise,2021-06-30 05:00:00
2021-06-30 06:00:00+00:00,6.9723133333,53.3724766667,8.7,676.100151444908,0.552983103009499,0.585504386510027,0.0307212835005277,13.516003028898199,0.204808556670185,0.010240427833509199,No (reported postion),cruise,2021-06-30 06:00:00
2021-06-30 07:00:00+00:00,6.9429583333,53.32527,3.2,73.3256239721714,0.15829790813459998,0.0633440815564402,0.004980548433670151,2.22440057956998,0.04164674105593,0.00429864682105534,No (reported postion),cruise,2021-06-30 07:00:00
2021-06-30 08:00:00+00:00,6.9484716667,53.3230066667,0.0,41.76,0.0324,0.036,0.0018,0.8292,0.012,0.0006,No (reported postion),anchor,2021-06-30 08:00:00
2021-06-30 09:00:00+00:00,6.9484783333,53.3230133333,0.0,41.76,0.0324,0.036,0.0018,0.8292,0.012,0.0006,No (reported postion),anchor,2021-06-30 09:00:00
2021-06-30 10:00:00+00:00,6.948455,53.3229966667,0.0,41.76,0.0324,0.036,0.0018,0.8292,0.012,0.0006,No (reported postion),anchor,2021-06-30 10:00:00
2021-06-30 11:00:00+00:00,6.9484766667,53.32299,0.0,41.76,0.0324,0.036,0.0018,0.8292,0.012,0.0006,No (reported postion),anchor,2021-06-30 11:00:00
2021-06-30 12:00:00+00:00,6.94847,53.32299,0.0,41.76,0.0324,0.036,0.0018,0.8292,0.012,0.0006,No (reported postion),anchor,2021-06-30 12:00:00
2021-06-30 13:00:00+00:00,6.94847,53.32299,0.0,41.76,0.0324,0.036,0.0018,0.8292,0.012,0.0006,No (reported postion),anchor,2021-06-30 13:00:00
2021-06-30 14:00:00+00:00,6.94848,53.3230066667,0.0,41.76,0.0324,0.036,0.0018,0.8292,0.012,0.0006,No (reported postion),anchor,2021-06-30 14:00:00
2021-06-30 15:00:00+00:00,6.9484716667,53.3230066667,0.0,41.76,0.0324,0.036,0.0018,0.8292,0.012,0.0006,No (reported postion),anchor,2021-06-30 15:00:00
2021-06-30 16:00:00+00:00,6.938265,53.32928,0.0,41.76,0.0324,0.036,0.0018,0.8292,0.012,0.0006,No (reported postion),anchor,2021-06-30 16:00:00
2021-06-30 17:00:00+00:00,6.9382883333,53.32929,0.0,41.76,0.0324,0.036,0.0018,0.8292,0.012,0.0006,No (reported postion),anchor,2021-06-30 17:00:00
2021-06-30 18:00:00+00:00,6.9865366667,53.3156733333,8.1,553.70051420272,0.45253355268916196,0.47947430561633797,0.0251407529271757,11.0680102840544,0.167605019514505,0.00838025097572523,No (reported postion),cruise,2021-06-30 18:00:00
2021-06-30 19:00:00+00:00,6.86115,53.46508,12.3,1009.6648399999999,0.8267291999999999,0.8744586000000001,0.0459294,20.1872968,0.306196,0.015309799999999998,No (reported postion),cruise,2021-06-30 19:00:00
2021-06-30 20:00:00+00:00,6.69937944443333,53.60991,11.2666666666667,1009.6648399999999,0.8267291999999999,0.8744586000000001,0.0459294,20.1872968,0.306196,0.015309799999999998,Linear (small gap),cruise,2021-06-30 20:00:00
2021-06-30 21:00:00+00:00,6.53760888886667,53.75474,10.2333333333333,1009.6648399999999,0.8267291999999999,0.8744586000000001,0.0459294,20.1872968,0.306196,0.015309799999999998,Linear (small gap),cruise,2021-06-30 21:00:00
2021-06-30 22:00:00+00:00,6.3758383333,53.89957,9.2,825.97127290451,0.675977640377562,0.715331953731871,0.037554313354309005,16.5134254580902,0.25036208902872703,0.012518104451436298,No (reported postion),cruise,2021-06-30 22:00:00
2021-06-30 23:00:00+00:00,6.44952976187143,54.0591414285714,9.3,880.5052389980619,0.72073195905616,0.762572623448169,0.0400406643920089,17.604104779961197,0.26693776261339297,0.0133468881306696,Linear (small gap),cruise,2021-06-30 23:00:00
2021-07-01 00:00:00+00:00,6.52322119044286,54.2187128571429,9.4,907.853507718546,0.743175827003062,0.786263372947677,0.0412875459446146,18.1510701543709,0.27525030629742997,0.0137625153148715,Linear (small gap),cruise,2021-07-01 00:00:00
2021-07-01 01:00:00+00:00,6.59691261901429,54.3782842857143,9.5,935.789888825439,0.7661023403734609,0.8104635815053189,0.0425612411318589,18.7097977765088,0.283741607545726,0.0141870803772863,Linear (small gap),cruise,2021-07-01 01:00:00
2021-07-01 02:00:00+00:00,6.67060404758571,54.5378557142857,9.6,964.32063883349,0.789516633693137,0.835178668898312,0.0438620352051743,19.2804127766698,0.292413568034495,0.0146206784017248,Linear (small gap),cruise,2021-07-01 02:00:00
2021-07-01 03:00:00+00:00,6.74429547615714,54.6974271428571,9.7,993.452014257448,0.813423841487875,0.8604140549038679,0.0451902134159931,19.863040285149,0.301268089439954,0.0150634044719977,Linear (small gap),cruise,2021-07-01 03:00:00
2021-07-01 04:00:00+00:00,6.81798690472857,54.8569985714286,9.8,1023.19027161206,0.837829098283456,0.886175159299203,0.0465460610157475,20.4578054322413,0.310307073438317,0.0155153536719159,Linear (small gap),cruise,2021-07-01 04:00:00
2021-07-01 05:00:00+00:00,6.8916783333,55.01657,9.9,1018.94137930464,0.8343421653867891,0.882494507908277,0.0463523425214883,20.3728275860929,0.309015616809922,0.015450780840496099,No (reported postion),cruise,2021-07-01 05:00:00
2021-07-01 06:00:00+00:00,6.8988666667,55.0285166667,10.0,1009.6648399999999,0.8267291999999999,0.8744586000000001,0.0459294,20.1872968,0.306196,0.015309799999999998,No (reported postion),cruise,2021-07-01 06:00:00
2021-07-01 07:00:00+00:00,7.0178333333,55.2,9.8,989.627921898812,0.8102855286099669,0.857101391310521,0.045015862700553695,19.7865584379762,0.30010575133702505,0.0150052875668512,No (reported postion),cruise,2021-07-01 07:00:00
2021-07-01 08:00:00+00:00,7.10718,55.3276433333,9.7,960.906635206371,0.786714867798541,0.832221249342905,0.043706381544363404,19.212132704127402,0.29137587696242295,0.0145687938481211,No (reported postion),cruise,2021-07-01 08:00:00
2021-07-01 09:00:00+00:00,7.2008333333,55.4802333333,9.8,989.627921898812,0.8102855286099669,0.857101391310521,0.045015862700553695,19.7865584379762,0.30010575133702505,0.0150052875668512,No (reported postion),cruise,2021-07-01 09:00:00
2021-07-01 10:00:00+00:00,7.3033733333,55.63471,10.0,1009.6648399999999,0.8267291999999999,0.8744586000000001,0.0459294,20.1872968,0.306196,0.015309799999999998,No (reported postion),cruise,2021-07-01 10:00:00
2021-07-01 11:00:00+00:00,7.4052383333,55.78475,9.5,905.2164037284571,0.7410116383181871,0.7839789515580861,0.0411673132398993,18.0983280745691,0.27444875493266196,0.0137224377466331,No (reported postion),cruise,2021-07-01 11:00:00
2021-07-01 12:00:00+00:00,7.5015033333,55.93028,9.1,800.6761167681079,0.655218697651639,0.693419736410063,0.036401038758424396,16.0075223353622,0.242673591722829,0.012133679586141501,No (reported postion),cruise,2021-07-01 12:00:00
2021-07-01 13:00:00+00:00,7.5931266667,56.07264,9.1,800.6761167681079,0.655218697651639,0.693419736410063,0.036401038758424396,16.0075223353622,0.242673591722829,0.012133679586141501,No (reported postion),cruise,2021-07-01 13:00:00
2021-07-01 14:00:00+00:00,7.6897533333,56.21566,9.2,825.97127290451,0.675977640377562,0.715331953731871,0.037554313354309005,16.5134254580902,0.25036208902872703,0.012518104451436298,No (reported postion),cruise,2021-07-01 14:00:00
2021-07-01 15:00:00+00:00,7.78612,56.3615533333,9.3,851.822344404503,0.697192805438346,0.73772573907381,0.0387329336354637,17.0304468880901,0.258219557569758,0.0129109778784879,No (reported postion),cruise,2021-07-01 15:00:00
2021-07-01 16:00:00+00:00,7.8818183333,56.50564,9.1,800.6761167681079,0.655218697651639,0.693419736410063,0.036401038758424396,16.0075223353622,0.242673591722829,0.012133679586141501,No (reported postion),cruise,2021-07-01 16:00:00
2021-07-01 17:00:00+00:00,7.9752533333,56.6479866667,9.1,800.6761167681079,0.655218697651639,0.693419736410063,0.036401038758424396,16.0075223353622,0.242673591722829,0.012133679586141501,No (reported postion),cruise,2021-07-01 17:00:00
2021-07-01 18:00:00+00:00,8.069725,56.78614,9.2,825.97127290451,0.675977640377562,0.715331953731871,0.037554313354309005,16.5134254580902,0.25036208902872703,0.012518104451436298,No (reported postion),cruise,2021-07-01 18:00:00
2021-07-01 19:00:00+00:00,8.17611,56.9299666667,9.5,867.674820957655,0.710202436652179,0.7514581275773,0.039455690925120995,17.3474964191531,0.263037939500807,0.0131518969750403,No (reported postion),cruise,2021-07-01 19:00:00
2021-07-01 20:00:00+00:00,8.2996316667,57.06732,9.1,800.6761167681079,0.655218697651639,0.693419736410063,0.036401038758424396,16.0075223353622,0.242673591722829,0.012133679586141501,No (reported postion),cruise,2021-07-01 20:00:00
2021-07-01 21:00:00+00:00,8.3963566667,57.2123666667,9.3,851.822344404503,0.697192805438346,0.73772573907381,0.0387329336354637,17.0304468880901,0.258219557569758,0.0129109778784879,No (reported postion),cruise,2021-07-01 21:00:00
2021-07-01 22:00:00+00:00,8.5176716667,57.3549,9.5,905.2164037284571,0.7410116383181871,0.7839789515580861,0.0411673132398993,18.0983280745691,0.27444875493266196,0.0137224377466331,No (reported postion),cruise,2021-07-01 22:00:00
2021-07-01 23:00:00+00:00,8.6531066667,57.4927133333,9.5,905.2164037284571,0.7410116383181871,0.7839789515580861,0.0411673132398993,18.0983280745691,0.27444875493266196,0.0137224377466331,No (reported postion),cruise,2021-07-01 23:00:00
2021-07-02 00:00:00+00:00,8.7465933333,57.6424733333,9.5,905.2164037284571,0.7410116383181871,0.7839789515580861,0.0411673132398993,18.0983280745691,0.27444875493266196,0.0137224377466331,No (reported postion),cruise,2021-07-02 00:00:00
2021-07-02 01:00:00+00:00,8.863325,57.7856266667,9.4,878.2353738263851,0.7188691517724131,0.760606326870881,0.0399371750984674,17.5587074765277,0.26624783398978297,0.0133123916994891,No (reported postion),cruise,2021-07-02 01:00:00
2021-07-02 02:00:00+00:00,8.9815083333,57.9301733333,9.5,905.2164037284571,0.7410116383181871,0.7839789515580861,0.0411673132398993,18.0983280745691,0.27444875493266196,0.0137224377466331,No (reported postion),cruise,2021-07-02 02:00:00
2021-07-02 03:00:00+00:00,9.1038733333,58.0773666667,10.1,1009.6648399999999,0.8267291999999999,0.8744586000000001,0.0459294,20.1872968,0.306196,0.015309799999999998,No (reported postion),cruise,2021-07-02 03:00:00
2021-07-02 04:00:00+00:00,9.2282766667,58.23326,10.4,1009.6648399999999,0.8267291999999999,0.8744586000000001,0.0459294,20.1872968,0.306196,0.015309799999999998,No (reported postion),cruise,2021-07-02 04:00:00
2021-07-02 05:00:00+00:00,9.3565516667,58.39008,10.0,1009.6648399999999,0.8267291999999999,0.8744586000000001,0.0459294,20.1872968,0.306196,0.015309799999999998,No (reported postion),cruise,2021-07-02 05:00:00
2021-07-02 06:00:00+00:00,9.4932116667,58.5407866667,10.2,1009.6648399999999,0.8267291999999999,0.8744586000000001,0.0459294,20.1872968,0.306196,0.015309799999999998,No (reported postion),cruise,2021-07-02 06:00:00
2021-07-02 07:00:00+00:00,9.62264,58.69234,9.7,960.906635206371,0.786714867798541,0.832221249342905,0.043706381544363404,19.212132704127402,0.29137587696242295,0.0145687938481211,No (reported postion),cruise,2021-07-02 07:00:00
2021-07-02 08:00:00+00:00,9.729125,58.8282666667,8.2,597.038880782565,0.488099993347394,0.517016659644471,0.027116666297077402,11.9347776156513,0.18077777531384998,0.00903888876569248,No (reported postion),cruise,2021-07-02 08:00:00
2021-07-02 09:00:00+00:00,9.7859983333,58.9781666667,6.8,344.65435659234,0.280975915744473,0.29838568884138905,0.0156097730969152,6.887087131846799,0.104065153979435,0.00520325769897173,No (reported postion),cruise,2021-07-02 09:00:00
2021-07-02 10:00:00+00:00,9.6478733333,59.0667866667,8.3,592.566074041014,0.48442930088472297,0.513142039822763,0.0269127389380402,11.8453214808203,0.179418259586934,0.00897091297934672,No (reported postion),cruise,2021-07-02 10:00:00
2021-07-02 11:00:00+00:00,9.6388733333,59.0960533333,0.1,41.760963306395595,0.0324076683873865,0.036000834475145196,0.00180020334841695,0.8292892021722359,0.0120021344995818,0.000600310073396042,No (reported postion),anchor,2021-07-02 11:00:00
2021-07-02 12:00:00+00:00,9.6389016667,59.09614,0.0,41.76,0.0324,0.036,0.0018,0.8292,0.012,0.0006,No (reported postion),anchor,2021-07-02 12:00:00
2021-07-02 13:00:00+00:00,9.6399533333,59.09614,0.0,41.76,0.0324,0.036,0.0018,0.8292,0.012,0.0006,No (reported postion),anchor,2021-07-02 13:00:00
2021-07-02 14:00:00+00:00,9.63979,59.0962133333,0.0,41.76,0.0324,0.036,0.0018,0.8292,0.012,0.0006,No (reported postion),anchor,2021-07-02 14:00:00
2021-07-02 15:00:00+00:00,9.6401,59.0962266667,0.0,41.76,0.0324,0.036,0.0018,0.8292,0.012,0.0006,No (reported postion),anchor,2021-07-02 15:00:00
2021-07-02 16:00:00+00:00,9.63998,59.0962,0.0,41.76,0.0324,0.036,0.0018,0.8292,0.012,0.0006,No (reported postion),anchor,2021-07-02 16:00:00
2021-07-02 17:00:00+00:00,9.6404166667,59.0961133333,0.0,41.76,0.0324,0.036,0.0018,0.8292,0.012,0.0006,No (reported postion),anchor,2021-07-02 17:00:00
2021-07-02 18:00:00+00:00,9.64056,59.0960466667,0.0,41.76,0.0324,0.036,0.0018,0.8292,0.012,0.0006,No (reported postion),anchor,2021-07-02 18:00:00
2021-07-02 19:00:00+00:00,9.6403666667,59.0960933333,0.0,41.76,0.0324,0.036,0.0018,0.8292,0.012,0.0006,No (reported postion),anchor,2021-07-02 19:00:00
2021-07-02 20:00:00+00:00,9.6402366667,59.0961666667,0.0,41.76,0.0324,0.036,0.0018,0.8292,0.012,0.0006,No (reported postion),anchor,2021-07-02 20:00:00
2021-07-02 21:00:00+00:00,9.6403316667,59.09612,0.0,41.76,0.0324,0.036,0.0018,0.8292,0.012,0.0006,No (reported postion),anchor,2021-07-02 21:00:00
2021-07-02 22:00:00+00:00,9.6402583333,59.09618,0.0,41.76,0.0324,0.036,0.0018,0.8292,0.012,0.0006,No (reported postion),anchor,2021-07-02 22:00:00
2021-07-02 23:00:00+00:00,9.6404783333,59.0960466667,0.0,41.76,0.0324,0.036,0.0018,0.8292,0.012,0.0006,No (reported postion),anchor,2021-07-02 23:00:00
2021-07-03 00:00:00+00:00,9.64044,59.0959466667,0.0,41.76,0.0324,0.036,0.0018,0.8292,0.012,0.0006,No (reported postion),anchor,2021-07-03 00:00:00
2021-07-03 01:00:00+00:00,9.6404483333,59.0960533333,0.0,41.76,0.0324,0.036,0.0018,0.8292,0.012,0.0006,No (reported postion),anchor,2021-07-03 01:00:00
2021-07-03 02:00:00+00:00,9.6403266667,59.0961533333,0.0,41.76,0.0324,0.036,0.0018,0.8292,0.012,0.0006,No (reported postion),anchor,2021-07-03 02:00:00
2021-07-03 03:00:00+00:00,9.64024,59.0961266667,0.0,41.76,0.0324,0.036,0.0018,0.8292,0.012,0.0006,No (reported postion),anchor,2021-07-03 03:00:00
2021-07-03 04:00:00+00:00,9.640395,59.0960933333,0.0,41.76,0.0324,0.036,0.0018,0.8292,0.012,0.0006,No (reported postion),anchor,2021-07-03 04:00:00
2021-07-03 05:00:00+00:00,9.6403333333,59.0960933333,0.0,41.76,0.0324,0.036,0.0018,0.8292,0.012,0.0006,No (reported postion),anchor,2021-07-03 05:00:00
2021-07-03 06:00:00+00:00,9.64049,59.0960533333,0.0,41.76,0.0324,0.036,0.0018,0.8292,0.012,0.0006,No (reported postion),anchor,2021-07-03 06:00:00
2021-07-03 07:00:00+00:00,9.6405933333,59.0959866667,0.0,41.76,0.0324,0.036,0.0018,0.8292,0.012,0.0006,No (reported postion),anchor,2021-07-03 07:00:00
2021-07-03 08:00:00+00:00,9.6402016667,59.0961933333,0.0,41.76,0.0324,0.036,0.0018,0.8292,0.012,0.0006,No (reported postion),anchor,2021-07-03 08:00:00
2021-07-03 09:00:00+00:00,9.6396233333,59.09628,0.0,41.76,0.0324,0.036,0.0018,0.8292,0.012,0.0006,No (reported postion),anchor,2021-07-03 09:00:00
2021-07-03 10:00:00+00:00,9.6392233333,59.0962533333,0.0,41.76,0.0324,0.036,0.0018,0.8292,0.012,0.0006,No (reported postion),anchor,2021-07-03 10:00:00
2021-07-03 11:00:00+00:00,9.63945,59.0942533333,2.1,50.6811805299768,0.103416935586654,0.0437280743192808,0.00368320968938264,1.65530131707585,0.031767600627213,0.0034715897207432903,No (reported postion),anchor,2021-07-03 11:00:00
2021-07-03 12:00:00+00:00,9.5873066667,59.1047266667,2.2,52.017286500722705,0.114052988891771,0.0448854913456108,0.0039652539436935905,1.77902472996692,0.034728151547194004,0.00390166152105329,No (reported postion),anchor,2021-07-03 12:00:00
2021-07-03 13:00:00+00:00,9.5827333333,59.1049733333,0.0,41.76,0.0324,0.036,0.0018,0.8292,0.012,0.0006,No (reported postion),anchor,2021-07-03 13:00:00
2021-07-03 14:00:00+00:00,9.5827516667,59.1049533333,0.0,41.76,0.0324,0.036,0.0018,0.8292,0.012,0.0006,No (reported postion),anchor,2021-07-03 14:00:00
2021-07-03 15:00:00+00:00,9.5827533333,59.10498,0.0,41.76,0.0324,0.036,0.0018,0.8292,0.012,0.0006,No (reported postion),anchor,2021-07-03 15:00:00
2021-07-03 16:00:00+00:00,9.582715,59.1049466667,0.0,41.76,0.0324,0.036,0.0018,0.8292,0.012,0.0006,No (reported postion),anchor,2021-07-03 16:00:00
2021-07-03 17:00:00+00:00,9.5827266667,59.1049533333,0.0,41.76,0.0324,0.036,0.0018,0.8292,0.012,0.0006,No (reported postion),anchor,2021-07-03 17:00:00
2021-07-03 18:00:00+00:00,9.5827166667,59.1049733333,0.0,41.76,0.0324,0.036,0.0018,0.8292,0.012,0.0006,No (reported postion),anchor,2021-07-03 18:00:00
2021-07-03 19:00:00+00:00,9.5825266667,59.10504,0.2,41.7677064511651,0.0324613470990922,0.0360066758011612,0.00180162678733561,0.829913617377887,0.012017075996654499,0.000602480587168335,No (reported postion),anchor,2021-07-03 19:00:00
2021-07-03 20:00:00+00:00,9.5824666667,59.1050133333,0.0,41.76,0.0324,0.036,0.0018,0.8292,0.012,0.0006,No (reported postion),anchor,2021-07-03 20:00:00
2021-07-03 21:00:00+00:00,9.582465,59.1050466667,0.0,41.76,0.0324,0.036,0.0018,0.8292,0.012,0.0006,No (reported postion),anchor,2021-07-03 21:00:00
2021-07-03 22:00:00+00:00,9.5824666667,59.1050466667,0.0,41.76,0.0324,0.036,0.0018,0.8292,0.012,0.0006,No (reported postion),anchor,2021-07-03 22:00:00
2021-07-03 23:00:00+00:00,9.5825183333,59.1050133333,0.0,41.76,0.0324,0.036,0.0018,0.8292,0.012,0.0006,No (reported postion),anchor,2021-07-03 23:00:00
2021-07-04 00:00:00+00:00,9.582615,59.1049866667,0.1,41.760963306395595,0.0324076683873865,0.036000834475145196,0.00180020334841695,0.8292892021722359,0.0120021344995818,0.000600310073396042,No (reported postion),anchor,2021-07-04 00:00:00
2021-07-04 01:00:00+00:00,9.5826383333,59.1049866667,0.0,41.76,0.0324,0.036,0.0018,0.8292,0.012,0.0006,No (reported postion),anchor,2021-07-04 01:00:00
2021-07-04 02:00:00+00:00,9.582655,59.10498,0.0,41.76,0.0324,0.036,0.0018,0.8292,0.012,0.0006,No (reported postion),anchor,2021-07-04 02:00:00
2021-07-04 03:00:00+00:00,9.6203533333,59.0966666667,10.4,1009.6648399999999,0.8267291999999999,0.8744586000000001,0.0459294,20.1872968,0.306196,0.015309799999999998,No (reported postion),cruise,2021-07-04 03:00:00
2021-07-04 04:00:00+00:00,9.79675,58.9720933333,10.9,1009.6648399999999,0.8267291999999999,0.8744586000000001,0.0459294,20.1872968,0.306196,0.015309799999999998,No (reported postion),cruise,2021-07-04 04:00:00
2021-07-04 05:00:00+00:00,10.0790333333,58.93964,9.5,867.674820957655,0.710202436652179,0.7514581275773,0.039455690925120995,17.3474964191531,0.263037939500807,0.0131518969750403,No (reported postion),cruise,2021-07-04 05:00:00
2021-07-04 06:00:00+00:00,10.4048216667,58.98154,11.2,1009.6648399999999,0.8267291999999999,0.8744586000000001,0.0459294,20.1872968,0.306196,0.015309799999999998,No (reported postion),cruise,2021-07-04 06:00:00
2021-07-04 07:00:00+00:00,10.74992,59.02522,10.8,1009.6648399999999,0.8267291999999999,0.8744586000000001,0.0459294,20.1872968,0.306196,0.015309799999999998,No (reported postion),cruise,2021-07-04 07:00:00
2021-07-04 08:00:00+00:00,10.9722466667,59.0883333333,10.3,1009.6648399999999,0.8267291999999999,0.8744586000000001,0.0459294,20.1872968,0.306196,0.015309799999999998,No (reported postion),cruise,2021-07-04 08:00:00
2021-07-04 09:00:00+00:00,10.9502266667,59.1911733333,0.0,41.76,0.0324,0.036,0.0018,0.8292,0.012,0.0006,No (reported postion),anchor,2021-07-04 09:00:00
2021-07-04 10:00:00+00:00,10.9502483333,59.19118,0.0,41.76,0.0324,0.036,0.0018,0.8292,0.012,0.0006,No (reported postion),anchor,2021-07-04 10:00:00
2021-07-04 11:00:00+00:00,10.9502566667,59.19118,0.0,41.76,0.0324,0.036,0.0018,0.8292,0.012,0.0006,No (reported postion),anchor,2021-07-04 11:00:00
2021-07-04 12:00:00+00:00,10.9502683333,59.19118,0.0,41.76,0.0324,0.036,0.0018,0.8292,0.012,0.0006,No (reported postion),anchor,2021-07-04 12:00:00
2021-07-04 13:00:00+00:00,10.950245,59.1911866667,0.0,41.76,0.0324,0.036,0.0018,0.8292,0.012,0.0006,No (reported postion),anchor,2021-07-04 13:00:00
2021-07-04 14:00:00+00:00,10.95026,59.1912,0.0,41.76,0.0324,0.036,0.0018,0.8292,0.012,0.0006,No (reported postion),anchor,2021-07-04 14:00:00
2021-07-04 15:00:00+00:00,10.95024,59.1911466667,0.0,41.76,0.0324,0.036,0.0018,0.8292,0.012,0.0006,No (reported postion),anchor,2021-07-04 15:00:00
2021-07-04 16:00:00+00:00,10.9502333333,59.1911466667,0.0,41.76,0.0324,0.036,0.0018,0.8292,0.012,0.0006,No (reported postion),anchor,2021-07-04 16:00:00
2021-07-04 17:00:00+00:00,10.9502433333,59.1911466667,0.0,41.76,0.0324,0.036,0.0018,0.8292,0.012,0.0006,No (reported postion),anchor,2021-07-04 17:00:00
2021-07-04 18:00:00+00:00,10.9502533333,59.1911866667,0.0,41.76,0.0324,0.036,0.0018,0.8292,0.012,0.0006,No (reported postion),anchor,2021-07-04 18:00:00
2021-07-04 19:00:00+00:00,10.9502716667,59.1912,0.0,41.76,0.0324,0.036,0.0018,0.8292,0.012,0.0006,No (reported postion),anchor,2021-07-04 19:00:00
2021-07-04 20:00:00+00:00,10.9502666667,59.1911733333,0.0,41.76,0.0324,0.036,0.0018,0.8292,0.012,0.0006,No (reported postion),anchor,2021-07-04 20:00:00
2021-07-04 21:00:00+00:00,10.9502566667,59.1911866667,0.0,41.76,0.0324,0.036,0.0018,0.8292,0.012,0.0006,No (reported postion),anchor,2021-07-04 21:00:00
2021-07-04 22:00:00+00:00,10.9502516667,59.19122,0.0,41.76,0.0324,0.036,0.0018,0.8292,0.012,0.0006,No (reported postion),anchor,2021-07-04 22:00:00
2021-07-04 23:00:00+00:00,10.9502483333,59.19118,0.0,41.76,0.0324,0.036,0.0018,0.8292,0.012,0.0006,No (reported postion),anchor,2021-07-04 23:00:00
2021-07-05 00:00:00+00:00,10.9502516666333,59.1911911111,0.0,41.76,0.0324,0.036,0.0018,0.8292,0.012,0.0006,Linear (small gap),anchor,2021-07-05 00:00:00
2021-07-05 01:00:00+00:00,10.9502549999667,59.1912022222,0.0,41.76,0.0324,0.036,0.0018,0.8292,0.012,0.0006,Linear (small gap),anchor,2021-07-05 01:00:00
2021-07-05 02:00:00+00:00,10.9502583333,59.1912133333,0.0,41.76,0.0324,0.036,0.0018,0.8292,0.012,0.0006,No (reported postion),anchor,2021-07-05 02:00:00
2021-07-05 03:00:00+00:00,10.9502716667,59.19118,0.0,41.76,0.0324,0.036,0.0018,0.8292,0.012,0.0006,No (reported postion),anchor,2021-07-05 03:00:00
2021-07-05 04:00:00+00:00,10.9502716667,59.1911733333,0.0,41.76,0.0324,0.036,0.0018,0.8292,0.012,0.0006,No (reported postion),anchor,2021-07-05 04:00:00
2021-07-05 05:00:00+00:00,10.9502533333,59.1912,0.0,41.76,0.0324,0.036,0.0018,0.8292,0.012,0.0006,No (reported postion),anchor,2021-07-05 05:00:00
2021-07-05 06:00:00+00:00,10.9502416667,59.1911866667,0.0,41.76,0.0324,0.036,0.0018,0.8292,0.012,0.0006,No (reported postion),anchor,2021-07-05 06:00:00
2021-07-05 07:00:00+00:00,10.9502566667,59.1911866667,0.0,41.76,0.0324,0.036,0.0018,0.8292,0.012,0.0006,No (reported postion),anchor,2021-07-05 07:00:00
2021-07-05 08:00:00+00:00,10.9502416667,59.1912,0.0,41.76,0.0324,0.036,0.0018,0.8292,0.012,0.0006,No (reported postion),anchor,2021-07-05 08:00:00
2021-07-05 09:00:00+00:00,10.950245,59.1912,0.0,41.76,0.0324,0.036,0.0018,0.8292,0.012,0.0006,No (reported postion),anchor,2021-07-05 09:00:00
2021-07-05 10:00:00+00:00,10.9502766667,59.19118,0.0,41.76,0.0324,0.036,0.0018,0.8292,0.012,0.0006,No (reported postion),anchor,2021-07-05 10:00:00
2021-07-05 11:00:00+00:00,10.9502583333,59.1911866667,0.0,41.76,0.0324,0.036,0.0018,0.8292,0.012,0.0006,No (reported postion),anchor,2021-07-05 11:00:00
2021-07-05 12:00:00+00:00,10.95026,59.19118,0.0,41.76,0.0324,0.036,0.0018,0.8292,0.012,0.0006,No (reported postion),anchor,2021-07-05 12:00:00
2021-07-05 13:00:00+00:00,10.9502583333,59.19118,0.0,41.76,0.0324,0.036,0.0018,0.8292,0.012,0.0006,No (reported postion),anchor,2021-07-05 13:00:00
2021-07-05 14:00:00+00:00,10.950245,59.1911866667,0.0,41.76,0.0324,0.036,0.0018,0.8292,0.012,0.0006,No (reported postion),anchor,2021-07-05 14:00:00
2021-07-05 15:00:00+00:00,10.9501566667,59.1912733333,0.0,41.76,0.0324,0.036,0.0018,0.8292,0.012,0.0006,No (reported postion),anchor,2021-07-05 15:00:00
2021-07-05 16:00:00+00:00,10.950215,59.1913266667,0.0,41.76,0.0324,0.036,0.0018,0.8292,0.012,0.0006,No (reported postion),anchor,2021-07-05 16:00:00
2021-07-05 17:00:00+00:00,10.9502116667,59.19132,0.0,41.76,0.0324,0.036,0.0018,0.8292,0.012,0.0006,No (reported postion),anchor,2021-07-05 17:00:00
2021-07-05 18:00:00+00:00,10.9502066667,59.19134,0.0,41.76,0.0324,0.036,0.0018,0.8292,0.012,0.0006,No (reported postion),anchor,2021-07-05 18:00:00
2021-07-05 19:00:00+00:00,10.9502216667,59.1913266667,0.0,41.76,0.0324,0.036,0.0018,0.8292,0.012,0.0006,No (reported postion),anchor,2021-07-05 19:00:00
2021-07-05 20:00:00+00:00,10.950215,59.19132,0.0,41.76,0.0324,0.036,0.0018,0.8292,0.012,0.0006,No (reported postion),anchor,2021-07-05 20:00:00
2021-07-05 21:00:00+00:00,10.95022,59.1913466667,0.0,41.76,0.0324,0.036,0.0018,0.8292,0.012,0.0006,No (reported postion),anchor,2021-07-05 21:00:00
2021-07-05 22:00:00+00:00,10.95023,59.19132,0.0,41.76,0.0324,0.036,0.0018,0.8292,0.012,0.0006,No (reported postion),anchor,2021-07-05 22:00:00
2021-07-05 23:00:00+00:00,10.9502233333,59.1913266667,0.0,41.76,0.0324,0.036,0.0018,0.8292,0.012,0.0006,No (reported postion),anchor,2021-07-05 23:00:00
2021-07-06 00:00:00+00:00,10.9501966667,59.1912933333,0.0,41.76,0.0324,0.036,0.0018,0.8292,0.012,0.0006,No (reported postion),anchor,2021-07-06 00:00:00
2021-07-06 01:00:00+00:00,10.9502133333,59.1913266667,0.0,41.76,0.0324,0.036,0.0018,0.8292,0.012,0.0006,No (reported postion),anchor,2021-07-06 01:00:00
2021-07-06 02:00:00+00:00,10.950215,59.1913266667,0.0,41.76,0.0324,0.036,0.0018,0.8292,0.012,0.0006,No (reported postion),anchor,2021-07-06 02:00:00
2021-07-06 03:00:00+00:00,10.9502316667,59.1913066667,0.0,41.76,0.0324,0.036,0.0018,0.8292,0.012,0.0006,No (reported postion),anchor,2021-07-06 03:00:00
2021-07-06 04:00:00+00:00,10.950225,59.1913266667,0.0,41.76,0.0324,0.036,0.0018,0.8292,0.012,0.0006,No (reported postion),anchor,2021-07-06 04:00:00
2021-07-06 05:00:00+00:00,10.9502116667,59.19132,0.0,41.76,0.0324,0.036,0.0018,0.8292,0.012,0.0006,No (reported postion),anchor,2021-07-06 05:00:00
2021-07-06 06:00:00+00:00,10.9502216667,59.19132,0.0,41.76,0.0324,0.036,0.0018,0.8292,0.012,0.0006,No (reported postion),anchor,2021-07-06 06:00:00
2021-07-06 07:00:00+00:00,10.9502116667,59.19132,0.0,41.76,0.0324,0.036,0.0018,0.8292,0.012,0.0006,No (reported postion),anchor,2021-07-06 07:00:00
2021-07-06 08:00:00+00:00,10.9502216667,59.19132,0.0,41.76,0.0324,0.036,0.0018,0.8292,0.012,0.0006,No (reported postion),anchor,2021-07-06 08:00:00
2021-07-06 09:00:00+00:00,10.9501933333,59.1913333333,0.0,41.76,0.0324,0.036,0.0018,0.8292,0.012,0.0006,No (reported postion),anchor,2021-07-06 09:00:00
2021-07-06 10:00:00+00:00,10.9502133333,59.1913266667,0.0,41.76,0.0324,0.036,0.0018,0.8292,0.012,0.0006,No (reported postion),anchor,2021-07-06 10:00:00
2021-07-06 11:00:00+00:00,10.95028,59.1911533333,0.0,41.76,0.0324,0.036,0.0018,0.8292,0.012,0.0006,No (reported postion),anchor,2021-07-06 11:00:00
2021-07-06 12:00:00+00:00,10.95028,59.1911266667,0.0,41.76,0.0324,0.036,0.0018,0.8292,0.012,0.0006,No (reported postion),anchor,2021-07-06 12:00:00
2021-07-06 13:00:00+00:00,10.9502716667,59.1911466667,0.0,41.76,0.0324,0.036,0.0018,0.8292,0.012,0.0006,No (reported postion),anchor,2021-07-06 13:00:00
2021-07-06 14:00:00+00:00,10.95026,59.1911533333,0.0,41.76,0.0324,0.036,0.0018,0.8292,0.012,0.0006,No (reported postion),anchor,2021-07-06 14:00:00
2021-07-06 15:00:00+00:00,10.9502683333,59.19112,0.0,41.76,0.0324,0.036,0.0018,0.8292,0.012,0.0006,No (reported postion),anchor,2021-07-06 15:00:00
2021-07-06 16:00:00+00:00,10.9502533333,59.19114,0.0,41.76,0.0324,0.036,0.0018,0.8292,0.012,0.0006,No (reported postion),anchor,2021-07-06 16:00:00
2021-07-06 17:00:00+00:00,10.9502633333,59.1911266667,0.0,41.76,0.0324,0.036,0.0018,0.8292,0.012,0.0006,No (reported postion),anchor,2021-07-06 17:00:00
2021-07-06 18:00:00+00:00,10.9502666667,59.1911466667,0.0,41.76,0.0324,0.036,0.0018,0.8292,0.012,0.0006,No (reported postion),anchor,2021-07-06 18:00:00
2021-07-06 19:00:00+00:00,10.97004,59.1129133333,10.4,1009.6648399999999,0.8267291999999999,0.8744586000000001,0.0459294,20.1872968,0.306196,0.015309799999999998,No (reported postion),cruise,2021-07-06 19:00:00
2021-07-06 20:00:00+00:00,10.7915366667,59.0277333333,11.2,1009.6648399999999,0.8267291999999999,0.8744586000000001,0.0459294,20.1872968,0.306196,0.015309799999999998,No (reported postion),cruise,2021-07-06 20:00:00
2021-07-06 21:00:00+00:00,10.4802366667,58.95672,9.8,989.627921898812,0.8102855286099669,0.857101391310521,0.045015862700553695,19.7865584379762,0.30010575133702505,0.0150052875668512,No (reported postion),cruise,2021-07-06 21:00:00
2021-07-06 22:00:00+00:00,10.1892933333,58.8919933333,10.2,1009.6648399999999,0.8267291999999999,0.8744586000000001,0.0459294,20.1872968,0.306196,0.015309799999999998,No (reported postion),cruise,2021-07-06 22:00:00
2021-07-06 23:00:00+00:00,9.868495,58.82224,11.2,1009.6648399999999,0.8267291999999999,0.8744586000000001,0.0459294,20.1872968,0.306196,0.015309799999999998,No (reported postion),cruise,2021-07-06 23:00:00
2021-07-07 00:00:00+00:00,9.5582316667,58.7285333333,11.6,1009.6648399999999,0.8267291999999999,0.8744586000000001,0.0459294,20.1872968,0.306196,0.015309799999999998,No (reported postion),cruise,2021-07-07 00:00:00
2021-07-07 01:00:00+00:00,9.2899916667,58.5889066667,12.1,1009.6648399999999,0.8267291999999999,0.8744586000000001,0.0459294,20.1872968,0.306196,0.015309799999999998,No (reported postion),cruise,2021-07-07 01:00:00
2021-07-07 02:00:00+00:00,9.0310783333,58.45114,11.0,1009.6648399999999,0.8267291999999999,0.8744586000000001,0.0459294,20.1872968,0.306196,0.015309799999999998,No (reported postion),cruise,2021-07-07 02:00:00
2021-07-07 03:00:00+00:00,8.7928933333,58.3251933333,10.8,1009.6648399999999,0.8267291999999999,0.8744586000000001,0.0459294,20.1872968,0.306196,0.015309799999999998,No (reported postion),cruise,2021-07-07 03:00:00
2021-07-07 04:00:00+00:00,8.55954,58.19968,10.5,1009.6648399999999,0.8267291999999999,0.8744586000000001,0.0459294,20.1872968,0.306196,0.015309799999999998,No (reported postion),cruise,2021-07-07 04:00:00
2021-07-07 05:00:00+00:00,8.32437,58.0772133333,10.2,1009.6648399999999,0.8267291999999999,0.8744586000000001,0.0459294,20.1872968,0.306196,0.015309799999999998,No (reported postion),cruise,2021-07-07 05:00:00
2021-07-07 06:00:00+00:00,8.0517433333,57.9990333333,9.1,767.679763865147,0.6281396238406981,0.664836269609626,0.034896645768927696,15.3475952773029,0.232644305126185,0.0116322152563092,No (reported postion),cruise,2021-07-07 06:00:00
2021-07-07 07:00:00+00:00,7.7826066667,57.9488066667,9.3,816.602242473872,0.668288770419288,0.70721592433147,0.037127153912182596,16.326044849477498,0.247514359414551,0.0123757179707275,No (reported postion),cruise,2021-07-07 07:00:00
2021-07-07 08:00:00+00:00,7.5030733333,57.9031666667,9.7,920.943738023485,0.753918569198605,0.797602934154083,0.041884364955477996,18.4128747604697,0.279229099703187,0.0139614549851593,No (reported postion),cruise,2021-07-07 08:00:00
2021-07-07 09:00:00+00:00,7.186055,57.9338933333,10.9,1009.6648399999999,0.8267291999999999,0.8744586000000001,0.0459294,20.1872968,0.306196,0.015309799999999998,No (reported postion),cruise,2021-07-07 09:00:00
2021-07-07 10:00:00+00:00,6.8723733333,57.9778533333,10.1,1009.6648399999999,0.8267291999999999,0.8744586000000001,0.0459294,20.1872968,0.306196,0.015309799999999998,No (reported postion),cruise,2021-07-07 10:00:00
2021-07-07 11:00:00+00:00,6.5696133333,58.0557666667,11.4,1009.6648399999999,0.8267291999999999,0.8744586000000001,0.0459294,20.1872968,0.306196,0.015309799999999998,No (reported postion),cruise,2021-07-07 11:00:00
2021-07-07 12:00:00+00:00,6.308805,58.17526,11.0,1009.6648399999999,0.8267291999999999,0.8744586000000001,0.0459294,20.1872968,0.306196,0.015309799999999998,No (reported postion),cruise,2021-07-07 12:00:00
2021-07-07 13:00:00+00:00,6.05262,58.3039533333,12.0,1009.6648399999999,0.8267291999999999,0.8744586000000001,0.0459294,20.1872968,0.306196,0.015309799999999998,No (reported postion),cruise,2021-07-07 13:00:00
2021-07-07 14:00:00+00:00,5.7934583333,58.4289733333,11.1,1009.6648399999999,0.8267291999999999,0.8744586000000001,0.0459294,20.1872968,0.306196,0.015309799999999998,No (reported postion),cruise,2021-07-07 14:00:00
2021-07-07 15:00:00+00:00,5.57566,58.5724933333,11.8,1009.6648399999999,0.8267291999999999,0.8744586000000001,0.0459294,20.1872968,0.306196,0.015309799999999998,No (reported postion),cruise,2021-07-07 15:00:00
2021-07-07 16:00:00+00:00,5.436845,58.7474466667,11.5,1009.6648399999999,0.8267291999999999,0.8744586000000001,0.0459294,20.1872968,0.306196,0.015309799999999998,No (reported postion),cruise,2021-07-07 16:00:00
2021-07-07 17:00:00+00:00,5.5460033333,58.9235533333,11.8,1009.6648399999999,0.8267291999999999,0.8744586000000001,0.0459294,20.1872968,0.306196,0.015309799999999998,No (reported postion),cruise,2021-07-07 17:00:00
2021-07-07 18:00:00+00:00,5.6838183333,59.0220733333,10.5,1009.6648399999999,0.8267291999999999,0.8744586000000001,0.0459294,20.1872968,0.306196,0.015309799999999998,No (reported postion),cruise,2021-07-07 18:00:00
2021-07-07 19:00:00+00:00,5.755,58.94448,0.5,41.880413299454396,0.0333585484233163,0.0361043093931444,0.00182541855211887,0.8403502715294761,0.0122668124477272,0.000638759174505227,No (reported postion),anchor,2021-07-07 19:00:00
2021-07-07 20:00:00+00:00,5.7547116667,58.9445133333,0.0,41.76,0.0324,0.036,0.0018,0.8292,0.012,0.0006,No (reported postion),anchor,2021-07-07 20:00:00
2021-07-07 21:00:00+00:00,5.7547616667,58.94452,0.0,41.76,0.0324,0.036,0.0018,0.8292,0.012,0.0006,No (reported postion),anchor,2021-07-07 21:00:00
2021-07-07 22:00:00+00:00,5.75483,58.9444933333,0.0,41.76,0.0324,0.036,0.0018,0.8292,0.012,0.0006,No (reported postion),anchor,2021-07-07 22:00:00
2021-07-07 23:00:00+00:00,5.754765,58.9445,0.0,41.76,0.0324,0.036,0.0018,0.8292,0.012,0.0006,No (reported postion),anchor,2021-07-07 23:00:00
2021-07-08 00:00:00+00:00,5.7545783333,58.94462,0.0,41.76,0.0324,0.036,0.0018,0.8292,0.012,0.0006,No (reported postion),anchor,2021-07-08 00:00:00
2021-07-08 01:00:00+00:00,5.754775,58.94448,0.0,41.76,0.0324,0.036,0.0018,0.8292,0.012,0.0006,No (reported postion),anchor,2021-07-08 01:00:00
2021-07-08 02:00:00+00:00,5.7547266667,58.9445133333,0.0,41.76,0.0324,0.036,0.0018,0.8292,0.012,0.0006,No (reported postion),anchor,2021-07-08 02:00:00
2021-07-08 03:00:00+00:00,5.7547383333,58.9445466667,0.0,41.76,0.0324,0.036,0.0018,0.8292,0.012,0.0006,No (reported postion),anchor,2021-07-08 03:00:00
2021-07-08 04:00:00+00:00,5.7548433333,58.94448,0.0,41.76,0.0324,0.036,0.0018,0.8292,0.012,0.0006,No (reported postion),anchor,2021-07-08 04:00:00
2021-07-08 05:00:00+00:00,5.75459,58.9446066667,0.0,41.76,0.0324,0.036,0.0018,0.8292,0.012,0.0006,No (reported postion),anchor,2021-07-08 05:00:00
2021-07-08 06:00:00+00:00,5.754785,58.94448,0.0,41.76,0.0324,0.036,0.0018,0.8292,0.012,0.0006,No (reported postion),anchor,2021-07-08 06:00:00
2021-07-08 07:00:00+00:00,5.7547666667,58.94448,0.2,41.7677064511651,0.0324613470990922,0.0360066758011612,0.00180162678733561,0.829913617377887,0.012017075996654499,0.000602480587168335,No (reported postion),anchor,2021-07-08 07:00:00
2021-07-08 08:00:00+00:00,5.7547816667,58.9444933333,0.0,41.76,0.0324,0.036,0.0018,0.8292,0.012,0.0006,No (reported postion),anchor,2021-07-08 08:00:00
2021-07-08 09:00:00+00:00,5.7548316667,58.9444666667,0.0,41.76,0.0324,0.036,0.0018,0.8292,0.012,0.0006,No (reported postion),anchor,2021-07-08 09:00:00
2021-07-08 10:00:00+00:00,5.7548316667,58.94446,0.0,41.76,0.0324,0.036,0.0018,0.8292,0.012,0.0006,No (reported postion),anchor,2021-07-08 10:00:00
2021-07-08 11:00:00+00:00,5.7547666667,58.9445133333,0.0,41.76,0.0324,0.036,0.0018,0.8292,0.012,0.0006,No (reported postion),anchor,2021-07-08 11:00:00
2021-07-08 12:00:00+00:00,5.75466,58.9444266667,0.0,41.76,0.0324,0.036,0.0018,0.8292,0.012,0.0006,No (reported postion),anchor,2021-07-08 12:00:00
2021-07-08 13:00:00+00:00,5.7547716667,58.9444933333,0.0,41.76,0.0324,0.036,0.0018,0.8292,0.012,0.0006,No (reported postion),anchor,2021-07-08 13:00:00
2021-07-08 14:00:00+00:00,5.754775,58.9445,0.0,41.76,0.0324,0.036,0.0018,0.8292,0.012,0.0006,No (reported postion),anchor,2021-07-08 14:00:00
2021-07-08 15:00:00+00:00,5.754785,58.9444666667,0.0,41.76,0.0324,0.036,0.0018,0.8292,0.012,0.0006,No (reported postion),anchor,2021-07-08 15:00:00
2021-07-08 16:00:00+00:00,5.754795,58.9444666667,0.0,41.76,0.0324,0.036,0.0018,0.8292,0.012,0.0006,No (reported postion),anchor,2021-07-08 16:00:00
2021-07-08 17:00:00+00:00,5.7856066667,59.0267066667,11.5,1009.6648399999999,0.8267291999999999,0.8744586000000001,0.0459294,20.1872968,0.306196,0.015309799999999998,No (reported postion),cruise,2021-07-08 17:00:00
2021-07-08 18:00:00+00:00,5.5468283333,58.9745333333,11.3,1009.6648399999999,0.8267291999999999,0.8744586000000001,0.0459294,20.1872968,0.306196,0.015309799999999998,No (reported postion),cruise,2021-07-08 18:00:00
2021-07-08 19:00:00+00:00,5.4423316667,58.8025866667,11.0,1009.6648399999999,0.8267291999999999,0.8744586000000001,0.0459294,20.1872968,0.306196,0.015309799999999998,No (reported postion),cruise,2021-07-08 19:00:00
2021-07-08 20:00:00+00:00,5.5276516667,58.64046,10.7,1009.6648399999999,0.8267291999999999,0.8744586000000001,0.0459294,20.1872968,0.306196,0.015309799999999998,No (reported postion),cruise,2021-07-08 20:00:00
2021-07-08 21:00:00+00:00,5.7122333333,58.4938466667,10.7,1009.6648399999999,0.8267291999999999,0.8744586000000001,0.0459294,20.1872968,0.306196,0.015309799999999998,No (reported postion),cruise,2021-07-08 21:00:00
2021-07-08 22:00:00+00:00,5.9836566667,58.3731466667,11.8,1009.6648399999999,0.8267291999999999,0.8744586000000001,0.0459294,20.1872968,0.306196,0.015309799999999998,No (reported postion),cruise,2021-07-08 22:00:00
2021-07-08 23:00:00+00:00,6.25842,58.3288266667,3.5,83.0617617128555,0.164590744935066,0.0717781218485222,0.00524599805172608,2.34084447869051,0.0426310937931208,0.00412132041351245,No (reported postion),cruise,2021-07-08 23:00:00
2021-07-09 00:00:00+00:00,6.2577216667,58.3301133333,0.0,41.76,0.0324,0.036,0.0018,0.8292,0.012,0.0006,No (reported postion),anchor,2021-07-09 00:00:00
2021-07-09 01:00:00+00:00,6.2577066667,58.3303066667,0.1,41.760963306395595,0.0324076683873865,0.036000834475145196,0.00180020334841695,0.8292892021722359,0.0120021344995818,0.000600310073396042,No (reported postion),anchor,2021-07-09 01:00:00
2021-07-09 02:00:00+00:00,6.25766,58.3304466667,0.0,41.76,0.0324,0.036,0.0018,0.8292,0.012,0.0006,No (reported postion),anchor,2021-07-09 02:00:00
2021-07-09 03:00:00+00:00,6.2576833333,58.3304133333,0.0,41.76,0.0324,0.036,0.0018,0.8292,0.012,0.0006,No (reported postion),anchor,2021-07-09 03:00:00
2021-07-09 04:00:00+00:00,6.25772,58.3304266667,0.0,41.76,0.0324,0.036,0.0018,0.8292,0.012,0.0006,No (reported postion),anchor,2021-07-09 04:00:00
2021-07-09 05:00:00+00:00,6.261425,58.3295866667,0.1,41.760963306395595,0.0324076683873865,0.036000834475145196,0.00180020334841695,0.8292892021722359,0.0120021344995818,0.000600310073396042,No (reported postion),anchor,2021-07-09 05:00:00
2021-07-09 06:00:00+00:00,6.2614266667,58.3295866667,0.0,41.76,0.0324,0.036,0.0018,0.8292,0.012,0.0006,No (reported postion),anchor,2021-07-09 06:00:00
2021-07-09 07:00:00+00:00,6.2590033333,58.3236066667,6.5,306.308018901293,0.24950627690987598,0.265167736738202,0.0138614598283264,6.12016037802586,0.0924097321888428,0.00462048660944214,No (reported postion),cruise,2021-07-09 07:00:00
2021-07-09 08:00:00+00:00,6.3838,58.1765866667,10.7,1009.6648399999999,0.8267291999999999,0.8744586000000001,0.0459294,20.1872968,0.306196,0.015309799999999998,No (reported postion),cruise,2021-07-09 08:00:00
2021-07-09 09:00:00+00:00,6.6125683333,58.0563333333,10.6,1009.6648399999999,0.8267291999999999,0.8744586000000001,0.0459294,20.1872968,0.306196,0.015309799999999998,No (reported postion),cruise,2021-07-09 09:00:00
2021-07-09 10:00:00+00:00,6.91416,57.98224,10.8,1009.6648399999999,0.8267291999999999,0.8744586000000001,0.0459294,20.1872968,0.306196,0.015309799999999998,No (reported postion),cruise,2021-07-09 10:00:00
2021-07-09 11:00:00+00:00,7.2425,57.93422,10.9,1009.6648399999999,0.8267291999999999,0.8744586000000001,0.0459294,20.1872968,0.306196,0.015309799999999998,No (reported postion),cruise,2021-07-09 11:00:00
2021-07-09 12:00:00+00:00,7.5665966667,57.9207266667,9.7,920.943738023485,0.753918569198605,0.797602934154083,0.041884364955477996,18.4128747604697,0.279229099703187,0.0139614549851593,No (reported postion),cruise,2021-07-09 12:00:00
2021-07-09 13:00:00+00:00,7.881885,57.90638,9.7,960.906635206371,0.786714867798541,0.832221249342905,0.043706381544363404,19.212132704127402,0.29137587696242295,0.0145687938481211,No (reported postion),cruise,2021-07-09 13:00:00
2021-07-09 14:00:00+00:00,8.1941183333,57.8927,10.3,1009.6648399999999,0.8267291999999999,0.8744586000000001,0.0459294,20.1872968,0.306196,0.015309799999999998,No (reported postion),cruise,2021-07-09 14:00:00
2021-07-09 15:00:00+00:00,8.5183133333,57.8807533333,10.1,1009.6648399999999,0.8267291999999999,0.8744586000000001,0.0459294,20.1872968,0.306196,0.015309799999999998,No (reported postion),cruise,2021-07-09 15:00:00
2021-07-09 16:00:00+00:00,8.841515,57.8693133333,10.5,1009.6648399999999,0.8267291999999999,0.8744586000000001,0.0459294,20.1872968,0.306196,0.015309799999999998,No (reported postion),cruise,2021-07-09 16:00:00
2021-07-09 17:00:00+00:00,9.174305,57.8552,10.8,1009.6648399999999,0.8267291999999999,0.8744586000000001,0.0459294,20.1872968,0.306196,0.015309799999999998,No (reported postion),cruise,2021-07-09 17:00:00
2021-07-09 18:00:00+00:00,9.5125966667,57.8403866667,11.0,1009.6648399999999,0.8267291999999999,0.8744586000000001,0.0459294,20.1872968,0.306196,0.015309799999999998,No (reported postion),cruise,2021-07-09 18:00:00
2021-07-09 19:00:00+00:00,9.8506016667,57.8281933333,10.8,1009.6648399999999,0.8267291999999999,0.8744586000000001,0.0459294,20.1872968,0.306196,0.015309799999999998,No (reported postion),cruise,2021-07-09 19:00:00
2021-07-09 20:00:00+00:00,10.1853166667,57.81168,11.1,1009.6648399999999,0.8267291999999999,0.8744586000000001,0.0459294,20.1872968,0.306196,0.015309799999999998,No (reported postion),cruise,2021-07-09 20:00:00
2021-07-09 21:00:00+00:00,10.5222283333,57.7982933333,11.2,1009.6648399999999,0.8267291999999999,0.8744586000000001,0.0459294,20.1872968,0.306196,0.015309799999999998,No (reported postion),cruise,2021-07-09 21:00:00
2021-07-09 22:00:00+00:00,10.7733266667,57.7343266667,9.5,867.674820957655,0.710202436652179,0.7514581275773,0.039455690925120995,17.3474964191531,0.263037939500807,0.0131518969750403,No (reported postion),cruise,2021-07-09 22:00:00
2021-07-09 23:00:00+00:00,10.753255,57.5830666667,9.6,932.771476669019,0.7636252240140889,0.807848847570427,0.0424236235563382,18.6494295333804,0.282824157042255,0.0141412078521128,No (reported postion),cruise,2021-07-09 23:00:00
2021-07-10 00:00:00+00:00,10.7278016667,57.42002,10.1,1009.6648399999999,0.8267291999999999,0.8744586000000001,0.0459294,20.1872968,0.306196,0.015309799999999998,No (reported postion),cruise,2021-07-10 00:00:00
2021-07-10 01:00:00+00:00,10.710905,57.25698,9.6,894.031847248627,0.731832822969998,0.774290202023887,0.040657379053888804,17.874636944972497,0.271049193692592,0.0135524596846296,No (reported postion),cruise,2021-07-10 01:00:00
2021-07-10 02:00:00+00:00,10.7624316667,57.1007666667,9.8,989.627921898812,0.8102855286099669,0.857101391310521,0.045015862700553695,19.7865584379762,0.30010575133702505,0.0150052875668512,No (reported postion),cruise,2021-07-10 02:00:00
2021-07-10 03:00:00+00:00,10.84708,56.95066,9.5,905.2164037284571,0.7410116383181871,0.7839789515580861,0.0411673132398993,18.0983280745691,0.27444875493266196,0.0137224377466331,No (reported postion),cruise,2021-07-10 03:00:00
2021-07-10 04:00:00+00:00,10.9183366667,56.7987333333,9.5,905.2164037284571,0.7410116383181871,0.7839789515580861,0.0411673132398993,18.0983280745691,0.27444875493266196,0.0137224377466331,No (reported postion),cruise,2021-07-10 04:00:00
2021-07-10 05:00:00+00:00,11.0143266667,56.65262,9.5,905.2164037284571,0.7410116383181871,0.7839789515580861,0.0411673132398993,18.0983280745691,0.27444875493266196,0.0137224377466331,No (reported postion),cruise,2021-07-10 05:00:00
2021-07-10 06:00:00+00:00,11.031325,56.4922533333,9.5,867.674820957655,0.710202436652179,0.7514581275773,0.039455690925120995,17.3474964191531,0.263037939500807,0.0131518969750403,No (reported postion),cruise,2021-07-10 06:00:00
2021-07-10 07:00:00+00:00,11.0079916667,56.3289333333,9.8,948.4162731206029,0.776464418670404,0.821401330818759,0.0431369121483558,18.9623254624121,0.287579414322372,0.0143789707161186,No (reported postion),cruise,2021-07-10 07:00:00
2021-07-10 08:00:00+00:00,10.80132,56.2062066667,10.2,1009.6648399999999,0.8267291999999999,0.8744586000000001,0.0459294,20.1872968,0.306196,0.015309799999999998,No (reported postion),cruise,2021-07-10 08:00:00
2021-07-10 09:00:00+00:00,10.6515316667,56.07468,9.9,976.4552323783539,0.799475114717798,0.845690398868787,0.044415284150988804,19.5231046475671,0.296101894339925,0.014805094716996299,No (reported postion),cruise,2021-07-10 09:00:00
2021-07-10 10:00:00+00:00,10.4979116667,55.9459333333,10.3,1009.6648399999999,0.8267291999999999,0.8744586000000001,0.0459294,20.1872968,0.306196,0.015309799999999998,No (reported postion),cruise,2021-07-10 10:00:00
2021-07-10 11:00:00+00:00,10.4597933333,55.7815666667,9.8,948.4162731206029,0.776464418670404,0.821401330818759,0.0431369121483558,18.9623254624121,0.287579414322372,0.0143789707161186,No (reported postion),cruise,2021-07-10 11:00:00
2021-07-10 12:00:00+00:00,10.23089,55.6941,9.8,948.4162731206029,0.776464418670404,0.821401330818759,0.0431369121483558,18.9623254624121,0.287579414322372,0.0143789707161186,No (reported postion),cruise,2021-07-10 12:00:00
2021-07-10 13:00:00+00:00,9.974295,55.6178233333,9.8,948.4162731206029,0.776464418670404,0.821401330818759,0.0431369121483558,18.9623254624121,0.287579414322372,0.0143789707161186,No (reported postion),cruise,2021-07-10 13:00:00
2021-07-10 14:00:00+00:00,9.7484,55.51682,11.9,1009.6648399999999,0.8267291999999999,0.8744586000000001,0.0459294,20.1872968,0.306196,0.015309799999999998,No (reported postion),cruise,2021-07-10 14:00:00
2021-07-10 15:00:00+00:00,9.74661,55.3937166667,10.7,1009.6648399999999,0.8267291999999999,0.8744586000000001,0.0459294,20.1872968,0.306196,0.015309799999999998,No (reported postion),cruise,2021-07-10 15:00:00
2021-07-10 16:00:00+00:00,9.8075816667,55.2530666667,11.2,1009.6648399999999,0.8267291999999999,0.8744586000000001,0.0459294,20.1872968,0.306196,0.015309799999999998,No (reported postion),cruise,2021-07-10 16:00:00
2021-07-10 17:00:00+00:00,9.6778566667,55.10245,9.9,976.4552323783539,0.799475114717798,0.845690398868787,0.044415284150988804,19.5231046475671,0.296101894339925,0.014805094716996299,No (reported postion),cruise,2021-07-10 17:00:00
2021-07-10 18:00:00+00:00,9.4375033333,55.03204,4.4,123.818292005781,0.17920702332706098,0.107083930764887,0.006551399582705579,2.9134806169468503,0.048913760537555195,0.0037426579917107803,No (reported postion),cruise,2021-07-10 18:00:00
2021-07-10 19:00:00+00:00,9.42682,55.0423,0.0,41.76,0.0324,0.036,0.0018,0.8292,0.012,0.0006,No (reported postion),anchor,2021-07-10 19:00:00
2021-07-10 20:00:00+00:00,9.4268166667,55.0423,0.0,41.76,0.0324,0.036,0.0018,0.8292,0.012,0.0006,No (reported postion),anchor,2021-07-10 20:00:00
2021-07-10 21:00:00+00:00,9.4268233333,55.0423333333,0.0,41.76,0.0324,0.036,0.0018,0.8292,0.012,0.0006,No (reported postion),anchor,2021-07-10 21:00:00
2021-07-10 22:00:00+00:00,9.42682,55.0423266667,0.1,41.760963306395595,0.0324076683873865,0.036000834475145196,0.00180020334841695,0.8292892021722359,0.0120021344995818,0.000600310073396042,No (reported postion),anchor,2021-07-10 22:00:00
2021-07-10 23:00:00+00:00,9.4268116667,55.0423266667,0.0,41.76,0.0324,0.036,0.0018,0.8292,0.012,0.0006,No (reported postion),anchor,2021-07-10 23:00:00
2021-07-11 00:00:00+00:00,9.4284916667,55.0419833333,0.8,42.2532128745652,0.036326214341903404,0.0364272512743194,0.0019041143894788799,0.874871512184735,0.0130928637858906,0.000758757578773411,No (reported postion),anchor,2021-07-11 00:00:00
2021-07-11 01:00:00+00:00,9.4278,55.04261,0.2,41.7677064511651,0.0324613470990922,0.0360066758011612,0.00180162678733561,0.829913617377887,0.012017075996654499,0.000602480587168335,No (reported postion),anchor,2021-07-11 01:00:00
2021-07-11 02:00:00+00:00,9.4277733333,55.0426033333,0.0,41.76,0.0324,0.036,0.0018,0.8292,0.012,0.0006,No (reported postion),anchor,2021-07-11 02:00:00
2021-07-11 03:00:00+00:00,9.4278016667,55.0425933333,0.0,41.76,0.0324,0.036,0.0018,0.8292,0.012,0.0006,No (reported postion),anchor,2021-07-11 03:00:00
2021-07-11 04:00:00+00:00,9.4278016667,55.0426033333,0.0,41.76,0.0324,0.036,0.0018,0.8292,0.012,0.0006,No (reported postion),anchor,2021-07-11 04:00:00
2021-07-11 05:00:00+00:00,9.427775,55.0425933333,0.0,41.76,0.0324,0.036,0.0018,0.8292,0.012,0.0006,No (reported postion),anchor,2021-07-11 05:00:00
2021-07-11 06:00:00+00:00,9.4277733333,55.0426033333,0.1,41.760963306395595,0.0324076683873865,0.036000834475145196,0.00180020334841695,0.8292892021722359,0.0120021344995818,0.000600310073396042,No (reported postion),anchor,2021-07-11 06:00:00
2021-07-11 07:00:00+00:00,9.4277783333,55.0426033333,0.0,41.76,0.0324,0.036,0.0018,0.8292,0.012,0.0006,No (reported postion),anchor,2021-07-11 07:00:00
2021-07-11 08:00:00+00:00,9.48014,55.0379566667,11.3,1009.6648399999999,0.8267291999999999,0.8744586000000001,0.0459294,20.1872968,0.306196,0.015309799999999998,No (reported postion),cruise,2021-07-11 08:00:00
2021-07-11 09:00:00+00:00,9.7452333333,55.14939,11.8,1009.6648399999999,0.8267291999999999,0.8744586000000001,0.0459294,20.1872968,0.306196,0.015309799999999998,No (reported postion),cruise,2021-07-11 09:00:00
2021-07-11 10:00:00+00:00,9.8434866667,55.3289633333,12.1,1009.6648399999999,0.8267291999999999,0.8744586000000001,0.0459294,20.1872968,0.306196,0.015309799999999998,No (reported postion),cruise,2021-07-11 10:00:00
2021-07-11 11:00:00+00:00,9.652805,55.4920233333,12.7,1009.6648399999999,0.8267291999999999,0.8744586000000001,0.0459294,20.1872968,0.306196,0.015309799999999998,No (reported postion),cruise,2021-07-11 11:00:00
2021-07-11 12:00:00+00:00,9.885205,55.5871833333,11.6,1009.6648399999999,0.8267291999999999,0.8744586000000001,0.0459294,20.1872968,0.306196,0.015309799999999998,No (reported postion),cruise,2021-07-11 12:00:00
2021-07-11 13:00:00+00:00,10.1854116667,55.6760666667,11.5,1009.6648399999999,0.8267291999999999,0.8744586000000001,0.0459294,20.1872968,0.306196,0.015309799999999998,No (reported postion),cruise,2021-07-11 13:00:00
2021-07-11 14:00:00+00:00,10.46562,55.7818766667,12.4,1009.6648399999999,0.8267291999999999,0.8744586000000001,0.0459294,20.1872968,0.306196,0.015309799999999998,No (reported postion),cruise,2021-07-11 14:00:00
2021-07-11 15:00:00+00:00,10.50777,55.9812533333,12.6,1009.6648399999999,0.8267291999999999,0.8744586000000001,0.0459294,20.1872968,0.306196,0.015309799999999998,No (reported postion),cruise,2021-07-11 15:00:00
2021-07-11 16:00:00+00:00,10.7433383333,56.1322,12.7,1009.6648399999999,0.8267291999999999,0.8744586000000001,0.0459294,20.1872968,0.306196,0.015309799999999998,No (reported postion),cruise,2021-07-11 16:00:00
2021-07-11 17:00:00+00:00,10.8693316667,56.3007133333,1.2,43.4245934516575,0.0456509734039238,0.0374419730508279,0.00215138606449122,0.983341353623482,0.0156884152773808,0.00113580682836026,No (reported postion),anchor,2021-07-11 17:00:00
2021-07-11 18:00:00+00:00,10.8667433333,56.30032,0.0,41.76,0.0324,0.036,0.0018,0.8292,0.012,0.0006,No (reported postion),anchor,2021-07-11 18:00:00
2021-07-11 19:00:00+00:00,10.866795,56.3003666667,0.0,41.76,0.0324,0.036,0.0018,0.8292,0.012,0.0006,No (reported postion),anchor,2021-07-11 19:00:00
2021-07-11 20:00:00+00:00,10.866725,56.30032,0.0,41.76,0.0324,0.036,0.0018,0.8292,0.012,0.0006,No (reported postion),anchor,2021-07-11 20:00:00
2021-07-11 21:00:00+00:00,10.866795,56.30038,0.0,41.76,0.0324,0.036,0.0018,0.8292,0.012,0.0006,No (reported postion),anchor,2021-07-11 21:00:00
2021-07-11 22:00:00+00:00,10.8667883333,56.3003666667,0.0,41.76,0.0324,0.036,0.0018,0.8292,0.012,0.0006,No (reported postion),anchor,2021-07-11 22:00:00
2021-07-11 23:00:00+00:00,10.9779783333,56.2939133333,10.0,1005.06639563511,0.8229554006731931,0.870475145155037,0.045719744481844,20.095327912702302,0.304798296545627,0.0152399148272813,No (reported postion),cruise,2021-07-11 23:00:00
2021-07-12 00:00:00+00:00,11.2700783333,56.2763933333,9.7,960.906635206371,0.786714867798541,0.832221249342905,0.043706381544363404,19.212132704127402,0.29137587696242295,0.0145687938481211,No (reported postion),cruise,2021-07-12 00:00:00
2021-07-12 01:00:00+00:00,11.5666066667,56.2580866667,10.2,1009.6648399999999,0.8267291999999999,0.8744586000000001,0.0459294,20.1872968,0.306196,0.015309799999999998,No (reported postion),cruise,2021-07-12 01:00:00
2021-07-12 02:00:00+00:00,11.861325,56.2307866667,9.8,989.627921898812,0.8102855286099669,0.857101391310521,0.045015862700553695,19.7865584379762,0.30010575133702505,0.0150052875668512,No (reported postion),cruise,2021-07-12 02:00:00
2021-07-12 03:00:00+00:00,12.1478616667,56.1955666667,10.1,1009.6648399999999,0.8267291999999999,0.8744586000000001,0.0459294,20.1872968,0.306196,0.015309799999999998,No (reported postion),cruise,2021-07-12 03:00:00
2021-07-12 04:00:00+00:00,12.4328666667,56.1560866667,9.9,976.4552323783539,0.799475114717798,0.845690398868787,0.044415284150988804,19.5231046475671,0.296101894339925,0.014805094716996299,No (reported postion),cruise,2021-07-12 04:00:00
2021-07-12 05:00:00+00:00,12.6434933333,56.05108,9.0,744.0103624179969,0.608714887090758,0.644332380818022,0.0338174937272643,14.8742072483599,0.225449958181762,0.011272497909088101,No (reported postion),cruise,2021-07-12 05:00:00
2021-07-12 06:00:00+00:00,12.74169,55.8960433333,9.7,920.943738023485,0.753918569198605,0.797602934154083,0.041884364955477996,18.4128747604697,0.279229099703187,0.0139614549851593,No (reported postion),cruise,2021-07-12 06:00:00
2021-07-12 07:00:00+00:00,12.8421216667,55.7538233333,9.6,894.031847248627,0.731832822969998,0.774290202023887,0.040657379053888804,17.874636944972497,0.271049193692592,0.0135524596846296,No (reported postion),cruise,2021-07-12 07:00:00
2021-07-12 08:00:00+00:00,12.9838716667,55.6247633333,4.5,129.54129530225,0.189445806732231,0.112041547602253,0.006882777129203209,3.0588449006771397,0.051488242263626,0.00396183684136275,No (reported postion),cruise,2021-07-12 08:00:00
2021-07-12 09:00:00+00:00,13.0059933333,55.62561,0.1,41.760963306395595,0.0324076683873865,0.036000834475145196,0.00180020334841695,0.8292892021722359,0.0120021344995818,0.000600310073396042,No (reported postion),anchor,2021-07-12 09:00:00
2021-07-12 10:00:00+00:00,13.006005,55.62561,0.0,41.76,0.0324,0.036,0.0018,0.8292,0.012,0.0006,No (reported postion),anchor,2021-07-12 10:00:00
2021-07-12 11:00:00+00:00,13.006005,55.62561,0.0,41.76,0.0324,0.036,0.0018,0.8292,0.012,0.0006,No (reported postion),anchor,2021-07-12 11:00:00
2021-07-12 12:00:00+00:00,13.0060133333,55.6256033333,0.1,41.760963306395595,0.0324076683873865,0.036000834475145196,0.00180020334841695,0.8292892021722359,0.0120021344995818,0.000600310073396042,No (reported postion),anchor,2021-07-12 12:00:00
2021-07-12 13:00:00+00:00,13.006025,55.62561,0.0,41.76,0.0324,0.036,0.0018,0.8292,0.012,0.0006,No (reported postion),anchor,2021-07-12 13:00:00
2021-07-12 14:00:00+00:00,13.00604,55.62561,0.0,41.76,0.0324,0.036,0.0018,0.8292,0.012,0.0006,No (reported postion),anchor,2021-07-12 14:00:00
2021-07-12 15:00:00+00:00,13.0060283333,55.6256033333,0.1,41.760963306395595,0.0324076683873865,0.036000834475145196,0.00180020334841695,0.8292892021722359,0.0120021344995818,0.000600310073396042,No (reported postion),anchor,2021-07-12 15:00:00
2021-07-12 16:00:00+00:00,13.0060233333,55.62561,0.0,41.76,0.0324,0.036,0.0018,0.8292,0.012,0.0006,No (reported postion),anchor,2021-07-12 16:00:00
2021-07-12 17:00:00+00:00,12.8684166667,55.7281566667,11.7,1009.6648399999999,0.8267291999999999,0.8744586000000001,0.0459294,20.1872968,0.306196,0.015309799999999998,No (reported postion),cruise,2021-07-12 17:00:00
2021-07-12 18:00:00+00:00,12.7397483333,55.9096766667,12.4,1009.6648399999999,0.8267291999999999,0.8744586000000001,0.0459294,20.1872968,0.306196,0.015309799999999998,No (reported postion),cruise,2021-07-12 18:00:00
2021-07-12 19:00:00+00:00,12.581025,56.0962533333,13.9,1009.6648399999999,0.8267291999999999,0.8744586000000001,0.0459294,20.1872968,0.306196,0.015309799999999998,No (reported postion),cruise,2021-07-12 19:00:00
2021-07-12 20:00:00+00:00,12.2855016667,56.20008,10.6,1009.6648399999999,0.8267291999999999,0.8744586000000001,0.0459294,20.1872968,0.306196,0.015309799999999998,No (reported postion),cruise,2021-07-12 20:00:00
2021-07-12 21:00:00+00:00,11.9702266667,56.22674,10.5,1009.6648399999999,0.8267291999999999,0.8744586000000001,0.0459294,20.1872968,0.306196,0.015309799999999998,No (reported postion),cruise,2021-07-12 21:00:00
2021-07-12 22:00:00+00:00,11.6623266667,56.2527,9.7,920.943738023485,0.753918569198605,0.797602934154083,0.041884364955477996,18.4128747604697,0.279229099703187,0.0139614549851593,No (reported postion),cruise,2021-07-12 22:00:00
2021-07-12 23:00:00+00:00,11.380375,56.2712,9.6,932.771476669019,0.7636252240140889,0.807848847570427,0.0424236235563382,18.6494295333804,0.282824157042255,0.0141412078521128,No (reported postion),cruise,2021-07-12 23:00:00
2021-07-13 00:00:00+00:00,11.0923633333,56.2878266667,9.7,960.906635206371,0.786714867798541,0.832221249342905,0.043706381544363404,19.212132704127402,0.29137587696242295,0.0145687938481211,No (reported postion),cruise,2021-07-13 00:00:00
2021-07-13 01:00:00+00:00,10.8669183333,56.3003666667,0.1,41.760963306395595,0.0324076683873865,0.036000834475145196,0.00180020334841695,0.8292892021722359,0.0120021344995818,0.000600310073396042,No (reported postion),anchor,2021-07-13 01:00:00
2021-07-13 02:00:00+00:00,10.8667583333,56.3003466667,0.0,41.76,0.0324,0.036,0.0018,0.8292,0.012,0.0006,No (reported postion),anchor,2021-07-13 02:00:00
2021-07-13 03:00:00+00:00,10.8667816667,56.30034,0.0,41.76,0.0324,0.036,0.0018,0.8292,0.012,0.0006,No (reported postion),anchor,2021-07-13 03:00:00
2021-07-13 04:00:00+00:00,10.8667533333,56.3003466667,0.0,41.76,0.0324,0.036,0.0018,0.8292,0.012,0.0006,No (reported postion),anchor,2021-07-13 04:00:00
2021-07-13 05:00:00+00:00,10.8667583333,56.3003933333,0.0,41.76,0.0324,0.036,0.0018,0.8292,0.012,0.0006,No (reported postion),anchor,2021-07-13 05:00:00
2021-07-13 06:00:00+00:00,10.87439,56.30014,2.3,53.4805489156924,0.12570126933191,0.046153059091101296,0.004274140189042061,1.9145228295931198,0.037970456411975,0.0043726630096408104,No (reported postion),anchor,2021-07-13 06:00:00
2021-07-13 07:00:00+00:00,11.116625,56.2862933333,10.0,1009.6648399999999,0.8267291999999999,0.8744586000000001,0.0459294,20.1872968,0.306196,0.015309799999999998,No (reported postion),cruise,2021-07-13 07:00:00
2021-07-13 08:00:00+00:00,11.4091666667,56.27028,9.7,960.906635206371,0.786714867798541,0.832221249342905,0.043706381544363404,19.212132704127402,0.29137587696242295,0.0145687938481211,No (reported postion),cruise,2021-07-13 08:00:00
2021-07-13 09:00:00+00:00,11.696305,56.2509866667,9.5,867.674820957655,0.710202436652179,0.7514581275773,0.039455690925120995,17.3474964191531,0.263037939500807,0.0131518969750403,No (reported postion),cruise,2021-07-13 09:00:00
2021-07-13 10:00:00+00:00,11.9802183333,56.21632,9.8,989.627921898812,0.8102855286099669,0.857101391310521,0.045015862700553695,19.7865584379762,0.30010575133702505,0.0150052875668512,No (reported postion),cruise,2021-07-13 10:00:00
2021-07-13 11:00:00+00:00,12.270385,56.1812666667,9.3,816.602242473872,0.668288770419288,0.70721592433147,0.037127153912182596,16.326044849477498,0.247514359414551,0.0123757179707275,No (reported postion),cruise,2021-07-13 11:00:00
2021-07-13 12:00:00+00:00,12.5123233333,56.1166533333,8.9,720.86114642449,0.5897170502571799,0.624279108604801,0.0327620583476211,14.411222928489801,0.218413722317474,0.0109206861158737,No (reported postion),cruise,2021-07-13 12:00:00
2021-07-13 13:00:00+00:00,12.66485,56.0077466667,9.4,841.866879312195,0.689022666912743,0.729101703963451,0.038279037050707995,16.831337586243897,0.255193580338053,0.0127596790169027,No (reported postion),cruise,2021-07-13 13:00:00
2021-07-13 14:00:00+00:00,12.74353,55.8557366667,9.6,894.031847248627,0.731832822969998,0.774290202023887,0.040657379053888804,17.874636944972497,0.271049193692592,0.0135524596846296,No (reported postion),cruise,2021-07-13 14:00:00
2021-07-13 15:00:00+00:00,12.87934,55.7163833333,9.9,976.4552323783539,0.799475114717798,0.845690398868787,0.044415284150988804,19.5231046475671,0.296101894339925,0.014805094716996299,No (reported postion),cruise,2021-07-13 15:00:00
2021-07-13 16:00:00+00:00,13.0044,55.6252766667,1.3,43.8763841512103,0.0492474470882064,0.037833341893905595,0.0022467564720412103,1.02517717240208,0.0166894955812533,0.00128123125110388,No (reported postion),anchor,2021-07-13 16:00:00
2021-07-13 17:00:00+00:00,13.0059783333,55.62561,0.0,41.76,0.0324,0.036,0.0018,0.8292,0.012,0.0006,No (reported postion),anchor,2021-07-13 17:00:00
2021-07-13 18:00:00+00:00,13.0059866667,55.62561,0.0,41.76,0.0324,0.036,0.0018,0.8292,0.012,0.0006,No (reported postion),anchor,2021-07-13 18:00:00
2021-07-13 19:00:00+00:00,13.0059866667,55.62561,0.0,41.76,0.0324,0.036,0.0018,0.8292,0.012,0.0006,No (reported postion),anchor,2021-07-13 19:00:00
2021-07-13 20:00:00+00:00,13.0059833333,55.62561,0.0,41.76,0.0324,0.036,0.0018,0.8292,0.012,0.0006,No (reported postion),anchor,2021-07-13 20:00:00
2021-07-13 21:00:00+00:00,13.0060016667,55.6256333333,0.0,41.76,0.0324,0.036,0.0018,0.8292,0.012,0.0006,No (reported postion),anchor,2021-07-13 21:00:00
2021-07-13 22:00:00+00:00,13.0059933333,55.62562,0.0,41.76,0.0324,0.036,0.0018,0.8292,0.012,0.0006,No (reported postion),anchor,2021-07-13 22:00:00
2021-07-13 23:00:00+00:00,13.0059666667,55.62561,0.0,41.76,0.0324,0.036,0.0018,0.8292,0.012,0.0006,No (reported postion),anchor,2021-07-13 23:00:00
2021-07-14 00:00:00+00:00,13.00461,55.6251533333,2.8,62.906501996982,0.145029226289701,0.054318398386443395,0.00461524859412709,2.06415571662375,0.0398311105309824,0.00435366479216945,No (reported postion),anchor,2021-07-14 00:00:00
2021-07-14 01:00:00+00:00,12.8267916667,55.76525,11.8,1009.6648399999999,0.8267291999999999,0.8744586000000001,0.0459294,20.1872968,0.306196,0.015309799999999998,No (reported postion),cruise,2021-07-14 01:00:00
2021-07-14 02:00:00+00:00,12.7178283333,55.9486333333,11.9,1009.6648399999999,0.8267291999999999,0.8744586000000001,0.0459294,20.1872968,0.306196,0.015309799999999998,No (reported postion),cruise,2021-07-14 02:00:00
2021-07-14 03:00:00+00:00,12.5275733333,56.12308,13.5,1009.6648399999999,0.8267291999999999,0.8744586000000001,0.0459294,20.1872968,0.306196,0.015309799999999998,No (reported postion),cruise,2021-07-14 03:00:00
2021-07-14 04:00:00+00:00,12.217655,56.1783333333,12.0,1009.6648399999999,0.8267291999999999,0.8744586000000001,0.0459294,20.1872968,0.306196,0.015309799999999998,No (reported postion),cruise,2021-07-14 04:00:00
2021-07-14 05:00:00+00:00,11.87658,56.16168,11.4,1009.6648399999999,0.8267291999999999,0.8744586000000001,0.0459294,20.1872968,0.306196,0.015309799999999998,No (reported postion),cruise,2021-07-14 05:00:00
2021-07-14 06:00:00+00:00,11.5333383333,56.1357733333,11.9,1009.6648399999999,0.8267291999999999,0.8744586000000001,0.0459294,20.1872968,0.306196,0.015309799999999998,No (reported postion),cruise,2021-07-14 06:00:00
2021-07-14 07:00:00+00:00,11.1949433333,56.1105133333,10.9,1009.6648399999999,0.8267291999999999,0.8744586000000001,0.0459294,20.1872968,0.306196,0.015309799999999998,No (reported postion),cruise,2021-07-14 07:00:00
2021-07-14 08:00:00+00:00,10.88942,56.05884,11.0,1009.6648399999999,0.8267291999999999,0.8744586000000001,0.0459294,20.1872968,0.306196,0.015309799999999998,No (reported postion),cruise,2021-07-14 08:00:00
2021-07-14 09:00:00+00:00,10.5777466667,56.0532,10.5,1009.6648399999999,0.8267291999999999,0.8744586000000001,0.0459294,20.1872968,0.306196,0.015309799999999998,No (reported postion),cruise,2021-07-14 09:00:00
2021-07-14 10:00:00+00:00,10.4870833333,55.88383,11.0,1009.6648399999999,0.8267291999999999,0.8744586000000001,0.0459294,20.1872968,0.306196,0.015309799999999998,No (reported postion),cruise,2021-07-14 10:00:00
2021-07-14 11:00:00+00:00,10.3623416667,55.7254633333,11.0,1009.6648399999999,0.8267291999999999,0.8744586000000001,0.0459294,20.1872968,0.306196,0.015309799999999998,No (reported postion),cruise,2021-07-14 11:00:00
2021-07-14 12:00:00+00:00,10.0933666667,55.77871,11.4,1009.6648399999999,0.8267291999999999,0.8744586000000001,0.0459294,20.1872968,0.306196,0.015309799999999998,No (reported postion),cruise,2021-07-14 12:00:00
2021-07-14 13:00:00+00:00,9.8869466667,55.85442,6.6,318.706735519512,0.25968151547193996,0.27590826633149196,0.0144267508595522,6.36813471039025,0.0961783390636816,0.00480891695318408,No (reported postion),cruise,2021-07-14 13:00:00
2021-07-14 14:00:00+00:00,9.8709666667,55.8555,0.0,41.76,0.0324,0.036,0.0018,0.8292,0.012,0.0006,No (reported postion),anchor,2021-07-14 14:00:00
2021-07-14 15:00:00+00:00,9.8709533333,55.8555,0.0,41.76,0.0324,0.036,0.0018,0.8292,0.012,0.0006,No (reported postion),anchor,2021-07-14 15:00:00
2021-07-14 16:00:00+00:00,9.8709533333,55.8555,0.0,41.76,0.0324,0.036,0.0018,0.8292,0.012,0.0006,No (reported postion),anchor,2021-07-14 16:00:00
2021-07-14 17:00:00+00:00,9.8611133333,55.8569166667,0.0,41.76,0.0324,0.036,0.0018,0.8292,0.012,0.0006,No (reported postion),anchor,2021-07-14 17:00:00
2021-07-14 18:00:00+00:00,9.8611266667,55.8569166667,0.3,41.7860092726821,0.032607046459436295,0.0360225308289192,0.0018054904072576801,0.8316084586503669,0.0120576314887091,0.000608371981693129,No (reported postion),anchor,2021-07-14 18:00:00
2021-07-14 19:00:00+00:00,9.861125,55.8568933333,0.1,41.760963306395595,0.0324076683873865,0.036000834475145196,0.00180020334841695,0.8292892021722359,0.0120021344995818,0.000600310073396042,No (reported postion),anchor,2021-07-14 19:00:00
2021-07-14 20:00:00+00:00,9.8611383333,55.85691,0.1,41.760963306395595,0.0324076683873865,0.036000834475145196,0.00180020334841695,0.8292892021722359,0.0120021344995818,0.000600310073396042,No (reported postion),anchor,2021-07-14 20:00:00
2021-07-14 21:00:00+00:00,9.8611216667,55.8569166667,0.1,41.760963306395595,0.0324076683873865,0.036000834475145196,0.00180020334841695,0.8292892021722359,0.0120021344995818,0.000600310073396042,No (reported postion),anchor,2021-07-14 21:00:00
2021-07-14 22:00:00+00:00,9.861125,55.8569266667,0.1,41.760963306395595,0.0324076683873865,0.036000834475145196,0.00180020334841695,0.8292892021722359,0.0120021344995818,0.000600310073396042,No (reported postion),anchor,2021-07-14 22:00:00
2021-07-14 23:00:00+00:00,9.8611033333,55.85691,0.0,41.76,0.0324,0.036,0.0018,0.8292,0.012,0.0006,No (reported postion),anchor,2021-07-14 23:00:00
2021-07-15 00:00:00+00:00,9.866255,55.8562433333,0.0,41.76,0.0324,0.036,0.0018,0.8292,0.012,0.0006,No (reported postion),anchor,2021-07-15 00:00:00
2021-07-15 01:00:00+00:00,9.8662533333,55.85621,0.0,41.76,0.0324,0.036,0.0018,0.8292,0.012,0.0006,No (reported postion),anchor,2021-07-15 01:00:00
2021-07-15 02:00:00+00:00,9.86628,55.8562266667,0.0,41.76,0.0324,0.036,0.0018,0.8292,0.012,0.0006,No (reported postion),anchor,2021-07-15 02:00:00
2021-07-15 03:00:00+00:00,9.866285,55.8562,0.0,41.76,0.0324,0.036,0.0018,0.8292,0.012,0.0006,No (reported postion),anchor,2021-07-15 03:00:00
2021-07-15 04:00:00+00:00,9.866265,55.8561833333,0.0,41.76,0.0324,0.036,0.0018,0.8292,0.012,0.0006,No (reported postion),anchor,2021-07-15 04:00:00
2021-07-15 05:00:00+00:00,9.8662783333,55.85621,0.0,41.76,0.0324,0.036,0.0018,0.8292,0.012,0.0006,No (reported postion),anchor,2021-07-15 05:00:00
2021-07-15 06:00:00+00:00,9.8662933333,55.8562266667,0.0,41.76,0.0324,0.036,0.0018,0.8292,0.012,0.0006,No (reported postion),anchor,2021-07-15 06:00:00
2021-07-15 07:00:00+00:00,9.866265,55.85621,0.0,41.76,0.0324,0.036,0.0018,0.8292,0.012,0.0006,No (reported postion),anchor,2021-07-15 07:00:00
2021-07-15 08:00:00+00:00,9.8662633333,55.8562266667,0.0,41.76,0.0324,0.036,0.0018,0.8292,0.012,0.0006,No (reported postion),anchor,2021-07-15 08:00:00
2021-07-15 09:00:00+00:00,9.8625583333,55.8566666667,0.0,41.76,0.0324,0.036,0.0018,0.8292,0.012,0.0006,No (reported postion),anchor,2021-07-15 09:00:00
2021-07-15 10:00:00+00:00,9.8635333333,55.8566166667,0.0,41.76,0.0324,0.036,0.0018,0.8292,0.012,0.0006,No (reported postion),anchor,2021-07-15 10:00:00
2021-07-15 11:00:00+00:00,9.8635283333,55.8566066667,0.0,41.76,0.0324,0.036,0.0018,0.8292,0.012,0.0006,No (reported postion),anchor,2021-07-15 11:00:00
2021-07-15 12:00:00+00:00,9.8635416667,55.8566333333,0.0,41.76,0.0324,0.036,0.0018,0.8292,0.012,0.0006,No (reported postion),anchor,2021-07-15 12:00:00
2021-07-15 13:00:00+00:00,9.8632333333,55.8566666667,0.0,41.76,0.0324,0.036,0.0018,0.8292,0.012,0.0006,No (reported postion),anchor,2021-07-15 13:00:00
2021-07-15 14:00:00+00:00,9.8631966667,55.8566733333,0.0,41.76,0.0324,0.036,0.0018,0.8292,0.012,0.0006,No (reported postion),anchor,2021-07-15 14:00:00
2021-07-15 15:00:00+00:00,9.8630666667,55.85668,0.0,41.76,0.0324,0.036,0.0018,0.8292,0.012,0.0006,No (reported postion),anchor,2021-07-15 15:00:00
2021-07-15 16:00:00+00:00,9.98368,55.8438733333,6.2,271.34288665892495,0.220811487531641,0.23487879239450998,0.0122673048628689,5.4208577331785,0.0817820324191262,0.00408910162095631,No (reported postion),cruise,2021-07-15 16:00:00
2021-07-15 17:00:00+00:00,10.1227316667,55.73413,10.3,1009.6648399999999,0.8267291999999999,0.8744586000000001,0.0459294,20.1872968,0.306196,0.015309799999999998,No (reported postion),cruise,2021-07-15 17:00:00
2021-07-15 18:00:00+00:00,10.3921683333,55.7356033333,9.8,948.4162731206029,0.776464418670404,0.821401330818759,0.0431369121483558,18.9623254624121,0.287579414322372,0.0143789707161186,No (reported postion),cruise,2021-07-15 18:00:00
2021-07-15 19:00:00+00:00,10.4891133333,55.8820866667,10.4,1009.6648399999999,0.8267291999999999,0.8744586000000001,0.0459294,20.1872968,0.306196,0.015309799999999998,No (reported postion),cruise,2021-07-15 19:00:00
2021-07-15 20:00:00+00:00,10.5660583333,56.0457866667,10.2,1009.6648399999999,0.8267291999999999,0.8744586000000001,0.0459294,20.1872968,0.306196,0.015309799999999998,No (reported postion),cruise,2021-07-15 20:00:00
2021-07-15 21:00:00+00:00,10.760725,56.1560466667,9.8,948.4162731206029,0.776464418670404,0.821401330818759,0.0431369121483558,18.9623254624121,0.287579414322372,0.0143789707161186,No (reported postion),cruise,2021-07-15 21:00:00
2021-07-15 22:00:00+00:00,10.93672,56.2834133333,10.1,1009.6648399999999,0.8267291999999999,0.8744586000000001,0.0459294,20.1872968,0.306196,0.015309799999999998,No (reported postion),cruise,2021-07-15 22:00:00
2021-07-15 23:00:00+00:00,11.0075666667,56.4423266667,10.7,1009.6648399999999,0.8267291999999999,0.8744586000000001,0.0459294,20.1872968,0.306196,0.015309799999999998,No (reported postion),cruise,2021-07-15 23:00:00
2021-07-16 00:00:00+00:00,10.993505,56.61028,10.3,1009.6648399999999,0.8267291999999999,0.8744586000000001,0.0459294,20.1872968,0.306196,0.015309799999999998,No (reported postion),cruise,2021-07-16 00:00:00
2021-07-16 01:00:00+00:00,10.9414866667,56.775,10.2,1009.6648399999999,0.8267291999999999,0.8744586000000001,0.0459294,20.1872968,0.306196,0.015309799999999998,No (reported postion),cruise,2021-07-16 01:00:00
2021-07-16 02:00:00+00:00,10.862555,56.9364266667,10.2,1009.6648399999999,0.8267291999999999,0.8744586000000001,0.0459294,20.1872968,0.306196,0.015309799999999998,No (reported postion),cruise,2021-07-16 02:00:00
2021-07-16 03:00:00+00:00,10.795055,57.1008133333,10.4,1009.6648399999999,0.8267291999999999,0.8744586000000001,0.0459294,20.1872968,0.306196,0.015309799999999998,No (reported postion),cruise,2021-07-16 03:00:00
2021-07-16 04:00:00+00:00,10.7452083333,57.27366,11.0,1009.6648399999999,0.8267291999999999,0.8744586000000001,0.0459294,20.1872968,0.306196,0.015309799999999998,No (reported postion),cruise,2021-07-16 04:00:00
2021-07-16 05:00:00+00:00,10.758435,57.4524266667,10.4,1009.6648399999999,0.8267291999999999,0.8744586000000001,0.0459294,20.1872968,0.306196,0.015309799999999998,No (reported postion),cruise,2021-07-16 05:00:00
2021-07-16 06:00:00+00:00,10.7631483333,57.6286533333,10.6,1009.6648399999999,0.8267291999999999,0.8744586000000001,0.0459294,20.1872968,0.306196,0.015309799999999998,No (reported postion),cruise,2021-07-16 06:00:00
2021-07-16 07:00:00+00:00,10.7893,57.8033666667,10.2,1009.6648399999999,0.8267291999999999,0.8744586000000001,0.0459294,20.1872968,0.306196,0.015309799999999998,No (reported postion),cruise,2021-07-16 07:00:00
2021-07-16 08:00:00+00:00,10.769975,57.9668133333,10.1,1009.6648399999999,0.8267291999999999,0.8744586000000001,0.0459294,20.1872968,0.306196,0.015309799999999998,No (reported postion),cruise,2021-07-16 08:00:00
2021-07-16 09:00:00+00:00,10.73906,58.1316066667,10.0,1009.6648399999999,0.8267291999999999,0.8744586000000001,0.0459294,20.1872968,0.306196,0.015309799999999998,No (reported postion),cruise,2021-07-16 09:00:00
2021-07-16 10:00:00+00:00,10.7323266667,58.3006133333,10.2,1009.6648399999999,0.8267291999999999,0.8744586000000001,0.0459294,20.1872968,0.306196,0.015309799999999998,No (reported postion),cruise,2021-07-16 10:00:00
2021-07-16 11:00:00+00:00,10.7163833333,58.4749,10.7,1009.6648399999999,0.8267291999999999,0.8744586000000001,0.0459294,20.1872968,0.306196,0.015309799999999998,No (reported postion),cruise,2021-07-16 11:00:00
2021-07-16 12:00:00+00:00,10.7021866667,58.6527933333,10.9,1009.6648399999999,0.8267291999999999,0.8744586000000001,0.0459294,20.1872968,0.306196,0.015309799999999998,No (reported postion),cruise,2021-07-16 12:00:00
2021-07-16 13:00:00+00:00,10.685735,58.8378666667,10.8,1009.6648399999999,0.8267291999999999,0.8744586000000001,0.0459294,20.1872968,0.306196,0.015309799999999998,No (reported postion),cruise,2021-07-16 13:00:00
2021-07-16 14:00:00+00:00,10.6686416667,59.0107733333,10.1,1009.6648399999999,0.8267291999999999,0.8744586000000001,0.0459294,20.1872968,0.306196,0.015309799999999998,No (reported postion),cruise,2021-07-16 14:00:00
2021-07-16 15:00:00+00:00,10.6589216667,59.1716333333,9.4,841.866879312195,0.689022666912743,0.729101703963451,0.038279037050707995,16.831337586243897,0.255193580338053,0.0127596790169027,No (reported postion),cruise,2021-07-16 15:00:00
2021-07-16 16:00:00+00:00,10.5995783333,59.3294666667,9.5,867.674820957655,0.710202436652179,0.7514581275773,0.039455690925120995,17.3474964191531,0.263037939500807,0.0131518969750403,No (reported postion),cruise,2021-07-16 16:00:00
2021-07-16 17:00:00+00:00,10.4704266667,59.4651533333,9.9,976.4552323783539,0.799475114717798,0.845690398868787,0.044415284150988804,19.5231046475671,0.296101894339925,0.014805094716996299,No (reported postion),cruise,2021-07-16 17:00:00
2021-07-16 18:00:00+00:00,10.38206,59.4904,0.0,41.76,0.0324,0.036,0.0018,0.8292,0.012,0.0006,No (reported postion),anchor,2021-07-16 18:00:00
2021-07-16 19:00:00+00:00,10.3821383333,59.4903266667,0.0,41.76,0.0324,0.036,0.0018,0.8292,0.012,0.0006,No (reported postion),anchor,2021-07-16 19:00:00
2021-07-16 20:00:00+00:00,10.382135,59.4903466667,0.0,41.76,0.0324,0.036,0.0018,0.8292,0.012,0.0006,No (reported postion),anchor,2021-07-16 20:00:00
2021-07-16 21:00:00+00:00,10.382145,59.4903533333,0.0,41.76,0.0324,0.036,0.0018,0.8292,0.012,0.0006,No (reported postion),anchor,2021-07-16 21:00:00
2021-07-16 22:00:00+00:00,10.3820116667,59.4904266667,0.0,41.76,0.0324,0.036,0.0018,0.8292,0.012,0.0006,No (reported postion),anchor,2021-07-16 22:00:00
2021-07-16 23:00:00+00:00,10.3820066667,59.4904266667,0.0,41.76,0.0324,0.036,0.0018,0.8292,0.012,0.0006,No (reported postion),anchor,2021-07-16 23:00:00
2021-07-17 00:00:00+00:00,10.3819633333,59.4904533333,0.0,41.76,0.0324,0.036,0.0018,0.8292,0.012,0.0006,No (reported postion),anchor,2021-07-17 00:00:00
2021-07-17 01:00:00+00:00,10.3818183333,59.4905866667,0.0,41.76,0.0324,0.036,0.0018,0.8292,0.012,0.0006,No (reported postion),anchor,2021-07-17 01:00:00
2021-07-17 02:00:00+00:00,10.38182,59.4905933333,0.0,41.76,0.0324,0.036,0.0018,0.8292,0.012,0.0006,No (reported postion),anchor,2021-07-17 02:00:00
2021-07-17 03:00:00+00:00,10.381845,59.4905866667,0.0,41.76,0.0324,0.036,0.0018,0.8292,0.012,0.0006,No (reported postion),anchor,2021-07-17 03:00:00
2021-07-17 04:00:00+00:00,10.3818383333,59.4905666667,0.0,41.76,0.0324,0.036,0.0018,0.8292,0.012,0.0006,No (reported postion),anchor,2021-07-17 04:00:00
2021-07-17 05:00:00+00:00,10.38183,59.4905866667,0.0,41.76,0.0324,0.036,0.0018,0.8292,0.012,0.0006,No (reported postion),anchor,2021-07-17 05:00:00
2021-07-17 06:00:00+00:00,10.3818266667,59.4905866667,0.0,41.76,0.0324,0.036,0.0018,0.8292,0.012,0.0006,No (reported postion),anchor,2021-07-17 06:00:00
2021-07-17 07:00:00+00:00,10.3818133333,59.4905666667,0.0,41.76,0.0324,0.036,0.0018,0.8292,0.012,0.0006,No (reported postion),anchor,2021-07-17 07:00:00
2021-07-17 08:00:00+00:00,10.3818066667,59.4905866667,0.0,41.76,0.0324,0.036,0.0018,0.8292,0.012,0.0006,No (reported postion),anchor,2021-07-17 08:00:00
2021-07-17 09:00:00+00:00,10.3818016667,59.49056,0.0,41.76,0.0324,0.036,0.0018,0.8292,0.012,0.0006,No (reported postion),anchor,2021-07-17 09:00:00
2021-07-17 10:00:00+00:00,10.3818016667,59.4905666667,0.0,41.76,0.0324,0.036,0.0018,0.8292,0.012,0.0006,No (reported postion),anchor,2021-07-17 10:00:00
2021-07-17 11:00:00+00:00,10.3817716667,59.49062,0.0,41.76,0.0324,0.036,0.0018,0.8292,0.012,0.0006,No (reported postion),anchor,2021-07-17 11:00:00
2021-07-17 12:00:00+00:00,10.3821116667,59.4903466667,0.0,41.76,0.0324,0.036,0.0018,0.8292,0.012,0.0006,No (reported postion),anchor,2021-07-17 12:00:00
2021-07-17 13:00:00+00:00,10.3821333333,59.4903466667,0.0,41.76,0.0324,0.036,0.0018,0.8292,0.012,0.0006,No (reported postion),anchor,2021-07-17 13:00:00
2021-07-17 14:00:00+00:00,10.38213,59.4903333333,0.0,41.76,0.0324,0.036,0.0018,0.8292,0.012,0.0006,No (reported postion),anchor,2021-07-17 14:00:00
2021-07-17 15:00:00+00:00,10.3821266667,59.4903466667,0.0,41.76,0.0324,0.036,0.0018,0.8292,0.012,0.0006,No (reported postion),anchor,2021-07-17 15:00:00
2021-07-17 16:00:00+00:00,10.3821183333,59.4903466667,0.0,41.76,0.0324,0.036,0.0018,0.8292,0.012,0.0006,No (reported postion),anchor,2021-07-17 16:00:00
2021-07-17 17:00:00+00:00,10.3821,59.4903466667,0.0,41.76,0.0324,0.036,0.0018,0.8292,0.012,0.0006,No (reported postion),anchor,2021-07-17 17:00:00
2021-07-17 18:00:00+00:00,10.3819666667,59.4904533333,0.0,41.76,0.0324,0.036,0.0018,0.8292,0.012,0.0006,No (reported postion),anchor,2021-07-17 18:00:00
2021-07-17 19:00:00+00:00,10.3819933333,59.4904466667,0.0,41.76,0.0324,0.036,0.0018,0.8292,0.012,0.0006,No (reported postion),anchor,2021-07-17 19:00:00
2021-07-17 20:00:00+00:00,10.3819933333,59.4904533333,0.0,41.76,0.0324,0.036,0.0018,0.8292,0.012,0.0006,No (reported postion),anchor,2021-07-17 20:00:00
2021-07-17 21:00:00+00:00,10.3819916667,59.49048,0.0,41.76,0.0324,0.036,0.0018,0.8292,0.012,0.0006,No (reported postion),anchor,2021-07-17 21:00:00
2021-07-17 22:00:00+00:00,10.3819916667,59.4904533333,0.0,41.76,0.0324,0.036,0.0018,0.8292,0.012,0.0006,No (reported postion),anchor,2021-07-17 22:00:00
2021-07-17 23:00:00+00:00,10.38197,59.4904533333,0.0,41.76,0.0324,0.036,0.0018,0.8292,0.012,0.0006,No (reported postion),anchor,2021-07-17 23:00:00
2021-07-18 00:00:00+00:00,10.381965,59.4904533333,0.0,41.76,0.0324,0.036,0.0018,0.8292,0.012,0.0006,No (reported postion),anchor,2021-07-18 00:00:00
2021-07-18 01:00:00+00:00,10.382,59.4904533333,0.0,41.76,0.0324,0.036,0.0018,0.8292,0.012,0.0006,No (reported postion),anchor,2021-07-18 01:00:00
2021-07-18 02:00:00+00:00,10.4998483333,59.4592266667,11.6,1009.6648399999999,0.8267291999999999,0.8744586000000001,0.0459294,20.1872968,0.306196,0.015309799999999998,No (reported postion),cruise,2021-07-18 02:00:00
2021-07-18 03:00:00+00:00,10.5989166667,59.27822,11.5,1009.6648399999999,0.8267291999999999,0.8744586000000001,0.0459294,20.1872968,0.306196,0.015309799999999998,No (reported postion),cruise,2021-07-18 03:00:00
2021-07-18 04:00:00+00:00,10.6653016667,59.08946,11.3,1009.6648399999999,0.8267291999999999,0.8744586000000001,0.0459294,20.1872968,0.306196,0.015309799999999998,No (reported postion),cruise,2021-07-18 04:00:00
2021-07-18 05:00:00+00:00,10.7383883333,58.9051,11.0,1009.6648399999999,0.8267291999999999,0.8744586000000001,0.0459294,20.1872968,0.306196,0.015309799999999998,No (reported postion),cruise,2021-07-18 05:00:00
2021-07-18 06:00:00+00:00,10.8094533333,58.7205,11.0,1009.6648399999999,0.8267291999999999,0.8744586000000001,0.0459294,20.1872968,0.306196,0.015309799999999998,No (reported postion),cruise,2021-07-18 06:00:00
2021-07-18 07:00:00+00:00,10.8725016667,58.54634,10.6,1009.6648399999999,0.8267291999999999,0.8744586000000001,0.0459294,20.1872968,0.306196,0.015309799999999998,No (reported postion),cruise,2021-07-18 07:00:00
2021-07-18 08:00:00+00:00,10.9792183333,58.38278,10.7,1009.6648399999999,0.8267291999999999,0.8744586000000001,0.0459294,20.1872968,0.306196,0.015309799999999998,No (reported postion),cruise,2021-07-18 08:00:00
2021-07-18 09:00:00+00:00,11.0953033333,58.22654,9.5,905.2164037284571,0.7410116383181871,0.7839789515580861,0.0411673132398993,18.0983280745691,0.27444875493266196,0.0137224377466331,No (reported postion),cruise,2021-07-18 09:00:00
2021-07-18 10:00:00+00:00,11.2000116667,58.07328,10.1,1009.6648399999999,0.8267291999999999,0.8744586000000001,0.0459294,20.1872968,0.306196,0.015309799999999998,No (reported postion),cruise,2021-07-18 10:00:00
2021-07-18 11:00:00+00:00,11.3122416667,57.91072,10.6,1009.6648399999999,0.8267291999999999,0.8744586000000001,0.0459294,20.1872968,0.306196,0.015309799999999998,No (reported postion),cruise,2021-07-18 11:00:00
2021-07-18 12:00:00+00:00,11.4391133333,57.7370266667,11.8,1009.6648399999999,0.8267291999999999,0.8744586000000001,0.0459294,20.1872968,0.306196,0.015309799999999998,No (reported postion),cruise,2021-07-18 12:00:00
2021-07-18 13:00:00+00:00,11.5884633333,57.55354,11.5,1009.6648399999999,0.8267291999999999,0.8744586000000001,0.0459294,20.1872968,0.306196,0.015309799999999998,No (reported postion),cruise,2021-07-18 13:00:00
2021-07-18 14:00:00+00:00,11.739025,57.3743666667,12.1,1009.6648399999999,0.8267291999999999,0.8744586000000001,0.0459294,20.1872968,0.306196,0.015309799999999998,No (reported postion),cruise,2021-07-18 14:00:00
2021-07-18 15:00:00+00:00,11.8830566667,57.1873266667,12.3,1009.6648399999999,0.8267291999999999,0.8744586000000001,0.0459294,20.1872968,0.306196,0.015309799999999998,No (reported postion),cruise,2021-07-18 15:00:00
2021-07-18 16:00:00+00:00,11.9959466667,56.9987,11.8,1009.6648399999999,0.8267291999999999,0.8744586000000001,0.0459294,20.1872968,0.306196,0.015309799999999998,No (reported postion),cruise,2021-07-18 16:00:00
2021-07-18 17:00:00+00:00,12.10384,56.81504,11.3,1009.6648399999999,0.8267291999999999,0.8744586000000001,0.0459294,20.1872968,0.306196,0.015309799999999998,No (reported postion),cruise,2021-07-18 17:00:00
2021-07-18 18:00:00+00:00,12.204775,56.63178,11.5,1009.6648399999999,0.8267291999999999,0.8744586000000001,0.0459294,20.1872968,0.306196,0.015309799999999998,No (reported postion),cruise,2021-07-18 18:00:00
2021-07-18 19:00:00+00:00,12.2889983333,56.4480733333,11.3,1009.6648399999999,0.8267291999999999,0.8744586000000001,0.0459294,20.1872968,0.306196,0.015309799999999998,No (reported postion),cruise,2021-07-18 19:00:00
2021-07-18 20:00:00+00:00,12.3633016667,56.2681333333,11.0,1009.6648399999999,0.8267291999999999,0.8744586000000001,0.0459294,20.1872968,0.306196,0.015309799999999998,No (reported postion),cruise,2021-07-18 20:00:00
2021-07-18 21:00:00+00:00,12.527005,56.1073266667,12.4,1009.6648399999999,0.8267291999999999,0.8744586000000001,0.0459294,20.1872968,0.306196,0.015309799999999998,No (reported postion),cruise,2021-07-18 21:00:00
2021-07-18 22:00:00+00:00,12.63741,55.9384333333,11.8,1009.6648399999999,0.8267291999999999,0.8744586000000001,0.0459294,20.1872968,0.306196,0.015309799999999998,No (reported postion),cruise,2021-07-18 22:00:00
2021-07-18 23:00:00+00:00,12.6881066667,55.75486,11.8,1009.6648399999999,0.8267291999999999,0.8744586000000001,0.0459294,20.1872968,0.306196,0.015309799999999998,No (reported postion),cruise,2021-07-18 23:00:00
2021-07-19 00:00:00+00:00,12.7055316667,55.5522233333,11.9,1009.6648399999999,0.8267291999999999,0.8744586000000001,0.0459294,20.1872968,0.306196,0.015309799999999998,No (reported postion),cruise,2021-07-19 00:00:00
2021-07-19 01:00:00+00:00,12.65172,55.3590566667,11.6,1009.6648399999999,0.8267291999999999,0.8744586000000001,0.0459294,20.1872968,0.306196,0.015309799999999998,No (reported postion),cruise,2021-07-19 01:00:00
2021-07-19 02:00:00+00:00,12.8644716667,55.2425466667,11.9,1009.6648399999999,0.8267291999999999,0.8744586000000001,0.0459294,20.1872968,0.306196,0.015309799999999998,No (reported postion),cruise,2021-07-19 02:00:00
2021-07-19 03:00:00+00:00,13.0991466667,55.10595,11.7,1009.6648399999999,0.8267291999999999,0.8744586000000001,0.0459294,20.1872968,0.306196,0.015309799999999998,No (reported postion),cruise,2021-07-19 03:00:00
2021-07-19 04:00:00+00:00,13.325435,54.96207,11.8,1009.6648399999999,0.8267291999999999,0.8744586000000001,0.0459294,20.1872968,0.306196,0.015309799999999998,No (reported postion),cruise,2021-07-19 04:00:00
2021-07-19 05:00:00+00:00,13.5307483333,54.8044266667,11.9,1009.6648399999999,0.8267291999999999,0.8744586000000001,0.0459294,20.1872968,0.306196,0.015309799999999998,No (reported postion),cruise,2021-07-19 05:00:00
2021-07-19 06:00:00+00:00,13.6979033333,54.6271166667,12.3,1009.6648399999999,0.8267291999999999,0.8744586000000001,0.0459294,20.1872968,0.306196,0.015309799999999998,No (reported postion),cruise,2021-07-19 06:00:00
2021-07-19 07:00:00+00:00,13.8530783333,54.4524666667,11.5,1009.6648399999999,0.8267291999999999,0.8744586000000001,0.0459294,20.1872968,0.306196,0.015309799999999998,No (reported postion),cruise,2021-07-19 07:00:00
2021-07-19 08:00:00+00:00,14.000505,54.2808766667,11.5,1009.6648399999999,0.8267291999999999,0.8744586000000001,0.0459294,20.1872968,0.306196,0.015309799999999998,No (reported postion),cruise,2021-07-19 08:00:00
2021-07-19 09:00:00+00:00,14.1514083333,54.11014,11.6,1009.6648399999999,0.8267291999999999,0.8744586000000001,0.0459294,20.1872968,0.306196,0.015309799999999998,No (reported postion),cruise,2021-07-19 09:00:00
2021-07-19 10:00:00+00:00,14.2739783333,53.93842,10.5,1009.6648399999999,0.8267291999999999,0.8744586000000001,0.0459294,20.1872968,0.306196,0.015309799999999998,No (reported postion),cruise,2021-07-19 10:00:00
2021-07-19 11:00:00+00:00,14.501205,53.6868733333,10.8,1009.6648399999999,0.8267291999999999,0.8744586000000001,0.0459294,20.1872968,0.306196,0.015309799999999998,No (reported postion),cruise,2021-07-19 11:00:00
2021-07-19 12:00:00+00:00,14.54237,53.6564366667,10.6,1009.6648399999999,0.8267291999999999,0.8744586000000001,0.0459294,20.1872968,0.306196,0.015309799999999998,No (reported postion),cruise,2021-07-19 12:00:00
2021-07-19 13:00:00+00:00,14.630235,53.5091133333,9.0,744.0103624179969,0.608714887090758,0.644332380818022,0.0338174937272643,14.8742072483599,0.225449958181762,0.011272497909088101,No (reported postion),cruise,2021-07-19 13:00:00
2021-07-19 14:00:00+00:00,14.5825766667,53.44122,0.0,41.76,0.0324,0.036,0.0018,0.8292,0.012,0.0006,No (reported postion),anchor,2021-07-19 14:00:00
2021-07-19 15:00:00+00:00,14.5825516667,53.44122,0.0,41.76,0.0324,0.036,0.0018,0.8292,0.012,0.0006,No (reported postion),anchor,2021-07-19 15:00:00
2021-07-19 16:00:00+00:00,14.5825666667,53.44122,0.0,41.76,0.0324,0.036,0.0018,0.8292,0.012,0.0006,No (reported postion),anchor,2021-07-19 16:00:00
2021-07-19 17:00:00+00:00,14.5825616667,53.44122,0.0,41.76,0.0324,0.036,0.0018,0.8292,0.012,0.0006,No (reported postion),anchor,2021-07-19 17:00:00
2021-07-19 18:00:00+00:00,14.58257,53.4412266667,0.0,41.76,0.0324,0.036,0.0018,0.8292,0.012,0.0006,No (reported postion),anchor,2021-07-19 18:00:00
2021-07-19 19:00:00+00:00,14.5825666667,53.4412033333,0.0,41.76,0.0324,0.036,0.0018,0.8292,0.012,0.0006,No (reported postion),anchor,2021-07-19 19:00:00
2021-07-19 20:00:00+00:00,14.5825583333,53.4412266667,0.0,41.76,0.0324,0.036,0.0018,0.8292,0.012,0.0006,No (reported postion),anchor,2021-07-19 20:00:00
2021-07-19 21:00:00+00:00,14.5825783333,53.4412366667,0.0,41.76,0.0324,0.036,0.0018,0.8292,0.012,0.0006,No (reported postion),anchor,2021-07-19 21:00:00
2021-07-19 22:00:00+00:00,14.5825533333,53.4412366667,0.0,41.76,0.0324,0.036,0.0018,0.8292,0.012,0.0006,No (reported postion),anchor,2021-07-19 22:00:00
2021-07-19 23:00:00+00:00,14.5825583333,53.44122,0.0,41.76,0.0324,0.036,0.0018,0.8292,0.012,0.0006,No (reported postion),anchor,2021-07-19 23:00:00
2021-07-20 00:00:00+00:00,14.5825516667,53.44122,0.0,41.76,0.0324,0.036,0.0018,0.8292,0.012,0.0006,No (reported postion),anchor,2021-07-20 00:00:00
2021-07-20 01:00:00+00:00,14.582535,53.44122,0.0,41.76,0.0324,0.036,0.0018,0.8292,0.012,0.0006,No (reported postion),anchor,2021-07-20 01:00:00
2021-07-20 02:00:00+00:00,14.5825033333,53.44131,0.0,41.76,0.0324,0.036,0.0018,0.8292,0.012,0.0006,No (reported postion),anchor,2021-07-20 02:00:00
2021-07-20 03:00:00+00:00,14.58257,53.44122,0.0,41.76,0.0324,0.036,0.0018,0.8292,0.012,0.0006,No (reported postion),anchor,2021-07-20 03:00:00
2021-07-20 04:00:00+00:00,14.58255,53.4412366667,0.0,41.76,0.0324,0.036,0.0018,0.8292,0.012,0.0006,No (reported postion),anchor,2021-07-20 04:00:00
2021-07-20 05:00:00+00:00,14.58255,53.44122,0.0,41.76,0.0324,0.036,0.0018,0.8292,0.012,0.0006,No (reported postion),anchor,2021-07-20 05:00:00
2021-07-20 06:00:00+00:00,14.5825166667,53.4411533333,0.0,41.76,0.0324,0.036,0.0018,0.8292,0.012,0.0006,No (reported postion),anchor,2021-07-20 06:00:00
2021-07-20 07:00:00+00:00,14.58256,53.4412266667,0.0,41.76,0.0324,0.036,0.0018,0.8292,0.012,0.0006,No (reported postion),anchor,2021-07-20 07:00:00
2021-07-20 08:00:00+00:00,14.58256,53.4411866667,0.0,41.76,0.0324,0.036,0.0018,0.8292,0.012,0.0006,No (reported postion),anchor,2021-07-20 08:00:00
2021-07-20 09:00:00+00:00,14.5825583333,53.44118,0.0,41.76,0.0324,0.036,0.0018,0.8292,0.012,0.0006,No (reported postion),anchor,2021-07-20 09:00:00
2021-07-20 10:00:00+00:00,14.5825516667,53.4412033333,0.0,41.76,0.0324,0.036,0.0018,0.8292,0.012,0.0006,No (reported postion),anchor,2021-07-20 10:00:00
2021-07-20 11:00:00+00:00,14.58256,53.4412366667,0.0,41.76,0.0324,0.036,0.0018,0.8292,0.012,0.0006,No (reported postion),anchor,2021-07-20 11:00:00
2021-07-20 12:00:00+00:00,14.5825533333,53.4412033333,0.0,41.76,0.0324,0.036,0.0018,0.8292,0.012,0.0006,No (reported postion),anchor,2021-07-20 12:00:00
2021-07-20 13:00:00+00:00,14.5825716667,53.44121,0.0,41.76,0.0324,0.036,0.0018,0.8292,0.012,0.0006,No (reported postion),anchor,2021-07-20 13:00:00
2021-07-20 14:00:00+00:00,14.582585,53.44122,0.0,41.76,0.0324,0.036,0.0018,0.8292,0.012,0.0006,No (reported postion),anchor,2021-07-20 14:00:00
2021-07-20 15:00:00+00:00,14.5825716667,53.44122,0.0,41.76,0.0324,0.036,0.0018,0.8292,0.012,0.0006,No (reported postion),anchor,2021-07-20 15:00:00
2021-07-20 16:00:00+00:00,14.58257,53.4412266667,0.0,41.76,0.0324,0.036,0.0018,0.8292,0.012,0.0006,No (reported postion),anchor,2021-07-20 16:00:00
2021-07-20 17:00:00+00:00,14.5825666667,53.4412266667,0.0,41.76,0.0324,0.036,0.0018,0.8292,0.012,0.0006,No (reported postion),anchor,2021-07-20 17:00:00
2021-07-20 18:00:00+00:00,14.5825616667,53.44121,0.0,41.76,0.0324,0.036,0.0018,0.8292,0.012,0.0006,No (reported postion),anchor,2021-07-20 18:00:00
2021-07-20 19:00:00+00:00,14.5825766667,53.44122,0.0,41.76,0.0324,0.036,0.0018,0.8292,0.012,0.0006,No (reported postion),anchor,2021-07-20 19:00:00
2021-07-20 20:00:00+00:00,14.58257,53.4412366667,0.0,41.76,0.0324,0.036,0.0018,0.8292,0.012,0.0006,No (reported postion),anchor,2021-07-20 20:00:00
2021-07-20 21:00:00+00:00,14.5825883333,53.44122,0.0,41.76,0.0324,0.036,0.0018,0.8292,0.012,0.0006,No (reported postion),anchor,2021-07-20 21:00:00
2021-07-20 22:00:00+00:00,14.5825666667,53.44122,0.0,41.76,0.0324,0.036,0.0018,0.8292,0.012,0.0006,No (reported postion),anchor,2021-07-20 22:00:00
2021-07-20 23:00:00+00:00,14.5825466667,53.44122,0.0,41.76,0.0324,0.036,0.0018,0.8292,0.012,0.0006,No (reported postion),anchor,2021-07-20 23:00:00
2021-07-21 00:00:00+00:00,14.5825683333,53.44121,0.0,41.76,0.0324,0.036,0.0018,0.8292,0.012,0.0006,No (reported postion),anchor,2021-07-21 00:00:00
2021-07-21 01:00:00+00:00,14.58256,53.4412366667,0.0,41.76,0.0324,0.036,0.0018,0.8292,0.012,0.0006,No (reported postion),anchor,2021-07-21 01:00:00
2021-07-21 02:00:00+00:00,14.582535,53.4412766667,0.0,41.76,0.0324,0.036,0.0018,0.8292,0.012,0.0006,No (reported postion),anchor,2021-07-21 02:00:00
2021-07-21 03:00:00+00:00,14.5825716667,53.4412266667,0.0,41.76,0.0324,0.036,0.0018,0.8292,0.012,0.0006,No (reported postion),anchor,2021-07-21 03:00:00
2021-07-21 04:00:00+00:00,14.5825433333,53.4412433333,0.0,41.76,0.0324,0.036,0.0018,0.8292,0.012,0.0006,No (reported postion),anchor,2021-07-21 04:00:00
2021-07-21 05:00:00+00:00,14.5825583333,53.4412433333,0.0,41.76,0.0324,0.036,0.0018,0.8292,0.012,0.0006,No (reported postion),anchor,2021-07-21 05:00:00
2021-07-21 06:00:00+00:00,14.58257,53.44122,0.0,41.76,0.0324,0.036,0.0018,0.8292,0.012,0.0006,No (reported postion),anchor,2021-07-21 06:00:00
2021-07-21 07:00:00+00:00,14.5825666667,53.4412266667,0.0,41.76,0.0324,0.036,0.0018,0.8292,0.012,0.0006,No (reported postion),anchor,2021-07-21 07:00:00
2021-07-21 08:00:00+00:00,14.5825383333,53.44122,0.0,41.76,0.0324,0.036,0.0018,0.8292,0.012,0.0006,No (reported postion),anchor,2021-07-21 08:00:00
2021-07-21 09:00:00+00:00,14.58258,53.44121,0.0,41.76,0.0324,0.036,0.0018,0.8292,0.012,0.0006,No (reported postion),anchor,2021-07-21 09:00:00
2021-07-21 10:00:00+00:00,14.5825666667,53.44121,0.0,41.76,0.0324,0.036,0.0018,0.8292,0.012,0.0006,No (reported postion),anchor,2021-07-21 10:00:00
2021-07-21 11:00:00+00:00,14.5825716667,53.44122,0.0,41.76,0.0324,0.036,0.0018,0.8292,0.012,0.0006,No (reported postion),anchor,2021-07-21 11:00:00
2021-07-21 12:00:00+00:00,14.5825683333,53.44122,0.0,41.76,0.0324,0.036,0.0018,0.8292,0.012,0.0006,No (reported postion),anchor,2021-07-21 12:00:00
2021-07-21 13:00:00+00:00,14.5825716667,53.44121,0.0,41.76,0.0324,0.036,0.0018,0.8292,0.012,0.0006,No (reported postion),anchor,2021-07-21 13:00:00
2021-07-21 14:00:00+00:00,14.58257,53.44121,0.0,41.76,0.0324,0.036,0.0018,0.8292,0.012,0.0006,No (reported postion),anchor,2021-07-21 14:00:00
2021-07-21 15:00:00+00:00,14.5825383333,53.4412033333,0.0,41.76,0.0324,0.036,0.0018,0.8292,0.012,0.0006,No (reported postion),anchor,2021-07-21 15:00:00
2021-07-21 16:00:00+00:00,14.58256,53.4412266667,0.0,41.76,0.0324,0.036,0.0018,0.8292,0.012,0.0006,No (reported postion),anchor,2021-07-21 16:00:00
2021-07-21 17:00:00+00:00,14.5825666667,53.44122,0.0,41.76,0.0324,0.036,0.0018,0.8292,0.012,0.0006,No (reported postion),anchor,2021-07-21 17:00:00
2021-07-21 18:00:00+00:00,14.58257,53.44122,0.0,41.76,0.0324,0.036,0.0018,0.8292,0.012,0.0006,No (reported postion),anchor,2021-07-21 18:00:00
2021-07-21 19:00:00+00:00,14.5825683333,53.44121,0.0,41.76,0.0324,0.036,0.0018,0.8292,0.012,0.0006,No (reported postion),anchor,2021-07-21 19:00:00
2021-07-21 20:00:00+00:00,14.5825683333,53.4412266667,0.0,41.76,0.0324,0.036,0.0018,0.8292,0.012,0.0006,No (reported postion),anchor,2021-07-21 20:00:00
2021-07-21 21:00:00+00:00,14.58258,53.44122,0.0,41.76,0.0324,0.036,0.0018,0.8292,0.012,0.0006,No (reported postion),anchor,2021-07-21 21:00:00
2021-07-21 22:00:00+00:00,14.5825783333,53.44121,0.0,41.76,0.0324,0.036,0.0018,0.8292,0.012,0.0006,No (reported postion),anchor,2021-07-21 22:00:00
2021-07-21 23:00:00+00:00,14.5825466667,53.4412033333,0.0,41.76,0.0324,0.036,0.0018,0.8292,0.012,0.0006,No (reported postion),anchor,2021-07-21 23:00:00
2021-07-22 00:00:00+00:00,14.5825533333,53.44121,0.0,41.76,0.0324,0.036,0.0018,0.8292,0.012,0.0006,No (reported postion),anchor,2021-07-22 00:00:00
2021-07-22 01:00:00+00:00,14.58256,53.44121,0.0,41.76,0.0324,0.036,0.0018,0.8292,0.012,0.0006,No (reported postion),anchor,2021-07-22 01:00:00
2021-07-22 02:00:00+00:00,14.58253,53.44125,0.0,41.76,0.0324,0.036,0.0018,0.8292,0.012,0.0006,No (reported postion),anchor,2021-07-22 02:00:00
2021-07-22 03:00:00+00:00,14.5825666667,53.4412033333,0.0,41.76,0.0324,0.036,0.0018,0.8292,0.012,0.0006,No (reported postion),anchor,2021-07-22 03:00:00
2021-07-22 04:00:00+00:00,14.58257,53.44125,0.0,41.76,0.0324,0.036,0.0018,0.8292,0.012,0.0006,No (reported postion),anchor,2021-07-22 04:00:00
2021-07-22 05:00:00+00:00,14.58256,53.44122,0.0,41.76,0.0324,0.036,0.0018,0.8292,0.012,0.0006,No (reported postion),anchor,2021-07-22 05:00:00
2021-07-22 06:00:00+00:00,14.5825616667,53.44122,0.0,41.76,0.0324,0.036,0.0018,0.8292,0.012,0.0006,No (reported postion),anchor,2021-07-22 06:00:00
2021-07-22 07:00:00+00:00,14.5825716667,53.4412266667,0.0,41.76,0.0324,0.036,0.0018,0.8292,0.012,0.0006,No (reported postion),anchor,2021-07-22 07:00:00
2021-07-22 08:00:00+00:00,14.5825466667,53.4412033333,0.0,41.76,0.0324,0.036,0.0018,0.8292,0.012,0.0006,No (reported postion),anchor,2021-07-22 08:00:00
2021-07-22 09:00:00+00:00,14.5825616667,53.44121,0.0,41.76,0.0324,0.036,0.0018,0.8292,0.012,0.0006,No (reported postion),anchor,2021-07-22 09:00:00
2021-07-22 10:00:00+00:00,14.5825683333,53.44122,0.0,41.76,0.0324,0.036,0.0018,0.8292,0.012,0.0006,No (reported postion),anchor,2021-07-22 10:00:00
2021-07-22 11:00:00+00:00,14.5825683333,53.4412033333,0.0,41.76,0.0324,0.036,0.0018,0.8292,0.012,0.0006,No (reported postion),anchor,2021-07-22 11:00:00
2021-07-22 12:00:00+00:00,14.5825766667,53.44122,0.0,41.76,0.0324,0.036,0.0018,0.8292,0.012,0.0006,No (reported postion),anchor,2021-07-22 12:00:00
2021-07-22 13:00:00+00:00,14.5825866667,53.44121,0.0,41.76,0.0324,0.036,0.0018,0.8292,0.012,0.0006,No (reported postion),anchor,2021-07-22 13:00:00
2021-07-22 14:00:00+00:00,14.5825833333,53.4412033333,0.0,41.76,0.0324,0.036,0.0018,0.8292,0.012,0.0006,No (reported postion),anchor,2021-07-22 14:00:00
2021-07-22 15:00:00+00:00,14.58255,53.44121,0.0,41.76,0.0324,0.036,0.0018,0.8292,0.012,0.0006,No (reported postion),anchor,2021-07-22 15:00:00
2021-07-22 16:00:00+00:00,14.5825583333,53.44121,0.0,41.76,0.0324,0.036,0.0018,0.8292,0.012,0.0006,No (reported postion),anchor,2021-07-22 16:00:00
2021-07-22 17:00:00+00:00,14.5825766667,53.4412266667,0.0,41.76,0.0324,0.036,0.0018,0.8292,0.012,0.0006,No (reported postion),anchor,2021-07-22 17:00:00
2021-07-22 18:00:00+00:00,14.58258,53.4411866667,0.0,41.76,0.0324,0.036,0.0018,0.8292,0.012,0.0006,No (reported postion),anchor,2021-07-22 18:00:00
2021-07-22 19:00:00+00:00,14.5825783333,53.4412033333,0.0,41.76,0.0324,0.036,0.0018,0.8292,0.012,0.0006,No (reported postion),anchor,2021-07-22 19:00:00
2021-07-22 20:00:00+00:00,14.5825666667,53.4412366667,0.0,41.76,0.0324,0.036,0.0018,0.8292,0.012,0.0006,No (reported postion),anchor,2021-07-22 20:00:00
2021-07-22 21:00:00+00:00,14.5825833333,53.44121,0.0,41.76,0.0324,0.036,0.0018,0.8292,0.012,0.0006,No (reported postion),anchor,2021-07-22 21:00:00
2021-07-22 22:00:00+00:00,14.5825666667,53.44125,0.0,41.76,0.0324,0.036,0.0018,0.8292,0.012,0.0006,No (reported postion),anchor,2021-07-22 22:00:00
2021-07-22 23:00:00+00:00,14.5825533333,53.4411933333,0.0,41.76,0.0324,0.036,0.0018,0.8292,0.012,0.0006,No (reported postion),anchor,2021-07-22 23:00:00
2021-07-23 00:00:00+00:00,14.5825583333,53.4412366667,0.0,41.76,0.0324,0.036,0.0018,0.8292,0.012,0.0006,No (reported postion),anchor,2021-07-23 00:00:00
2021-07-23 01:00:00+00:00,14.5825683333,53.4412266667,0.0,41.76,0.0324,0.036,0.0018,0.8292,0.012,0.0006,No (reported postion),anchor,2021-07-23 01:00:00
2021-07-23 02:00:00+00:00,14.5825433333,53.4412666667,0.0,41.76,0.0324,0.036,0.0018,0.8292,0.012,0.0006,No (reported postion),anchor,2021-07-23 02:00:00
2021-07-23 03:00:00+00:00,14.5825766667,53.4412266667,0.0,41.76,0.0324,0.036,0.0018,0.8292,0.012,0.0006,No (reported postion),anchor,2021-07-23 03:00:00
2021-07-23 04:00:00+00:00,14.5825666667,53.4412366667,0.0,41.76,0.0324,0.036,0.0018,0.8292,0.012,0.0006,No (reported postion),anchor,2021-07-23 04:00:00
2021-07-23 05:00:00+00:00,14.5825533333,53.4412366667,0.0,41.76,0.0324,0.036,0.0018,0.8292,0.012,0.0006,No (reported postion),anchor,2021-07-23 05:00:00
2021-07-23 06:00:00+00:00,14.58258,53.44122,0.0,41.76,0.0324,0.036,0.0018,0.8292,0.012,0.0006,No (reported postion),anchor,2021-07-23 06:00:00
2021-07-23 07:00:00+00:00,14.58255,53.4412433333,0.0,41.76,0.0324,0.036,0.0018,0.8292,0.012,0.0006,No (reported postion),anchor,2021-07-23 07:00:00
2021-07-23 08:00:00+00:00,14.5825616667,53.4412366667,0.0,41.76,0.0324,0.036,0.0018,0.8292,0.012,0.0006,No (reported postion),anchor,2021-07-23 08:00:00
2021-07-23 09:00:00+00:00,14.5825683333,53.44122,0.0,41.76,0.0324,0.036,0.0018,0.8292,0.012,0.0006,No (reported postion),anchor,2021-07-23 09:00:00
2021-07-23 10:00:00+00:00,14.5825766667,53.44121,0.0,41.76,0.0324,0.036,0.0018,0.8292,0.012,0.0006,No (reported postion),anchor,2021-07-23 10:00:00
2021-07-23 11:00:00+00:00,14.5825616667,53.4411933333,0.0,41.76,0.0324,0.036,0.0018,0.8292,0.012,0.0006,No (reported postion),anchor,2021-07-23 11:00:00
2021-07-23 12:00:00+00:00,14.58258,53.4412266667,0.0,41.76,0.0324,0.036,0.0018,0.8292,0.012,0.0006,No (reported postion),anchor,2021-07-23 12:00:00
2021-07-23 13:00:00+00:00,14.58258,53.44122,0.0,41.76,0.0324,0.036,0.0018,0.8292,0.012,0.0006,No (reported postion),anchor,2021-07-23 13:00:00
2021-07-23 14:00:00+00:00,14.5825933333,53.4411933333,0.0,41.76,0.0324,0.036,0.0018,0.8292,0.012,0.0006,No (reported postion),anchor,2021-07-23 14:00:00
2021-07-23 15:00:00+00:00,14.5825583333,53.44121,0.0,41.76,0.0324,0.036,0.0018,0.8292,0.012,0.0006,No (reported postion),anchor,2021-07-23 15:00:00
2021-07-23 16:00:00+00:00,14.5825683333,53.44121,0.0,41.76,0.0324,0.036,0.0018,0.8292,0.012,0.0006,No (reported postion),anchor,2021-07-23 16:00:00
2021-07-23 17:00:00+00:00,14.58258,53.4412366667,0.0,41.76,0.0324,0.036,0.0018,0.8292,0.012,0.0006,No (reported postion),anchor,2021-07-23 17:00:00
2021-07-23 18:00:00+00:00,14.58257,53.4412033333,0.0,41.76,0.0324,0.036,0.0018,0.8292,0.012,0.0006,No (reported postion),anchor,2021-07-23 18:00:00
2021-07-23 19:00:00+00:00,14.5825783333,53.44122,0.0,41.76,0.0324,0.036,0.0018,0.8292,0.012,0.0006,No (reported postion),anchor,2021-07-23 19:00:00
2021-07-23 20:00:00+00:00,14.5825783333,53.4412266667,0.0,41.76,0.0324,0.036,0.0018,0.8292,0.012,0.0006,No (reported postion),anchor,2021-07-23 20:00:00
2021-07-23 21:00:00+00:00,14.58258,53.4412266667,0.0,41.76,0.0324,0.036,0.0018,0.8292,0.012,0.0006,No (reported postion),anchor,2021-07-23 21:00:00
2021-07-23 22:00:00+00:00,14.5825683333,53.44122,0.0,41.76,0.0324,0.036,0.0018,0.8292,0.012,0.0006,No (reported postion),anchor,2021-07-23 22:00:00
2021-07-23 23:00:00+00:00,14.5825533333,53.4412266667,0.0,41.76,0.0324,0.036,0.0018,0.8292,0.012,0.0006,No (reported postion),anchor,2021-07-23 23:00:00
2021-07-24 00:00:00+00:00,14.5825583333,53.44122,0.0,41.76,0.0324,0.036,0.0018,0.8292,0.012,0.0006,No (reported postion),anchor,2021-07-24 00:00:00
2021-07-24 01:00:00+00:00,14.5825833333,53.44121,0.0,41.76,0.0324,0.036,0.0018,0.8292,0.012,0.0006,No (reported postion),anchor,2021-07-24 01:00:00
2021-07-24 02:00:00+00:00,14.5826016667,53.4411866667,0.0,41.76,0.0324,0.036,0.0018,0.8292,0.012,0.0006,No (reported postion),anchor,2021-07-24 02:00:00
2021-07-24 03:00:00+00:00,14.5825616667,53.4412266667,0.0,41.76,0.0324,0.036,0.0018,0.8292,0.012,0.0006,No (reported postion),anchor,2021-07-24 03:00:00
2021-07-24 04:00:00+00:00,14.5825716667,53.4412366667,0.0,41.76,0.0324,0.036,0.0018,0.8292,0.012,0.0006,No (reported postion),anchor,2021-07-24 04:00:00
2021-07-24 05:00:00+00:00,14.5825683333,53.4412366667,0.0,41.76,0.0324,0.036,0.0018,0.8292,0.012,0.0006,No (reported postion),anchor,2021-07-24 05:00:00
2021-07-24 06:00:00+00:00,14.5825616667,53.44122,0.0,41.76,0.0324,0.036,0.0018,0.8292,0.012,0.0006,No (reported postion),anchor,2021-07-24 06:00:00
2021-07-24 07:00:00+00:00,14.5825833333,53.44122,0.0,41.76,0.0324,0.036,0.0018,0.8292,0.012,0.0006,No (reported postion),anchor,2021-07-24 07:00:00
2021-07-24 08:00:00+00:00,14.5825533333,53.4412266667,0.0,41.76,0.0324,0.036,0.0018,0.8292,0.012,0.0006,No (reported postion),anchor,2021-07-24 08:00:00
2021-07-24 09:00:00+00:00,14.5825583333,53.44122,0.0,41.76,0.0324,0.036,0.0018,0.8292,0.012,0.0006,No (reported postion),anchor,2021-07-24 09:00:00
2021-07-24 10:00:00+00:00,14.5825783333,53.44122,0.0,41.76,0.0324,0.036,0.0018,0.8292,0.012,0.0006,No (reported postion),anchor,2021-07-24 10:00:00
2021-07-24 11:00:00+00:00,14.5825683333,53.4412266667,0.0,41.76,0.0324,0.036,0.0018,0.8292,0.012,0.0006,No (reported postion),anchor,2021-07-24 11:00:00
2021-07-24 12:00:00+00:00,14.58257,53.44121,0.0,41.76,0.0324,0.036,0.0018,0.8292,0.012,0.0006,No (reported postion),anchor,2021-07-24 12:00:00
2021-07-24 13:00:00+00:00,14.5825933333,53.4412033333,0.0,41.76,0.0324,0.036,0.0018,0.8292,0.012,0.0006,No (reported postion),anchor,2021-07-24 13:00:00
2021-07-24 14:00:00+00:00,14.5825933333,53.4412033333,0.0,41.76,0.0324,0.036,0.0018,0.8292,0.012,0.0006,No (reported postion),anchor,2021-07-24 14:00:00
2021-07-24 15:00:00+00:00,14.5825666667,53.44121,0.0,41.76,0.0324,0.036,0.0018,0.8292,0.012,0.0006,No (reported postion),anchor,2021-07-24 15:00:00
2021-07-24 16:00:00+00:00,14.58257,53.44121,0.0,41.76,0.0324,0.036,0.0018,0.8292,0.012,0.0006,No (reported postion),anchor,2021-07-24 16:00:00
2021-07-24 17:00:00+00:00,14.5825716667,53.4412433333,0.0,41.76,0.0324,0.036,0.0018,0.8292,0.012,0.0006,No (reported postion),anchor,2021-07-24 17:00:00
2021-07-24 18:00:00+00:00,14.5825683333,53.4412033333,0.0,41.76,0.0324,0.036,0.0018,0.8292,0.012,0.0006,No (reported postion),anchor,2021-07-24 18:00:00
2021-07-24 19:00:00+00:00,14.582585,53.44121,0.0,41.76,0.0324,0.036,0.0018,0.8292,0.012,0.0006,No (reported postion),anchor,2021-07-24 19:00:00
2021-07-24 20:00:00+00:00,14.5825683333,53.4412366667,0.0,41.76,0.0324,0.036,0.0018,0.8292,0.012,0.0006,No (reported postion),anchor,2021-07-24 20:00:00
2021-07-24 21:00:00+00:00,14.5825883333,53.44122,0.0,41.76,0.0324,0.036,0.0018,0.8292,0.012,0.0006,No (reported postion),anchor,2021-07-24 21:00:00
2021-07-24 22:00:00+00:00,14.58256,53.4412366667,0.0,41.76,0.0324,0.036,0.0018,0.8292,0.012,0.0006,No (reported postion),anchor,2021-07-24 22:00:00
2021-07-24 23:00:00+00:00,14.5825583333,53.4412366667,0.0,41.76,0.0324,0.036,0.0018,0.8292,0.012,0.0006,No (reported postion),anchor,2021-07-24 23:00:00
2021-07-25 00:00:00+00:00,14.5825666667,53.4412366667,0.0,41.76,0.0324,0.036,0.0018,0.8292,0.012,0.0006,No (reported postion),anchor,2021-07-25 00:00:00
2021-07-25 01:00:00+00:00,14.58256,53.44122,0.0,41.76,0.0324,0.036,0.0018,0.8292,0.012,0.0006,No (reported postion),anchor,2021-07-25 01:00:00
2021-07-25 02:00:00+00:00,14.5825416667,53.4412666667,0.0,41.76,0.0324,0.036,0.0018,0.8292,0.012,0.0006,No (reported postion),anchor,2021-07-25 02:00:00
2021-07-25 03:00:00+00:00,14.5825683333,53.4412266667,0.0,41.76,0.0324,0.036,0.0018,0.8292,0.012,0.0006,No (reported postion),anchor,2021-07-25 03:00:00
2021-07-25 04:00:00+00:00,14.58256,53.4412366667,0.0,41.76,0.0324,0.036,0.0018,0.8292,0.012,0.0006,No (reported postion),anchor,2021-07-25 04:00:00
2021-07-25 05:00:00+00:00,14.5825833333,53.44125,0.0,41.76,0.0324,0.036,0.0018,0.8292,0.012,0.0006,No (reported postion),anchor,2021-07-25 05:00:00
2021-07-25 06:00:00+00:00,14.5825666667,53.44121,0.0,41.76,0.0324,0.036,0.0018,0.8292,0.012,0.0006,No (reported postion),anchor,2021-07-25 06:00:00
2021-07-25 07:00:00+00:00,14.5825583333,53.4412266667,0.0,41.76,0.0324,0.036,0.0018,0.8292,0.012,0.0006,No (reported postion),anchor,2021-07-25 07:00:00
2021-07-25 08:00:00+00:00,14.5825533333,53.4412433333,0.0,41.76,0.0324,0.036,0.0018,0.8292,0.012,0.0006,No (reported postion),anchor,2021-07-25 08:00:00
2021-07-25 09:00:00+00:00,14.5825666667,53.44122,0.0,41.76,0.0324,0.036,0.0018,0.8292,0.012,0.0006,No (reported postion),anchor,2021-07-25 09:00:00
2021-07-25 10:00:00+00:00,14.58256,53.4412266667,0.0,41.76,0.0324,0.036,0.0018,0.8292,0.012,0.0006,No (reported postion),anchor,2021-07-25 10:00:00
2021-07-25 11:00:00+00:00,14.5825683333,53.44122,0.0,41.76,0.0324,0.036,0.0018,0.8292,0.012,0.0006,No (reported postion),anchor,2021-07-25 11:00:00
2021-07-25 12:00:00+00:00,14.58256,53.44122,0.0,41.76,0.0324,0.036,0.0018,0.8292,0.012,0.0006,No (reported postion),anchor,2021-07-25 12:00:00
2021-07-25 13:00:00+00:00,14.5825766667,53.44122,0.0,41.76,0.0324,0.036,0.0018,0.8292,0.012,0.0006,No (reported postion),anchor,2021-07-25 13:00:00
2021-07-25 14:00:00+00:00,14.5825766667,53.4412033333,0.0,41.76,0.0324,0.036,0.0018,0.8292,0.012,0.0006,No (reported postion),anchor,2021-07-25 14:00:00
2021-07-25 15:00:00+00:00,14.5825533333,53.44121,0.0,41.76,0.0324,0.036,0.0018,0.8292,0.012,0.0006,No (reported postion),anchor,2021-07-25 15:00:00
2021-07-25 16:00:00+00:00,14.5825533333,53.44122,0.0,41.76,0.0324,0.036,0.0018,0.8292,0.012,0.0006,No (reported postion),anchor,2021-07-25 16:00:00
2021-07-25 17:00:00+00:00,14.5825583333,53.4412366667,0.0,41.76,0.0324,0.036,0.0018,0.8292,0.012,0.0006,No (reported postion),anchor,2021-07-25 17:00:00
2021-07-25 18:00:00+00:00,14.58257,53.44121,0.0,41.76,0.0324,0.036,0.0018,0.8292,0.012,0.0006,No (reported postion),anchor,2021-07-25 18:00:00
2021-07-25 19:00:00+00:00,14.5825666667,53.44122,0.0,41.76,0.0324,0.036,0.0018,0.8292,0.012,0.0006,No (reported postion),anchor,2021-07-25 19:00:00
2021-07-25 20:00:00+00:00,14.58257,53.4412266667,0.0,41.76,0.0324,0.036,0.0018,0.8292,0.012,0.0006,No (reported postion),anchor,2021-07-25 20:00:00
2021-07-25 21:00:00+00:00,14.5825716667,53.4412366667,0.0,41.76,0.0324,0.036,0.0018,0.8292,0.012,0.0006,No (reported postion),anchor,2021-07-25 21:00:00
2021-07-25 22:00:00+00:00,14.5825533333,53.4412266667,0.0,41.76,0.0324,0.036,0.0018,0.8292,0.012,0.0006,No (reported postion),anchor,2021-07-25 22:00:00
2021-07-25 23:00:00+00:00,14.5825333333,53.44121,0.0,41.76,0.0324,0.036,0.0018,0.8292,0.012,0.0006,No (reported postion),anchor,2021-07-25 23:00:00
2021-07-26 00:00:00+00:00,14.5825533333,53.44122,0.0,41.76,0.0324,0.036,0.0018,0.8292,0.012,0.0006,No (reported postion),anchor,2021-07-26 00:00:00
2021-07-26 01:00:00+00:00,14.5825883333,53.4412033333,0.0,41.76,0.0324,0.036,0.0018,0.8292,0.012,0.0006,No (reported postion),anchor,2021-07-26 01:00:00
2021-07-26 02:00:00+00:00,14.58257,53.4412366667,0.0,41.76,0.0324,0.036,0.0018,0.8292,0.012,0.0006,No (reported postion),anchor,2021-07-26 02:00:00
2021-07-26 03:00:00+00:00,14.5825883333,53.44121,0.0,41.76,0.0324,0.036,0.0018,0.8292,0.012,0.0006,No (reported postion),anchor,2021-07-26 03:00:00
2021-07-26 04:00:00+00:00,14.5825583333,53.44125,0.0,41.76,0.0324,0.036,0.0018,0.8292,0.012,0.0006,No (reported postion),anchor,2021-07-26 04:00:00
2021-07-26 05:00:00+00:00,14.5825583333,53.4412266667,0.0,41.76,0.0324,0.036,0.0018,0.8292,0.012,0.0006,No (reported postion),anchor,2021-07-26 05:00:00
2021-07-26 06:00:00+00:00,14.5825616667,53.44121,0.0,41.76,0.0324,0.036,0.0018,0.8292,0.012,0.0006,No (reported postion),anchor,2021-07-26 06:00:00
2021-07-26 07:00:00+00:00,14.5825533333,53.44122,0.0,41.76,0.0324,0.036,0.0018,0.8292,0.012,0.0006,No (reported postion),anchor,2021-07-26 07:00:00
2021-07-26 08:00:00+00:00,14.5825466667,53.44125,0.0,41.76,0.0324,0.036,0.0018,0.8292,0.012,0.0006,No (reported postion),anchor,2021-07-26 08:00:00
2021-07-26 09:00:00+00:00,14.5825516667,53.44121,0.0,41.76,0.0324,0.036,0.0018,0.8292,0.012,0.0006,No (reported postion),anchor,2021-07-26 09:00:00
2021-07-26 10:00:00+00:00,14.5825716667,53.44121,0.0,41.76,0.0324,0.036,0.0018,0.8292,0.012,0.0006,No (reported postion),anchor,2021-07-26 10:00:00
2021-07-26 11:00:00+00:00,14.5825716667,53.44121,0.0,41.76,0.0324,0.036,0.0018,0.8292,0.012,0.0006,No (reported postion),anchor,2021-07-26 11:00:00
2021-07-26 12:00:00+00:00,14.5825616667,53.44121,0.0,41.76,0.0324,0.036,0.0018,0.8292,0.012,0.0006,No (reported postion),anchor,2021-07-26 12:00:00
2021-07-26 13:00:00+00:00,14.5825716667,53.44122,0.0,41.76,0.0324,0.036,0.0018,0.8292,0.012,0.0006,No (reported postion),anchor,2021-07-26 13:00:00
2021-07-26 14:00:00+00:00,14.5825583333,53.4412033333,0.0,41.76,0.0324,0.036,0.0018,0.8292,0.012,0.0006,No (reported postion),anchor,2021-07-26 14:00:00
2021-07-26 15:00:00+00:00,14.58255,53.44121,0.0,41.76,0.0324,0.036,0.0018,0.8292,0.012,0.0006,No (reported postion),anchor,2021-07-26 15:00:00
2021-07-26 16:00:00+00:00,14.58255,53.44125,0.0,41.76,0.0324,0.036,0.0018,0.8292,0.012,0.0006,No (reported postion),anchor,2021-07-26 16:00:00
2021-07-26 17:00:00+00:00,14.5825833333,53.4412366667,0.0,41.76,0.0324,0.036,0.0018,0.8292,0.012,0.0006,No (reported postion),anchor,2021-07-26 17:00:00
2021-07-26 18:00:00+00:00,14.58258,53.44121,0.0,41.76,0.0324,0.036,0.0018,0.8292,0.012,0.0006,No (reported postion),anchor,2021-07-26 18:00:00
2021-07-26 19:00:00+00:00,14.5825716667,53.4412266667,0.0,41.76,0.0324,0.036,0.0018,0.8292,0.012,0.0006,No (reported postion),anchor,2021-07-26 19:00:00
2021-07-26 20:00:00+00:00,14.5825666667,53.4412366667,0.0,41.76,0.0324,0.036,0.0018,0.8292,0.012,0.0006,No (reported postion),anchor,2021-07-26 20:00:00
2021-07-26 21:00:00+00:00,14.5825783333,53.4412033333,0.0,41.76,0.0324,0.036,0.0018,0.8292,0.012,0.0006,No (reported postion),anchor,2021-07-26 21:00:00
2021-07-26 22:00:00+00:00,14.5825583333,53.44121,0.0,41.76,0.0324,0.036,0.0018,0.8292,0.012,0.0006,No (reported postion),anchor,2021-07-26 22:00:00
2021-07-26 23:00:00+00:00,14.58256,53.4411866667,0.0,41.76,0.0324,0.036,0.0018,0.8292,0.012,0.0006,No (reported postion),anchor,2021-07-26 23:00:00
2021-07-27 00:00:00+00:00,14.58257,53.4412366667,0.0,41.76,0.0324,0.036,0.0018,0.8292,0.012,0.0006,No (reported postion),anchor,2021-07-27 00:00:00
2021-07-27 01:00:00+00:00,14.5825683333,53.44122,0.0,41.76,0.0324,0.036,0.0018,0.8292,0.012,0.0006,No (reported postion),anchor,2021-07-27 01:00:00
2021-07-27 02:00:00+00:00,14.58258,53.4412033333,0.0,41.76,0.0324,0.036,0.0018,0.8292,0.012,0.0006,No (reported postion),anchor,2021-07-27 02:00:00
2021-07-27 03:00:00+00:00,14.5825583333,53.4412266667,0.0,41.76,0.0324,0.036,0.0018,0.8292,0.012,0.0006,No (reported postion),anchor,2021-07-27 03:00:00
2021-07-27 04:00:00+00:00,14.5825666667,53.4412266667,0.0,41.76,0.0324,0.036,0.0018,0.8292,0.012,0.0006,No (reported postion),anchor,2021-07-27 04:00:00
2021-07-27 05:00:00+00:00,14.58256,53.4412266667,0.0,41.76,0.0324,0.036,0.0018,0.8292,0.012,0.0006,No (reported postion),anchor,2021-07-27 05:00:00
2021-07-27 06:00:00+00:00,14.5825766667,53.44122,0.0,41.76,0.0324,0.036,0.0018,0.8292,0.012,0.0006,No (reported postion),anchor,2021-07-27 06:00:00
2021-07-27 07:00:00+00:00,14.58256,53.4412366667,0.0,41.76,0.0324,0.036,0.0018,0.8292,0.012,0.0006,No (reported postion),anchor,2021-07-27 07:00:00
2021-07-27 08:00:00+00:00,14.58256,53.4412366667,0.0,41.76,0.0324,0.036,0.0018,0.8292,0.012,0.0006,No (reported postion),anchor,2021-07-27 08:00:00
2021-07-27 09:00:00+00:00,14.5825766667,53.4412266667,0.0,41.76,0.0324,0.036,0.0018,0.8292,0.012,0.0006,No (reported postion),anchor,2021-07-27 09:00:00
2021-07-27 10:00:00+00:00,14.5825716667,53.44121,0.0,41.76,0.0324,0.036,0.0018,0.8292,0.012,0.0006,No (reported postion),anchor,2021-07-27 10:00:00
2021-07-27 11:00:00+00:00,14.5825683333,53.44122,0.0,41.76,0.0324,0.036,0.0018,0.8292,0.012,0.0006,No (reported postion),anchor,2021-07-27 11:00:00
2021-07-27 12:00:00+00:00,14.5825666667,53.4412366667,0.0,41.76,0.0324,0.036,0.0018,0.8292,0.012,0.0006,No (reported postion),anchor,2021-07-27 12:00:00
2021-07-27 13:00:00+00:00,14.5825783333,53.4412266667,0.0,41.76,0.0324,0.036,0.0018,0.8292,0.012,0.0006,No (reported postion),anchor,2021-07-27 13:00:00
2021-07-27 14:00:00+00:00,14.58256,53.4412266667,0.0,41.76,0.0324,0.036,0.0018,0.8292,0.012,0.0006,No (reported postion),anchor,2021-07-27 14:00:00
2021-07-27 15:00:00+00:00,14.5825433333,53.4412366667,0.0,41.76,0.0324,0.036,0.0018,0.8292,0.012,0.0006,No (reported postion),anchor,2021-07-27 15:00:00
2021-07-27 16:00:00+00:00,14.58256,53.4412433333,0.0,41.76,0.0324,0.036,0.0018,0.8292,0.012,0.0006,No (reported postion),anchor,2021-07-27 16:00:00
2021-07-27 17:00:00+00:00,14.5825616667,53.4412366667,0.0,41.76,0.0324,0.036,0.0018,0.8292,0.012,0.0006,No (reported postion),anchor,2021-07-27 17:00:00
2021-07-27 18:00:00+00:00,14.5825666667,53.44122,0.0,41.76,0.0324,0.036,0.0018,0.8292,0.012,0.0006,No (reported postion),anchor,2021-07-27 18:00:00
2021-07-27 19:00:00+00:00,14.5825616667,53.4412366667,0.0,41.76,0.0324,0.036,0.0018,0.8292,0.012,0.0006,No (reported postion),anchor,2021-07-27 19:00:00
2021-07-27 20:00:00+00:00,14.5825683333,53.44125,0.0,41.76,0.0324,0.036,0.0018,0.8292,0.012,0.0006,No (reported postion),anchor,2021-07-27 20:00:00
2021-07-27 21:00:00+00:00,14.582585,53.4412266667,0.0,41.76,0.0324,0.036,0.0018,0.8292,0.012,0.0006,No (reported postion),anchor,2021-07-27 21:00:00
2021-07-27 22:00:00+00:00,14.58257,53.4412266667,0.0,41.76,0.0324,0.036,0.0018,0.8292,0.012,0.0006,No (reported postion),anchor,2021-07-27 22:00:00
2021-07-27 23:00:00+00:00,14.5825583333,53.4412266667,0.0,41.76,0.0324,0.036,0.0018,0.8292,0.012,0.0006,No (reported postion),anchor,2021-07-27 23:00:00
2021-07-28 00:00:00+00:00,14.5825533333,53.4412433333,0.0,41.76,0.0324,0.036,0.0018,0.8292,0.012,0.0006,No (reported postion),anchor,2021-07-28 00:00:00
2021-07-28 01:00:00+00:00,14.5825716667,53.44122,0.0,41.76,0.0324,0.036,0.0018,0.8292,0.012,0.0006,No (reported postion),anchor,2021-07-28 01:00:00
2021-07-28 02:00:00+00:00,14.58257,53.4412366667,0.0,41.76,0.0324,0.036,0.0018,0.8292,0.012,0.0006,No (reported postion),anchor,2021-07-28 02:00:00
2021-07-28 03:00:00+00:00,14.5825583333,53.4412366667,0.0,41.76,0.0324,0.036,0.0018,0.8292,0.012,0.0006,No (reported postion),anchor,2021-07-28 03:00:00
2021-07-28 04:00:00+00:00,14.5825666667,53.4412433333,0.0,41.76,0.0324,0.036,0.0018,0.8292,0.012,0.0006,No (reported postion),anchor,2021-07-28 04:00:00
2021-07-28 05:00:00+00:00,14.5825616667,53.4412433333,0.0,41.76,0.0324,0.036,0.0018,0.8292,0.012,0.0006,No (reported postion),anchor,2021-07-28 05:00:00
2021-07-28 06:00:00+00:00,14.5825583333,53.44122,0.0,41.76,0.0324,0.036,0.0018,0.8292,0.012,0.0006,No (reported postion),anchor,2021-07-28 06:00:00
2021-07-28 07:00:00+00:00,14.58257,53.44122,0.0,41.76,0.0324,0.036,0.0018,0.8292,0.012,0.0006,No (reported postion),anchor,2021-07-28 07:00:00
2021-07-28 08:00:00+00:00,14.5825433333,53.44125,0.0,41.76,0.0324,0.036,0.0018,0.8292,0.012,0.0006,No (reported postion),anchor,2021-07-28 08:00:00
2021-07-28 09:00:00+00:00,14.582535,53.4412366667,0.0,41.76,0.0324,0.036,0.0018,0.8292,0.012,0.0006,No (reported postion),anchor,2021-07-28 09:00:00
2021-07-28 10:00:00+00:00,14.5825766667,53.4412366667,0.0,41.76,0.0324,0.036,0.0018,0.8292,0.012,0.0006,No (reported postion),anchor,2021-07-28 10:00:00
2021-07-28 11:00:00+00:00,14.5825666667,53.4412366667,0.0,41.76,0.0324,0.036,0.0018,0.8292,0.012,0.0006,No (reported postion),anchor,2021-07-28 11:00:00
2021-07-28 12:00:00+00:00,14.58257,53.4412433333,0.0,41.76,0.0324,0.036,0.0018,0.8292,0.012,0.0006,No (reported postion),anchor,2021-07-28 12:00:00
2021-07-28 13:00:00+00:00,14.5825716667,53.44122,0.0,41.76,0.0324,0.036,0.0018,0.8292,0.012,0.0006,No (reported postion),anchor,2021-07-28 13:00:00
2021-07-28 14:00:00+00:00,14.5825616667,53.4411933333,0.0,41.76,0.0324,0.036,0.0018,0.8292,0.012,0.0006,No (reported postion),anchor,2021-07-28 14:00:00
2021-07-28 15:00:00+00:00,14.5825383333,53.4412033333,0.0,41.76,0.0324,0.036,0.0018,0.8292,0.012,0.0006,No (reported postion),anchor,2021-07-28 15:00:00
2021-07-28 16:00:00+00:00,14.5825666667,53.4411933333,0.0,41.76,0.0324,0.036,0.0018,0.8292,0.012,0.0006,No (reported postion),anchor,2021-07-28 16:00:00
2021-07-28 17:00:00+00:00,14.58257,53.44121,0.0,41.76,0.0324,0.036,0.0018,0.8292,0.012,0.0006,No (reported postion),anchor,2021-07-28 17:00:00
2021-07-28 18:00:00+00:00,14.5825383333,53.44121,0.0,41.76,0.0324,0.036,0.0018,0.8292,0.012,0.0006,No (reported postion),anchor,2021-07-28 18:00:00
2021-07-28 19:00:00+00:00,14.58253,53.44122,0.0,41.76,0.0324,0.036,0.0018,0.8292,0.012,0.0006,No (reported postion),anchor,2021-07-28 19:00:00
2021-07-28 20:00:00+00:00,14.5825616667,53.44121,0.0,41.76,0.0324,0.036,0.0018,0.8292,0.012,0.0006,No (reported postion),anchor,2021-07-28 20:00:00
2021-07-28 21:00:00+00:00,14.5825541667,53.44120666665,0.0,41.76,0.0324,0.036,0.0018,0.8292,0.012,0.0006,Linear (small gap),anchor,2021-07-28 21:00:00
2021-07-28 22:00:00+00:00,14.5825466667,53.4412033333,0.0,41.76,0.0324,0.036,0.0018,0.8292,0.012,0.0006,No (reported postion),anchor,2021-07-28 22:00:00
2021-07-28 23:00:00+00:00,14.5825516667,53.4412033333,0.0,41.76,0.0324,0.036,0.0018,0.8292,0.012,0.0006,No (reported postion),anchor,2021-07-28 23:00:00
2021-07-29 00:00:00+00:00,14.582535,53.4411933333,0.0,41.76,0.0324,0.036,0.0018,0.8292,0.012,0.0006,No (reported postion),anchor,2021-07-29 00:00:00
2021-07-29 01:00:00+00:00,14.5825333333,53.4411933333,0.0,41.76,0.0324,0.036,0.0018,0.8292,0.012,0.0006,No (reported postion),anchor,2021-07-29 01:00:00
2021-07-29 02:00:00+00:00,14.58253,53.4411933333,0.0,41.76,0.0324,0.036,0.0018,0.8292,0.012,0.0006,No (reported postion),anchor,2021-07-29 02:00:00
2021-07-29 03:00:00+00:00,14.58256,53.44122,0.0,41.76,0.0324,0.036,0.0018,0.8292,0.012,0.0006,No (reported postion),anchor,2021-07-29 03:00:00
2021-07-29 04:00:00+00:00,14.582525,53.44122,0.0,41.76,0.0324,0.036,0.0018,0.8292,0.012,0.0006,No (reported postion),anchor,2021-07-29 04:00:00
2021-07-29 05:00:00+00:00,14.5825383333,53.44118,0.0,41.76,0.0324,0.036,0.0018,0.8292,0.012,0.0006,No (reported postion),anchor,2021-07-29 05:00:00
2021-07-29 06:00:00+00:00,14.5825383333,53.44121,0.0,41.76,0.0324,0.036,0.0018,0.8292,0.012,0.0006,No (reported postion),anchor,2021-07-29 06:00:00
2021-07-29 07:00:00+00:00,14.5825533333,53.4412033333,0.0,41.76,0.0324,0.036,0.0018,0.8292,0.012,0.0006,No (reported postion),anchor,2021-07-29 07:00:00
2021-07-29 08:00:00+00:00,14.5825433333,53.4412033333,0.0,41.76,0.0324,0.036,0.0018,0.8292,0.012,0.0006,No (reported postion),anchor,2021-07-29 08:00:00
2021-07-29 09:00:00+00:00,14.5825516667,53.4411866667,0.0,41.76,0.0324,0.036,0.0018,0.8292,0.012,0.0006,No (reported postion),anchor,2021-07-29 09:00:00
2021-07-29 10:00:00+00:00,14.5825616667,53.4412033333,0.0,41.76,0.0324,0.036,0.0018,0.8292,0.012,0.0006,No (reported postion),anchor,2021-07-29 10:00:00
2021-07-29 11:00:00+00:00,14.58256,53.44121,0.0,41.76,0.0324,0.036,0.0018,0.8292,0.012,0.0006,No (reported postion),anchor,2021-07-29 11:00:00
2021-07-29 12:00:00+00:00,14.5825466667,53.44122,0.0,41.76,0.0324,0.036,0.0018,0.8292,0.012,0.0006,No (reported postion),anchor,2021-07-29 12:00:00
2021-07-29 13:00:00+00:00,14.5825583333,53.4411933333,0.0,41.76,0.0324,0.036,0.0018,0.8292,0.012,0.0006,No (reported postion),anchor,2021-07-29 13:00:00
2021-07-29 14:00:00+00:00,14.582535,53.4411933333,0.0,41.76,0.0324,0.036,0.0018,0.8292,0.012,0.0006,No (reported postion),anchor,2021-07-29 14:00:00
2021-07-29 15:00:00+00:00,14.5825533333,53.44121,0.0,41.76,0.0324,0.036,0.0018,0.8292,0.012,0.0006,No (reported postion),anchor,2021-07-29 15:00:00
2021-07-29 16:00:00+00:00,14.5825683333,53.4412033333,0.0,41.76,0.0324,0.036,0.0018,0.8292,0.012,0.0006,No (reported postion),anchor,2021-07-29 16:00:00
2021-07-29 17:00:00+00:00,14.5825683333,53.44122,0.0,41.76,0.0324,0.036,0.0018,0.8292,0.012,0.0006,No (reported postion),anchor,2021-07-29 17:00:00
2021-07-29 18:00:00+00:00,14.5825283333,53.4411933333,0.0,41.76,0.0324,0.036,0.0018,0.8292,0.012,0.0006,No (reported postion),anchor,2021-07-29 18:00:00
2021-07-29 19:00:00+00:00,14.5825416667,53.4412266667,0.0,41.76,0.0324,0.036,0.0018,0.8292,0.012,0.0006,No (reported postion),anchor,2021-07-29 19:00:00
2021-07-29 20:00:00+00:00,14.5825616667,53.44122,0.0,41.76,0.0324,0.036,0.0018,0.8292,0.012,0.0006,No (reported postion),anchor,2021-07-29 20:00:00
2021-07-29 21:00:00+00:00,14.5825383333,53.4412033333,0.0,41.76,0.0324,0.036,0.0018,0.8292,0.012,0.0006,No (reported postion),anchor,2021-07-29 21:00:00
2021-07-29 22:00:00+00:00,14.58256,53.4411866667,0.0,41.76,0.0324,0.036,0.0018,0.8292,0.012,0.0006,No (reported postion),anchor,2021-07-29 22:00:00
2021-07-29 23:00:00+00:00,14.5825533333,53.44121,0.0,41.76,0.0324,0.036,0.0018,0.8292,0.012,0.0006,No (reported postion),anchor,2021-07-29 23:00:00
2021-07-30 00:00:00+00:00,14.582525,53.44122,0.0,41.76,0.0324,0.036,0.0018,0.8292,0.012,0.0006,No (reported postion),anchor,2021-07-30 00:00:00
2021-07-30 01:00:00+00:00,14.5825533333,53.4412033333,0.0,41.76,0.0324,0.036,0.0018,0.8292,0.012,0.0006,No (reported postion),anchor,2021-07-30 01:00:00
2021-07-30 02:00:00+00:00,14.5825283333,53.4411933333,0.0,41.76,0.0324,0.036,0.0018,0.8292,0.012,0.0006,No (reported postion),anchor,2021-07-30 02:00:00
2021-07-30 03:00:00+00:00,14.5825766667,53.4412033333,0.0,41.76,0.0324,0.036,0.0018,0.8292,0.012,0.0006,No (reported postion),anchor,2021-07-30 03:00:00
2021-07-30 04:00:00+00:00,14.58252,53.4412033333,0.0,41.76,0.0324,0.036,0.0018,0.8292,0.012,0.0006,No (reported postion),anchor,2021-07-30 04:00:00
2021-07-30 05:00:00+00:00,14.58253,53.4411866667,0.0,41.76,0.0324,0.036,0.0018,0.8292,0.012,0.0006,No (reported postion),anchor,2021-07-30 05:00:00
2021-07-30 06:00:00+00:00,14.5825333333,53.4412033333,0.0,41.76,0.0324,0.036,0.0018,0.8292,0.012,0.0006,No (reported postion),anchor,2021-07-30 06:00:00
2021-07-30 07:00:00+00:00,14.582535,53.4411933333,0.0,41.76,0.0324,0.036,0.0018,0.8292,0.012,0.0006,No (reported postion),anchor,2021-07-30 07:00:00
2021-07-30 08:00:00+00:00,14.5825233333,53.4411866667,0.0,41.76,0.0324,0.036,0.0018,0.8292,0.012,0.0006,No (reported postion),anchor,2021-07-30 08:00:00
2021-07-30 09:00:00+00:00,14.5825616667,53.4411866667,0.0,41.76,0.0324,0.036,0.0018,0.8292,0.012,0.0006,No (reported postion),anchor,2021-07-30 09:00:00
2021-07-30 10:00:00+00:00,14.5825716667,53.4411933333,0.0,41.76,0.0324,0.036,0.0018,0.8292,0.012,0.0006,No (reported postion),anchor,2021-07-30 10:00:00
2021-07-30 11:00:00+00:00,14.5825583333,53.44121,0.0,41.76,0.0324,0.036,0.0018,0.8292,0.012,0.0006,No (reported postion),anchor,2021-07-30 11:00:00
2021-07-30 12:00:00+00:00,14.5825666667,53.44122,0.0,41.76,0.0324,0.036,0.0018,0.8292,0.012,0.0006,No (reported postion),anchor,2021-07-30 12:00:00
2021-07-30 13:00:00+00:00,14.58255,53.4411933333,0.0,41.76,0.0324,0.036,0.0018,0.8292,0.012,0.0006,No (reported postion),anchor,2021-07-30 13:00:00
2021-07-30 14:00:00+00:00,14.5825416667,53.44121,0.0,41.76,0.0324,0.036,0.0018,0.8292,0.012,0.0006,No (reported postion),anchor,2021-07-30 14:00:00
2021-07-30 15:00:00+00:00,14.5825516667,53.4412033333,0.0,41.76,0.0324,0.036,0.0018,0.8292,0.012,0.0006,No (reported postion),anchor,2021-07-30 15:00:00
2021-07-30 16:00:00+00:00,14.5825616667,53.44121,0.0,41.76,0.0324,0.036,0.0018,0.8292,0.012,0.0006,No (reported postion),anchor,2021-07-30 16:00:00
2021-07-30 17:00:00+00:00,14.5825516667,53.44121,0.0,41.76,0.0324,0.036,0.0018,0.8292,0.012,0.0006,No (reported postion),anchor,2021-07-30 17:00:00
2021-07-30 18:00:00+00:00,14.5825666667,53.4412033333,0.0,41.76,0.0324,0.036,0.0018,0.8292,0.012,0.0006,No (reported postion),anchor,2021-07-30 18:00:00
2021-07-30 19:00:00+00:00,14.5825516667,53.44122,0.0,41.76,0.0324,0.036,0.0018,0.8292,0.012,0.0006,No (reported postion),anchor,2021-07-30 19:00:00
2021-07-30 20:00:00+00:00,14.5825683333,53.4411866667,0.0,41.76,0.0324,0.036,0.0018,0.8292,0.012,0.0006,No (reported postion),anchor,2021-07-30 20:00:00
2021-07-30 21:00:00+00:00,14.5825583333,53.44121,0.0,41.76,0.0324,0.036,0.0018,0.8292,0.012,0.0006,No (reported postion),anchor,2021-07-30 21:00:00
2021-07-30 22:00:00+00:00,14.5825716667,53.4411933333,0.0,41.76,0.0324,0.036,0.0018,0.8292,0.012,0.0006,No (reported postion),anchor,2021-07-30 22:00:00
2021-07-30 23:00:00+00:00,14.5825516667,53.4412033333,0.0,41.76,0.0324,0.036,0.0018,0.8292,0.012,0.0006,No (reported postion),anchor,2021-07-30 23:00:00
2021-07-31 00:00:00+00:00,14.5825616667,53.44121,0.0,41.76,0.0324,0.036,0.0018,0.8292,0.012,0.0006,No (reported postion),anchor,2021-07-31 00:00:00
2021-07-31 01:00:00+00:00,14.58256,53.4411866667,0.0,41.76,0.0324,0.036,0.0018,0.8292,0.012,0.0006,No (reported postion),anchor,2021-07-31 01:00:00
2021-07-31 02:00:00+00:00,14.58255,53.4411866667,0.0,41.76,0.0324,0.036,0.0018,0.8292,0.012,0.0006,No (reported postion),anchor,2021-07-31 02:00:00
2021-07-31 03:00:00+00:00,14.5825583333,53.4411866667,0.0,41.76,0.0324,0.036,0.0018,0.8292,0.012,0.0006,No (reported postion),anchor,2021-07-31 03:00:00
2021-07-31 04:00:00+00:00,14.5825333333,53.44121,0.0,41.76,0.0324,0.036,0.0018,0.8292,0.012,0.0006,No (reported postion),anchor,2021-07-31 04:00:00
2021-07-31 05:00:00+00:00,14.5825466667,53.4411866667,0.0,41.76,0.0324,0.036,0.0018,0.8292,0.012,0.0006,No (reported postion),anchor,2021-07-31 05:00:00
2021-07-31 06:00:00+00:00,14.5825433333,53.44121,0.0,41.76,0.0324,0.036,0.0018,0.8292,0.012,0.0006,No (reported postion),anchor,2021-07-31 06:00:00
2021-07-31 07:00:00+00:00,14.5825683333,53.4412033333,0.0,41.76,0.0324,0.036,0.0018,0.8292,0.012,0.0006,No (reported postion),anchor,2021-07-31 07:00:00
2021-07-31 08:00:00+00:00,14.5825383333,53.4412033333,0.0,41.76,0.0324,0.036,0.0018,0.8292,0.012,0.0006,No (reported postion),anchor,2021-07-31 08:00:00
2021-07-31 09:00:00+00:00,14.5825516667,53.4411866667,0.0,41.76,0.0324,0.036,0.0018,0.8292,0.012,0.0006,No (reported postion),anchor,2021-07-31 09:00:00
2021-07-31 10:00:00+00:00,14.58256,53.4412033333,0.0,41.76,0.0324,0.036,0.0018,0.8292,0.012,0.0006,No (reported postion),anchor,2021-07-31 10:00:00
2021-07-31 11:00:00+00:00,14.58257,53.4412033333,0.0,41.76,0.0324,0.036,0.0018,0.8292,0.012,0.0006,No (reported postion),anchor,2021-07-31 11:00:00
2021-07-31 12:00:00+00:00,14.58257,53.4411933333,0.0,41.76,0.0324,0.036,0.0018,0.8292,0.012,0.0006,No (reported postion),anchor,2021-07-31 12:00:00
2021-07-31 13:00:00+00:00,14.58258,53.4411633333,0.0,41.76,0.0324,0.036,0.0018,0.8292,0.012,0.0006,No (reported postion),anchor,2021-07-31 13:00:00
2021-07-31 14:00:00+00:00,14.5825616667,53.4412033333,0.0,41.76,0.0324,0.036,0.0018,0.8292,0.012,0.0006,No (reported postion),anchor,2021-07-31 14:00:00
2021-07-31 15:00:00+00:00,14.5825433333,53.4412033333,0.0,41.76,0.0324,0.036,0.0018,0.8292,0.012,0.0006,No (reported postion),anchor,2021-07-31 15:00:00
2021-07-31 16:00:00+00:00,14.5825683333,53.4412033333,0.0,41.76,0.0324,0.036,0.0018,0.8292,0.012,0.0006,No (reported postion),anchor,2021-07-31 16:00:00
2021-07-31 17:00:00+00:00,14.5825666667,53.44121,0.0,41.76,0.0324,0.036,0.0018,0.8292,0.012,0.0006,No (reported postion),anchor,2021-07-31 17:00:00
2021-07-31 18:00:00+00:00,14.58255,53.44121,0.0,41.76,0.0324,0.036,0.0018,0.8292,0.012,0.0006,No (reported postion),anchor,2021-07-31 18:00:00
2021-07-31 19:00:00+00:00,14.58256,53.44121,0.0,41.76,0.0324,0.036,0.0018,0.8292,0.012,0.0006,No (reported postion),anchor,2021-07-31 19:00:00
2021-07-31 20:00:00+00:00,14.5825516667,53.44121,0.0,41.76,0.0324,0.036,0.0018,0.8292,0.012,0.0006,No (reported postion),anchor,2021-07-31 20:00:00
2021-07-31 21:00:00+00:00,14.5825616667,53.44121,0.0,41.76,0.0324,0.036,0.0018,0.8292,0.012,0.0006,No (reported postion),anchor,2021-07-31 21:00:00
2021-07-31 22:00:00+00:00,14.5825616667,53.4412033333,0.0,41.76,0.0324,0.036,0.0018,0.8292,0.012,0.0006,No (reported postion),anchor,2021-07-31 22:00:00
2021-07-31 23:00:00+00:00,14.5825616667,53.44122,0.0,41.76,0.0324,0.036,0.0018,0.8292,0.012,0.0006,No (reported postion),anchor,2021-07-31 23:00:00
2021-08-01 00:00:00+00:00,14.5825583333,53.4412266667,0.0,41.76,0.0324,0.036,0.0018,0.8292,0.012,0.0006,No (reported postion),anchor,2021-08-01 00:00:00
2021-08-01 01:00:00+00:00,14.5825533333,53.4412033333,0.0,41.76,0.0324,0.036,0.0018,0.8292,0.012,0.0006,No (reported postion),anchor,2021-08-01 01:00:00
2021-08-01 02:00:00+00:00,14.5825333333,53.4412033333,0.0,41.76,0.0324,0.036,0.0018,0.8292,0.012,0.0006,No (reported postion),anchor,2021-08-01 02:00:00
2021-08-01 03:00:00+00:00,14.5825783333,53.4411933333,0.0,41.76,0.0324,0.036,0.0018,0.8292,0.012,0.0006,No (reported postion),anchor,2021-08-01 03:00:00
2021-08-01 04:00:00+00:00,14.582535,53.4411933333,0.0,41.76,0.0324,0.036,0.0018,0.8292,0.012,0.0006,No (reported postion),anchor,2021-08-01 04:00:00
2021-08-01 05:00:00+00:00,14.5825383333,53.44117,0.0,41.76,0.0324,0.036,0.0018,0.8292,0.012,0.0006,No (reported postion),anchor,2021-08-01 05:00:00
2021-08-01 06:00:00+00:00,14.5825533333,53.4411866667,0.0,41.76,0.0324,0.036,0.0018,0.8292,0.012,0.0006,No (reported postion),anchor,2021-08-01 06:00:00
2021-08-01 07:00:00+00:00,14.58257,53.4412033333,0.0,41.76,0.0324,0.036,0.0018,0.8292,0.012,0.0006,No (reported postion),anchor,2021-08-01 07:00:00
2021-08-01 08:00:00+00:00,14.5825333333,53.4411866667,0.0,41.76,0.0324,0.036,0.0018,0.8292,0.012,0.0006,No (reported postion),anchor,2021-08-01 08:00:00
2021-08-01 09:00:00+00:00,14.5825583333,53.4411866667,0.0,41.76,0.0324,0.036,0.0018,0.8292,0.012,0.0006,No (reported postion),anchor,2021-08-01 09:00:00
2021-08-01 10:00:00+00:00,14.5825666667,53.4411866667,0.0,41.76,0.0324,0.036,0.0018,0.8292,0.012,0.0006,No (reported postion),anchor,2021-08-01 10:00:00
2021-08-01 11:00:00+00:00,14.5825416667,53.4411933333,0.0,41.76,0.0324,0.036,0.0018,0.8292,0.012,0.0006,No (reported postion),anchor,2021-08-01 11:00:00
2021-08-01 12:00:00+00:00,14.5825616667,53.4411933333,0.0,41.76,0.0324,0.036,0.0018,0.8292,0.012,0.0006,No (reported postion),anchor,2021-08-01 12:00:00
2021-08-01 13:00:00+00:00,14.582535,53.4411866667,0.0,41.76,0.0324,0.036,0.0018,0.8292,0.012,0.0006,No (reported postion),anchor,2021-08-01 13:00:00
2021-08-01 14:00:00+00:00,14.5825333333,53.44121,0.0,41.76,0.0324,0.036,0.0018,0.8292,0.012,0.0006,No (reported postion),anchor,2021-08-01 14:00:00
2021-08-01 15:00:00+00:00,14.5825416667,53.4412033333,0.0,41.76,0.0324,0.036,0.0018,0.8292,0.012,0.0006,No (reported postion),anchor,2021-08-01 15:00:00
2021-08-01 16:00:00+00:00,14.5825616667,53.4412033333,0.0,41.76,0.0324,0.036,0.0018,0.8292,0.012,0.0006,No (reported postion),anchor,2021-08-01 16:00:00
2021-08-01 17:00:00+00:00,14.5825466667,53.44121,0.0,41.76,0.0324,0.036,0.0018,0.8292,0.012,0.0006,No (reported postion),anchor,2021-08-01 17:00:00
2021-08-01 18:00:00+00:00,14.582525,53.44121,0.0,41.76,0.0324,0.036,0.0018,0.8292,0.012,0.0006,No (reported postion),anchor,2021-08-01 18:00:00
2021-08-01 19:00:00+00:00,14.5825516667,53.44121,0.0,41.76,0.0324,0.036,0.0018,0.8292,0.012,0.0006,No (reported postion),anchor,2021-08-01 19:00:00
2021-08-01 20:00:00+00:00,14.5825683333,53.4412033333,0.0,41.76,0.0324,0.036,0.0018,0.8292,0.012,0.0006,No (reported postion),anchor,2021-08-01 20:00:00
2021-08-01 21:00:00+00:00,14.5825516667,53.4411866667,0.0,41.76,0.0324,0.036,0.0018,0.8292,0.012,0.0006,No (reported postion),anchor,2021-08-01 21:00:00
2021-08-01 22:00:00+00:00,14.58256,53.4411866667,0.0,41.76,0.0324,0.036,0.0018,0.8292,0.012,0.0006,No (reported postion),anchor,2021-08-01 22:00:00
2021-08-01 23:00:00+00:00,14.5825333333,53.44121,0.0,41.76,0.0324,0.036,0.0018,0.8292,0.012,0.0006,No (reported postion),anchor,2021-08-01 23:00:00
2021-08-02 00:00:00+00:00,14.58255,53.4411933333,0.0,41.76,0.0324,0.036,0.0018,0.8292,0.012,0.0006,No (reported postion),anchor,2021-08-02 00:00:00
2021-08-02 01:00:00+00:00,14.5825616667,53.4412033333,0.0,41.76,0.0324,0.036,0.0018,0.8292,0.012,0.0006,No (reported postion),anchor,2021-08-02 01:00:00
2021-08-02 02:00:00+00:00,14.5825416667,53.4411866667,0.0,41.76,0.0324,0.036,0.0018,0.8292,0.012,0.0006,No (reported postion),anchor,2021-08-02 02:00:00
2021-08-02 03:00:00+00:00,14.582525,53.4412033333,0.0,41.76,0.0324,0.036,0.0018,0.8292,0.012,0.0006,No (reported postion),anchor,2021-08-02 03:00:00
2021-08-02 04:00:00+00:00,14.58252,53.44121,0.0,41.76,0.0324,0.036,0.0018,0.8292,0.012,0.0006,No (reported postion),anchor,2021-08-02 04:00:00
2021-08-02 05:00:00+00:00,14.582525,53.4411866667,0.0,41.76,0.0324,0.036,0.0018,0.8292,0.012,0.0006,No (reported postion),anchor,2021-08-02 05:00:00
2021-08-02 06:00:00+00:00,14.58253,53.44122,0.0,41.76,0.0324,0.036,0.0018,0.8292,0.012,0.0006,No (reported postion),anchor,2021-08-02 06:00:00
2021-08-02 07:00:00+00:00,14.58256,53.4412033333,0.0,41.76,0.0324,0.036,0.0018,0.8292,0.012,0.0006,No (reported postion),anchor,2021-08-02 07:00:00
2021-08-02 08:00:00+00:00,14.582525,53.4411933333,0.0,41.76,0.0324,0.036,0.0018,0.8292,0.012,0.0006,No (reported postion),anchor,2021-08-02 08:00:00
2021-08-02 09:00:00+00:00,14.5825683333,53.4411933333,0.0,41.76,0.0324,0.036,0.0018,0.8292,0.012,0.0006,No (reported postion),anchor,2021-08-02 09:00:00
2021-08-02 10:00:00+00:00,14.58256,53.4411866667,0.0,41.76,0.0324,0.036,0.0018,0.8292,0.012,0.0006,No (reported postion),anchor,2021-08-02 10:00:00
2021-08-02 11:00:00+00:00,14.5825533333,53.44117,0.0,41.76,0.0324,0.036,0.0018,0.8292,0.012,0.0006,No (reported postion),anchor,2021-08-02 11:00:00
2021-08-02 12:00:00+00:00,14.5825433333,53.44121,0.0,41.76,0.0324,0.036,0.0018,0.8292,0.012,0.0006,No (reported postion),anchor,2021-08-02 12:00:00
2021-08-02 13:00:00+00:00,14.582535,53.4411933333,0.0,41.76,0.0324,0.036,0.0018,0.8292,0.012,0.0006,No (reported postion),anchor,2021-08-02 13:00:00
2021-08-02 14:00:00+00:00,14.5825333333,53.4412033333,0.0,41.76,0.0324,0.036,0.0018,0.8292,0.012,0.0006,No (reported postion),anchor,2021-08-02 14:00:00
2021-08-02 15:00:00+00:00,14.58256,53.4412033333,0.0,41.76,0.0324,0.036,0.0018,0.8292,0.012,0.0006,No (reported postion),anchor,2021-08-02 15:00:00
2021-08-02 16:00:00+00:00,14.5825716667,53.4411933333,0.0,41.76,0.0324,0.036,0.0018,0.8292,0.012,0.0006,No (reported postion),anchor,2021-08-02 16:00:00
2021-08-02 17:00:00+00:00,14.582525,53.4412033333,0.0,41.76,0.0324,0.036,0.0018,0.8292,0.012,0.0006,No (reported postion),anchor,2021-08-02 17:00:00
2021-08-02 18:00:00+00:00,14.58256,53.44122,0.0,41.76,0.0324,0.036,0.0018,0.8292,0.012,0.0006,No (reported postion),anchor,2021-08-02 18:00:00
2021-08-02 19:00:00+00:00,14.5825683333,53.44121,0.0,41.76,0.0324,0.036,0.0018,0.8292,0.012,0.0006,No (reported postion),anchor,2021-08-02 19:00:00
2021-08-02 20:00:00+00:00,14.5825716667,53.4412033333,0.0,41.76,0.0324,0.036,0.0018,0.8292,0.012,0.0006,No (reported postion),anchor,2021-08-02 20:00:00
2021-08-02 21:00:00+00:00,14.5825533333,53.44122,0.0,41.76,0.0324,0.036,0.0018,0.8292,0.012,0.0006,No (reported postion),anchor,2021-08-02 21:00:00
2021-08-02 22:00:00+00:00,14.5825616667,53.4412033333,0.0,41.76,0.0324,0.036,0.0018,0.8292,0.012,0.0006,No (reported postion),anchor,2021-08-02 22:00:00
2021-08-02 23:00:00+00:00,14.5825333333,53.4411933333,0.0,41.76,0.0324,0.036,0.0018,0.8292,0.012,0.0006,No (reported postion),anchor,2021-08-02 23:00:00
2021-08-03 00:00:00+00:00,14.58255,53.4412033333,0.0,41.76,0.0324,0.036,0.0018,0.8292,0.012,0.0006,No (reported postion),anchor,2021-08-03 00:00:00
2021-08-03 01:00:00+00:00,14.582535,53.44121,0.0,41.76,0.0324,0.036,0.0018,0.8292,0.012,0.0006,No (reported postion),anchor,2021-08-03 01:00:00
2021-08-03 02:00:00+00:00,14.5825466667,53.4411866667,0.0,41.76,0.0324,0.036,0.0018,0.8292,0.012,0.0006,No (reported postion),anchor,2021-08-03 02:00:00
2021-08-03 03:00:00+00:00,14.5825666667,53.4411933333,0.0,41.76,0.0324,0.036,0.0018,0.8292,0.012,0.0006,No (reported postion),anchor,2021-08-03 03:00:00
2021-08-03 04:00:00+00:00,14.5825383333,53.4411933333,0.0,41.76,0.0324,0.036,0.0018,0.8292,0.012,0.0006,No (reported postion),anchor,2021-08-03 04:00:00
2021-08-03 05:00:00+00:00,14.5825283333,53.4411866667,0.0,41.76,0.0324,0.036,0.0018,0.8292,0.012,0.0006,No (reported postion),anchor,2021-08-03 05:00:00
2021-08-03 06:00:00+00:00,14.5825233333,53.4412033333,0.0,41.76,0.0324,0.036,0.0018,0.8292,0.012,0.0006,No (reported postion),anchor,2021-08-03 06:00:00
2021-08-03 07:00:00+00:00,14.5825433333,53.4412033333,0.0,41.76,0.0324,0.036,0.0018,0.8292,0.012,0.0006,No (reported postion),anchor,2021-08-03 07:00:00
2021-08-03 08:00:00+00:00,14.58255,53.4412033333,0.0,41.76,0.0324,0.036,0.0018,0.8292,0.012,0.0006,No (reported postion),anchor,2021-08-03 08:00:00
2021-08-03 09:00:00+00:00,14.5825533333,53.4411933333,0.0,41.76,0.0324,0.036,0.0018,0.8292,0.012,0.0006,No (reported postion),anchor,2021-08-03 09:00:00
2021-08-03 10:00:00+00:00,14.5825683333,53.4411866667,0.0,41.76,0.0324,0.036,0.0018,0.8292,0.012,0.0006,No (reported postion),anchor,2021-08-03 10:00:00
2021-08-03 11:00:00+00:00,14.5825416667,53.4412033333,0.0,41.76,0.0324,0.036,0.0018,0.8292,0.012,0.0006,No (reported postion),anchor,2021-08-03 11:00:00
2021-08-03 12:00:00+00:00,14.5825433333,53.44122,0.0,41.76,0.0324,0.036,0.0018,0.8292,0.012,0.0006,No (reported postion),anchor,2021-08-03 12:00:00
2021-08-03 13:00:00+00:00,14.582525,53.4411933333,0.0,41.76,0.0324,0.036,0.0018,0.8292,0.012,0.0006,No (reported postion),anchor,2021-08-03 13:00:00
2021-08-03 14:00:00+00:00,14.5825416667,53.4411866667,0.0,41.76,0.0324,0.036,0.0018,0.8292,0.012,0.0006,No (reported postion),anchor,2021-08-03 14:00:00
2021-08-03 15:00:00+00:00,14.5825516667,53.4411933333,0.0,41.76,0.0324,0.036,0.0018,0.8292,0.012,0.0006,No (reported postion),anchor,2021-08-03 15:00:00
2021-08-03 16:00:00+00:00,14.5825583333,53.4411933333,0.0,41.76,0.0324,0.036,0.0018,0.8292,0.012,0.0006,No (reported postion),anchor,2021-08-03 16:00:00
2021-08-03 17:00:00+00:00,14.582515,53.4412033333,0.0,41.76,0.0324,0.036,0.0018,0.8292,0.012,0.0006,No (reported postion),anchor,2021-08-03 17:00:00
2021-08-03 18:00:00+00:00,14.5825466667,53.44121,0.0,41.76,0.0324,0.036,0.0018,0.8292,0.012,0.0006,No (reported postion),anchor,2021-08-03 18:00:00
2021-08-03 19:00:00+00:00,14.58257,53.44122,0.0,41.76,0.0324,0.036,0.0018,0.8292,0.012,0.0006,No (reported postion),anchor,2021-08-03 19:00:00
2021-08-03 20:00:00+00:00,14.5825716667,53.44121,0.0,41.76,0.0324,0.036,0.0018,0.8292,0.012,0.0006,No (reported postion),anchor,2021-08-03 20:00:00
2021-08-03 21:00:00+00:00,14.5825583333,53.4412033333,0.0,41.76,0.0324,0.036,0.0018,0.8292,0.012,0.0006,No (reported postion),anchor,2021-08-03 21:00:00
2021-08-03 22:00:00+00:00,14.5825533333,53.44121,0.0,41.76,0.0324,0.036,0.0018,0.8292,0.012,0.0006,No (reported postion),anchor,2021-08-03 22:00:00
2021-08-03 23:00:00+00:00,14.5825516667,53.44122,0.0,41.76,0.0324,0.036,0.0018,0.8292,0.012,0.0006,No (reported postion),anchor,2021-08-03 23:00:00
2021-08-04 00:00:00+00:00,14.58255,53.44121,0.0,41.76,0.0324,0.036,0.0018,0.8292,0.012,0.0006,No (reported postion),anchor,2021-08-04 00:00:00
2021-08-04 01:00:00+00:00,14.5825533333,53.4411866667,0.0,41.76,0.0324,0.036,0.0018,0.8292,0.012,0.0006,No (reported postion),anchor,2021-08-04 01:00:00
2021-08-04 02:00:00+00:00,14.58253,53.4411866667,0.0,41.76,0.0324,0.036,0.0018,0.8292,0.012,0.0006,No (reported postion),anchor,2021-08-04 02:00:00
2021-08-04 03:00:00+00:00,14.5825766667,53.4411866667,0.0,41.76,0.0324,0.036,0.0018,0.8292,0.012,0.0006,No (reported postion),anchor,2021-08-04 03:00:00
2021-08-04 04:00:00+00:00,14.58253,53.4412033333,0.0,41.76,0.0324,0.036,0.0018,0.8292,0.012,0.0006,No (reported postion),anchor,2021-08-04 04:00:00
2021-08-04 05:00:00+00:00,14.582535,53.44122,0.0,41.76,0.0324,0.036,0.0018,0.8292,0.012,0.0006,No (reported postion),anchor,2021-08-04 05:00:00
2021-08-04 06:00:00+00:00,14.582515,53.44121,0.0,41.76,0.0324,0.036,0.0018,0.8292,0.012,0.0006,No (reported postion),anchor,2021-08-04 06:00:00
2021-08-04 07:00:00+00:00,14.5825516667,53.4412033333,0.0,41.76,0.0324,0.036,0.0018,0.8292,0.012,0.0006,No (reported postion),anchor,2021-08-04 07:00:00
2021-08-04 08:00:00+00:00,14.5825466667,53.44121,0.0,41.76,0.0324,0.036,0.0018,0.8292,0.012,0.0006,No (reported postion),anchor,2021-08-04 08:00:00
2021-08-04 09:00:00+00:00,14.5825716667,53.4411933333,0.0,41.76,0.0324,0.036,0.0018,0.8292,0.012,0.0006,No (reported postion),anchor,2021-08-04 09:00:00
2021-08-04 10:00:00+00:00,14.5825716667,53.4411866667,0.0,41.76,0.0324,0.036,0.0018,0.8292,0.012,0.0006,No (reported postion),anchor,2021-08-04 10:00:00
2021-08-04 11:00:00+00:00,14.5825533333,53.4411933333,0.0,41.76,0.0324,0.036,0.0018,0.8292,0.012,0.0006,No (reported postion),anchor,2021-08-04 11:00:00
2021-08-04 12:00:00+00:00,14.5825766667,53.4411933333,0.0,41.76,0.0324,0.036,0.0018,0.8292,0.012,0.0006,No (reported postion),anchor,2021-08-04 12:00:00
2021-08-04 13:00:00+00:00,14.5825466667,53.4411933333,0.0,41.76,0.0324,0.036,0.0018,0.8292,0.012,0.0006,No (reported postion),anchor,2021-08-04 13:00:00
2021-08-04 14:00:00+00:00,14.5825383333,53.44121,0.0,41.76,0.0324,0.036,0.0018,0.8292,0.012,0.0006,No (reported postion),anchor,2021-08-04 14:00:00
2021-08-04 15:00:00+00:00,14.58256,53.44121,0.0,41.76,0.0324,0.036,0.0018,0.8292,0.012,0.0006,No (reported postion),anchor,2021-08-04 15:00:00
2021-08-04 16:00:00+00:00,14.5825516667,53.4412033333,0.0,41.76,0.0324,0.036,0.0018,0.8292,0.012,0.0006,No (reported postion),anchor,2021-08-04 16:00:00
2021-08-04 17:00:00+00:00,14.5825416667,53.4411933333,0.0,41.76,0.0324,0.036,0.0018,0.8292,0.012,0.0006,No (reported postion),anchor,2021-08-04 17:00:00
2021-08-04 18:00:00+00:00,14.58253,53.44121,0.0,41.76,0.0324,0.036,0.0018,0.8292,0.012,0.0006,No (reported postion),anchor,2021-08-04 18:00:00
2021-08-04 19:00:00+00:00,14.5825716667,53.4412033333,0.0,41.76,0.0324,0.036,0.0018,0.8292,0.012,0.0006,No (reported postion),anchor,2021-08-04 19:00:00
2021-08-04 20:00:00+00:00,14.5825383333,53.4411866667,0.0,41.76,0.0324,0.036,0.0018,0.8292,0.012,0.0006,No (reported postion),anchor,2021-08-04 20:00:00
2021-08-04 21:00:00+00:00,14.5825616667,53.44122,0.0,41.76,0.0324,0.036,0.0018,0.8292,0.012,0.0006,No (reported postion),anchor,2021-08-04 21:00:00
2021-08-04 22:00:00+00:00,14.5825433333,53.4412033333,0.0,41.76,0.0324,0.036,0.0018,0.8292,0.012,0.0006,No (reported postion),anchor,2021-08-04 22:00:00
2021-08-04 23:00:00+00:00,14.5825383333,53.44121,0.0,41.76,0.0324,0.036,0.0018,0.8292,0.012,0.0006,No (reported postion),anchor,2021-08-04 23:00:00
2021-08-05 00:00:00+00:00,14.5825516667,53.4412033333,0.0,41.76,0.0324,0.036,0.0018,0.8292,0.012,0.0006,No (reported postion),anchor,2021-08-05 00:00:00
2021-08-05 01:00:00+00:00,14.5825716667,53.4411933333,0.0,41.76,0.0324,0.036,0.0018,0.8292,0.012,0.0006,No (reported postion),anchor,2021-08-05 01:00:00
2021-08-05 02:00:00+00:00,14.5825383333,53.4411933333,0.0,41.76,0.0324,0.036,0.0018,0.8292,0.012,0.0006,No (reported postion),anchor,2021-08-05 02:00:00
2021-08-05 03:00:00+00:00,14.582525,53.44122,0.0,41.76,0.0324,0.036,0.0018,0.8292,0.012,0.0006,No (reported postion),anchor,2021-08-05 03:00:00
2021-08-05 04:00:00+00:00,14.582515,53.4412033333,0.0,41.76,0.0324,0.036,0.0018,0.8292,0.012,0.0006,No (reported postion),anchor,2021-08-05 04:00:00
2021-08-05 05:00:00+00:00,14.5825166667,53.4411933333,0.0,41.76,0.0324,0.036,0.0018,0.8292,0.012,0.0006,No (reported postion),anchor,2021-08-05 05:00:00
2021-08-05 06:00:00+00:00,14.5825166667,53.44121,0.0,41.76,0.0324,0.036,0.0018,0.8292,0.012,0.0006,No (reported postion),anchor,2021-08-05 06:00:00
2021-08-05 07:00:00+00:00,14.5825766667,53.4411866667,0.0,41.76,0.0324,0.036,0.0018,0.8292,0.012,0.0006,No (reported postion),anchor,2021-08-05 07:00:00
2021-08-05 08:00:00+00:00,14.5825533333,53.4412033333,0.0,41.76,0.0324,0.036,0.0018,0.8292,0.012,0.0006,No (reported postion),anchor,2021-08-05 08:00:00
2021-08-05 09:00:00+00:00,14.5825583333,53.44117,0.0,41.76,0.0324,0.036,0.0018,0.8292,0.012,0.0006,No (reported postion),anchor,2021-08-05 09:00:00
2021-08-05 10:00:00+00:00,14.58256,53.4411933333,0.0,41.76,0.0324,0.036,0.0018,0.8292,0.012,0.0006,No (reported postion),anchor,2021-08-05 10:00:00
2021-08-05 11:00:00+00:00,14.5825666667,53.44121,0.0,41.76,0.0324,0.036,0.0018,0.8292,0.012,0.0006,No (reported postion),anchor,2021-08-05 11:00:00
2021-08-05 12:00:00+00:00,14.5825616667,53.4411933333,0.0,41.76,0.0324,0.036,0.0018,0.8292,0.012,0.0006,No (reported postion),anchor,2021-08-05 12:00:00
2021-08-05 13:00:00+00:00,14.5825433333,53.4411933333,0.0,41.76,0.0324,0.036,0.0018,0.8292,0.012,0.0006,No (reported postion),anchor,2021-08-05 13:00:00
2021-08-05 14:00:00+00:00,14.58255,53.4412033333,0.0,41.76,0.0324,0.036,0.0018,0.8292,0.012,0.0006,No (reported postion),anchor,2021-08-05 14:00:00
2021-08-05 15:00:00+00:00,14.5825516667,53.44121,0.0,41.76,0.0324,0.036,0.0018,0.8292,0.012,0.0006,No (reported postion),anchor,2021-08-05 15:00:00
2021-08-05 16:00:00+00:00,14.5825533333,53.4412033333,0.0,41.76,0.0324,0.036,0.0018,0.8292,0.012,0.0006,No (reported postion),anchor,2021-08-05 16:00:00
2021-08-05 17:00:00+00:00,14.5825616667,53.4412033333,0.0,41.76,0.0324,0.036,0.0018,0.8292,0.012,0.0006,No (reported postion),anchor,2021-08-05 17:00:00
2021-08-05 18:00:00+00:00,14.5825583333,53.44121,0.0,41.76,0.0324,0.036,0.0018,0.8292,0.012,0.0006,No (reported postion),anchor,2021-08-05 18:00:00
2021-08-05 19:00:00+00:00,14.5825683333,53.4412033333,0.0,41.76,0.0324,0.036,0.0018,0.8292,0.012,0.0006,No (reported postion),anchor,2021-08-05 19:00:00
2021-08-05 20:00:00+00:00,14.5825533333,53.4411933333,0.0,41.76,0.0324,0.036,0.0018,0.8292,0.012,0.0006,No (reported postion),anchor,2021-08-05 20:00:00
2021-08-05 21:00:00+00:00,14.582535,53.44121,0.0,41.76,0.0324,0.036,0.0018,0.8292,0.012,0.0006,No (reported postion),anchor,2021-08-05 21:00:00
2021-08-05 22:00:00+00:00,14.5825416667,53.44122,0.0,41.76,0.0324,0.036,0.0018,0.8292,0.012,0.0006,No (reported postion),anchor,2021-08-05 22:00:00
2021-08-05 23:00:00+00:00,14.5825333333,53.4411866667,0.0,41.76,0.0324,0.036,0.0018,0.8292,0.012,0.0006,No (reported postion),anchor,2021-08-05 23:00:00
2021-08-06 00:00:00+00:00,14.582535,53.4412033333,0.0,41.76,0.0324,0.036,0.0018,0.8292,0.012,0.0006,No (reported postion),anchor,2021-08-06 00:00:00
2021-08-06 01:00:00+00:00,14.58255,53.4411866667,0.0,41.76,0.0324,0.036,0.0018,0.8292,0.012,0.0006,No (reported postion),anchor,2021-08-06 01:00:00
2021-08-06 02:00:00+00:00,14.5825166667,53.44122,0.0,41.76,0.0324,0.036,0.0018,0.8292,0.012,0.0006,No (reported postion),anchor,2021-08-06 02:00:00
2021-08-06 03:00:00+00:00,14.58255,53.44122,0.0,41.76,0.0324,0.036,0.0018,0.8292,0.012,0.0006,No (reported postion),anchor,2021-08-06 03:00:00
2021-08-06 04:00:00+00:00,14.5825283333,53.4411933333,0.0,41.76,0.0324,0.036,0.0018,0.8292,0.012,0.0006,No (reported postion),anchor,2021-08-06 04:00:00
2021-08-06 05:00:00+00:00,14.5825333333,53.4411933333,0.0,41.76,0.0324,0.036,0.0018,0.8292,0.012,0.0006,No (reported postion),anchor,2021-08-06 05:00:00
2021-08-06 06:00:00+00:00,14.5825683333,53.4412033333,0.0,41.76,0.0324,0.036,0.0018,0.8292,0.012,0.0006,No (reported postion),anchor,2021-08-06 06:00:00
2021-08-06 07:00:00+00:00,14.5825466667,53.44121,0.0,41.76,0.0324,0.036,0.0018,0.8292,0.012,0.0006,No (reported postion),anchor,2021-08-06 07:00:00
2021-08-06 08:00:00+00:00,14.5825616667,53.4411933333,0.0,41.76,0.0324,0.036,0.0018,0.8292,0.012,0.0006,No (reported postion),anchor,2021-08-06 08:00:00
2021-08-06 09:00:00+00:00,14.58256,53.44121,0.0,41.76,0.0324,0.036,0.0018,0.8292,0.012,0.0006,No (reported postion),anchor,2021-08-06 09:00:00
2021-08-06 10:00:00+00:00,14.5825616667,53.4411866667,0.0,41.76,0.0324,0.036,0.0018,0.8292,0.012,0.0006,No (reported postion),anchor,2021-08-06 10:00:00
2021-08-06 11:00:00+00:00,14.5825716667,53.4411866667,0.0,41.76,0.0324,0.036,0.0018,0.8292,0.012,0.0006,No (reported postion),anchor,2021-08-06 11:00:00
2021-08-06 12:00:00+00:00,14.5825766667,53.4411933333,0.0,41.76,0.0324,0.036,0.0018,0.8292,0.012,0.0006,No (reported postion),anchor,2021-08-06 12:00:00
2021-08-06 13:00:00+00:00,14.5825383333,53.44122,0.0,41.76,0.0324,0.036,0.0018,0.8292,0.012,0.0006,No (reported postion),anchor,2021-08-06 13:00:00
2021-08-06 14:00:00+00:00,14.5825416667,53.44121,0.0,41.76,0.0324,0.036,0.0018,0.8292,0.012,0.0006,No (reported postion),anchor,2021-08-06 14:00:00
2021-08-06 15:00:00+00:00,14.58253,53.4412033333,0.0,41.76,0.0324,0.036,0.0018,0.8292,0.012,0.0006,No (reported postion),anchor,2021-08-06 15:00:00
2021-08-06 16:00:00+00:00,14.5825516667,53.4411866667,0.0,41.76,0.0324,0.036,0.0018,0.8292,0.012,0.0006,No (reported postion),anchor,2021-08-06 16:00:00
2021-08-06 17:00:00+00:00,14.5825583333,53.4411866667,0.0,41.76,0.0324,0.036,0.0018,0.8292,0.012,0.0006,No (reported postion),anchor,2021-08-06 17:00:00
2021-08-06 18:00:00+00:00,14.5825516667,53.44122,0.0,41.76,0.0324,0.036,0.0018,0.8292,0.012,0.0006,No (reported postion),anchor,2021-08-06 18:00:00
2021-08-06 19:00:00+00:00,14.58257,53.44121,0.0,41.76,0.0324,0.036,0.0018,0.8292,0.012,0.0006,No (reported postion),anchor,2021-08-06 19:00:00
2021-08-06 20:00:00+00:00,14.5825466667,53.4412033333,0.0,41.76,0.0324,0.036,0.0018,0.8292,0.012,0.0006,No (reported postion),anchor,2021-08-06 20:00:00
2021-08-06 21:00:00+00:00,14.5825666667,53.4411933333,0.0,41.76,0.0324,0.036,0.0018,0.8292,0.012,0.0006,No (reported postion),anchor,2021-08-06 21:00:00
2021-08-06 22:00:00+00:00,14.5825516667,53.44121,0.0,41.76,0.0324,0.036,0.0018,0.8292,0.012,0.0006,No (reported postion),anchor,2021-08-06 22:00:00
2021-08-06 23:00:00+00:00,14.5825466667,53.44122,0.0,41.76,0.0324,0.036,0.0018,0.8292,0.012,0.0006,No (reported postion),anchor,2021-08-06 23:00:00
2021-08-07 00:00:00+00:00,14.5825616667,53.4412033333,0.0,41.76,0.0324,0.036,0.0018,0.8292,0.012,0.0006,No (reported postion),anchor,2021-08-07 00:00:00
2021-08-07 01:00:00+00:00,14.5825533333,53.44117,0.0,41.76,0.0324,0.036,0.0018,0.8292,0.012,0.0006,No (reported postion),anchor,2021-08-07 01:00:00
2021-08-07 02:00:00+00:00,14.5825416667,53.44121,0.0,41.76,0.0324,0.036,0.0018,0.8292,0.012,0.0006,No (reported postion),anchor,2021-08-07 02:00:00
2021-08-07 03:00:00+00:00,14.5825233333,53.44121,0.0,41.76,0.0324,0.036,0.0018,0.8292,0.012,0.0006,No (reported postion),anchor,2021-08-07 03:00:00
2021-08-07 04:00:00+00:00,14.5825233333,53.44117,0.0,41.76,0.0324,0.036,0.0018,0.8292,0.012,0.0006,No (reported postion),anchor,2021-08-07 04:00:00
2021-08-07 05:00:00+00:00,14.5825333333,53.4411866667,0.0,41.76,0.0324,0.036,0.0018,0.8292,0.012,0.0006,No (reported postion),anchor,2021-08-07 05:00:00
2021-08-07 06:00:00+00:00,14.5825433333,53.4411933333,0.0,41.76,0.0324,0.036,0.0018,0.8292,0.012,0.0006,No (reported postion),anchor,2021-08-07 06:00:00
2021-08-07 07:00:00+00:00,14.58252,53.44121,0.0,41.76,0.0324,0.036,0.0018,0.8292,0.012,0.0006,No (reported postion),anchor,2021-08-07 07:00:00
2021-08-07 08:00:00+00:00,14.5825533333,53.4412033333,0.0,41.76,0.0324,0.036,0.0018,0.8292,0.012,0.0006,No (reported postion),anchor,2021-08-07 08:00:00
2021-08-07 09:00:00+00:00,14.5825516667,53.4411933333,0.0,41.76,0.0324,0.036,0.0018,0.8292,0.012,0.0006,No (reported postion),anchor,2021-08-07 09:00:00
2021-08-07 10:00:00+00:00,14.5825716667,53.4411933333,0.0,41.76,0.0324,0.036,0.0018,0.8292,0.012,0.0006,No (reported postion),anchor,2021-08-07 10:00:00
2021-08-07 11:00:00+00:00,14.58256,53.44121,0.0,41.76,0.0324,0.036,0.0018,0.8292,0.012,0.0006,No (reported postion),anchor,2021-08-07 11:00:00
2021-08-07 12:00:00+00:00,14.5825416667,53.44121,0.0,41.76,0.0324,0.036,0.0018,0.8292,0.012,0.0006,No (reported postion),anchor,2021-08-07 12:00:00
2021-08-07 13:00:00+00:00,14.58253,53.4412033333,0.0,41.76,0.0324,0.036,0.0018,0.8292,0.012,0.0006,No (reported postion),anchor,2021-08-07 13:00:00
2021-08-07 14:00:00+00:00,14.5825333333,53.4412033333,0.0,41.76,0.0324,0.036,0.0018,0.8292,0.012,0.0006,No (reported postion),anchor,2021-08-07 14:00:00
2021-08-07 15:00:00+00:00,14.5825283333,53.4412033333,0.0,41.76,0.0324,0.036,0.0018,0.8292,0.012,0.0006,No (reported postion),anchor,2021-08-07 15:00:00
2021-08-07 16:00:00+00:00,14.5825466667,53.4412033333,0.0,41.76,0.0324,0.036,0.0018,0.8292,0.012,0.0006,No (reported postion),anchor,2021-08-07 16:00:00
2021-08-07 17:00:00+00:00,14.5825333333,53.4411933333,0.0,41.76,0.0324,0.036,0.0018,0.8292,0.012,0.0006,No (reported postion),anchor,2021-08-07 17:00:00
2021-08-07 18:00:00+00:00,14.5825433333,53.44121,0.0,41.76,0.0324,0.036,0.0018,0.8292,0.012,0.0006,No (reported postion),anchor,2021-08-07 18:00:00
2021-08-07 19:00:00+00:00,14.58256,53.44121,0.0,41.76,0.0324,0.036,0.0018,0.8292,0.012,0.0006,No (reported postion),anchor,2021-08-07 19:00:00
2021-08-07 20:00:00+00:00,14.5825233333,53.4412033333,0.0,41.76,0.0324,0.036,0.0018,0.8292,0.012,0.0006,No (reported postion),anchor,2021-08-07 20:00:00
2021-08-07 21:00:00+00:00,14.5825683333,53.4411933333,0.0,41.76,0.0324,0.036,0.0018,0.8292,0.012,0.0006,No (reported postion),anchor,2021-08-07 21:00:00
2021-08-07 22:00:00+00:00,14.5825466667,53.4411933333,0.0,41.76,0.0324,0.036,0.0018,0.8292,0.012,0.0006,No (reported postion),anchor,2021-08-07 22:00:00
2021-08-07 23:00:00+00:00,14.5825516667,53.44121,0.0,41.76,0.0324,0.036,0.0018,0.8292,0.012,0.0006,No (reported postion),anchor,2021-08-07 23:00:00
2021-08-08 00:00:00+00:00,14.5825333333,53.44122,0.0,41.76,0.0324,0.036,0.0018,0.8292,0.012,0.0006,No (reported postion),anchor,2021-08-08 00:00:00
2021-08-08 01:00:00+00:00,14.5825583333,53.44121,0.0,41.76,0.0324,0.036,0.0018,0.8292,0.012,0.0006,No (reported postion),anchor,2021-08-08 01:00:00
2021-08-08 02:00:00+00:00,14.582535,53.44122,0.0,41.76,0.0324,0.036,0.0018,0.8292,0.012,0.0006,No (reported postion),anchor,2021-08-08 02:00:00
2021-08-08 03:00:00+00:00,14.5825583333,53.4411933333,0.0,41.76,0.0324,0.036,0.0018,0.8292,0.012,0.0006,No (reported postion),anchor,2021-08-08 03:00:00
2021-08-08 04:00:00+00:00,14.58251,53.4411866667,0.0,41.76,0.0324,0.036,0.0018,0.8292,0.012,0.0006,No (reported postion),anchor,2021-08-08 04:00:00
2021-08-08 05:00:00+00:00,14.5825116667,53.4412033333,0.0,41.76,0.0324,0.036,0.0018,0.8292,0.012,0.0006,No (reported postion),anchor,2021-08-08 05:00:00
2021-08-08 06:00:00+00:00,14.5825516667,53.4411933333,0.0,41.76,0.0324,0.036,0.0018,0.8292,0.012,0.0006,No (reported postion),anchor,2021-08-08 06:00:00
2021-08-08 07:00:00+00:00,14.5825516667,53.4412033333,0.0,41.76,0.0324,0.036,0.0018,0.8292,0.012,0.0006,No (reported postion),anchor,2021-08-08 07:00:00
2021-08-08 08:00:00+00:00,14.5825466667,53.44121,0.0,41.76,0.0324,0.036,0.0018,0.8292,0.012,0.0006,No (reported postion),anchor,2021-08-08 08:00:00
2021-08-08 09:00:00+00:00,14.5825333333,53.44121,0.0,41.76,0.0324,0.036,0.0018,0.8292,0.012,0.0006,No (reported postion),anchor,2021-08-08 09:00:00
2021-08-08 10:00:00+00:00,14.582585,53.4411866667,0.0,41.76,0.0324,0.036,0.0018,0.8292,0.012,0.0006,No (reported postion),anchor,2021-08-08 10:00:00
2021-08-08 11:00:00+00:00,14.5825616667,53.4411866667,0.0,41.76,0.0324,0.036,0.0018,0.8292,0.012,0.0006,No (reported postion),anchor,2021-08-08 11:00:00
2021-08-08 12:00:00+00:00,14.58255,53.4411933333,0.0,41.76,0.0324,0.036,0.0018,0.8292,0.012,0.0006,No (reported postion),anchor,2021-08-08 12:00:00
2021-08-08 13:00:00+00:00,14.582535,53.4411933333,0.0,41.76,0.0324,0.036,0.0018,0.8292,0.012,0.0006,No (reported postion),anchor,2021-08-08 13:00:00
2021-08-08 14:00:00+00:00,14.58253,53.4411933333,0.0,41.76,0.0324,0.036,0.0018,0.8292,0.012,0.0006,No (reported postion),anchor,2021-08-08 14:00:00
2021-08-08 15:00:00+00:00,14.5825666667,53.44121,0.0,41.76,0.0324,0.036,0.0018,0.8292,0.012,0.0006,No (reported postion),anchor,2021-08-08 15:00:00
2021-08-08 16:00:00+00:00,14.58256,53.4411866667,0.0,41.76,0.0324,0.036,0.0018,0.8292,0.012,0.0006,No (reported postion),anchor,2021-08-08 16:00:00
2021-08-08 17:00:00+00:00,14.5825283333,53.4411933333,0.0,41.76,0.0324,0.036,0.0018,0.8292,0.012,0.0006,No (reported postion),anchor,2021-08-08 17:00:00
2021-08-08 18:00:00+00:00,14.5825683333,53.4411866667,0.0,41.76,0.0324,0.036,0.0018,0.8292,0.012,0.0006,No (reported postion),anchor,2021-08-08 18:00:00
2021-08-08 19:00:00+00:00,14.5825716667,53.44122,0.0,41.76,0.0324,0.036,0.0018,0.8292,0.012,0.0006,No (reported postion),anchor,2021-08-08 19:00:00
2021-08-08 20:00:00+00:00,14.58255,53.4412033333,0.0,41.76,0.0324,0.036,0.0018,0.8292,0.012,0.0006,No (reported postion),anchor,2021-08-08 20:00:00
2021-08-08 21:00:00+00:00,14.58255,53.44121,0.0,41.76,0.0324,0.036,0.0018,0.8292,0.012,0.0006,No (reported postion),anchor,2021-08-08 21:00:00
2021-08-08 22:00:00+00:00,14.5825433333,53.44121,0.0,41.76,0.0324,0.036,0.0018,0.8292,0.012,0.0006,No (reported postion),anchor,2021-08-08 22:00:00
2021-08-08 23:00:00+00:00,14.582535,53.44121,0.0,41.76,0.0324,0.036,0.0018,0.8292,0.012,0.0006,No (reported postion),anchor,2021-08-08 23:00:00
2021-08-09 00:00:00+00:00,14.5825466667,53.4412033333,0.0,41.76,0.0324,0.036,0.0018,0.8292,0.012,0.0006,No (reported postion),anchor,2021-08-09 00:00:00
2021-08-09 01:00:00+00:00,14.5825583333,53.4411933333,0.0,41.76,0.0324,0.036,0.0018,0.8292,0.012,0.0006,No (reported postion),anchor,2021-08-09 01:00:00
2021-08-09 02:00:00+00:00,14.5825433333,53.4412033333,0.0,41.76,0.0324,0.036,0.0018,0.8292,0.012,0.0006,No (reported postion),anchor,2021-08-09 02:00:00
2021-08-09 03:00:00+00:00,14.5825333333,53.44121,0.0,41.76,0.0324,0.036,0.0018,0.8292,0.012,0.0006,No (reported postion),anchor,2021-08-09 03:00:00
2021-08-09 04:00:00+00:00,14.5825283333,53.4411866667,0.0,41.76,0.0324,0.036,0.0018,0.8292,0.012,0.0006,No (reported postion),anchor,2021-08-09 04:00:00
2021-08-09 05:00:00+00:00,14.5825233333,53.4412033333,0.0,41.76,0.0324,0.036,0.0018,0.8292,0.012,0.0006,No (reported postion),anchor,2021-08-09 05:00:00
2021-08-09 06:00:00+00:00,14.5825383333,53.4412033333,0.0,41.76,0.0324,0.036,0.0018,0.8292,0.012,0.0006,No (reported postion),anchor,2021-08-09 06:00:00
2021-08-09 07:00:00+00:00,14.58256,53.4411933333,0.0,41.76,0.0324,0.036,0.0018,0.8292,0.012,0.0006,No (reported postion),anchor,2021-08-09 07:00:00
2021-08-09 08:00:00+00:00,14.5825416667,53.4412033333,0.0,41.76,0.0324,0.036,0.0018,0.8292,0.012,0.0006,No (reported postion),anchor,2021-08-09 08:00:00
2021-08-09 09:00:00+00:00,14.5825666667,53.4411933333,0.0,41.76,0.0324,0.036,0.0018,0.8292,0.012,0.0006,No (reported postion),anchor,2021-08-09 09:00:00
2021-08-09 10:00:00+00:00,14.5825883333,53.44117,0.0,41.76,0.0324,0.036,0.0018,0.8292,0.012,0.0006,No (reported postion),anchor,2021-08-09 10:00:00
2021-08-09 11:00:00+00:00,14.5825683333,53.4412033333,0.0,41.76,0.0324,0.036,0.0018,0.8292,0.012,0.0006,No (reported postion),anchor,2021-08-09 11:00:00
2021-08-09 12:00:00+00:00,14.5825433333,53.4411933333,0.0,41.76,0.0324,0.036,0.0018,0.8292,0.012,0.0006,No (reported postion),anchor,2021-08-09 12:00:00
2021-08-09 13:00:00+00:00,14.58252,53.4411866667,0.0,41.76,0.0324,0.036,0.0018,0.8292,0.012,0.0006,No (reported postion),anchor,2021-08-09 13:00:00
2021-08-09 14:00:00+00:00,14.582535,53.4412033333,0.0,41.76,0.0324,0.036,0.0018,0.8292,0.012,0.0006,No (reported postion),anchor,2021-08-09 14:00:00
2021-08-09 15:00:00+00:00,14.5825583333,53.4412033333,0.0,41.76,0.0324,0.036,0.0018,0.8292,0.012,0.0006,No (reported postion),anchor,2021-08-09 15:00:00
2021-08-09 16:00:00+00:00,14.58256,53.4411933333,0.0,41.76,0.0324,0.036,0.0018,0.8292,0.012,0.0006,No (reported postion),anchor,2021-08-09 16:00:00
2021-08-09 17:00:00+00:00,14.5825466667,53.4412033333,0.0,41.76,0.0324,0.036,0.0018,0.8292,0.012,0.0006,No (reported postion),anchor,2021-08-09 17:00:00
2021-08-09 18:00:00+00:00,14.5825533333,53.44122,0.0,41.76,0.0324,0.036,0.0018,0.8292,0.012,0.0006,No (reported postion),anchor,2021-08-09 18:00:00
2021-08-09 19:00:00+00:00,14.5825616667,53.44122,0.0,41.76,0.0324,0.036,0.0018,0.8292,0.012,0.0006,No (reported postion),anchor,2021-08-09 19:00:00
2021-08-09 20:00:00+00:00,14.5825283333,53.44122,0.0,41.76,0.0324,0.036,0.0018,0.8292,0.012,0.0006,No (reported postion),anchor,2021-08-09 20:00:00
2021-08-09 21:00:00+00:00,14.5825433333,53.4412033333,0.0,41.76,0.0324,0.036,0.0018,0.8292,0.012,0.0006,No (reported postion),anchor,2021-08-09 21:00:00
2021-08-09 22:00:00+00:00,14.5825533333,53.44121,0.0,41.76,0.0324,0.036,0.0018,0.8292,0.012,0.0006,No (reported postion),anchor,2021-08-09 22:00:00
2021-08-09 23:00:00+00:00,14.58256,53.44121,0.0,41.76,0.0324,0.036,0.0018,0.8292,0.012,0.0006,No (reported postion),anchor,2021-08-09 23:00:00
2021-08-10 00:00:00+00:00,14.5825333333,53.44122,0.0,41.76,0.0324,0.036,0.0018,0.8292,0.012,0.0006,No (reported postion),anchor,2021-08-10 00:00:00
2021-08-10 01:00:00+00:00,14.58256,53.4411933333,0.0,41.76,0.0324,0.036,0.0018,0.8292,0.012,0.0006,No (reported postion),anchor,2021-08-10 01:00:00
2021-08-10 02:00:00+00:00,14.5825416667,53.4411866667,0.0,41.76,0.0324,0.036,0.0018,0.8292,0.012,0.0006,No (reported postion),anchor,2021-08-10 02:00:00
2021-08-10 03:00:00+00:00,14.5825283333,53.44121,0.0,41.76,0.0324,0.036,0.0018,0.8292,0.012,0.0006,No (reported postion),anchor,2021-08-10 03:00:00
2021-08-10 04:00:00+00:00,14.58253,53.4411866667,0.0,41.76,0.0324,0.036,0.0018,0.8292,0.012,0.0006,No (reported postion),anchor,2021-08-10 04:00:00
2021-08-10 05:00:00+00:00,14.58252,53.4412033333,0.0,41.76,0.0324,0.036,0.0018,0.8292,0.012,0.0006,No (reported postion),anchor,2021-08-10 05:00:00
2021-08-10 06:00:00+00:00,14.582515,53.4412033333,0.0,41.76,0.0324,0.036,0.0018,0.8292,0.012,0.0006,No (reported postion),anchor,2021-08-10 06:00:00
2021-08-10 07:00:00+00:00,14.58253,53.44122,0.0,41.76,0.0324,0.036,0.0018,0.8292,0.012,0.0006,No (reported postion),anchor,2021-08-10 07:00:00
2021-08-10 08:00:00+00:00,14.5825466667,53.4411866667,0.0,41.76,0.0324,0.036,0.0018,0.8292,0.012,0.0006,No (reported postion),anchor,2021-08-10 08:00:00
2021-08-10 09:00:00+00:00,14.5825583333,53.4412033333,0.0,41.76,0.0324,0.036,0.0018,0.8292,0.012,0.0006,No (reported postion),anchor,2021-08-10 09:00:00
2021-08-10 10:00:00+00:00,14.5825766667,53.4411933333,0.0,41.76,0.0324,0.036,0.0018,0.8292,0.012,0.0006,No (reported postion),anchor,2021-08-10 10:00:00
2021-08-10 11:00:00+00:00,14.5825683333,53.4412033333,0.0,41.76,0.0324,0.036,0.0018,0.8292,0.012,0.0006,No (reported postion),anchor,2021-08-10 11:00:00
2021-08-10 12:00:00+00:00,14.5825616667,53.4411933333,0.0,41.76,0.0324,0.036,0.0018,0.8292,0.012,0.0006,No (reported postion),anchor,2021-08-10 12:00:00
2021-08-10 13:00:00+00:00,14.582535,53.4411866667,0.0,41.76,0.0324,0.036,0.0018,0.8292,0.012,0.0006,No (reported postion),anchor,2021-08-10 13:00:00
2021-08-10 14:00:00+00:00,14.58255,53.4411866667,0.0,41.76,0.0324,0.036,0.0018,0.8292,0.012,0.0006,No (reported postion),anchor,2021-08-10 14:00:00
2021-08-10 15:00:00+00:00,14.5825766667,53.4412033333,0.0,41.76,0.0324,0.036,0.0018,0.8292,0.012,0.0006,No (reported postion),anchor,2021-08-10 15:00:00
2021-08-10 16:00:00+00:00,14.5825666667,53.4411933333,0.0,41.76,0.0324,0.036,0.0018,0.8292,0.012,0.0006,No (reported postion),anchor,2021-08-10 16:00:00
2021-08-10 17:00:00+00:00,14.5825516667,53.4412033333,0.0,41.76,0.0324,0.036,0.0018,0.8292,0.012,0.0006,No (reported postion),anchor,2021-08-10 17:00:00
2021-08-10 18:00:00+00:00,14.5825333333,53.44122,0.0,41.76,0.0324,0.036,0.0018,0.8292,0.012,0.0006,No (reported postion),anchor,2021-08-10 18:00:00
2021-08-10 19:00:00+00:00,14.5825716667,53.44122,0.0,41.76,0.0324,0.036,0.0018,0.8292,0.012,0.0006,No (reported postion),anchor,2021-08-10 19:00:00
2021-08-10 20:00:00+00:00,14.58258,53.4411866667,0.0,41.76,0.0324,0.036,0.0018,0.8292,0.012,0.0006,No (reported postion),anchor,2021-08-10 20:00:00
2021-08-10 21:00:00+00:00,14.5825433333,53.4411933333,0.0,41.76,0.0324,0.036,0.0018,0.8292,0.012,0.0006,No (reported postion),anchor,2021-08-10 21:00:00
2021-08-10 22:00:00+00:00,14.5825466667,53.4412033333,0.0,41.76,0.0324,0.036,0.0018,0.8292,0.012,0.0006,No (reported postion),anchor,2021-08-10 22:00:00
2021-08-10 23:00:00+00:00,14.5825383333,53.44122,0.0,41.76,0.0324,0.036,0.0018,0.8292,0.012,0.0006,No (reported postion),anchor,2021-08-10 23:00:00
2021-08-11 00:00:00+00:00,14.5825416667,53.4411866667,0.0,41.76,0.0324,0.036,0.0018,0.8292,0.012,0.0006,No (reported postion),anchor,2021-08-11 00:00:00
2021-08-11 01:00:00+00:00,14.5825466667,53.44121,0.0,41.76,0.0324,0.036,0.0018,0.8292,0.012,0.0006,No (reported postion),anchor,2021-08-11 01:00:00
2021-08-11 02:00:00+00:00,14.5825383333,53.4412033333,0.0,41.76,0.0324,0.036,0.0018,0.8292,0.012,0.0006,No (reported postion),anchor,2021-08-11 02:00:00
2021-08-11 03:00:00+00:00,14.5825533333,53.4411933333,0.0,41.76,0.0324,0.036,0.0018,0.8292,0.012,0.0006,No (reported postion),anchor,2021-08-11 03:00:00
2021-08-11 04:00:00+00:00,14.58251,53.4411866667,0.0,41.76,0.0324,0.036,0.0018,0.8292,0.012,0.0006,No (reported postion),anchor,2021-08-11 04:00:00
2021-08-11 05:00:00+00:00,14.5825283333,53.4412033333,0.0,41.76,0.0324,0.036,0.0018,0.8292,0.012,0.0006,No (reported postion),anchor,2021-08-11 05:00:00
2021-08-11 06:00:00+00:00,14.5825533333,53.44121,0.0,41.76,0.0324,0.036,0.0018,0.8292,0.012,0.0006,No (reported postion),anchor,2021-08-11 06:00:00
2021-08-11 07:00:00+00:00,14.5825683333,53.4411933333,0.0,41.76,0.0324,0.036,0.0018,0.8292,0.012,0.0006,No (reported postion),anchor,2021-08-11 07:00:00
2021-08-11 08:00:00+00:00,14.5825516667,53.4412033333,0.0,41.76,0.0324,0.036,0.0018,0.8292,0.012,0.0006,No (reported postion),anchor,2021-08-11 08:00:00
2021-08-11 09:00:00+00:00,14.5825333333,53.44121,0.0,41.76,0.0324,0.036,0.0018,0.8292,0.012,0.0006,No (reported postion),anchor,2021-08-11 09:00:00
2021-08-11 10:00:00+00:00,14.5825383333,53.4412033333,0.0,41.76,0.0324,0.036,0.0018,0.8292,0.012,0.0006,No (reported postion),anchor,2021-08-11 10:00:00
2021-08-11 11:00:00+00:00,14.582535,53.4411933333,0.0,41.76,0.0324,0.036,0.0018,0.8292,0.012,0.0006,No (reported postion),anchor,2021-08-11 11:00:00
2021-08-11 12:00:00+00:00,14.5825433333,53.44118,0.0,41.76,0.0324,0.036,0.0018,0.8292,0.012,0.0006,No (reported postion),anchor,2021-08-11 12:00:00
2021-08-11 13:00:00+00:00,14.5825516667,53.4411866667,0.0,41.76,0.0324,0.036,0.0018,0.8292,0.012,0.0006,No (reported postion),anchor,2021-08-11 13:00:00
2021-08-11 14:00:00+00:00,14.5825666667,53.4412033333,0.0,41.76,0.0324,0.036,0.0018,0.8292,0.012,0.0006,No (reported postion),anchor,2021-08-11 14:00:00
2021-08-11 15:00:00+00:00,14.5825583333,53.44121,0.0,41.76,0.0324,0.036,0.0018,0.8292,0.012,0.0006,No (reported postion),anchor,2021-08-11 15:00:00
2021-08-11 16:00:00+00:00,14.5825616667,53.4411933333,0.0,41.76,0.0324,0.036,0.0018,0.8292,0.012,0.0006,No (reported postion),anchor,2021-08-11 16:00:00
2021-08-11 17:00:00+00:00,14.5825283333,53.4411933333,0.0,41.76,0.0324,0.036,0.0018,0.8292,0.012,0.0006,No (reported postion),anchor,2021-08-11 17:00:00
2021-08-11 18:00:00+00:00,14.5825466667,53.44122,0.0,41.76,0.0324,0.036,0.0018,0.8292,0.012,0.0006,No (reported postion),anchor,2021-08-11 18:00:00
2021-08-11 19:00:00+00:00,14.5825433333,53.44121,0.0,41.76,0.0324,0.036,0.0018,0.8292,0.012,0.0006,No (reported postion),anchor,2021-08-11 19:00:00
2021-08-11 20:00:00+00:00,14.58257,53.4412033333,0.0,41.76,0.0324,0.036,0.0018,0.8292,0.012,0.0006,No (reported postion),anchor,2021-08-11 20:00:00
2021-08-11 21:00:00+00:00,14.5825533333,53.44122,0.0,41.76,0.0324,0.036,0.0018,0.8292,0.012,0.0006,No (reported postion),anchor,2021-08-11 21:00:00
2021-08-11 22:00:00+00:00,14.58256,53.44122,0.0,41.76,0.0324,0.036,0.0018,0.8292,0.012,0.0006,No (reported postion),anchor,2021-08-11 22:00:00
2021-08-11 23:00:00+00:00,14.5825333333,53.4412033333,0.0,41.76,0.0324,0.036,0.0018,0.8292,0.012,0.0006,No (reported postion),anchor,2021-08-11 23:00:00
2021-08-12 00:00:00+00:00,14.5825666667,53.4411933333,0.0,41.76,0.0324,0.036,0.0018,0.8292,0.012,0.0006,No (reported postion),anchor,2021-08-12 00:00:00
2021-08-12 01:00:00+00:00,14.5825583333,53.44121,0.0,41.76,0.0324,0.036,0.0018,0.8292,0.012,0.0006,No (reported postion),anchor,2021-08-12 01:00:00
2021-08-12 02:00:00+00:00,14.5825666667,53.4412033333,0.0,41.76,0.0324,0.036,0.0018,0.8292,0.012,0.0006,No (reported postion),anchor,2021-08-12 02:00:00
2021-08-12 03:00:00+00:00,14.582535,53.4412033333,0.0,41.76,0.0324,0.036,0.0018,0.8292,0.012,0.0006,No (reported postion),anchor,2021-08-12 03:00:00
2021-08-12 04:00:00+00:00,14.5825433333,53.4411866667,0.0,41.76,0.0324,0.036,0.0018,0.8292,0.012,0.0006,No (reported postion),anchor,2021-08-12 04:00:00
2021-08-12 05:00:00+00:00,14.5825233333,53.4411933333,0.0,41.76,0.0324,0.036,0.0018,0.8292,0.012,0.0006,No (reported postion),anchor,2021-08-12 05:00:00
2021-08-12 06:00:00+00:00,14.58253,53.4411933333,0.0,41.76,0.0324,0.036,0.0018,0.8292,0.012,0.0006,No (reported postion),anchor,2021-08-12 06:00:00
2021-08-12 07:00:00+00:00,14.5825716667,53.4411933333,0.0,41.76,0.0324,0.036,0.0018,0.8292,0.012,0.0006,No (reported postion),anchor,2021-08-12 07:00:00
2021-08-12 08:00:00+00:00,14.5825416667,53.44122,0.0,41.76,0.0324,0.036,0.0018,0.8292,0.012,0.0006,No (reported postion),anchor,2021-08-12 08:00:00
2021-08-12 09:00:00+00:00,14.58253,53.44121,0.0,41.76,0.0324,0.036,0.0018,0.8292,0.012,0.0006,No (reported postion),anchor,2021-08-12 09:00:00
2021-08-12 10:00:00+00:00,14.5825333333,53.4411866667,0.0,41.76,0.0324,0.036,0.0018,0.8292,0.012,0.0006,No (reported postion),anchor,2021-08-12 10:00:00
2021-08-12 11:00:00+00:00,14.5825466667,53.4412033333,0.0,41.76,0.0324,0.036,0.0018,0.8292,0.012,0.0006,No (reported postion),anchor,2021-08-12 11:00:00
2021-08-12 12:00:00+00:00,14.58253,53.4412033333,0.0,41.76,0.0324,0.036,0.0018,0.8292,0.012,0.0006,No (reported postion),anchor,2021-08-12 12:00:00
2021-08-12 13:00:00+00:00,14.5825583333,53.44121,0.0,41.76,0.0324,0.036,0.0018,0.8292,0.012,0.0006,No (reported postion),anchor,2021-08-12 13:00:00
2021-08-12 14:00:00+00:00,14.58256,53.4412033333,0.0,41.76,0.0324,0.036,0.0018,0.8292,0.012,0.0006,No (reported postion),anchor,2021-08-12 14:00:00
2021-08-12 15:00:00+00:00,14.5825616667,53.4411866667,0.0,41.76,0.0324,0.036,0.0018,0.8292,0.012,0.0006,No (reported postion),anchor,2021-08-12 15:00:00
2021-08-12 16:00:00+00:00,14.5825333333,53.4411933333,0.0,41.76,0.0324,0.036,0.0018,0.8292,0.012,0.0006,No (reported postion),anchor,2021-08-12 16:00:00
2021-08-12 17:00:00+00:00,14.5825416667,53.4412033333,0.0,41.76,0.0324,0.036,0.0018,0.8292,0.012,0.0006,No (reported postion),anchor,2021-08-12 17:00:00
2021-08-12 18:00:00+00:00,14.5825416667,53.44121,0.0,41.76,0.0324,0.036,0.0018,0.8292,0.012,0.0006,No (reported postion),anchor,2021-08-12 18:00:00
2021-08-12 19:00:00+00:00,14.5825583333,53.44122,0.0,41.76,0.0324,0.036,0.0018,0.8292,0.012,0.0006,No (reported postion),anchor,2021-08-12 19:00:00
2021-08-12 20:00:00+00:00,14.5825433333,53.44121,0.0,41.76,0.0324,0.036,0.0018,0.8292,0.012,0.0006,No (reported postion),anchor,2021-08-12 20:00:00
2021-08-12 21:00:00+00:00,14.5825466667,53.4412266667,0.0,41.76,0.0324,0.036,0.0018,0.8292,0.012,0.0006,No (reported postion),anchor,2021-08-12 21:00:00
2021-08-12 22:00:00+00:00,14.5825683333,53.4412033333,0.0,41.76,0.0324,0.036,0.0018,0.8292,0.012,0.0006,No (reported postion),anchor,2021-08-12 22:00:00
2021-08-12 23:00:00+00:00,14.5825283333,53.4412033333,0.0,41.76,0.0324,0.036,0.0018,0.8292,0.012,0.0006,No (reported postion),anchor,2021-08-12 23:00:00
2021-08-13 00:00:00+00:00,14.582535,53.4412033333,0.0,41.76,0.0324,0.036,0.0018,0.8292,0.012,0.0006,No (reported postion),anchor,2021-08-13 00:00:00
2021-08-13 01:00:00+00:00,14.5825683333,53.44122,0.0,41.76,0.0324,0.036,0.0018,0.8292,0.012,0.0006,No (reported postion),anchor,2021-08-13 01:00:00
2021-08-13 02:00:00+00:00,14.58257,53.4412033333,0.0,41.76,0.0324,0.036,0.0018,0.8292,0.012,0.0006,No (reported postion),anchor,2021-08-13 02:00:00
2021-08-13 03:00:00+00:00,14.58253,53.44121,0.0,41.76,0.0324,0.036,0.0018,0.8292,0.012,0.0006,No (reported postion),anchor,2021-08-13 03:00:00
2021-08-13 04:00:00+00:00,14.5825233333,53.44118,0.0,41.76,0.0324,0.036,0.0018,0.8292,0.012,0.0006,No (reported postion),anchor,2021-08-13 04:00:00
2021-08-13 05:00:00+00:00,14.5825466667,53.4412033333,0.0,41.76,0.0324,0.036,0.0018,0.8292,0.012,0.0006,No (reported postion),anchor,2021-08-13 05:00:00
2021-08-13 06:00:00+00:00,14.5825616667,53.4412033333,0.0,41.76,0.0324,0.036,0.0018,0.8292,0.012,0.0006,No (reported postion),anchor,2021-08-13 06:00:00
2021-08-13 07:00:00+00:00,14.5825516667,53.44121,0.0,41.76,0.0324,0.036,0.0018,0.8292,0.012,0.0006,No (reported postion),anchor,2021-08-13 07:00:00
2021-08-13 08:00:00+00:00,14.5825433333,53.44122,0.0,41.76,0.0324,0.036,0.0018,0.8292,0.012,0.0006,No (reported postion),anchor,2021-08-13 08:00:00
2021-08-13 09:00:00+00:00,14.582525,53.44122,0.0,41.76,0.0324,0.036,0.0018,0.8292,0.012,0.0006,No (reported postion),anchor,2021-08-13 09:00:00
2021-08-13 10:00:00+00:00,14.5825616667,53.4411933333,0.0,41.76,0.0324,0.036,0.0018,0.8292,0.012,0.0006,No (reported postion),anchor,2021-08-13 10:00:00
2021-08-13 11:00:00+00:00,14.5825616667,53.44121,0.0,41.76,0.0324,0.036,0.0018,0.8292,0.012,0.0006,No (reported postion),anchor,2021-08-13 11:00:00
2021-08-13 12:00:00+00:00,14.58252,53.44122,0.0,41.76,0.0324,0.036,0.0018,0.8292,0.012,0.0006,No (reported postion),anchor,2021-08-13 12:00:00
2021-08-13 13:00:00+00:00,14.582535,53.4411866667,0.0,41.76,0.0324,0.036,0.0018,0.8292,0.012,0.0006,No (reported postion),anchor,2021-08-13 13:00:00
2021-08-13 14:00:00+00:00,14.5825533333,53.4411933333,0.0,41.76,0.0324,0.036,0.0018,0.8292,0.012,0.0006,No (reported postion),anchor,2021-08-13 14:00:00
2021-08-13 15:00:00+00:00,14.58255,53.44121,0.0,41.76,0.0324,0.036,0.0018,0.8292,0.012,0.0006,No (reported postion),anchor,2021-08-13 15:00:00
2021-08-13 16:00:00+00:00,14.58256,53.4411933333,0.0,41.76,0.0324,0.036,0.0018,0.8292,0.012,0.0006,No (reported postion),anchor,2021-08-13 16:00:00
2021-08-13 17:00:00+00:00,14.5825583333,53.4412033333,0.0,41.76,0.0324,0.036,0.0018,0.8292,0.012,0.0006,No (reported postion),anchor,2021-08-13 17:00:00
2021-08-13 18:00:00+00:00,14.5825416667,53.44121,0.0,41.76,0.0324,0.036,0.0018,0.8292,0.012,0.0006,No (reported postion),anchor,2021-08-13 18:00:00
2021-08-13 19:00:00+00:00,14.5825383333,53.4412033333,0.0,41.76,0.0324,0.036,0.0018,0.8292,0.012,0.0006,No (reported postion),anchor,2021-08-13 19:00:00
2021-08-13 20:00:00+00:00,14.5825533333,53.44122,0.0,41.76,0.0324,0.036,0.0018,0.8292,0.012,0.0006,No (reported postion),anchor,2021-08-13 20:00:00
2021-08-13 21:00:00+00:00,14.5825683333,53.44121,0.0,41.76,0.0324,0.036,0.0018,0.8292,0.012,0.0006,No (reported postion),anchor,2021-08-13 21:00:00
2021-08-13 22:00:00+00:00,14.5825583333,53.4411933333,0.0,41.76,0.0324,0.036,0.0018,0.8292,0.012,0.0006,No (reported postion),anchor,2021-08-13 22:00:00
2021-08-13 23:00:00+00:00,14.5825233333,53.44121,0.0,41.76,0.0324,0.036,0.0018,0.8292,0.012,0.0006,No (reported postion),anchor,2021-08-13 23:00:00
2021-08-14 00:00:00+00:00,14.5825433333,53.4411933333,0.0,41.76,0.0324,0.036,0.0018,0.8292,0.012,0.0006,No (reported postion),anchor,2021-08-14 00:00:00
2021-08-14 01:00:00+00:00,14.58255,53.4411933333,0.0,41.76,0.0324,0.036,0.0018,0.8292,0.012,0.0006,No (reported postion),anchor,2021-08-14 01:00:00
2021-08-14 02:00:00+00:00,14.5825683333,53.4412033333,0.0,41.76,0.0324,0.036,0.0018,0.8292,0.012,0.0006,No (reported postion),anchor,2021-08-14 02:00:00
2021-08-14 03:00:00+00:00,14.5825416667,53.4411933333,0.0,41.76,0.0324,0.036,0.0018,0.8292,0.012,0.0006,No (reported postion),anchor,2021-08-14 03:00:00
2021-08-14 04:00:00+00:00,14.5825233333,53.44118,0.0,41.76,0.0324,0.036,0.0018,0.8292,0.012,0.0006,No (reported postion),anchor,2021-08-14 04:00:00
2021-08-14 05:00:00+00:00,14.58253,53.4411866667,0.0,41.76,0.0324,0.036,0.0018,0.8292,0.012,0.0006,No (reported postion),anchor,2021-08-14 05:00:00
2021-08-14 06:00:00+00:00,14.58256,53.4411933333,0.0,41.76,0.0324,0.036,0.0018,0.8292,0.012,0.0006,No (reported postion),anchor,2021-08-14 06:00:00
2021-08-14 07:00:00+00:00,14.5825516667,53.4411866667,0.0,41.76,0.0324,0.036,0.0018,0.8292,0.012,0.0006,No (reported postion),anchor,2021-08-14 07:00:00
2021-08-14 08:00:00+00:00,14.582525,53.4411933333,0.0,41.76,0.0324,0.036,0.0018,0.8292,0.012,0.0006,No (reported postion),anchor,2021-08-14 08:00:00
2021-08-14 09:00:00+00:00,14.58255,53.44121,0.0,41.76,0.0324,0.036,0.0018,0.8292,0.012,0.0006,No (reported postion),anchor,2021-08-14 09:00:00
2021-08-14 10:00:00+00:00,14.5825466667,53.4411933333,0.0,41.76,0.0324,0.036,0.0018,0.8292,0.012,0.0006,No (reported postion),anchor,2021-08-14 10:00:00
2021-08-14 11:00:00+00:00,14.5825533333,53.44121,0.0,41.76,0.0324,0.036,0.0018,0.8292,0.012,0.0006,No (reported postion),anchor,2021-08-14 11:00:00
2021-08-14 12:00:00+00:00,14.5825333333,53.4411933333,0.0,41.76,0.0324,0.036,0.0018,0.8292,0.012,0.0006,No (reported postion),anchor,2021-08-14 12:00:00
2021-08-14 13:00:00+00:00,14.58257,53.44121,0.0,41.76,0.0324,0.036,0.0018,0.8292,0.012,0.0006,No (reported postion),anchor,2021-08-14 13:00:00
2021-08-14 14:00:00+00:00,14.5825716667,53.4412033333,0.0,41.76,0.0324,0.036,0.0018,0.8292,0.012,0.0006,No (reported postion),anchor,2021-08-14 14:00:00
2021-08-14 15:00:00+00:00,14.5825716667,53.44121,0.0,41.76,0.0324,0.036,0.0018,0.8292,0.012,0.0006,No (reported postion),anchor,2021-08-14 15:00:00
2021-08-14 16:00:00+00:00,14.58256,53.4411933333,0.0,41.76,0.0324,0.036,0.0018,0.8292,0.012,0.0006,No (reported postion),anchor,2021-08-14 16:00:00
2021-08-14 17:00:00+00:00,14.58253,53.4412033333,0.0,41.76,0.0324,0.036,0.0018,0.8292,0.012,0.0006,No (reported postion),anchor,2021-08-14 17:00:00
2021-08-14 18:00:00+00:00,14.58256,53.4412033333,0.0,41.76,0.0324,0.036,0.0018,0.8292,0.012,0.0006,No (reported postion),anchor,2021-08-14 18:00:00
2021-08-14 19:00:00+00:00,14.5825466667,53.44121,0.0,41.76,0.0324,0.036,0.0018,0.8292,0.012,0.0006,No (reported postion),anchor,2021-08-14 19:00:00
2021-08-14 20:00:00+00:00,14.5825533333,53.4411866667,0.0,41.76,0.0324,0.036,0.0018,0.8292,0.012,0.0006,No (reported postion),anchor,2021-08-14 20:00:00
2021-08-14 21:00:00+00:00,14.582535,53.4411933333,0.0,41.76,0.0324,0.036,0.0018,0.8292,0.012,0.0006,No (reported postion),anchor,2021-08-14 21:00:00
2021-08-14 22:00:00+00:00,14.5825666667,53.44121,0.0,41.76,0.0324,0.036,0.0018,0.8292,0.012,0.0006,No (reported postion),anchor,2021-08-14 22:00:00
2021-08-14 23:00:00+00:00,14.582535,53.44121,0.0,41.76,0.0324,0.036,0.0018,0.8292,0.012,0.0006,No (reported postion),anchor,2021-08-14 23:00:00
2021-08-15 00:00:00+00:00,14.5825433333,53.4411933333,0.0,41.76,0.0324,0.036,0.0018,0.8292,0.012,0.0006,No (reported postion),anchor,2021-08-15 00:00:00
2021-08-15 01:00:00+00:00,14.5825283333,53.4412033333,0.0,41.76,0.0324,0.036,0.0018,0.8292,0.012,0.0006,No (reported postion),anchor,2021-08-15 01:00:00
2021-08-15 02:00:00+00:00,14.58256,53.4411933333,0.0,41.76,0.0324,0.036,0.0018,0.8292,0.012,0.0006,No (reported postion),anchor,2021-08-15 02:00:00
2021-08-15 03:00:00+00:00,14.5825166667,53.44122,0.0,41.76,0.0324,0.036,0.0018,0.8292,0.012,0.0006,No (reported postion),anchor,2021-08-15 03:00:00
2021-08-15 04:00:00+00:00,14.582495,53.4411933333,0.0,41.76,0.0324,0.036,0.0018,0.8292,0.012,0.0006,No (reported postion),anchor,2021-08-15 04:00:00
2021-08-15 05:00:00+00:00,14.5825466667,53.44122,0.0,41.76,0.0324,0.036,0.0018,0.8292,0.012,0.0006,No (reported postion),anchor,2021-08-15 05:00:00
2021-08-15 06:00:00+00:00,14.58255,53.4411933333,0.0,41.76,0.0324,0.036,0.0018,0.8292,0.012,0.0006,No (reported postion),anchor,2021-08-15 06:00:00
2021-08-15 07:00:00+00:00,14.58253,53.4411866667,0.0,41.76,0.0324,0.036,0.0018,0.8292,0.012,0.0006,No (reported postion),anchor,2021-08-15 07:00:00
2021-08-15 08:00:00+00:00,14.5825333333,53.4412033333,0.0,41.76,0.0324,0.036,0.0018,0.8292,0.012,0.0006,No (reported postion),anchor,2021-08-15 08:00:00
2021-08-15 09:00:00+00:00,14.5825283333,53.44122,0.0,41.76,0.0324,0.036,0.0018,0.8292,0.012,0.0006,No (reported postion),anchor,2021-08-15 09:00:00
2021-08-15 10:00:00+00:00,14.5825433333,53.4411933333,0.0,41.76,0.0324,0.036,0.0018,0.8292,0.012,0.0006,No (reported postion),anchor,2021-08-15 10:00:00
2021-08-15 11:00:00+00:00,14.58256,53.44122,0.0,41.76,0.0324,0.036,0.0018,0.8292,0.012,0.0006,No (reported postion),anchor,2021-08-15 11:00:00
2021-08-15 12:00:00+00:00,14.5825383333,53.4411866667,0.0,41.76,0.0324,0.036,0.0018,0.8292,0.012,0.0006,No (reported postion),anchor,2021-08-15 12:00:00
2021-08-15 13:00:00+00:00,14.5825466667,53.4412033333,0.0,41.76,0.0324,0.036,0.0018,0.8292,0.012,0.0006,No (reported postion),anchor,2021-08-15 13:00:00
2021-08-15 14:00:00+00:00,14.58255,53.4412033333,0.0,41.76,0.0324,0.036,0.0018,0.8292,0.012,0.0006,No (reported postion),anchor,2021-08-15 14:00:00
2021-08-15 15:00:00+00:00,14.5825616667,53.44121,0.0,41.76,0.0324,0.036,0.0018,0.8292,0.012,0.0006,No (reported postion),anchor,2021-08-15 15:00:00
2021-08-15 16:00:00+00:00,14.5825516667,53.4411866667,0.0,41.76,0.0324,0.036,0.0018,0.8292,0.012,0.0006,No (reported postion),anchor,2021-08-15 16:00:00
2021-08-15 17:00:00+00:00,14.5825383333,53.44121,0.0,41.76,0.0324,0.036,0.0018,0.8292,0.012,0.0006,No (reported postion),anchor,2021-08-15 17:00:00
2021-08-15 18:00:00+00:00,14.5825583333,53.4411866667,0.0,41.76,0.0324,0.036,0.0018,0.8292,0.012,0.0006,No (reported postion),anchor,2021-08-15 18:00:00
2021-08-15 19:00:00+00:00,14.5825616667,53.4412033333,0.0,41.76,0.0324,0.036,0.0018,0.8292,0.012,0.0006,No (reported postion),anchor,2021-08-15 19:00:00
2021-08-15 20:00:00+00:00,14.5825416667,53.4412033333,0.0,41.76,0.0324,0.036,0.0018,0.8292,0.012,0.0006,No (reported postion),anchor,2021-08-15 20:00:00
2021-08-15 21:00:00+00:00,14.5825666667,53.44122,0.0,41.76,0.0324,0.036,0.0018,0.8292,0.012,0.0006,No (reported postion),anchor,2021-08-15 21:00:00
2021-08-15 22:00:00+00:00,14.58255,53.44122,0.0,41.76,0.0324,0.036,0.0018,0.8292,0.012,0.0006,No (reported postion),anchor,2021-08-15 22:00:00
2021-08-15 23:00:00+00:00,14.582535,53.44121,0.0,41.76,0.0324,0.036,0.0018,0.8292,0.012,0.0006,No (reported postion),anchor,2021-08-15 23:00:00
2021-08-16 00:00:00+00:00,14.5825466667,53.4411933333,0.0,41.76,0.0324,0.036,0.0018,0.8292,0.012,0.0006,No (reported postion),anchor,2021-08-16 00:00:00
2021-08-16 01:00:00+00:00,14.582535,53.4411866667,0.0,41.76,0.0324,0.036,0.0018,0.8292,0.012,0.0006,No (reported postion),anchor,2021-08-16 01:00:00
2021-08-16 02:00:00+00:00,14.5825683333,53.4412033333,0.0,41.76,0.0324,0.036,0.0018,0.8292,0.012,0.0006,No (reported postion),anchor,2021-08-16 02:00:00
2021-08-16 03:00:00+00:00,14.5825166667,53.44122,0.0,41.76,0.0324,0.036,0.0018,0.8292,0.012,0.0006,No (reported postion),anchor,2021-08-16 03:00:00
2021-08-16 04:00:00+00:00,14.5825066667,53.4411866667,0.0,41.76,0.0324,0.036,0.0018,0.8292,0.012,0.0006,No (reported postion),anchor,2021-08-16 04:00:00
2021-08-16 05:00:00+00:00,14.5825383333,53.4412033333,0.0,41.76,0.0324,0.036,0.0018,0.8292,0.012,0.0006,No (reported postion),anchor,2021-08-16 05:00:00
2021-08-16 06:00:00+00:00,14.58256,53.4412033333,0.0,41.76,0.0324,0.036,0.0018,0.8292,0.012,0.0006,No (reported postion),anchor,2021-08-16 06:00:00
2021-08-16 07:00:00+00:00,14.5825466667,53.44122,0.0,41.76,0.0324,0.036,0.0018,0.8292,0.012,0.0006,No (reported postion),anchor,2021-08-16 07:00:00
2021-08-16 08:00:00+00:00,14.5825416667,53.44121,0.0,41.76,0.0324,0.036,0.0018,0.8292,0.012,0.0006,No (reported postion),anchor,2021-08-16 08:00:00
2021-08-16 09:00:00+00:00,14.58257,53.4411933333,0.0,41.76,0.0324,0.036,0.0018,0.8292,0.012,0.0006,No (reported postion),anchor,2021-08-16 09:00:00
2021-08-16 10:00:00+00:00,14.582535,53.4411866667,0.0,41.76,0.0324,0.036,0.0018,0.8292,0.012,0.0006,No (reported postion),anchor,2021-08-16 10:00:00
2021-08-16 11:00:00+00:00,14.5825433333,53.44121,0.0,41.76,0.0324,0.036,0.0018,0.8292,0.012,0.0006,No (reported postion),anchor,2021-08-16 11:00:00
2021-08-16 12:00:00+00:00,14.58253,53.44118,0.0,41.76,0.0324,0.036,0.0018,0.8292,0.012,0.0006,No (reported postion),anchor,2021-08-16 12:00:00
2021-08-16 13:00:00+00:00,14.5825683333,53.4412033333,0.0,41.76,0.0324,0.036,0.0018,0.8292,0.012,0.0006,No (reported postion),anchor,2021-08-16 13:00:00
2021-08-16 14:00:00+00:00,14.5825583333,53.44122,0.0,41.76,0.0324,0.036,0.0018,0.8292,0.012,0.0006,No (reported postion),anchor,2021-08-16 14:00:00
2021-08-16 15:00:00+00:00,14.5825616667,53.4411933333,0.0,41.76,0.0324,0.036,0.0018,0.8292,0.012,0.0006,No (reported postion),anchor,2021-08-16 15:00:00
2021-08-16 16:00:00+00:00,14.5825283333,53.4411866667,0.0,41.76,0.0324,0.036,0.0018,0.8292,0.012,0.0006,No (reported postion),anchor,2021-08-16 16:00:00
2021-08-16 17:00:00+00:00,14.5825616667,53.44121,0.0,41.76,0.0324,0.036,0.0018,0.8292,0.012,0.0006,No (reported postion),anchor,2021-08-16 17:00:00
2021-08-16 18:00:00+00:00,14.5825466667,53.44121,0.0,41.76,0.0324,0.036,0.0018,0.8292,0.012,0.0006,No (reported postion),anchor,2021-08-16 18:00:00
2021-08-16 19:00:00+00:00,14.5825516667,53.44121,0.0,41.76,0.0324,0.036,0.0018,0.8292,0.012,0.0006,No (reported postion),anchor,2021-08-16 19:00:00
2021-08-16 20:00:00+00:00,14.5825433333,53.4412033333,0.0,41.76,0.0324,0.036,0.0018,0.8292,0.012,0.0006,No (reported postion),anchor,2021-08-16 20:00:00
2021-08-16 21:00:00+00:00,14.5825683333,53.4411866667,0.0,41.76,0.0324,0.036,0.0018,0.8292,0.012,0.0006,No (reported postion),anchor,2021-08-16 21:00:00
2021-08-16 22:00:00+00:00,14.5825533333,53.44122,0.0,41.76,0.0324,0.036,0.0018,0.8292,0.012,0.0006,No (reported postion),anchor,2021-08-16 22:00:00
2021-08-16 23:00:00+00:00,14.5825383333,53.44121,0.0,41.76,0.0324,0.036,0.0018,0.8292,0.012,0.0006,No (reported postion),anchor,2021-08-16 23:00:00
2021-08-17 00:00:00+00:00,14.5825616667,53.4411866667,0.0,41.76,0.0324,0.036,0.0018,0.8292,0.012,0.0006,No (reported postion),anchor,2021-08-17 00:00:00
2021-08-17 01:00:00+00:00,14.582535,53.4412033333,0.0,41.76,0.0324,0.036,0.0018,0.8292,0.012,0.0006,No (reported postion),anchor,2021-08-17 01:00:00
2021-08-17 02:00:00+00:00,14.5825533333,53.4411933333,0.0,41.76,0.0324,0.036,0.0018,0.8292,0.012,0.0006,No (reported postion),anchor,2021-08-17 02:00:00
2021-08-17 03:00:00+00:00,14.5825466667,53.44121,0.0,41.76,0.0324,0.036,0.0018,0.8292,0.012,0.0006,No (reported postion),anchor,2021-08-17 03:00:00
2021-08-17 04:00:00+00:00,14.582515,53.4411866667,0.0,41.76,0.0324,0.036,0.0018,0.8292,0.012,0.0006,No (reported postion),anchor,2021-08-17 04:00:00
2021-08-17 05:00:00+00:00,14.5825433333,53.4411866667,0.0,41.76,0.0324,0.036,0.0018,0.8292,0.012,0.0006,No (reported postion),anchor,2021-08-17 05:00:00
2021-08-17 06:00:00+00:00,14.58255,53.4411866667,0.0,41.76,0.0324,0.036,0.0018,0.8292,0.012,0.0006,No (reported postion),anchor,2021-08-17 06:00:00
2021-08-17 07:00:00+00:00,14.5825383333,53.4411933333,0.0,41.76,0.0324,0.036,0.0018,0.8292,0.012,0.0006,No (reported postion),anchor,2021-08-17 07:00:00
2021-08-17 08:00:00+00:00,14.5825466667,53.44122,0.0,41.76,0.0324,0.036,0.0018,0.8292,0.012,0.0006,No (reported postion),anchor,2021-08-17 08:00:00
2021-08-17 09:00:00+00:00,14.5825666667,53.4411933333,0.0,41.76,0.0324,0.036,0.0018,0.8292,0.012,0.0006,No (reported postion),anchor,2021-08-17 09:00:00
2021-08-17 10:00:00+00:00,14.5825516667,53.4411866667,0.0,41.76,0.0324,0.036,0.0018,0.8292,0.012,0.0006,No (reported postion),anchor,2021-08-17 10:00:00
2021-08-17 11:00:00+00:00,14.5825416667,53.44122,0.0,41.76,0.0324,0.036,0.0018,0.8292,0.012,0.0006,No (reported postion),anchor,2021-08-17 11:00:00
2021-08-17 12:00:00+00:00,14.5825166667,53.44121,0.0,41.76,0.0324,0.036,0.0018,0.8292,0.012,0.0006,No (reported postion),anchor,2021-08-17 12:00:00
2021-08-17 13:00:00+00:00,14.58255,53.44122,0.0,41.76,0.0324,0.036,0.0018,0.8292,0.012,0.0006,No (reported postion),anchor,2021-08-17 13:00:00
2021-08-17 14:00:00+00:00,14.5825583333,53.44121,0.0,41.76,0.0324,0.036,0.0018,0.8292,0.012,0.0006,No (reported postion),anchor,2021-08-17 14:00:00
2021-08-17 15:00:00+00:00,14.5825683333,53.4411933333,0.0,41.76,0.0324,0.036,0.0018,0.8292,0.012,0.0006,No (reported postion),anchor,2021-08-17 15:00:00
2021-08-17 16:00:00+00:00,14.5825433333,53.4412033333,0.0,41.76,0.0324,0.036,0.0018,0.8292,0.012,0.0006,No (reported postion),anchor,2021-08-17 16:00:00
2021-08-17 17:00:00+00:00,14.582525,53.44121,0.0,41.76,0.0324,0.036,0.0018,0.8292,0.012,0.0006,No (reported postion),anchor,2021-08-17 17:00:00
2021-08-17 18:00:00+00:00,14.5825766667,53.4411933333,0.0,41.76,0.0324,0.036,0.0018,0.8292,0.012,0.0006,No (reported postion),anchor,2021-08-17 18:00:00
2021-08-17 19:00:00+00:00,14.5825533333,53.44121,0.0,41.76,0.0324,0.036,0.0018,0.8292,0.012,0.0006,No (reported postion),anchor,2021-08-17 19:00:00
2021-08-17 20:00:00+00:00,14.5825583333,53.4412033333,0.0,41.76,0.0324,0.036,0.0018,0.8292,0.012,0.0006,No (reported postion),anchor,2021-08-17 20:00:00
2021-08-17 21:00:00+00:00,14.5825666667,53.4411866667,0.0,41.76,0.0324,0.036,0.0018,0.8292,0.012,0.0006,No (reported postion),anchor,2021-08-17 21:00:00
2021-08-17 22:00:00+00:00,14.5825516667,53.4412366667,0.0,41.76,0.0324,0.036,0.0018,0.8292,0.012,0.0006,No (reported postion),anchor,2021-08-17 22:00:00
2021-08-17 23:00:00+00:00,14.5825616667,53.44121,0.0,41.76,0.0324,0.036,0.0018,0.8292,0.012,0.0006,No (reported postion),anchor,2021-08-17 23:00:00
2021-08-18 00:00:00+00:00,14.582525,53.4412266667,0.0,41.76,0.0324,0.036,0.0018,0.8292,0.012,0.0006,No (reported postion),anchor,2021-08-18 00:00:00
2021-08-18 01:00:00+00:00,14.5825433333,53.4411866667,0.0,41.76,0.0324,0.036,0.0018,0.8292,0.012,0.0006,No (reported postion),anchor,2021-08-18 01:00:00
2021-08-18 02:00:00+00:00,14.5825683333,53.4412033333,0.0,41.76,0.0324,0.036,0.0018,0.8292,0.012,0.0006,No (reported postion),anchor,2021-08-18 02:00:00
2021-08-18 03:00:00+00:00,14.5825416667,53.4411933333,0.0,41.76,0.0324,0.036,0.0018,0.8292,0.012,0.0006,No (reported postion),anchor,2021-08-18 03:00:00
2021-08-18 04:00:00+00:00,14.58252,53.4411866667,0.0,41.76,0.0324,0.036,0.0018,0.8292,0.012,0.0006,No (reported postion),anchor,2021-08-18 04:00:00
2021-08-18 05:00:00+00:00,14.5825066667,53.44122,0.0,41.76,0.0324,0.036,0.0018,0.8292,0.012,0.0006,No (reported postion),anchor,2021-08-18 05:00:00
2021-08-18 06:00:00+00:00,14.58255,53.4412033333,0.0,41.76,0.0324,0.036,0.0018,0.8292,0.012,0.0006,No (reported postion),anchor,2021-08-18 06:00:00
2021-08-18 07:00:00+00:00,14.5825333333,53.4412033333,0.0,41.76,0.0324,0.036,0.0018,0.8292,0.012,0.0006,No (reported postion),anchor,2021-08-18 07:00:00
2021-08-18 08:00:00+00:00,14.58255,53.4411933333,0.0,41.76,0.0324,0.036,0.0018,0.8292,0.012,0.0006,No (reported postion),anchor,2021-08-18 08:00:00
2021-08-18 09:00:00+00:00,14.5825616667,53.44121,0.0,41.76,0.0324,0.036,0.0018,0.8292,0.012,0.0006,No (reported postion),anchor,2021-08-18 09:00:00
2021-08-18 10:00:00+00:00,14.58255,53.44121,0.0,41.76,0.0324,0.036,0.0018,0.8292,0.012,0.0006,No (reported postion),anchor,2021-08-18 10:00:00
2021-08-18 11:00:00+00:00,14.5825416667,53.4412033333,0.0,41.76,0.0324,0.036,0.0018,0.8292,0.012,0.0006,No (reported postion),anchor,2021-08-18 11:00:00
2021-08-18 12:00:00+00:00,14.5825416667,53.4411933333,0.0,41.76,0.0324,0.036,0.0018,0.8292,0.012,0.0006,No (reported postion),anchor,2021-08-18 12:00:00
2021-08-18 13:00:00+00:00,14.582535,53.4411933333,0.0,41.76,0.0324,0.036,0.0018,0.8292,0.012,0.0006,No (reported postion),anchor,2021-08-18 13:00:00
2021-08-18 14:00:00+00:00,14.5825533333,53.4412366667,0.0,41.76,0.0324,0.036,0.0018,0.8292,0.012,0.0006,No (reported postion),anchor,2021-08-18 14:00:00
2021-08-18 15:00:00+00:00,14.5825666667,53.4412366667,0.0,41.76,0.0324,0.036,0.0018,0.8292,0.012,0.0006,No (reported postion),anchor,2021-08-18 15:00:00
2021-08-18 16:00:00+00:00,14.5825533333,53.4412366667,0.0,41.76,0.0324,0.036,0.0018,0.8292,0.012,0.0006,No (reported postion),anchor,2021-08-18 16:00:00
2021-08-18 17:00:00+00:00,14.5825583333,53.44122,0.0,41.76,0.0324,0.036,0.0018,0.8292,0.012,0.0006,No (reported postion),anchor,2021-08-18 17:00:00
2021-08-18 18:00:00+00:00,14.58257,53.4412366667,0.0,41.76,0.0324,0.036,0.0018,0.8292,0.012,0.0006,No (reported postion),anchor,2021-08-18 18:00:00
2021-08-18 19:00:00+00:00,14.5825666667,53.44125,0.0,41.76,0.0324,0.036,0.0018,0.8292,0.012,0.0006,No (reported postion),anchor,2021-08-18 19:00:00
2021-08-18 20:00:00+00:00,14.58257,53.4412266667,0.0,41.76,0.0324,0.036,0.0018,0.8292,0.012,0.0006,No (reported postion),anchor,2021-08-18 20:00:00
2021-08-18 21:00:00+00:00,14.5825466667,53.4412266667,0.0,41.76,0.0324,0.036,0.0018,0.8292,0.012,0.0006,No (reported postion),anchor,2021-08-18 21:00:00
2021-08-18 22:00:00+00:00,14.5825583333,53.4412366667,0.0,41.76,0.0324,0.036,0.0018,0.8292,0.012,0.0006,No (reported postion),anchor,2021-08-18 22:00:00
2021-08-18 23:00:00+00:00,14.5825516667,53.44125,0.0,41.76,0.0324,0.036,0.0018,0.8292,0.012,0.0006,No (reported postion),anchor,2021-08-18 23:00:00
2021-08-19 00:00:00+00:00,14.5825533333,53.44126,0.0,41.76,0.0324,0.036,0.0018,0.8292,0.012,0.0006,No (reported postion),anchor,2021-08-19 00:00:00
2021-08-19 01:00:00+00:00,14.582585,53.4412266667,0.0,41.76,0.0324,0.036,0.0018,0.8292,0.012,0.0006,No (reported postion),anchor,2021-08-19 01:00:00
2021-08-19 02:00:00+00:00,14.58257,53.4412433333,0.0,41.76,0.0324,0.036,0.0018,0.8292,0.012,0.0006,No (reported postion),anchor,2021-08-19 02:00:00
2021-08-19 03:00:00+00:00,14.5825716667,53.4412366667,0.0,41.76,0.0324,0.036,0.0018,0.8292,0.012,0.0006,No (reported postion),anchor,2021-08-19 03:00:00
2021-08-19 04:00:00+00:00,14.58257,53.4412366667,0.0,41.76,0.0324,0.036,0.0018,0.8292,0.012,0.0006,No (reported postion),anchor,2021-08-19 04:00:00
2021-08-19 05:00:00+00:00,14.58255,53.44125,0.0,41.76,0.0324,0.036,0.0018,0.8292,0.012,0.0006,No (reported postion),anchor,2021-08-19 05:00:00
2021-08-19 06:00:00+00:00,14.5825533333,53.44122,0.0,41.76,0.0324,0.036,0.0018,0.8292,0.012,0.0006,No (reported postion),anchor,2021-08-19 06:00:00
2021-08-19 07:00:00+00:00,14.58257,53.4412433333,0.0,41.76,0.0324,0.036,0.0018,0.8292,0.012,0.0006,No (reported postion),anchor,2021-08-19 07:00:00
2021-08-19 08:00:00+00:00,14.58255,53.4412033333,0.0,41.76,0.0324,0.036,0.0018,0.8292,0.012,0.0006,No (reported postion),anchor,2021-08-19 08:00:00
2021-08-19 09:00:00+00:00,14.582585,53.4411866667,0.0,41.76,0.0324,0.036,0.0018,0.8292,0.012,0.0006,No (reported postion),anchor,2021-08-19 09:00:00
2021-08-19 10:00:00+00:00,14.5825583333,53.4411866667,0.0,41.76,0.0324,0.036,0.0018,0.8292,0.012,0.0006,No (reported postion),anchor,2021-08-19 10:00:00
2021-08-19 11:00:00+00:00,14.5825533333,53.4411933333,0.0,41.76,0.0324,0.036,0.0018,0.8292,0.012,0.0006,No (reported postion),anchor,2021-08-19 11:00:00
2021-08-19 12:00:00+00:00,14.582585,53.4411933333,0.0,41.76,0.0324,0.036,0.0018,0.8292,0.012,0.0006,No (reported postion),anchor,2021-08-19 12:00:00
2021-08-19 13:00:00+00:00,14.58256,53.4411933333,0.0,41.76,0.0324,0.036,0.0018,0.8292,0.012,0.0006,No (reported postion),anchor,2021-08-19 13:00:00
2021-08-19 14:00:00+00:00,14.5825583333,53.44121,0.0,41.76,0.0324,0.036,0.0018,0.8292,0.012,0.0006,No (reported postion),anchor,2021-08-19 14:00:00
2021-08-19 15:00:00+00:00,14.582535,53.4412033333,0.0,41.76,0.0324,0.036,0.0018,0.8292,0.012,0.0006,No (reported postion),anchor,2021-08-19 15:00:00
2021-08-19 16:00:00+00:00,14.58253,53.44122,0.0,41.76,0.0324,0.036,0.0018,0.8292,0.012,0.0006,No (reported postion),anchor,2021-08-19 16:00:00
2021-08-19 17:00:00+00:00,14.5825516667,53.44121,0.0,41.76,0.0324,0.036,0.0018,0.8292,0.012,0.0006,No (reported postion),anchor,2021-08-19 17:00:00
2021-08-19 18:00:00+00:00,14.5825616667,53.4412033333,0.0,41.76,0.0324,0.036,0.0018,0.8292,0.012,0.0006,No (reported postion),anchor,2021-08-19 18:00:00
2021-08-19 19:00:00+00:00,14.5825616667,53.4411933333,0.0,41.76,0.0324,0.036,0.0018,0.8292,0.012,0.0006,No (reported postion),anchor,2021-08-19 19:00:00
2021-08-19 20:00:00+00:00,14.5825766667,53.44121,0.0,41.76,0.0324,0.036,0.0018,0.8292,0.012,0.0006,No (reported postion),anchor,2021-08-19 20:00:00
2021-08-19 21:00:00+00:00,14.5825533333,53.4412266667,0.0,41.76,0.0324,0.036,0.0018,0.8292,0.012,0.0006,No (reported postion),anchor,2021-08-19 21:00:00
2021-08-19 22:00:00+00:00,14.5825516667,53.44122,0.0,41.76,0.0324,0.036,0.0018,0.8292,0.012,0.0006,No (reported postion),anchor,2021-08-19 22:00:00
2021-08-19 23:00:00+00:00,14.5825333333,53.44122,0.0,41.76,0.0324,0.036,0.0018,0.8292,0.012,0.0006,No (reported postion),anchor,2021-08-19 23:00:00
2021-08-20 00:00:00+00:00,14.5825583333,53.44121,0.0,41.76,0.0324,0.036,0.0018,0.8292,0.012,0.0006,No (reported postion),anchor,2021-08-20 00:00:00
2021-08-20 01:00:00+00:00,14.5825466667,53.4411866667,0.0,41.76,0.0324,0.036,0.0018,0.8292,0.012,0.0006,No (reported postion),anchor,2021-08-20 01:00:00
2021-08-20 02:00:00+00:00,14.58253,53.44121,0.0,41.76,0.0324,0.036,0.0018,0.8292,0.012,0.0006,No (reported postion),anchor,2021-08-20 02:00:00
2021-08-20 03:00:00+00:00,14.5825283333,53.44121,0.0,41.76,0.0324,0.036,0.0018,0.8292,0.012,0.0006,No (reported postion),anchor,2021-08-20 03:00:00
2021-08-20 04:00:00+00:00,14.582525,53.4411933333,0.0,41.76,0.0324,0.036,0.0018,0.8292,0.012,0.0006,No (reported postion),anchor,2021-08-20 04:00:00
2021-08-20 05:00:00+00:00,14.5825333333,53.4412033333,0.0,41.76,0.0324,0.036,0.0018,0.8292,0.012,0.0006,No (reported postion),anchor,2021-08-20 05:00:00
2021-08-20 06:00:00+00:00,14.5825416667,53.4412033333,0.0,41.76,0.0324,0.036,0.0018,0.8292,0.012,0.0006,No (reported postion),anchor,2021-08-20 06:00:00
2021-08-20 07:00:00+00:00,14.58256,53.4412033333,0.0,41.76,0.0324,0.036,0.0018,0.8292,0.012,0.0006,No (reported postion),anchor,2021-08-20 07:00:00
2021-08-20 08:00:00+00:00,14.5825166667,53.44122,0.0,41.76,0.0324,0.036,0.0018,0.8292,0.012,0.0006,No (reported postion),anchor,2021-08-20 08:00:00
2021-08-20 09:00:00+00:00,14.5825766667,53.4411933333,0.0,41.76,0.0324,0.036,0.0018,0.8292,0.012,0.0006,No (reported postion),anchor,2021-08-20 09:00:00
2021-08-20 10:00:00+00:00,14.5825616667,53.4412033333,0.0,41.76,0.0324,0.036,0.0018,0.8292,0.012,0.0006,No (reported postion),anchor,2021-08-20 10:00:00
2021-08-20 11:00:00+00:00,14.58255,53.44121,0.0,41.76,0.0324,0.036,0.0018,0.8292,0.012,0.0006,No (reported postion),anchor,2021-08-20 11:00:00
2021-08-20 12:00:00+00:00,14.5825616667,53.4411933333,0.0,41.76,0.0324,0.036,0.0018,0.8292,0.012,0.0006,No (reported postion),anchor,2021-08-20 12:00:00
2021-08-20 13:00:00+00:00,14.5825783333,53.4411866667,0.0,41.76,0.0324,0.036,0.0018,0.8292,0.012,0.0006,No (reported postion),anchor,2021-08-20 13:00:00
2021-08-20 14:00:00+00:00,14.582535,53.44122,0.0,41.76,0.0324,0.036,0.0018,0.8292,0.012,0.0006,No (reported postion),anchor,2021-08-20 14:00:00
2021-08-20 15:00:00+00:00,14.5825516667,53.44122,0.0,41.76,0.0324,0.036,0.0018,0.8292,0.012,0.0006,No (reported postion),anchor,2021-08-20 15:00:00
2021-08-20 16:00:00+00:00,14.58256,53.44121,0.0,41.76,0.0324,0.036,0.0018,0.8292,0.012,0.0006,No (reported postion),anchor,2021-08-20 16:00:00
2021-08-20 17:00:00+00:00,14.58256,53.44122,0.0,41.76,0.0324,0.036,0.0018,0.8292,0.012,0.0006,No (reported postion),anchor,2021-08-20 17:00:00
2021-08-20 18:00:00+00:00,14.5825666667,53.44121,0.0,41.76,0.0324,0.036,0.0018,0.8292,0.012,0.0006,No (reported postion),anchor,2021-08-20 18:00:00
2021-08-20 19:00:00+00:00,14.5825666667,53.4411866667,0.0,41.76,0.0324,0.036,0.0018,0.8292,0.012,0.0006,No (reported postion),anchor,2021-08-20 19:00:00
2021-08-20 20:00:00+00:00,14.5825416667,53.4412266667,0.0,41.76,0.0324,0.036,0.0018,0.8292,0.012,0.0006,No (reported postion),anchor,2021-08-20 20:00:00
2021-08-20 21:00:00+00:00,14.5825466667,53.4412366667,0.0,41.76,0.0324,0.036,0.0018,0.8292,0.012,0.0006,No (reported postion),anchor,2021-08-20 21:00:00
2021-08-20 22:00:00+00:00,14.5825533333,53.44122,0.0,41.76,0.0324,0.036,0.0018,0.8292,0.012,0.0006,No (reported postion),anchor,2021-08-20 22:00:00
2021-08-20 23:00:00+00:00,14.5825783333,53.44121,0.0,41.76,0.0324,0.036,0.0018,0.8292,0.012,0.0006,No (reported postion),anchor,2021-08-20 23:00:00
2021-08-21 00:00:00+00:00,14.5825583333,53.4412033333,0.0,41.76,0.0324,0.036,0.0018,0.8292,0.012,0.0006,No (reported postion),anchor,2021-08-21 00:00:00
2021-08-21 01:00:00+00:00,14.5825616667,53.44122,0.0,41.76,0.0324,0.036,0.0018,0.8292,0.012,0.0006,No (reported postion),anchor,2021-08-21 01:00:00
2021-08-21 02:00:00+00:00,14.5825533333,53.44121,0.0,41.76,0.0324,0.036,0.0018,0.8292,0.012,0.0006,No (reported postion),anchor,2021-08-21 02:00:00
2021-08-21 03:00:00+00:00,14.5825383333,53.44122,0.0,41.76,0.0324,0.036,0.0018,0.8292,0.012,0.0006,No (reported postion),anchor,2021-08-21 03:00:00
2021-08-21 04:00:00+00:00,14.5825433333,53.4411933333,0.0,41.76,0.0324,0.036,0.0018,0.8292,0.012,0.0006,No (reported postion),anchor,2021-08-21 04:00:00
2021-08-21 05:00:00+00:00,14.5825333333,53.44121,0.0,41.76,0.0324,0.036,0.0018,0.8292,0.012,0.0006,No (reported postion),anchor,2021-08-21 05:00:00
2021-08-21 06:00:00+00:00,14.58257,53.4412033333,0.0,41.76,0.0324,0.036,0.0018,0.8292,0.012,0.0006,No (reported postion),anchor,2021-08-21 06:00:00
2021-08-21 07:00:00+00:00,14.5825533333,53.4411933333,0.0,41.76,0.0324,0.036,0.0018,0.8292,0.012,0.0006,No (reported postion),anchor,2021-08-21 07:00:00
2021-08-21 08:00:00+00:00,14.5825683333,53.4412033333,0.0,41.76,0.0324,0.036,0.0018,0.8292,0.012,0.0006,No (reported postion),anchor,2021-08-21 08:00:00
2021-08-21 09:00:00+00:00,14.5825516667,53.4412033333,0.0,41.76,0.0324,0.036,0.0018,0.8292,0.012,0.0006,No (reported postion),anchor,2021-08-21 09:00:00
2021-08-21 10:00:00+00:00,14.5825533333,53.44121,0.0,41.76,0.0324,0.036,0.0018,0.8292,0.012,0.0006,No (reported postion),anchor,2021-08-21 10:00:00
2021-08-21 11:00:00+00:00,14.5825583333,53.4412033333,0.0,41.76,0.0324,0.036,0.0018,0.8292,0.012,0.0006,No (reported postion),anchor,2021-08-21 11:00:00
2021-08-21 12:00:00+00:00,14.5825283333,53.4411933333,0.0,41.76,0.0324,0.036,0.0018,0.8292,0.012,0.0006,No (reported postion),anchor,2021-08-21 12:00:00
2021-08-21 13:00:00+00:00,14.58256,53.44122,0.0,41.76,0.0324,0.036,0.0018,0.8292,0.012,0.0006,No (reported postion),anchor,2021-08-21 13:00:00
2021-08-21 14:00:00+00:00,14.5825666667,53.44121,0.0,41.76,0.0324,0.036,0.0018,0.8292,0.012,0.0006,No (reported postion),anchor,2021-08-21 14:00:00
2021-08-21 15:00:00+00:00,14.58256,53.4412033333,0.0,41.76,0.0324,0.036,0.0018,0.8292,0.012,0.0006,No (reported postion),anchor,2021-08-21 15:00:00
2021-08-21 16:00:00+00:00,14.5825466667,53.44121,0.0,41.76,0.0324,0.036,0.0018,0.8292,0.012,0.0006,No (reported postion),anchor,2021-08-21 16:00:00
2021-08-21 17:00:00+00:00,14.5825516667,53.44122,0.0,41.76,0.0324,0.036,0.0018,0.8292,0.012,0.0006,No (reported postion),anchor,2021-08-21 17:00:00
2021-08-21 18:00:00+00:00,14.5825466667,53.44122,0.0,41.76,0.0324,0.036,0.0018,0.8292,0.012,0.0006,No (reported postion),anchor,2021-08-21 18:00:00
2021-08-21 19:00:00+00:00,14.5825516667,53.4412266667,0.0,41.76,0.0324,0.036,0.0018,0.8292,0.012,0.0006,No (reported postion),anchor,2021-08-21 19:00:00
2021-08-21 20:00:00+00:00,14.5825666667,53.44122,0.0,41.76,0.0324,0.036,0.0018,0.8292,0.012,0.0006,No (reported postion),anchor,2021-08-21 20:00:00
2021-08-21 21:00:00+00:00,14.5825416667,53.4412266667,0.0,41.76,0.0324,0.036,0.0018,0.8292,0.012,0.0006,No (reported postion),anchor,2021-08-21 21:00:00
2021-08-21 22:00:00+00:00,14.5825516667,53.44121,0.0,41.76,0.0324,0.036,0.0018,0.8292,0.012,0.0006,No (reported postion),anchor,2021-08-21 22:00:00
2021-08-21 23:00:00+00:00,14.58255,53.4412266667,0.0,41.76,0.0324,0.036,0.0018,0.8292,0.012,0.0006,No (reported postion),anchor,2021-08-21 23:00:00
2021-08-22 00:00:00+00:00,14.5825583333,53.4412033333,0.0,41.76,0.0324,0.036,0.0018,0.8292,0.012,0.0006,No (reported postion),anchor,2021-08-22 00:00:00
2021-08-22 01:00:00+00:00,14.58256,53.44121,0.0,41.76,0.0324,0.036,0.0018,0.8292,0.012,0.0006,No (reported postion),anchor,2021-08-22 01:00:00
2021-08-22 02:00:00+00:00,14.5825533333,53.44121,0.0,41.76,0.0324,0.036,0.0018,0.8292,0.012,0.0006,No (reported postion),anchor,2021-08-22 02:00:00
2021-08-22 03:00:00+00:00,14.58255,53.4411933333,0.0,41.76,0.0324,0.036,0.0018,0.8292,0.012,0.0006,No (reported postion),anchor,2021-08-22 03:00:00
2021-08-22 04:00:00+00:00,14.582525,53.4412033333,0.0,41.76,0.0324,0.036,0.0018,0.8292,0.012,0.0006,No (reported postion),anchor,2021-08-22 04:00:00
2021-08-22 05:00:00+00:00,14.5825283333,53.44121,0.0,41.76,0.0324,0.036,0.0018,0.8292,0.012,0.0006,No (reported postion),anchor,2021-08-22 05:00:00
2021-08-22 06:00:00+00:00,14.5825616667,53.4412033333,0.0,41.76,0.0324,0.036,0.0018,0.8292,0.012,0.0006,No (reported postion),anchor,2021-08-22 06:00:00
2021-08-22 07:00:00+00:00,14.5825583333,53.44121,0.0,41.76,0.0324,0.036,0.0018,0.8292,0.012,0.0006,No (reported postion),anchor,2021-08-22 07:00:00
2021-08-22 08:00:00+00:00,14.58256,53.44122,0.0,41.76,0.0324,0.036,0.0018,0.8292,0.012,0.0006,No (reported postion),anchor,2021-08-22 08:00:00
2021-08-22 09:00:00+00:00,14.58258,53.4411866667,0.0,41.76,0.0324,0.036,0.0018,0.8292,0.012,0.0006,No (reported postion),anchor,2021-08-22 09:00:00
2021-08-22 10:00:00+00:00,14.5825666667,53.44122,0.0,41.76,0.0324,0.036,0.0018,0.8292,0.012,0.0006,No (reported postion),anchor,2021-08-22 10:00:00
2021-08-22 11:00:00+00:00,14.5825666667,53.4412433333,0.0,41.76,0.0324,0.036,0.0018,0.8292,0.012,0.0006,No (reported postion),anchor,2021-08-22 11:00:00
2021-08-22 12:00:00+00:00,14.5825383333,53.44121,0.0,41.76,0.0324,0.036,0.0018,0.8292,0.012,0.0006,No (reported postion),anchor,2021-08-22 12:00:00
2021-08-22 13:00:00+00:00,14.5825466667,53.44121,0.0,41.76,0.0324,0.036,0.0018,0.8292,0.012,0.0006,No (reported postion),anchor,2021-08-22 13:00:00
2021-08-22 14:00:00+00:00,14.5825533333,53.44122,0.0,41.76,0.0324,0.036,0.0018,0.8292,0.012,0.0006,No (reported postion),anchor,2021-08-22 14:00:00
2021-08-22 15:00:00+00:00,14.5825683333,53.4411933333,0.0,41.76,0.0324,0.036,0.0018,0.8292,0.012,0.0006,No (reported postion),anchor,2021-08-22 15:00:00
2021-08-22 16:00:00+00:00,14.5825416667,53.4412033333,0.0,41.76,0.0324,0.036,0.0018,0.8292,0.012,0.0006,No (reported postion),anchor,2021-08-22 16:00:00
2021-08-22 17:00:00+00:00,14.58256,53.4412033333,0.0,41.76,0.0324,0.036,0.0018,0.8292,0.012,0.0006,No (reported postion),anchor,2021-08-22 17:00:00
2021-08-22 18:00:00+00:00,14.5825683333,53.44121,0.0,41.76,0.0324,0.036,0.0018,0.8292,0.012,0.0006,No (reported postion),anchor,2021-08-22 18:00:00
2021-08-22 19:00:00+00:00,14.58253,53.4412033333,0.0,41.76,0.0324,0.036,0.0018,0.8292,0.012,0.0006,No (reported postion),anchor,2021-08-22 19:00:00
2021-08-22 20:00:00+00:00,14.5825616667,53.44122,0.0,41.76,0.0324,0.036,0.0018,0.8292,0.012,0.0006,No (reported postion),anchor,2021-08-22 20:00:00
2021-08-22 21:00:00+00:00,14.5825616667,53.44125,0.0,41.76,0.0324,0.036,0.0018,0.8292,0.012,0.0006,No (reported postion),anchor,2021-08-22 21:00:00
2021-08-22 22:00:00+00:00,14.5825516667,53.4412266667,0.0,41.76,0.0324,0.036,0.0018,0.8292,0.012,0.0006,No (reported postion),anchor,2021-08-22 22:00:00
2021-08-22 23:00:00+00:00,14.5825666667,53.44122,0.0,41.76,0.0324,0.036,0.0018,0.8292,0.012,0.0006,No (reported postion),anchor,2021-08-22 23:00:00
2021-08-23 00:00:00+00:00,14.5825516667,53.4412033333,0.0,41.76,0.0324,0.036,0.0018,0.8292,0.012,0.0006,No (reported postion),anchor,2021-08-23 00:00:00
2021-08-23 01:00:00+00:00,14.5825516667,53.4411933333,0.0,41.76,0.0324,0.036,0.0018,0.8292,0.012,0.0006,No (reported postion),anchor,2021-08-23 01:00:00
2021-08-23 02:00:00+00:00,14.5825433333,53.44121,0.0,41.76,0.0324,0.036,0.0018,0.8292,0.012,0.0006,No (reported postion),anchor,2021-08-23 02:00:00
2021-08-23 03:00:00+00:00,14.58256,53.4411933333,0.0,41.76,0.0324,0.036,0.0018,0.8292,0.012,0.0006,No (reported postion),anchor,2021-08-23 03:00:00
2021-08-23 04:00:00+00:00,14.582535,53.44121,0.0,41.76,0.0324,0.036,0.0018,0.8292,0.012,0.0006,No (reported postion),anchor,2021-08-23 04:00:00
2021-08-23 05:00:00+00:00,14.5825416667,53.44122,0.0,41.76,0.0324,0.036,0.0018,0.8292,0.012,0.0006,No (reported postion),anchor,2021-08-23 05:00:00
2021-08-23 06:00:00+00:00,14.5825783333,53.4411933333,0.0,41.76,0.0324,0.036,0.0018,0.8292,0.012,0.0006,No (reported postion),anchor,2021-08-23 06:00:00
2021-08-23 07:00:00+00:00,14.5825383333,53.44121,0.0,41.76,0.0324,0.036,0.0018,0.8292,0.012,0.0006,No (reported postion),anchor,2021-08-23 07:00:00
2021-08-23 08:00:00+00:00,14.5825583333,53.44122,0.0,41.76,0.0324,0.036,0.0018,0.8292,0.012,0.0006,No (reported postion),anchor,2021-08-23 08:00:00
2021-08-23 09:00:00+00:00,14.58255,53.4412033333,0.0,41.76,0.0324,0.036,0.0018,0.8292,0.012,0.0006,No (reported postion),anchor,2021-08-23 09:00:00
2021-08-23 10:00:00+00:00,14.5825716667,53.4412033333,0.0,41.76,0.0324,0.036,0.0018,0.8292,0.012,0.0006,No (reported postion),anchor,2021-08-23 10:00:00
2021-08-23 11:00:00+00:00,14.5825583333,53.4411933333,0.0,41.76,0.0324,0.036,0.0018,0.8292,0.012,0.0006,No (reported postion),anchor,2021-08-23 11:00:00
2021-08-23 12:00:00+00:00,14.5825533333,53.4411866667,0.0,41.76,0.0324,0.036,0.0018,0.8292,0.012,0.0006,No (reported postion),anchor,2021-08-23 12:00:00
2021-08-23 13:00:00+00:00,14.5825766667,53.4412033333,0.0,41.76,0.0324,0.036,0.0018,0.8292,0.012,0.0006,No (reported postion),anchor,2021-08-23 13:00:00
2021-08-23 14:00:00+00:00,14.5825683333,53.4412033333,0.0,41.76,0.0324,0.036,0.0018,0.8292,0.012,0.0006,No (reported postion),anchor,2021-08-23 14:00:00
2021-08-23 15:00:00+00:00,14.5825533333,53.4412033333,0.0,41.76,0.0324,0.036,0.0018,0.8292,0.012,0.0006,No (reported postion),anchor,2021-08-23 15:00:00
2021-08-23 16:00:00+00:00,14.5825616667,53.44121,0.0,41.76,0.0324,0.036,0.0018,0.8292,0.012,0.0006,No (reported postion),anchor,2021-08-23 16:00:00
2021-08-23 17:00:00+00:00,14.5825383333,53.44122,0.0,41.76,0.0324,0.036,0.0018,0.8292,0.012,0.0006,No (reported postion),anchor,2021-08-23 17:00:00
2021-08-23 18:00:00+00:00,14.5825583333,53.44121,0.0,41.76,0.0324,0.036,0.0018,0.8292,0.012,0.0006,No (reported postion),anchor,2021-08-23 18:00:00
2021-08-23 19:00:00+00:00,14.58256,53.44122,0.0,41.76,0.0324,0.036,0.0018,0.8292,0.012,0.0006,No (reported postion),anchor,2021-08-23 19:00:00
2021-08-23 20:00:00+00:00,14.5825433333,53.4412266667,0.0,41.76,0.0324,0.036,0.0018,0.8292,0.012,0.0006,No (reported postion),anchor,2021-08-23 20:00:00
2021-08-23 21:00:00+00:00,14.5825233333,53.4412366667,0.0,41.76,0.0324,0.036,0.0018,0.8292,0.012,0.0006,No (reported postion),anchor,2021-08-23 21:00:00
2021-08-23 22:00:00+00:00,14.5825516667,53.44121,0.0,41.76,0.0324,0.036,0.0018,0.8292,0.012,0.0006,No (reported postion),anchor,2021-08-23 22:00:00
2021-08-23 23:00:00+00:00,14.5825383333,53.4412033333,0.0,41.76,0.0324,0.036,0.0018,0.8292,0.012,0.0006,No (reported postion),anchor,2021-08-23 23:00:00
2021-08-24 00:00:00+00:00,14.5825533333,53.44122,0.0,41.76,0.0324,0.036,0.0018,0.8292,0.012,0.0006,No (reported postion),anchor,2021-08-24 00:00:00
2021-08-24 01:00:00+00:00,14.5825933333,53.44121,0.0,41.76,0.0324,0.036,0.0018,0.8292,0.012,0.0006,No (reported postion),anchor,2021-08-24 01:00:00
2021-08-24 02:00:00+00:00,14.5825416667,53.44121,0.0,41.76,0.0324,0.036,0.0018,0.8292,0.012,0.0006,No (reported postion),anchor,2021-08-24 02:00:00
2021-08-24 03:00:00+00:00,14.5825333333,53.4412033333,0.0,41.76,0.0324,0.036,0.0018,0.8292,0.012,0.0006,No (reported postion),anchor,2021-08-24 03:00:00
2021-08-24 04:00:00+00:00,14.5825116667,53.4412033333,0.0,41.76,0.0324,0.036,0.0018,0.8292,0.012,0.0006,No (reported postion),anchor,2021-08-24 04:00:00
2021-08-24 05:00:00+00:00,14.5825383333,53.44121,0.0,41.76,0.0324,0.036,0.0018,0.8292,0.012,0.0006,No (reported postion),anchor,2021-08-24 05:00:00
2021-08-24 06:00:00+00:00,14.5825866667,53.44121,0.0,41.76,0.0324,0.036,0.0018,0.8292,0.012,0.0006,No (reported postion),anchor,2021-08-24 06:00:00
2021-08-24 07:00:00+00:00,14.5825616667,53.4412433333,0.0,41.76,0.0324,0.036,0.0018,0.8292,0.012,0.0006,No (reported postion),anchor,2021-08-24 07:00:00
2021-08-24 08:00:00+00:00,14.58257,53.44126,0.0,41.76,0.0324,0.036,0.0018,0.8292,0.012,0.0006,No (reported postion),anchor,2021-08-24 08:00:00
2021-08-24 09:00:00+00:00,14.58256,53.4412266667,0.0,41.76,0.0324,0.036,0.0018,0.8292,0.012,0.0006,No (reported postion),anchor,2021-08-24 09:00:00
2021-08-24 10:00:00+00:00,14.58256,53.4412433333,0.0,41.76,0.0324,0.036,0.0018,0.8292,0.012,0.0006,No (reported postion),anchor,2021-08-24 10:00:00
2021-08-24 11:00:00+00:00,14.5825666667,53.4412266667,0.0,41.76,0.0324,0.036,0.0018,0.8292,0.012,0.0006,No (reported postion),anchor,2021-08-24 11:00:00
2021-08-24 12:00:00+00:00,14.5825866667,53.44126,0.0,41.76,0.0324,0.036,0.0018,0.8292,0.012,0.0006,No (reported postion),anchor,2021-08-24 12:00:00
2021-08-24 13:00:00+00:00,14.58256,53.4412433333,0.0,41.76,0.0324,0.036,0.0018,0.8292,0.012,0.0006,No (reported postion),anchor,2021-08-24 13:00:00
2021-08-24 14:00:00+00:00,14.5825433333,53.4412433333,0.0,41.76,0.0324,0.036,0.0018,0.8292,0.012,0.0006,No (reported postion),anchor,2021-08-24 14:00:00
2021-08-24 15:00:00+00:00,14.5825466667,53.4412433333,0.0,41.76,0.0324,0.036,0.0018,0.8292,0.012,0.0006,No (reported postion),anchor,2021-08-24 15:00:00
2021-08-24 16:00:00+00:00,14.5825616667,53.4412433333,0.0,41.76,0.0324,0.036,0.0018,0.8292,0.012,0.0006,No (reported postion),anchor,2021-08-24 16:00:00
2021-08-24 17:00:00+00:00,14.5825766667,53.4412366667,0.0,41.76,0.0324,0.036,0.0018,0.8292,0.012,0.0006,No (reported postion),anchor,2021-08-24 17:00:00
2021-08-24 18:00:00+00:00,14.5825666667,53.4412666667,0.0,41.76,0.0324,0.036,0.0018,0.8292,0.012,0.0006,No (reported postion),anchor,2021-08-24 18:00:00
2021-08-24 19:00:00+00:00,14.58257,53.4412433333,0.0,41.76,0.0324,0.036,0.0018,0.8292,0.012,0.0006,No (reported postion),anchor,2021-08-24 19:00:00
2021-08-24 20:00:00+00:00,14.5825666667,53.4412366667,0.0,41.76,0.0324,0.036,0.0018,0.8292,0.012,0.0006,No (reported postion),anchor,2021-08-24 20:00:00
2021-08-24 21:00:00+00:00,14.5825516667,53.4412666667,0.0,41.76,0.0324,0.036,0.0018,0.8292,0.012,0.0006,No (reported postion),anchor,2021-08-24 21:00:00
2021-08-24 22:00:00+00:00,14.5825533333,53.44126,0.0,41.76,0.0324,0.036,0.0018,0.8292,0.012,0.0006,No (reported postion),anchor,2021-08-24 22:00:00
2021-08-24 23:00:00+00:00,14.5825383333,53.44126,0.0,41.76,0.0324,0.036,0.0018,0.8292,0.012,0.0006,No (reported postion),anchor,2021-08-24 23:00:00
2021-08-25 00:00:00+00:00,14.5825883333,53.4412366667,0.0,41.76,0.0324,0.036,0.0018,0.8292,0.012,0.0006,No (reported postion),anchor,2021-08-25 00:00:00
2021-08-25 01:00:00+00:00,14.5825666667,53.4412433333,0.0,41.76,0.0324,0.036,0.0018,0.8292,0.012,0.0006,No (reported postion),anchor,2021-08-25 01:00:00
2021-08-25 02:00:00+00:00,14.5825666667,53.4412266667,0.0,41.76,0.0324,0.036,0.0018,0.8292,0.012,0.0006,No (reported postion),anchor,2021-08-25 02:00:00
2021-08-25 03:00:00+00:00,14.5825766667,53.44125,0.0,41.76,0.0324,0.036,0.0018,0.8292,0.012,0.0006,No (reported postion),anchor,2021-08-25 03:00:00
2021-08-25 04:00:00+00:00,14.5825516667,53.4412366667,0.0,41.76,0.0324,0.036,0.0018,0.8292,0.012,0.0006,No (reported postion),anchor,2021-08-25 04:00:00
2021-08-25 05:00:00+00:00,14.5825516667,53.44125,0.0,41.76,0.0324,0.036,0.0018,0.8292,0.012,0.0006,No (reported postion),anchor,2021-08-25 05:00:00
2021-08-25 06:00:00+00:00,14.5825533333,53.44126,0.0,41.76,0.0324,0.036,0.0018,0.8292,0.012,0.0006,No (reported postion),anchor,2021-08-25 06:00:00
2021-08-25 07:00:00+00:00,14.58257,53.44122,0.0,41.76,0.0324,0.036,0.0018,0.8292,0.012,0.0006,No (reported postion),anchor,2021-08-25 07:00:00
2021-08-25 08:00:00+00:00,14.5825416667,53.4412433333,0.0,41.76,0.0324,0.036,0.0018,0.8292,0.012,0.0006,No (reported postion),anchor,2021-08-25 08:00:00
2021-08-25 09:00:00+00:00,14.5825583333,53.4412366667,0.0,41.76,0.0324,0.036,0.0018,0.8292,0.012,0.0006,No (reported postion),anchor,2021-08-25 09:00:00
2021-08-25 10:00:00+00:00,14.5825533333,53.4412033333,0.0,41.76,0.0324,0.036,0.0018,0.8292,0.012,0.0006,No (reported postion),anchor,2021-08-25 10:00:00
2021-08-25 11:00:00+00:00,14.5825666667,53.4412366667,0.0,41.76,0.0324,0.036,0.0018,0.8292,0.012,0.0006,No (reported postion),anchor,2021-08-25 11:00:00
2021-08-25 12:00:00+00:00,14.58256,53.4412366667,0.0,41.76,0.0324,0.036,0.0018,0.8292,0.012,0.0006,No (reported postion),anchor,2021-08-25 12:00:00
2021-08-25 13:00:00+00:00,14.5825616667,53.4412433333,0.0,41.76,0.0324,0.036,0.0018,0.8292,0.012,0.0006,No (reported postion),anchor,2021-08-25 13:00:00
2021-08-25 14:00:00+00:00,14.5825666667,53.4412433333,0.0,41.76,0.0324,0.036,0.0018,0.8292,0.012,0.0006,No (reported postion),anchor,2021-08-25 14:00:00
2021-08-25 15:00:00+00:00,14.5825383333,53.4412366667,0.0,41.76,0.0324,0.036,0.0018,0.8292,0.012,0.0006,No (reported postion),anchor,2021-08-25 15:00:00
2021-08-25 16:00:00+00:00,14.5825783333,53.44122,0.0,41.76,0.0324,0.036,0.0018,0.8292,0.012,0.0006,No (reported postion),anchor,2021-08-25 16:00:00
2021-08-25 17:00:00+00:00,14.5825766667,53.4412433333,0.0,41.76,0.0324,0.036,0.0018,0.8292,0.012,0.0006,No (reported postion),anchor,2021-08-25 17:00:00
2021-08-25 18:00:00+00:00,14.5825683333,53.44126,0.0,41.76,0.0324,0.036,0.0018,0.8292,0.012,0.0006,No (reported postion),anchor,2021-08-25 18:00:00
2021-08-25 19:00:00+00:00,14.5825616667,53.44126,0.0,41.76,0.0324,0.036,0.0018,0.8292,0.012,0.0006,No (reported postion),anchor,2021-08-25 19:00:00
2021-08-25 20:00:00+00:00,14.5825516667,53.4412366667,0.0,41.76,0.0324,0.036,0.0018,0.8292,0.012,0.0006,No (reported postion),anchor,2021-08-25 20:00:00
2021-08-25 21:00:00+00:00,14.5825516667,53.44125,0.0,41.76,0.0324,0.036,0.0018,0.8292,0.012,0.0006,No (reported postion),anchor,2021-08-25 21:00:00
2021-08-25 22:00:00+00:00,14.5825666667,53.44126,0.0,41.76,0.0324,0.036,0.0018,0.8292,0.012,0.0006,No (reported postion),anchor,2021-08-25 22:00:00
2021-08-25 23:00:00+00:00,14.5825516667,53.44126,0.0,41.76,0.0324,0.036,0.0018,0.8292,0.012,0.0006,No (reported postion),anchor,2021-08-25 23:00:00
2021-08-26 00:00:00+00:00,14.5825766667,53.4412366667,0.0,41.76,0.0324,0.036,0.0018,0.8292,0.012,0.0006,No (reported postion),anchor,2021-08-26 00:00:00
2021-08-26 01:00:00+00:00,14.5825666667,53.4412433333,0.0,41.76,0.0324,0.036,0.0018,0.8292,0.012,0.0006,No (reported postion),anchor,2021-08-26 01:00:00
2021-08-26 02:00:00+00:00,14.5825666667,53.4412433333,0.0,41.76,0.0324,0.036,0.0018,0.8292,0.012,0.0006,No (reported postion),anchor,2021-08-26 02:00:00
2021-08-26 03:00:00+00:00,14.5825683333,53.4412433333,0.0,41.76,0.0324,0.036,0.0018,0.8292,0.012,0.0006,No (reported postion),anchor,2021-08-26 03:00:00
2021-08-26 04:00:00+00:00,14.5825616667,53.44125,0.0,41.76,0.0324,0.036,0.0018,0.8292,0.012,0.0006,No (reported postion),anchor,2021-08-26 04:00:00
2021-08-26 05:00:00+00:00,14.58258,53.44125,0.0,41.76,0.0324,0.036,0.0018,0.8292,0.012,0.0006,No (reported postion),anchor,2021-08-26 05:00:00
2021-08-26 06:00:00+00:00,14.5825533333,53.44126,0.0,41.76,0.0324,0.036,0.0018,0.8292,0.012,0.0006,No (reported postion),anchor,2021-08-26 06:00:00
2021-08-26 07:00:00+00:00,14.5825583333,53.4412433333,0.0,41.76,0.0324,0.036,0.0018,0.8292,0.012,0.0006,No (reported postion),anchor,2021-08-26 07:00:00
2021-08-26 08:00:00+00:00,14.5825666667,53.4412366667,0.0,41.76,0.0324,0.036,0.0018,0.8292,0.012,0.0006,No (reported postion),anchor,2021-08-26 08:00:00
2021-08-26 09:00:00+00:00,14.5825616667,53.44125,0.0,41.76,0.0324,0.036,0.0018,0.8292,0.012,0.0006,No (reported postion),anchor,2021-08-26 09:00:00
2021-08-26 10:00:00+00:00,14.5825766667,53.4412366667,0.0,41.76,0.0324,0.036,0.0018,0.8292,0.012,0.0006,No (reported postion),anchor,2021-08-26 10:00:00
2021-08-26 11:00:00+00:00,14.5825716667,53.44125,0.0,41.76,0.0324,0.036,0.0018,0.8292,0.012,0.0006,No (reported postion),anchor,2021-08-26 11:00:00
2021-08-26 12:00:00+00:00,14.5825766667,53.4412366667,0.0,41.76,0.0324,0.036,0.0018,0.8292,0.012,0.0006,No (reported postion),anchor,2021-08-26 12:00:00
2021-08-26 13:00:00+00:00,14.5825533333,53.4412433333,0.0,41.76,0.0324,0.036,0.0018,0.8292,0.012,0.0006,No (reported postion),anchor,2021-08-26 13:00:00
2021-08-26 14:00:00+00:00,14.5825683333,53.4412666667,0.0,41.76,0.0324,0.036,0.0018,0.8292,0.012,0.0006,No (reported postion),anchor,2021-08-26 14:00:00
2021-08-26 15:00:00+00:00,14.5825616667,53.4412433333,0.0,41.76,0.0324,0.036,0.0018,0.8292,0.012,0.0006,No (reported postion),anchor,2021-08-26 15:00:00
2021-08-26 16:00:00+00:00,14.5825766667,53.4412366667,0.0,41.76,0.0324,0.036,0.0018,0.8292,0.012,0.0006,No (reported postion),anchor,2021-08-26 16:00:00
2021-08-26 17:00:00+00:00,14.58257,53.44125,0.0,41.76,0.0324,0.036,0.0018,0.8292,0.012,0.0006,No (reported postion),anchor,2021-08-26 17:00:00
2021-08-26 18:00:00+00:00,14.5825766667,53.4412666667,0.0,41.76,0.0324,0.036,0.0018,0.8292,0.012,0.0006,No (reported postion),anchor,2021-08-26 18:00:00
2021-08-26 19:00:00+00:00,14.5825783333,53.4412433333,0.0,41.76,0.0324,0.036,0.0018,0.8292,0.012,0.0006,No (reported postion),anchor,2021-08-26 19:00:00
2021-08-26 20:00:00+00:00,14.5825616667,53.4412366667,0.0,41.76,0.0324,0.036,0.0018,0.8292,0.012,0.0006,No (reported postion),anchor,2021-08-26 20:00:00
2021-08-26 21:00:00+00:00,14.6163833333,53.5480866667,10.4,1009.6648399999999,0.8267291999999999,0.8744586000000001,0.0459294,20.1872968,0.306196,0.015309799999999998,No (reported postion),cruise,2021-08-26 21:00:00
2021-08-26 22:00:00+00:00,14.4906833333,53.69524,10.4,1009.6648399999999,0.8267291999999999,0.8744586000000001,0.0459294,20.1872968,0.306196,0.015309799999999998,No (reported postion),cruise,2021-08-26 22:00:00
2021-08-26 23:00:00+00:00,14.37547916665,53.84238666665,10.25,1009.6648399999999,0.8267291999999999,0.8744586000000001,0.0459294,20.1872968,0.306196,0.015309799999999998,Linear (small gap),cruise,2021-08-26 23:00:00
2021-08-27 00:00:00+00:00,14.260275,53.9895333333,10.1,1009.6648399999999,0.8267291999999999,0.8744586000000001,0.0459294,20.1872968,0.306196,0.015309799999999998,No (reported postion),cruise,2021-08-27 00:00:00
2021-08-27 01:00:00+00:00,14.3043480246926,54.0076739505852,10.092,1009.6648399999999,0.8267291999999999,0.8744586000000001,0.0459294,20.1872968,0.306196,0.015309799999999998,Linear (small gap),cruise,2021-08-27 01:00:00
2021-08-27 02:00:00+00:00,14.3484210493852,54.0258145678704,10.084,1009.6648399999999,0.8267291999999999,0.8744586000000001,0.0459294,20.1872968,0.306196,0.015309799999999998,Linear (small gap),cruise,2021-08-27 02:00:00
2021-08-27 03:00:00+00:00,14.3924940740778,54.0439551851556,10.076,1009.6648399999999,0.8267291999999999,0.8744586000000001,0.0459294,20.1872968,0.306196,0.015309799999999998,Linear (small gap),cruise,2021-08-27 03:00:00
2021-08-27 04:00:00+00:00,14.4365670987704,54.0620958024407,10.068,1009.6648399999999,0.8267291999999999,0.8744586000000001,0.0459294,20.1872968,0.306196,0.015309799999999998,Linear (small gap),cruise,2021-08-27 04:00:00
2021-08-27 05:00:00+00:00,14.480640123463,54.0802364197259,10.06,1009.6648399999999,0.8267291999999999,0.8744586000000001,0.0459294,20.1872968,0.306196,0.015309799999999998,Linear (small gap),cruise,2021-08-27 05:00:00
2021-08-27 06:00:00+00:00,14.5247131481556,54.0983770370111,10.052,1009.6648399999999,0.8267291999999999,0.8744586000000001,0.0459294,20.1872968,0.306196,0.015309799999999998,Linear (small gap),cruise,2021-08-27 06:00:00
2021-08-27 07:00:00+00:00,14.5687861728481,54.1165176542963,10.044,1009.6648399999999,0.8267291999999999,0.8744586000000001,0.0459294,20.1872968,0.306196,0.015309799999999998,Linear (small gap),cruise,2021-08-27 07:00:00
2021-08-27 08:00:00+00:00,14.6128591975407,54.1346582715815,10.036,1009.6648399999999,0.8267291999999999,0.8744586000000001,0.0459294,20.1872968,0.306196,0.015309799999999998,Linear (small gap),cruise,2021-08-27 08:00:00
2021-08-27 09:00:00+00:00,14.6569322222333,54.1527988888667,10.028,1009.6648399999999,0.8267291999999999,0.8744586000000001,0.0459294,20.1872968,0.306196,0.015309799999999998,Linear (small gap),cruise,2021-08-27 09:00:00
2021-08-27 10:00:00+00:00,14.7010052469259,54.1709395061519,10.02,1009.6648399999999,0.8267291999999999,0.8744586000000001,0.0459294,20.1872968,0.306196,0.015309799999999998,Linear (small gap),cruise,2021-08-27 10:00:00
2021-08-27 11:00:00+00:00,14.7450782716185,54.189080123437,10.012,1009.6648399999999,0.8267291999999999,0.8744586000000001,0.0459294,20.1872968,0.306196,0.015309799999999998,Linear (small gap),cruise,2021-08-27 11:00:00
2021-08-27 12:00:00+00:00,14.7891512963111,54.2072207407222,10.004,1009.6648399999999,0.8267291999999999,0.8744586000000001,0.0459294,20.1872968,0.306196,0.015309799999999998,Linear (small gap),cruise,2021-08-27 12:00:00
2021-08-27 13:00:00+00:00,14.8332243210037,54.2253613580074,9.996,1009.6648399999999,0.8267291999999999,0.8744586000000001,0.0459294,20.1872968,0.306196,0.015309799999999998,Linear (small gap),cruise,2021-08-27 13:00:00
2021-08-27 14:00:00+00:00,14.8772973456963,54.2435019752926,9.988,1009.6648399999999,0.8267291999999999,0.8744586000000001,0.0459294,20.1872968,0.306196,0.015309799999999998,Linear (small gap),cruise,2021-08-27 14:00:00
2021-08-27 15:00:00+00:00,14.9213703703889,54.2616425925778,9.98,1009.6648399999999,0.8267291999999999,0.8744586000000001,0.0459294,20.1872968,0.306196,0.015309799999999998,Linear (small gap),cruise,2021-08-27 15:00:00
2021-08-27 16:00:00+00:00,14.9654433950815,54.279783209863,9.972,1009.6648399999999,0.8267291999999999,0.8744586000000001,0.0459294,20.1872968,0.306196,0.015309799999999998,Linear (small gap),cruise,2021-08-27 16:00:00
2021-08-27 17:00:00+00:00,15.0095164197741,54.2979238271481,9.964,1009.6648399999999,0.8267291999999999,0.8744586000000001,0.0459294,20.1872968,0.306196,0.015309799999999998,Linear (small gap),cruise,2021-08-27 17:00:00
2021-08-27 18:00:00+00:00,15.0535894444667,54.3160644444333,9.956,1009.6648399999999,0.8267291999999999,0.8744586000000001,0.0459294,20.1872968,0.306196,0.015309799999999998,Linear (small gap),cruise,2021-08-27 18:00:00
2021-08-27 19:00:00+00:00,15.0976624691593,54.3342050617185,9.948,1009.6648399999999,0.8267291999999999,0.8744586000000001,0.0459294,20.1872968,0.306196,0.015309799999999998,Linear (small gap),cruise,2021-08-27 19:00:00
2021-08-27 20:00:00+00:00,15.1417354938519,54.3523456790037,9.94,1009.6648399999999,0.8267291999999999,0.8744586000000001,0.0459294,20.1872968,0.306196,0.015309799999999998,Linear (small gap),cruise,2021-08-27 20:00:00
2021-08-27 21:00:00+00:00,15.1858085185444,54.3704862962889,9.932,1009.6648399999999,0.8267291999999999,0.8744586000000001,0.0459294,20.1872968,0.306196,0.015309799999999998,Linear (small gap),cruise,2021-08-27 21:00:00
2021-08-27 22:00:00+00:00,15.229881543237,54.3886269135741,9.924,1009.6648399999999,0.8267291999999999,0.8744586000000001,0.0459294,20.1872968,0.306196,0.015309799999999998,Linear (small gap),cruise,2021-08-27 22:00:00
2021-08-27 23:00:00+00:00,15.2739545679296,54.4067675308593,9.916,1009.6648399999999,0.8267291999999999,0.8744586000000001,0.0459294,20.1872968,0.306196,0.015309799999999998,Linear (small gap),cruise,2021-08-27 23:00:00
2021-08-28 00:00:00+00:00,15.3180275926222,54.4249081481444,9.908,1009.6648399999999,0.8267291999999999,0.8744586000000001,0.0459294,20.1872968,0.306196,0.015309799999999998,Linear (small gap),cruise,2021-08-28 00:00:00
2021-08-28 03:00:00+00:00,15.4502466667,54.47933,9.9,1018.94137930464,0.8343421653867891,0.882494507908277,0.0463523425214883,20.3728275860929,0.309015616809922,0.015450780840496099,No (reported postion),cruise,2021-08-28 03:00:00
2021-08-28 04:00:00+00:00,15.4164583333,54.6192533333,9.6,932.771476669019,0.7636252240140889,0.807848847570427,0.0424236235563382,18.6494295333804,0.282824157042255,0.0141412078521128,No (reported postion),cruise,2021-08-28 04:00:00
2021-08-28 05:00:00+00:00,15.3741083333,54.77391,9.3,851.822344404503,0.697192805438346,0.73772573907381,0.0387329336354637,17.0304468880901,0.258219557569758,0.0129109778784879,No (reported postion),cruise,2021-08-28 05:00:00
2021-08-28 06:00:00+00:00,15.3195316667,54.9264733333,9.5,905.2164037284571,0.7410116383181871,0.7839789515580861,0.0411673132398993,18.0983280745691,0.27444875493266196,0.0137224377466331,No (reported postion),cruise,2021-08-28 06:00:00
2021-08-28 07:00:00+00:00,15.2751,55.0811933333,9.4,841.866879312195,0.689022666912743,0.729101703963451,0.038279037050707995,16.831337586243897,0.255193580338053,0.0127596790169027,No (reported postion),cruise,2021-08-28 07:00:00
2021-08-28 08:00:00+00:00,15.1872066667,55.2222833333,9.1,767.679763865147,0.6281396238406981,0.664836269609626,0.034896645768927696,15.3475952773029,0.232644305126185,0.0116322152563092,No (reported postion),cruise,2021-08-28 08:00:00
2021-08-28 09:00:00+00:00,15.06966,55.35987,9.3,851.822344404503,0.697192805438346,0.73772573907381,0.0387329336354637,17.0304468880901,0.258219557569758,0.0129109778784879,No (reported postion),cruise,2021-08-28 09:00:00
2021-08-28 10:00:00+00:00,14.9613916667,55.50511,9.5,905.2164037284571,0.7410116383181871,0.7839789515580861,0.0411673132398993,18.0983280745691,0.27444875493266196,0.0137224377466331,No (reported postion),cruise,2021-08-28 10:00:00
2021-08-28 11:00:00+00:00,14.84445,55.6509533333,9.8,989.627921898812,0.8102855286099669,0.857101391310521,0.045015862700553695,19.7865584379762,0.30010575133702505,0.0150052875668512,No (reported postion),cruise,2021-08-28 11:00:00
2021-08-28 12:00:00+00:00,14.72549,55.7994233333,9.2,825.97127290451,0.675977640377562,0.715331953731871,0.037554313354309005,16.5134254580902,0.25036208902872703,0.012518104451436298,No (reported postion),cruise,2021-08-28 12:00:00
2021-08-28 13:00:00+00:00,14.6348183333,55.9143966667,7.1,402.209680612166,0.32820976828354,0.348243644299293,0.0182338760157522,8.03819361224332,0.121559173438348,0.00607795867191741,No (reported postion),cruise,2021-08-28 13:00:00
2021-08-28 14:00:00+00:00,14.580975,56.0266866667,5.1,169.543556687393,0.191799305971144,0.146693962479961,0.00826685780803981,3.66599495846013,0.058219584333738,0.0037071989468059198,No (reported postion),cruise,2021-08-28 14:00:00
2021-08-28 15:00:00+00:00,14.577815,56.0321066667,0.0,41.76,0.0324,0.036,0.0018,0.8292,0.012,0.0006,No (reported postion),anchor,2021-08-28 15:00:00
2021-08-28 16:00:00+00:00,14.57781166665,56.03211333335,0.05,41.7601204132995,0.0324009585484233,0.0360001043093931,0.00180002541855212,0.8292111502715299,0.0120002668124477,0.000600038759174505,Linear (small gap),anchor,2021-08-28 16:00:00
2021-08-28 17:00:00+00:00,14.5778083333,56.03212,0.1,41.760963306395595,0.0324076683873865,0.036000834475145196,0.00180020334841695,0.8292892021722359,0.0120021344995818,0.000600310073396042,No (reported postion),anchor,2021-08-28 17:00:00
2021-08-28 18:00:00+00:00,14.5778083333,56.0321088889,0.0666666666666667,41.7602854241172,0.0324022721147812,0.0360002472518949,0.0018000602513827998,0.829226430273255,0.0120006324443205,0.000600091873598827,Linear (small gap),anchor,2021-08-28 18:00:00
2021-08-28 19:00:00+00:00,14.5778083333,56.0320977778,0.0333333333333333,41.760035678014695,0.0324002840143477,0.0360000309064869,0.0018000075314228501,0.829203303784157,0.0120000790555401,0.000600011484199853,Linear (small gap),anchor,2021-08-28 19:00:00
2021-08-28 20:00:00+00:00,14.5778083333,56.0320866667,0.0,41.76,0.0324,0.036,0.0018,0.8292,0.012,0.0006,No (reported postion),anchor,2021-08-28 20:00:00
2021-08-28 21:00:00+00:00,14.5778144444333,56.0320933333667,0.0,41.76,0.0324,0.036,0.0018,0.8292,0.012,0.0006,Linear (small gap),anchor,2021-08-28 21:00:00
2021-08-28 22:00:00+00:00,14.5778205555667,56.0321000000333,0.0,41.76,0.0324,0.036,0.0018,0.8292,0.012,0.0006,Linear (small gap),anchor,2021-08-28 22:00:00
2021-08-28 23:00:00+00:00,14.5778266667,56.0321066667,0.0,41.76,0.0324,0.036,0.0018,0.8292,0.012,0.0006,No (reported postion),anchor,2021-08-28 23:00:00
2021-08-29 00:00:00+00:00,14.5778133333,56.0320933333,0.0,41.76,0.0324,0.036,0.0018,0.8292,0.012,0.0006,No (reported postion),anchor,2021-08-29 00:00:00
2021-08-29 01:00:00+00:00,14.57779,56.03212,0.0,41.76,0.0324,0.036,0.0018,0.8292,0.012,0.0006,No (reported postion),anchor,2021-08-29 01:00:00
2021-08-29 02:00:00+00:00,14.577797916675,56.032128333325,0.0,41.76,0.0324,0.036,0.0018,0.8292,0.012,0.0006,Linear (small gap),anchor,2021-08-29 02:00:00
2021-08-29 03:00:00+00:00,14.57780583335,56.03213666665,0.0,41.76,0.0324,0.036,0.0018,0.8292,0.012,0.0006,Linear (small gap),anchor,2021-08-29 03:00:00
2021-08-29 04:00:00+00:00,14.577813750025,56.032144999975,0.0,41.76,0.0324,0.036,0.0018,0.8292,0.012,0.0006,Linear (small gap),anchor,2021-08-29 04:00:00
2021-08-29 05:00:00+00:00,14.5778216667,56.0321533333,0.0,41.76,0.0324,0.036,0.0018,0.8292,0.012,0.0006,No (reported postion),anchor,2021-08-29 05:00:00
2021-08-29 06:00:00+00:00,14.5777075,56.03202666665,0.0,41.76,0.0324,0.036,0.0018,0.8292,0.012,0.0006,Linear (small gap),anchor,2021-08-29 06:00:00
2021-08-29 07:00:00+00:00,14.5775933333,56.0319,0.0,41.76,0.0324,0.036,0.0018,0.8292,0.012,0.0006,No (reported postion),anchor,2021-08-29 07:00:00
2021-08-29 08:00:00+00:00,14.5775933333,56.0319266667,0.0,41.76,0.0324,0.036,0.0018,0.8292,0.012,0.0006,No (reported postion),anchor,2021-08-29 08:00:00
2021-08-29 09:00:00+00:00,14.5775933333,56.0319,0.1,41.760963306395595,0.0324076683873865,0.036000834475145196,0.00180020334841695,0.8292892021722359,0.0120021344995818,0.000600310073396042,No (reported postion),anchor,2021-08-29 09:00:00
2021-08-29 10:00:00+00:00,14.57760916665,56.03191,0.05,41.7601204132995,0.0324009585484233,0.0360001043093931,0.00180002541855212,0.8292111502715299,0.0120002668124477,0.000600038759174505,Linear (small gap),anchor,2021-08-29 10:00:00
2021-08-29 11:00:00+00:00,14.577625,56.03192,0.0,41.76,0.0324,0.036,0.0018,0.8292,0.012,0.0006,No (reported postion),anchor,2021-08-29 11:00:00
2021-08-29 12:00:00+00:00,14.5985833333,55.9677266667,9.8,948.4162731206029,0.776464418670404,0.821401330818759,0.0431369121483558,18.9623254624121,0.287579414322372,0.0143789707161186,No (reported postion),cruise,2021-08-29 12:00:00
2021-08-29 13:00:00+00:00,14.80508,56.0096533333,9.6,894.031847248627,0.731832822969998,0.774290202023887,0.040657379053888804,17.874636944972497,0.271049193692592,0.0135524596846296,No (reported postion),cruise,2021-08-29 13:00:00
2021-08-29 14:00:00+00:00,14.8703483333,56.15148,6.2,271.34288665892495,0.220811487531641,0.23487879239450998,0.0122673048628689,5.4208577331785,0.0817820324191262,0.00408910162095631,No (reported postion),cruise,2021-08-29 14:00:00
2021-08-29 15:00:00+00:00,14.8697061110833,56.1525761111083,5.68333333333333,224.858781000934,0.190176609160379,0.194611406034244,0.0102314484260308,4.52779537621886,0.0687661874227819,0.00352178905852554,Linear (small gap),cruise,2021-08-29 15:00:00
2021-08-29 16:00:00+00:00,14.8690638888667,56.1536722222167,5.16666666666667,179.32482419303798,0.19158215370908702,0.15516709694533698,0.00857370866847179,3.8006002025696297,0.060084968942855296,0.00367325671069553,Linear (small gap),cruise,2021-08-29 16:00:00
2021-08-29 17:00:00+00:00,14.86842166665,56.154768333325,4.65,142.04475683672499,0.17971800297625898,0.122872813673151,0.0071495364209256,3.17586330997936,0.05162619571056,0.0035872055227960603,Linear (small gap),cruise,2021-08-29 17:00:00
2021-08-29 18:00:00+00:00,14.8677794444333,56.1558644444333,4.13333333333333,112.193189986836,0.17401566922884998,0.09701355363601251,0.0061351735478219396,2.73089612964456,0.0464673057382387,0.0037577190039690704,Linear (small gap),cruise,2021-08-29 18:00:00
2021-08-29 19:00:00+00:00,14.8671372222167,56.1569605555417,3.61666666666667,88.94473469821209,0.18341983476357898,0.0768743142522506,0.00573684184640098,2.55616128995456,0.0469941497457865,0.00462289303430045,Linear (small gap),cruise,2021-08-29 19:00:00
2021-08-29 20:00:00+00:00,14.866495,56.15805666665,3.1,71.47400202569621,0.150912806863582,0.0617400929401928,0.00479397923146453,2.14255888953577,0.0399076797141038,0.0040816862555945,Linear (small gap),cruise,2021-08-29 20:00:00
2021-08-29 21:00:00+00:00,14.8658527777833,56.1591527777583,2.58333333333333,58.367558352063405,0.16460424110654798,0.0503864867183528,0.00530575965820914,2.36705990340107,0.0487991186585236,0.005945715591135311,Linear (small gap),anchor,2021-08-29 21:00:00
2021-08-29 22:00:00+00:00,14.8652105555667,56.1602488888667,2.06666666666667,50.2630698762565,0.10008857144655199,0.0433658811997966,0.00359494894500308,1.61658427054135,0.0308411487531641,0.0033370063826612803,Linear (small gap),anchor,2021-08-29 22:00:00
2021-08-29 23:00:00+00:00,14.86456833335,56.161344999975,1.55,45.3472326040457,0.0609561160790143,0.0391074811311642,0.00255724408617317,1.16137773913463,0.0199486096302411,0.00175467456768523,Linear (small gap),anchor,2021-08-29 23:00:00
2021-08-30 00:00:00+00:00,14.8639261111333,56.1624411110833,1.03333333333333,42.8228837345321,0.0408610714308191,0.0369207351499746,0.0020243686181253802,0.927623033817669,0.014355143594145501,0.00094212579783266,Linear (small gap),anchor,2021-08-30 00:00:00
2021-08-30 01:00:00+00:00,14.8632838889167,56.1635372221917,0.516666666666667,41.8928604668165,0.033457633928852405,0.0361150918937468,0.0018280460772656698,0.8415028792272089,0.0122943929492682,0.000642765724729082,Linear (small gap),anchor,2021-08-30 01:00:00
2021-08-30 02:00:00+00:00,14.8626416667,56.1646333333,0.0,41.76,0.0324,0.036,0.0018,0.8292,0.012,0.0006,No (reported postion),anchor,2021-08-30 02:00:00
2021-08-30 03:00:00+00:00,14.8626541667,56.1646333333,0.0,41.76,0.0324,0.036,0.0018,0.8292,0.012,0.0006,Linear (small gap),anchor,2021-08-30 03:00:00
2021-08-30 04:00:00+00:00,14.8626666667,56.1646333333,0.0,41.76,0.0324,0.036,0.0018,0.8292,0.012,0.0006,No (reported postion),anchor,2021-08-30 04:00:00
2021-08-30 05:00:00+00:00,14.8626541667,56.16463666665,0.0,41.76,0.0324,0.036,0.0018,0.8292,0.012,0.0006,Linear (small gap),anchor,2021-08-30 05:00:00
2021-08-30 06:00:00+00:00,14.8626416667,56.16464,0.0,41.76,0.0324,0.036,0.0018,0.8292,0.012,0.0006,No (reported postion),anchor,2021-08-30 06:00:00
2021-08-30 07:00:00+00:00,14.8626666667,56.1646333333,0.0,41.76,0.0324,0.036,0.0018,0.8292,0.012,0.0006,No (reported postion),anchor,2021-08-30 07:00:00
2021-08-30 08:00:00+00:00,14.8626661111333,56.1646333333,0.0,41.76,0.0324,0.036,0.0018,0.8292,0.012,0.0006,Linear (small gap),anchor,2021-08-30 08:00:00
2021-08-30 09:00:00+00:00,14.8626655555667,56.1646333333,0.0,41.76,0.0324,0.036,0.0018,0.8292,0.012,0.0006,Linear (small gap),anchor,2021-08-30 09:00:00
2021-08-30 10:00:00+00:00,14.862665,56.1646333333,0.0,41.76,0.0324,0.036,0.0018,0.8292,0.012,0.0006,No (reported postion),anchor,2021-08-30 10:00:00
2021-08-30 11:00:00+00:00,14.8626683333,56.1646333333,0.0,41.76,0.0324,0.036,0.0018,0.8292,0.012,0.0006,No (reported postion),anchor,2021-08-30 11:00:00
2021-08-30 12:00:00+00:00,14.8626566667,56.1646333333,0.0,41.76,0.0324,0.036,0.0018,0.8292,0.012,0.0006,No (reported postion),anchor,2021-08-30 12:00:00
2021-08-30 13:00:00+00:00,14.8626583333,56.16464,0.0,41.76,0.0324,0.036,0.0018,0.8292,0.012,0.0006,No (reported postion),anchor,2021-08-30 13:00:00
2021-08-30 14:00:00+00:00,14.86265,56.1646333333,0.0,41.76,0.0324,0.036,0.0018,0.8292,0.012,0.0006,No (reported postion),anchor,2021-08-30 14:00:00
2021-08-30 15:00:00+00:00,14.8626666667,56.1646333333,0.0,41.76,0.0324,0.036,0.0018,0.8292,0.012,0.0006,No (reported postion),anchor,2021-08-30 15:00:00
2021-08-30 16:00:00+00:00,14.86266,56.16464,0.0,41.76,0.0324,0.036,0.0018,0.8292,0.012,0.0006,No (reported postion),anchor,2021-08-30 16:00:00
2021-08-30 17:00:00+00:00,14.8626666667,56.16464,0.0,41.76,0.0324,0.036,0.0018,0.8292,0.012,0.0006,No (reported postion),anchor,2021-08-30 17:00:00
2021-08-30 18:00:00+00:00,14.8617222222333,56.1636422222333,0.0,41.76,0.0324,0.036,0.0018,0.8292,0.012,0.0006,Linear (small gap),anchor,2021-08-30 18:00:00
2021-08-30 19:00:00+00:00,14.8607777777667,56.1626444444667,0.0,41.76,0.0324,0.036,0.0018,0.8292,0.012,0.0006,Linear (small gap),anchor,2021-08-30 19:00:00
2021-08-30 20:00:00+00:00,14.8598333333,56.1616466667,0.0,41.76,0.0324,0.036,0.0018,0.8292,0.012,0.0006,No (reported postion),anchor,2021-08-30 20:00:00
2021-08-30 21:00:00+00:00,14.8598366667,56.1616533333,0.0,41.76,0.0324,0.036,0.0018,0.8292,0.012,0.0006,No (reported postion),anchor,2021-08-30 21:00:00
2021-08-30 22:00:00+00:00,14.8598283333,56.1616533333,0.0,41.76,0.0324,0.036,0.0018,0.8292,0.012,0.0006,No (reported postion),anchor,2021-08-30 22:00:00
2021-08-30 23:00:00+00:00,14.8598466667,56.1616466667,0.0,41.76,0.0324,0.036,0.0018,0.8292,0.012,0.0006,No (reported postion),anchor,2021-08-30 23:00:00
2021-08-31 00:00:00+00:00,14.8598466667,56.1616266667,0.0,41.76,0.0324,0.036,0.0018,0.8292,0.012,0.0006,No (reported postion),anchor,2021-08-31 00:00:00
2021-08-31 01:00:00+00:00,14.8598433333,56.16166,0.0,41.76,0.0324,0.036,0.0018,0.8292,0.012,0.0006,No (reported postion),anchor,2021-08-31 01:00:00
2021-08-31 02:00:00+00:00,14.8598333333,56.1616533333,0.0,41.76,0.0324,0.036,0.0018,0.8292,0.012,0.0006,No (reported postion),anchor,2021-08-31 02:00:00
2021-08-31 03:00:00+00:00,14.8598366667,56.1616533333,0.0,41.76,0.0324,0.036,0.0018,0.8292,0.012,0.0006,No (reported postion),anchor,2021-08-31 03:00:00
2021-08-31 04:00:00+00:00,14.85982,56.1616533333,0.0,41.76,0.0324,0.036,0.0018,0.8292,0.012,0.0006,No (reported postion),anchor,2021-08-31 04:00:00
2021-08-31 05:00:00+00:00,14.8598333333,56.16166,0.0,41.76,0.0324,0.036,0.0018,0.8292,0.012,0.0006,No (reported postion),anchor,2021-08-31 05:00:00
2021-08-31 06:00:00+00:00,14.8598416667,56.1616466667,0.0,41.76,0.0324,0.036,0.0018,0.8292,0.012,0.0006,No (reported postion),anchor,2021-08-31 06:00:00
2021-08-31 07:00:00+00:00,14.8598375,56.1616466667,0.0,41.76,0.0324,0.036,0.0018,0.8292,0.012,0.0006,Linear (small gap),anchor,2021-08-31 07:00:00
2021-08-31 08:00:00+00:00,14.8598333333,56.1616466667,0.0,41.76,0.0324,0.036,0.0018,0.8292,0.012,0.0006,No (reported postion),anchor,2021-08-31 08:00:00
2021-08-31 09:00:00+00:00,14.8598116667,56.1617333333,0.0,41.76,0.0324,0.036,0.0018,0.8292,0.012,0.0006,No (reported postion),anchor,2021-08-31 09:00:00
2021-08-31 10:00:00+00:00,14.859815,56.1617433333,0.0,41.76,0.0324,0.036,0.0018,0.8292,0.012,0.0006,Linear (small gap),anchor,2021-08-31 10:00:00
2021-08-31 11:00:00+00:00,14.8598183333,56.1617533333,0.0,41.76,0.0324,0.036,0.0018,0.8292,0.012,0.0006,No (reported postion),anchor,2021-08-31 11:00:00
2021-08-31 12:00:00+00:00,14.8598166667,56.1617266667,0.0,41.76,0.0324,0.036,0.0018,0.8292,0.012,0.0006,No (reported postion),anchor,2021-08-31 12:00:00
2021-08-31 13:00:00+00:00,14.8598066667,56.1617333333,0.0,41.76,0.0324,0.036,0.0018,0.8292,0.012,0.0006,No (reported postion),anchor,2021-08-31 13:00:00
2021-08-31 14:00:00+00:00,14.85979,56.1617333333,0.0,41.76,0.0324,0.036,0.0018,0.8292,0.012,0.0006,No (reported postion),anchor,2021-08-31 14:00:00
2021-08-31 15:00:00+00:00,14.859825,56.1617266667,0.0,41.76,0.0324,0.036,0.0018,0.8292,0.012,0.0006,No (reported postion),anchor,2021-08-31 15:00:00
2021-08-31 16:00:00+00:00,14.8598083333,56.1617533333,0.0,41.76,0.0324,0.036,0.0018,0.8292,0.012,0.0006,No (reported postion),anchor,2021-08-31 16:00:00
2021-08-31 17:00:00+00:00,14.85982,56.1617533333,0.0,41.76,0.0324,0.036,0.0018,0.8292,0.012,0.0006,No (reported postion),anchor,2021-08-31 17:00:00
2021-08-31 18:00:00+00:00,14.85981333335,56.1617433333,0.0,41.76,0.0324,0.036,0.0018,0.8292,0.012,0.0006,Linear (small gap),anchor,2021-08-31 18:00:00
2021-08-31 19:00:00+00:00,14.8598066667,56.1617333333,0.0,41.76,0.0324,0.036,0.0018,0.8292,0.012,0.0006,No (reported postion),anchor,2021-08-31 19:00:00
2021-08-31 20:00:00+00:00,14.8598116667,56.1617266667,0.0,41.76,0.0324,0.036,0.0018,0.8292,0.012,0.0006,No (reported postion),anchor,2021-08-31 20:00:00
2021-08-31 21:00:00+00:00,14.85981,56.16173333335,0.0,41.76,0.0324,0.036,0.0018,0.8292,0.012,0.0006,Linear (small gap),anchor,2021-08-31 21:00:00
2021-08-31 22:00:00+00:00,14.8598083333,56.16174,0.0,41.76,0.0324,0.036,0.0018,0.8292,0.012,0.0006,No (reported postion),anchor,2021-08-31 22:00:00
2021-08-31 23:00:00+00:00,14.8598333333,56.1617333333,0.0,41.76,0.0324,0.036,0.0018,0.8292,0.012,0.0006,No (reported postion),anchor,2021-08-31 23:00:00
2021-09-01 00:00:00+00:00,14.8598333333,56.1617333333,0.0,41.76,0.0324,0.036,0.0018,0.8292,0.012,0.0006,No (reported postion),anchor,2021-09-01 00:00:00
2021-09-01 01:00:00+00:00,14.8598166667,56.1617533333,0.0,41.76,0.0324,0.036,0.0018,0.8292,0.012,0.0006,No (reported postion),anchor,2021-09-01 01:00:00
2021-09-01 02:00:00+00:00,14.8598116667,56.1617533333,0.0,41.76,0.0324,0.036,0.0018,0.8292,0.012,0.0006,No (reported postion),anchor,2021-09-01 02:00:00
2021-09-01 03:00:00+00:00,14.8598166667,56.16176,0.0,41.76,0.0324,0.036,0.0018,0.8292,0.012,0.0006,No (reported postion),anchor,2021-09-01 03:00:00
2021-09-01 04:00:00+00:00,14.85981,56.1617266667,0.0,41.76,0.0324,0.036,0.0018,0.8292,0.012,0.0006,No (reported postion),anchor,2021-09-01 04:00:00
2021-09-01 05:00:00+00:00,14.85979,56.16172,0.0,41.76,0.0324,0.036,0.0018,0.8292,0.012,0.0006,No (reported postion),anchor,2021-09-01 05:00:00
2021-09-01 06:00:00+00:00,14.8597833333,56.1618666667,0.0,41.76,0.0324,0.036,0.0018,0.8292,0.012,0.0006,No (reported postion),anchor,2021-09-01 06:00:00
2021-09-01 07:00:00+00:00,14.85977,56.1618733333,0.0,41.76,0.0324,0.036,0.0018,0.8292,0.012,0.0006,No (reported postion),anchor,2021-09-01 07:00:00
2021-09-01 08:00:00+00:00,14.8597833333,56.1618666667,0.0,41.76,0.0324,0.036,0.0018,0.8292,0.012,0.0006,No (reported postion),anchor,2021-09-01 08:00:00
2021-09-01 09:00:00+00:00,14.8597816667,56.1618733333,0.0,41.76,0.0324,0.036,0.0018,0.8292,0.012,0.0006,No (reported postion),anchor,2021-09-01 09:00:00
2021-09-01 10:00:00+00:00,14.8597825,56.1618733333,0.0,41.76,0.0324,0.036,0.0018,0.8292,0.012,0.0006,Linear (small gap),anchor,2021-09-01 10:00:00
2021-09-01 11:00:00+00:00,14.8597833333,56.1618733333,0.0,41.76,0.0324,0.036,0.0018,0.8292,0.012,0.0006,No (reported postion),anchor,2021-09-01 11:00:00
2021-09-01 12:00:00+00:00,14.85979,56.16176,0.0,41.76,0.0324,0.036,0.0018,0.8292,0.012,0.0006,No (reported postion),anchor,2021-09-01 12:00:00
2021-09-01 13:00:00+00:00,14.85981,56.16176,0.0,41.76,0.0324,0.036,0.0018,0.8292,0.012,0.0006,No (reported postion),anchor,2021-09-01 13:00:00
2021-09-01 14:00:00+00:00,14.8799616667,56.0470066667,10.2,1009.6648399999999,0.8267291999999999,0.8744586000000001,0.0459294,20.1872968,0.306196,0.015309799999999998,No (reported postion),cruise,2021-09-01 14:00:00
2021-09-01 15:00:00+00:00,14.7994483333,55.88413,10.2,1009.6648399999999,0.8267291999999999,0.8744586000000001,0.0459294,20.1872968,0.306196,0.015309799999999998,No (reported postion),cruise,2021-09-01 15:00:00
2021-09-01 16:00:00+00:00,14.6916416667,55.7257566667,10.1,1009.6648399999999,0.8267291999999999,0.8744586000000001,0.0459294,20.1872968,0.306196,0.015309799999999998,No (reported postion),cruise,2021-09-01 16:00:00
2021-09-01 17:00:00+00:00,14.5892716667,55.56762,10.2,1009.6648399999999,0.8267291999999999,0.8744586000000001,0.0459294,20.1872968,0.306196,0.015309799999999998,No (reported postion),cruise,2021-09-01 17:00:00
2021-09-01 18:00:00+00:00,14.48667,55.4081633333,10.2,1009.6648399999999,0.8267291999999999,0.8744586000000001,0.0459294,20.1872968,0.306196,0.015309799999999998,No (reported postion),cruise,2021-09-01 18:00:00
2021-09-01 19:00:00+00:00,14.31895,55.2682033333,10.2,1009.6648399999999,0.8267291999999999,0.8744586000000001,0.0459294,20.1872968,0.306196,0.015309799999999998,No (reported postion),cruise,2021-09-01 19:00:00
2021-09-01 20:00:00+00:00,14.0553983333,55.2378733333,10.2,1009.6648399999999,0.8267291999999999,0.8744586000000001,0.0459294,20.1872968,0.306196,0.015309799999999998,No (reported postion),cruise,2021-09-01 20:00:00
2021-09-01 21:00:00+00:00,13.7542216667,55.2426666667,10.1,1009.6648399999999,0.8267291999999999,0.8744586000000001,0.0459294,20.1872968,0.306196,0.015309799999999998,No (reported postion),cruise,2021-09-01 21:00:00
2021-09-01 22:00:00+00:00,13.465745,55.24799,9.9,1018.94137930464,0.8343421653867891,0.882494507908277,0.0463523425214883,20.3728275860929,0.309015616809922,0.015450780840496099,No (reported postion),cruise,2021-09-01 22:00:00
2021-09-01 23:00:00+00:00,13.1740833333,55.25328,10.1,1009.6648399999999,0.8267291999999999,0.8744586000000001,0.0459294,20.1872968,0.306196,0.015309799999999998,No (reported postion),cruise,2021-09-01 23:00:00
2021-09-02 00:00:00+00:00,12.884245,55.2671133333,10.0,1009.6648399999999,0.8267291999999999,0.8744586000000001,0.0459294,20.1872968,0.306196,0.015309799999999998,No (reported postion),cruise,2021-09-02 00:00:00
2021-09-02 01:00:00+00:00,12.6911583333,55.3604966667,9.9,976.4552323783539,0.799475114717798,0.845690398868787,0.044415284150988804,19.5231046475671,0.296101894339925,0.014805094716996299,No (reported postion),cruise,2021-09-02 01:00:00
2021-09-02 02:00:00+00:00,12.71972,55.5273033333,10.1,1009.6648399999999,0.8267291999999999,0.8744586000000001,0.0459294,20.1872968,0.306196,0.015309799999999998,No (reported postion),cruise,2021-09-02 02:00:00
2021-09-02 03:00:00+00:00,12.6883683333,55.6968666667,10.4,1009.6648399999999,0.8267291999999999,0.8744586000000001,0.0459294,20.1872968,0.306196,0.015309799999999998,No (reported postion),cruise,2021-09-02 03:00:00
2021-09-02 04:00:00+00:00,12.7292033333,55.8653466667,10.4,1009.6648399999999,0.8267291999999999,0.8744586000000001,0.0459294,20.1872968,0.306196,0.015309799999999998,No (reported postion),cruise,2021-09-02 04:00:00
2021-09-02 05:00:00+00:00,12.66857,56.0310933333,10.5,1009.6648399999999,0.8267291999999999,0.8744586000000001,0.0459294,20.1872968,0.306196,0.015309799999999998,No (reported postion),cruise,2021-09-02 05:00:00
2021-09-02 06:00:00+00:00,12.4824483333,56.1835466667,10.9,1009.6648399999999,0.8267291999999999,0.8744586000000001,0.0459294,20.1872968,0.306196,0.015309799999999998,No (reported postion),cruise,2021-09-02 06:00:00
2021-09-02 07:00:00+00:00,12.3612816667,56.3633933333,11.8,1009.6648399999999,0.8267291999999999,0.8744586000000001,0.0459294,20.1872968,0.306196,0.015309799999999998,No (reported postion),cruise,2021-09-02 07:00:00
2021-09-02 08:00:00+00:00,12.28831,56.5416,10.5,1009.6648399999999,0.8267291999999999,0.8744586000000001,0.0459294,20.1872968,0.306196,0.015309799999999998,No (reported postion),cruise,2021-09-02 08:00:00
2021-09-02 09:00:00+00:00,12.2177966667,56.7079666667,10.1,1009.6648399999999,0.8267291999999999,0.8744586000000001,0.0459294,20.1872968,0.306196,0.015309799999999998,No (reported postion),cruise,2021-09-02 09:00:00
2021-09-02 10:00:00+00:00,12.133545,56.8762666667,10.9,1009.6648399999999,0.8267291999999999,0.8744586000000001,0.0459294,20.1872968,0.306196,0.015309799999999998,No (reported postion),cruise,2021-09-02 10:00:00
2021-09-02 11:00:00+00:00,12.0177466667,57.0445133333,10.4,1009.6648399999999,0.8267291999999999,0.8744586000000001,0.0459294,20.1872968,0.306196,0.015309799999999998,No (reported postion),cruise,2021-09-02 11:00:00
2021-09-02 12:00:00+00:00,11.9187033333,57.20748,10.0,1009.6648399999999,0.8267291999999999,0.8744586000000001,0.0459294,20.1872968,0.306196,0.015309799999999998,No (reported postion),cruise,2021-09-02 12:00:00
2021-09-02 13:00:00+00:00,11.7230916667,57.32366,9.3,851.822344404503,0.697192805438346,0.73772573907381,0.0387329336354637,17.0304468880901,0.258219557569758,0.0129109778784879,No (reported postion),cruise,2021-09-02 13:00:00
2021-09-02 14:00:00+00:00,11.507135,57.43584,10.1,1009.6648399999999,0.8267291999999999,0.8744586000000001,0.0459294,20.1872968,0.306196,0.015309799999999998,No (reported postion),cruise,2021-09-02 14:00:00
2021-09-02 15:00:00+00:00,11.276575,57.5437733333,9.8,989.627921898812,0.8102855286099669,0.857101391310521,0.045015862700553695,19.7865584379762,0.30010575133702505,0.0150052875668512,No (reported postion),cruise,2021-09-02 15:00:00
2021-09-02 16:00:00+00:00,11.0545816667,57.6449466667,9.2,825.97127290451,0.675977640377562,0.715331953731871,0.037554313354309005,16.5134254580902,0.25036208902872703,0.012518104451436298,No (reported postion),cruise,2021-09-02 16:00:00
2021-09-02 17:00:00+00:00,10.84394,57.75208,9.2,825.97127290451,0.675977640377562,0.715331953731871,0.037554313354309005,16.5134254580902,0.25036208902872703,0.012518104451436298,No (reported postion),cruise,2021-09-02 17:00:00
2021-09-02 18:00:00+00:00,10.62262,57.8398533333,8.1,576.970537575571,0.471630532356851,0.499632228598899,0.026201696242047302,11.533410751511399,0.174677974946982,0.0087338987473491,No (reported postion),cruise,2021-09-02 18:00:00
2021-09-02 19:00:00+00:00,10.3501116667,57.85702,8.9,751.729380352875,0.615049643450688,0.6510190680868371,0.034169424636149304,15.0285876070575,0.227796164240996,0.0113898082120498,No (reported postion),cruise,2021-09-02 19:00:00
2021-09-02 20:00:00+00:00,10.0605133333,57.87222,10.1,1009.6648399999999,0.8267291999999999,0.8744586000000001,0.0459294,20.1872968,0.306196,0.015309799999999998,No (reported postion),cruise,2021-09-02 20:00:00
2021-09-02 21:00:00+00:00,9.7683908333,57.877423333325,9.875,1009.6648399999999,0.8267291999999999,0.8744586000000001,0.0459294,20.1872968,0.306196,0.015309799999999998,Linear (small gap),cruise,2021-09-02 21:00:00
2021-09-02 22:00:00+00:00,9.4762683333,57.88262666665,9.65,978.810857336308,0.801408302373262,0.847730985838443,0.0445226834651812,19.5702171467262,0.296817889767875,0.014840894488393699,Linear (small gap),cruise,2021-09-02 22:00:00
2021-09-02 23:00:00+00:00,9.1841458333,57.887829999975,9.425,914.782223063936,0.748862006769795,0.792265451590339,0.0416034448205442,18.2896444612787,0.277356298803628,0.0138678149401814,Linear (small gap),cruise,2021-09-02 23:00:00
2021-09-03 00:00:00+00:00,8.8920233333,57.8930333333,9.2,825.97127290451,0.675977640377562,0.715331953731871,0.037554313354309005,16.5134254580902,0.25036208902872703,0.012518104451436298,No (reported postion),cruise,2021-09-03 00:00:00
2021-09-03 01:00:00+00:00,8.6001333333,57.8976866667,9.6,932.771476669019,0.7636252240140889,0.807848847570427,0.0424236235563382,18.6494295333804,0.282824157042255,0.0141412078521128,No (reported postion),cruise,2021-09-03 01:00:00
2021-09-03 02:00:00+00:00,8.3055083333,57.9021533333,9.6,932.771476669019,0.7636252240140889,0.807848847570427,0.0424236235563382,18.6494295333804,0.282824157042255,0.0141412078521128,No (reported postion),cruise,2021-09-03 02:00:00
2021-09-03 03:00:00+00:00,7.99234,57.90462,10.4,1009.6648399999999,0.8267291999999999,0.8744586000000001,0.0459294,20.1872968,0.306196,0.015309799999999998,No (reported postion),cruise,2021-09-03 03:00:00
2021-09-03 04:00:00+00:00,7.6677833333,57.91102,10.2,1009.6648399999999,0.8267291999999999,0.8744586000000001,0.0459294,20.1872968,0.306196,0.015309799999999998,No (reported postion),cruise,2021-09-03 04:00:00
2021-09-03 05:00:00+00:00,7.354565,57.9177066667,10.0,1005.06639563511,0.8229554006731931,0.870475145155037,0.045719744481844,20.095327912702302,0.304798296545627,0.0152399148272813,No (reported postion),cruise,2021-09-03 05:00:00
2021-09-03 06:00:00+00:00,7.0471333333,57.9441466667,10.1,1009.6648399999999,0.8267291999999999,0.8744586000000001,0.0459294,20.1872968,0.306196,0.015309799999999998,No (reported postion),cruise,2021-09-03 06:00:00
2021-09-03 07:00:00+00:00,6.7528983333,57.9943733333,9.6,894.031847248627,0.731832822969998,0.774290202023887,0.040657379053888804,17.874636944972497,0.271049193692592,0.0135524596846296,No (reported postion),cruise,2021-09-03 07:00:00
2021-09-03 08:00:00+00:00,6.52046,58.0743266667,9.0,744.0103624179969,0.608714887090758,0.644332380818022,0.0338174937272643,14.8742072483599,0.225449958181762,0.011272497909088101,No (reported postion),cruise,2021-09-03 08:00:00
2021-09-03 09:00:00+00:00,6.29152,58.1688733333,9.2,825.97127290451,0.675977640377562,0.715331953731871,0.037554313354309005,16.5134254580902,0.25036208902872703,0.012518104451436298,No (reported postion),cruise,2021-09-03 09:00:00
2021-09-03 10:00:00+00:00,6.07564,58.2666266667,9.3,851.822344404503,0.697192805438346,0.73772573907381,0.0387329336354637,17.0304468880901,0.258219557569758,0.0129109778784879,No (reported postion),cruise,2021-09-03 10:00:00
2021-09-03 11:00:00+00:00,5.86846,58.3765,9.3,816.602242473872,0.668288770419288,0.70721592433147,0.037127153912182596,16.326044849477498,0.247514359414551,0.0123757179707275,No (reported postion),cruise,2021-09-03 11:00:00
2021-09-03 12:00:00+00:00,5.67319,58.4938466667,9.3,816.602242473872,0.668288770419288,0.70721592433147,0.037127153912182596,16.326044849477498,0.247514359414551,0.0123757179707275,No (reported postion),cruise,2021-09-03 12:00:00
2021-09-03 13:00:00+00:00,5.5367733333,58.62746,8.8,698.2263360462521,0.571141370007562,0.6046714461190931,0.031730076111531204,13.958526720924999,0.21153384074354198,0.0105766920371771,No (reported postion),cruise,2021-09-03 13:00:00
2021-09-03 14:00:00+00:00,5.4211716667,58.7638133333,8.8,698.2263360462521,0.571141370007562,0.6046714461190931,0.031730076111531204,13.958526720924999,0.21153384074354198,0.0105766920371771,No (reported postion),cruise,2021-09-03 14:00:00
2021-09-03 15:00:00+00:00,5.5382716667,58.89872,9.0,744.0103624179969,0.608714887090758,0.644332380818022,0.0338174937272643,14.8742072483599,0.225449958181762,0.011272497909088101,No (reported postion),cruise,2021-09-03 15:00:00
2021-09-03 16:00:00+00:00,5.5854533333,59.0408133333,8.3,592.566074041014,0.48442930088472297,0.513142039822763,0.0269127389380402,11.8453214808203,0.179418259586934,0.00897091297934672,No (reported postion),cruise,2021-09-03 16:00:00
2021-09-03 17:00:00+00:00,5.784895,58.9763733333,10.2,1009.6648399999999,0.8267291999999999,0.8744586000000001,0.0459294,20.1872968,0.306196,0.015309799999999998,No (reported postion),cruise,2021-09-03 17:00:00
2021-09-03 18:00:00+00:00,5.7550383333,58.9451333333,0.0,41.76,0.0324,0.036,0.0018,0.8292,0.012,0.0006,No (reported postion),anchor,2021-09-03 18:00:00
2021-09-03 19:00:00+00:00,5.754855,58.9452066667,0.0,41.76,0.0324,0.036,0.0018,0.8292,0.012,0.0006,No (reported postion),anchor,2021-09-03 19:00:00
2021-09-03 20:00:00+00:00,5.75491,58.9451333333,0.0,41.76,0.0324,0.036,0.0018,0.8292,0.012,0.0006,No (reported postion),anchor,2021-09-03 20:00:00
2021-09-03 21:00:00+00:00,5.75497,58.9451666667,0.0,41.76,0.0324,0.036,0.0018,0.8292,0.012,0.0006,No (reported postion),anchor,2021-09-03 21:00:00
2021-09-03 22:00:00+00:00,5.7548833333,58.9452066667,0.0,41.76,0.0324,0.036,0.0018,0.8292,0.012,0.0006,No (reported postion),anchor,2021-09-03 22:00:00
2021-09-03 23:00:00+00:00,5.754955,58.9451666667,0.0,41.76,0.0324,0.036,0.0018,0.8292,0.012,0.0006,No (reported postion),anchor,2021-09-03 23:00:00
2021-09-04 00:00:00+00:00,5.7549183333,58.9451333333,0.0,41.76,0.0324,0.036,0.0018,0.8292,0.012,0.0006,No (reported postion),anchor,2021-09-04 00:00:00
2021-09-04 01:00:00+00:00,5.7549033333,58.9451933333,0.0,41.76,0.0324,0.036,0.0018,0.8292,0.012,0.0006,No (reported postion),anchor,2021-09-04 01:00:00
2021-09-04 02:00:00+00:00,5.75498,58.94514,0.0,41.76,0.0324,0.036,0.0018,0.8292,0.012,0.0006,No (reported postion),anchor,2021-09-04 02:00:00
2021-09-04 03:00:00+00:00,5.755035,58.9451733333,0.0,41.76,0.0324,0.036,0.0018,0.8292,0.012,0.0006,No (reported postion),anchor,2021-09-04 03:00:00
2021-09-04 04:00:00+00:00,5.7549816667,58.9451333333,0.0,41.76,0.0324,0.036,0.0018,0.8292,0.012,0.0006,No (reported postion),anchor,2021-09-04 04:00:00
2021-09-04 05:00:00+00:00,5.7549,58.94512,0.0,41.76,0.0324,0.036,0.0018,0.8292,0.012,0.0006,No (reported postion),anchor,2021-09-04 05:00:00
2021-09-04 06:00:00+00:00,5.754955,58.94514,0.0,41.76,0.0324,0.036,0.0018,0.8292,0.012,0.0006,No (reported postion),anchor,2021-09-04 06:00:00
2021-09-04 07:00:00+00:00,5.75484,58.9448866667,0.0,41.76,0.0324,0.036,0.0018,0.8292,0.012,0.0006,No (reported postion),anchor,2021-09-04 07:00:00
2021-09-04 08:00:00+00:00,5.7548133333,58.9449,0.0,41.76,0.0324,0.036,0.0018,0.8292,0.012,0.0006,No (reported postion),anchor,2021-09-04 08:00:00
2021-09-04 09:00:00+00:00,5.7548166667,58.9449066667,0.0,41.76,0.0324,0.036,0.0018,0.8292,0.012,0.0006,No (reported postion),anchor,2021-09-04 09:00:00
2021-09-04 10:00:00+00:00,5.75486,58.94488,0.0,41.76,0.0324,0.036,0.0018,0.8292,0.012,0.0006,No (reported postion),anchor,2021-09-04 10:00:00
2021-09-04 11:00:00+00:00,5.7548,58.9449,0.0,41.76,0.0324,0.036,0.0018,0.8292,0.012,0.0006,No (reported postion),anchor,2021-09-04 11:00:00
2021-09-04 12:00:00+00:00,5.7548233333,58.9448333333,0.0,41.76,0.0324,0.036,0.0018,0.8292,0.012,0.0006,No (reported postion),anchor,2021-09-04 12:00:00
2021-09-04 13:00:00+00:00,5.7547466667,58.9449333333,0.0,41.76,0.0324,0.036,0.0018,0.8292,0.012,0.0006,No (reported postion),anchor,2021-09-04 13:00:00
2021-09-04 14:00:00+00:00,5.7548116667,58.9448333333,0.0,41.76,0.0324,0.036,0.0018,0.8292,0.012,0.0006,No (reported postion),anchor,2021-09-04 14:00:00
2021-09-04 15:00:00+00:00,5.7550116667,58.94484,0.0,41.76,0.0324,0.036,0.0018,0.8292,0.012,0.0006,No (reported postion),anchor,2021-09-04 15:00:00
2021-09-04 16:00:00+00:00,5.7549933333,58.94486,0.0,41.76,0.0324,0.036,0.0018,0.8292,0.012,0.0006,No (reported postion),anchor,2021-09-04 16:00:00
2021-09-04 17:00:00+00:00,5.7548383333,58.9449066667,0.0,41.76,0.0324,0.036,0.0018,0.8292,0.012,0.0006,No (reported postion),anchor,2021-09-04 17:00:00
2021-09-04 18:00:00+00:00,5.7548516667,58.9449,0.0,41.76,0.0324,0.036,0.0018,0.8292,0.012,0.0006,No (reported postion),anchor,2021-09-04 18:00:00
2021-09-04 19:00:00+00:00,5.754835,58.9448866667,0.0,41.76,0.0324,0.036,0.0018,0.8292,0.012,0.0006,No (reported postion),anchor,2021-09-04 19:00:00
2021-09-04 20:00:00+00:00,5.7549316667,58.9449466667,0.0,41.76,0.0324,0.036,0.0018,0.8292,0.012,0.0006,No (reported postion),anchor,2021-09-04 20:00:00
2021-09-04 21:00:00+00:00,5.7547933333,58.9449,0.0,41.76,0.0324,0.036,0.0018,0.8292,0.012,0.0006,No (reported postion),anchor,2021-09-04 21:00:00
2021-09-04 22:00:00+00:00,5.75485,58.9448733333,0.0,41.76,0.0324,0.036,0.0018,0.8292,0.012,0.0006,No (reported postion),anchor,2021-09-04 22:00:00
2021-09-04 23:00:00+00:00,5.7548666667,58.9449133333,0.0,41.76,0.0324,0.036,0.0018,0.8292,0.012,0.0006,No (reported postion),anchor,2021-09-04 23:00:00
2021-09-05 00:00:00+00:00,5.7549566667,58.9448866667,0.0,41.76,0.0324,0.036,0.0018,0.8292,0.012,0.0006,No (reported postion),anchor,2021-09-05 00:00:00
2021-09-05 01:00:00+00:00,5.754785,58.9449333333,0.0,41.76,0.0324,0.036,0.0018,0.8292,0.012,0.0006,No (reported postion),anchor,2021-09-05 01:00:00
2021-09-05 02:00:00+00:00,5.75483,58.9449066667,0.0,41.76,0.0324,0.036,0.0018,0.8292,0.012,0.0006,No (reported postion),anchor,2021-09-05 02:00:00
2021-09-05 03:00:00+00:00,5.7545416667,58.94496,0.0,41.76,0.0324,0.036,0.0018,0.8292,0.012,0.0006,No (reported postion),anchor,2021-09-05 03:00:00
2021-09-05 04:00:00+00:00,5.754845,58.9449066667,0.0,41.76,0.0324,0.036,0.0018,0.8292,0.012,0.0006,No (reported postion),anchor,2021-09-05 04:00:00
2021-09-05 05:00:00+00:00,5.7548183333,58.9448866667,0.0,41.76,0.0324,0.036,0.0018,0.8292,0.012,0.0006,No (reported postion),anchor,2021-09-05 05:00:00
2021-09-05 06:00:00+00:00,5.7547933333,58.9449,0.0,41.76,0.0324,0.036,0.0018,0.8292,0.012,0.0006,No (reported postion),anchor,2021-09-05 06:00:00
2021-09-05 07:00:00+00:00,5.754845,58.9448866667,0.0,41.76,0.0324,0.036,0.0018,0.8292,0.012,0.0006,No (reported postion),anchor,2021-09-05 07:00:00
2021-09-05 08:00:00+00:00,5.75483,58.94486,0.0,41.76,0.0324,0.036,0.0018,0.8292,0.012,0.0006,No (reported postion),anchor,2021-09-05 08:00:00
2021-09-05 09:00:00+00:00,5.7547783333,58.9449066667,0.0,41.76,0.0324,0.036,0.0018,0.8292,0.012,0.0006,No (reported postion),anchor,2021-09-05 09:00:00
2021-09-05 10:00:00+00:00,5.75485,58.9448733333,0.0,41.76,0.0324,0.036,0.0018,0.8292,0.012,0.0006,No (reported postion),anchor,2021-09-05 10:00:00
2021-09-05 11:00:00+00:00,5.7549,58.9449,0.0,41.76,0.0324,0.036,0.0018,0.8292,0.012,0.0006,No (reported postion),anchor,2021-09-05 11:00:00
2021-09-05 12:00:00+00:00,5.7549583333,58.9448733333,0.0,41.76,0.0324,0.036,0.0018,0.8292,0.012,0.0006,No (reported postion),anchor,2021-09-05 12:00:00
2021-09-05 13:00:00+00:00,5.7548816667,58.9448866667,0.0,41.76,0.0324,0.036,0.0018,0.8292,0.012,0.0006,No (reported postion),anchor,2021-09-05 13:00:00
2021-09-05 14:00:00+00:00,5.7548,58.94486,0.0,41.76,0.0324,0.036,0.0018,0.8292,0.012,0.0006,No (reported postion),anchor,2021-09-05 14:00:00
2021-09-05 15:00:00+00:00,5.75486,58.9448666667,0.2,41.7677064511651,0.0324613470990922,0.0360066758011612,0.00180162678733561,0.829913617377887,0.012017075996654499,0.000602480587168335,No (reported postion),anchor,2021-09-05 15:00:00
2021-09-05 16:00:00+00:00,5.7548516667,58.9448733333,0.0,41.76,0.0324,0.036,0.0018,0.8292,0.012,0.0006,No (reported postion),anchor,2021-09-05 16:00:00
2021-09-05 17:00:00+00:00,5.7548433333,58.9449133333,0.0,41.76,0.0324,0.036,0.0018,0.8292,0.012,0.0006,No (reported postion),anchor,2021-09-05 17:00:00
2021-09-05 18:00:00+00:00,5.7548233333,58.9449,0.0,41.76,0.0324,0.036,0.0018,0.8292,0.012,0.0006,No (reported postion),anchor,2021-09-05 18:00:00
2021-09-05 19:00:00+00:00,5.754845,58.9449,0.0,41.76,0.0324,0.036,0.0018,0.8292,0.012,0.0006,No (reported postion),anchor,2021-09-05 19:00:00
2021-09-05 20:00:00+00:00,5.7548966667,58.9449466667,0.0,41.76,0.0324,0.036,0.0018,0.8292,0.012,0.0006,No (reported postion),anchor,2021-09-05 20:00:00
2021-09-05 21:00:00+00:00,5.7548183333,58.9448866667,0.0,41.76,0.0324,0.036,0.0018,0.8292,0.012,0.0006,No (reported postion),anchor,2021-09-05 21:00:00
2021-09-05 22:00:00+00:00,5.7547716667,58.9449066667,0.0,41.76,0.0324,0.036,0.0018,0.8292,0.012,0.0006,No (reported postion),anchor,2021-09-05 22:00:00
2021-09-05 23:00:00+00:00,5.754975,58.94488,0.0,41.76,0.0324,0.036,0.0018,0.8292,0.012,0.0006,No (reported postion),anchor,2021-09-05 23:00:00
2021-09-06 00:00:00+00:00,5.7550383333,58.9449333333,0.0,41.76,0.0324,0.036,0.0018,0.8292,0.012,0.0006,No (reported postion),anchor,2021-09-06 00:00:00
2021-09-06 01:00:00+00:00,5.7548183333,58.9449333333,0.1,41.760963306395595,0.0324076683873865,0.036000834475145196,0.00180020334841695,0.8292892021722359,0.0120021344995818,0.000600310073396042,No (reported postion),anchor,2021-09-06 01:00:00
2021-09-06 02:00:00+00:00,5.7548816667,58.94484,0.0,41.76,0.0324,0.036,0.0018,0.8292,0.012,0.0006,No (reported postion),anchor,2021-09-06 02:00:00
2021-09-06 03:00:00+00:00,5.7549316667,58.945,0.1,41.760963306395595,0.0324076683873865,0.036000834475145196,0.00180020334841695,0.8292892021722359,0.0120021344995818,0.000600310073396042,No (reported postion),anchor,2021-09-06 03:00:00
2021-09-06 04:00:00+00:00,5.7548733333,58.9448666667,0.0,41.76,0.0324,0.036,0.0018,0.8292,0.012,0.0006,No (reported postion),anchor,2021-09-06 04:00:00
2021-09-06 05:00:00+00:00,5.7548116667,58.9448866667,0.0,41.76,0.0324,0.036,0.0018,0.8292,0.012,0.0006,No (reported postion),anchor,2021-09-06 05:00:00
2021-09-06 06:00:00+00:00,5.7549466667,58.9449333333,0.0,41.76,0.0324,0.036,0.0018,0.8292,0.012,0.0006,No (reported postion),anchor,2021-09-06 06:00:00
2021-09-06 07:00:00+00:00,5.754845,58.9448266667,0.0,41.76,0.0324,0.036,0.0018,0.8292,0.012,0.0006,No (reported postion),anchor,2021-09-06 07:00:00
2021-09-06 08:00:00+00:00,5.7548266667,58.9448666667,0.0,41.76,0.0324,0.036,0.0018,0.8292,0.012,0.0006,No (reported postion),anchor,2021-09-06 08:00:00
2021-09-06 09:00:00+00:00,5.7548183333,58.9449,0.0,41.76,0.0324,0.036,0.0018,0.8292,0.012,0.0006,No (reported postion),anchor,2021-09-06 09:00:00
2021-09-06 10:00:00+00:00,5.7548233333,58.9449133333,0.0,41.76,0.0324,0.036,0.0018,0.8292,0.012,0.0006,No (reported postion),anchor,2021-09-06 10:00:00
2021-09-06 11:00:00+00:00,5.756275,58.9451,0.1,41.760963306395595,0.0324076683873865,0.036000834475145196,0.00180020334841695,0.8292892021722359,0.0120021344995818,0.000600310073396042,No (reported postion),anchor,2021-09-06 11:00:00
2021-09-06 12:00:00+00:00,5.75408,58.9447266667,0.0,41.76,0.0324,0.036,0.0018,0.8292,0.012,0.0006,No (reported postion),anchor,2021-09-06 12:00:00
2021-09-06 13:00:00+00:00,5.75472,58.9449066667,0.0,41.76,0.0324,0.036,0.0018,0.8292,0.012,0.0006,No (reported postion),anchor,2021-09-06 13:00:00
2021-09-06 14:00:00+00:00,5.7547533333,58.94476,0.0,41.76,0.0324,0.036,0.0018,0.8292,0.012,0.0006,No (reported postion),anchor,2021-09-06 14:00:00
2021-09-06 15:00:00+00:00,5.7540566667,58.94494,0.0,41.76,0.0324,0.036,0.0018,0.8292,0.012,0.0006,No (reported postion),anchor,2021-09-06 15:00:00
2021-09-06 16:00:00+00:00,5.7559441667,58.94557666665,1.25,43.6414578039748,0.0473773191143164,0.0376298342678809,0.0021971648768573,1.00342299264807,0.016168944495737497,0.00120561210164418,Linear (small gap),anchor,2021-09-06 16:00:00
2021-09-06 17:00:00+00:00,5.7578316667,58.9462133333,2.5,56.8116624317986,0.15221855291453099,0.0490386741430475,0.0049773190148584,2.22298394118455,0.045351555965900306,0.00544489681315342,No (reported postion),anchor,2021-09-06 17:00:00
2021-09-06 18:00:00+00:00,5.7074266667,59.0208266667,10.7,1009.6648399999999,0.8267291999999999,0.8744586000000001,0.0459294,20.1872968,0.306196,0.015309799999999998,No (reported postion),cruise,2021-09-06 18:00:00
2021-09-06 19:00:00+00:00,5.5461183333,58.97068,9.3,816.602242473872,0.668288770419288,0.70721592433147,0.037127153912182596,16.326044849477498,0.247514359414551,0.0123757179707275,No (reported postion),cruise,2021-09-06 19:00:00
2021-09-06 20:00:00+00:00,5.4507833333,58.8208,9.4,841.866879312195,0.689022666912743,0.729101703963451,0.038279037050707995,16.831337586243897,0.255193580338053,0.0127596790169027,No (reported postion),cruise,2021-09-06 20:00:00
2021-09-06 21:00:00+00:00,5.484855,58.6712333333,9.8,948.4162731206029,0.776464418670404,0.821401330818759,0.0431369121483558,18.9623254624121,0.287579414322372,0.0143789707161186,No (reported postion),cruise,2021-09-06 21:00:00
2021-09-06 22:00:00+00:00,5.6217433333,58.5204333333,9.9,976.4552323783539,0.799475114717798,0.845690398868787,0.044415284150988804,19.5231046475671,0.296101894339925,0.014805094716996299,No (reported postion),cruise,2021-09-06 22:00:00
2021-09-06 23:00:00+00:00,5.8450783333,58.4056333333,10.1,1009.6648399999999,0.8267291999999999,0.8744586000000001,0.0459294,20.1872968,0.306196,0.015309799999999998,No (reported postion),cruise,2021-09-06 23:00:00
2021-09-07 00:00:00+00:00,6.0794116667,58.2825933333,10.6,1009.6648399999999,0.8267291999999999,0.8744586000000001,0.0459294,20.1872968,0.306196,0.015309799999999998,No (reported postion),cruise,2021-09-07 00:00:00
2021-09-07 01:00:00+00:00,6.3177933333,58.1610733333,10.2,1009.6648399999999,0.8267291999999999,0.8744586000000001,0.0459294,20.1872968,0.306196,0.015309799999999998,No (reported postion),cruise,2021-09-07 01:00:00
2021-09-07 02:00:00+00:00,6.5601766667,58.05084,10.0,1005.06639563511,0.8229554006731931,0.870475145155037,0.045719744481844,20.095327912702302,0.304798296545627,0.0152399148272813,No (reported postion),cruise,2021-09-07 02:00:00
2021-09-07 03:00:00+00:00,6.8578116667,57.9859866667,10.6,1009.6648399999999,0.8267291999999999,0.8744586000000001,0.0459294,20.1872968,0.306196,0.015309799999999998,No (reported postion),cruise,2021-09-07 03:00:00
2021-09-07 04:00:00+00:00,7.1757416667,57.9386533333,10.7,1009.6648399999999,0.8267291999999999,0.8744586000000001,0.0459294,20.1872968,0.306196,0.015309799999999998,No (reported postion),cruise,2021-09-07 04:00:00
2021-09-07 05:00:00+00:00,7.5169116667,57.9389866667,11.1,1009.6648399999999,0.8267291999999999,0.8744586000000001,0.0459294,20.1872968,0.306196,0.015309799999999998,No (reported postion),cruise,2021-09-07 05:00:00
2021-09-07 06:00:00+00:00,7.8462316667,57.983,10.7,1009.6648399999999,0.8267291999999999,0.8744586000000001,0.0459294,20.1872968,0.306196,0.015309799999999998,No (reported postion),cruise,2021-09-07 06:00:00
2021-09-07 07:00:00+00:00,8.1573533333,58.0349466667,10.1,1009.6648399999999,0.8267291999999999,0.8744586000000001,0.0459294,20.1872968,0.306196,0.015309799999999998,No (reported postion),cruise,2021-09-07 07:00:00
2021-09-07 08:00:00+00:00,8.433435,58.12938,10.6,1009.6648399999999,0.8267291999999999,0.8744586000000001,0.0459294,20.1872968,0.306196,0.015309799999999998,No (reported postion),cruise,2021-09-07 08:00:00
2021-09-07 09:00:00+00:00,8.70754,58.2333066667,10.7,1009.6648399999999,0.8267291999999999,0.8744586000000001,0.0459294,20.1872968,0.306196,0.015309799999999998,No (reported postion),cruise,2021-09-07 09:00:00
2021-09-07 10:00:00+00:00,8.9802333333,58.32814,10.2,1009.6648399999999,0.8267291999999999,0.8744586000000001,0.0459294,20.1872968,0.306196,0.015309799999999998,No (reported postion),cruise,2021-09-07 10:00:00
2021-09-07 11:00:00+00:00,9.2468916667,58.4297333333,10.6,1009.6648399999999,0.8267291999999999,0.8744586000000001,0.0459294,20.1872968,0.306196,0.015309799999999998,No (reported postion),cruise,2021-09-07 11:00:00
2021-09-07 12:00:00+00:00,9.504465,58.54016,10.3,1009.6648399999999,0.8267291999999999,0.8744586000000001,0.0459294,20.1872968,0.306196,0.015309799999999998,No (reported postion),cruise,2021-09-07 12:00:00
2021-09-07 13:00:00+00:00,9.7462833333,58.6440333333,10.0,1009.6648399999999,0.8267291999999999,0.8744586000000001,0.0459294,20.1872968,0.306196,0.015309799999999998,No (reported postion),cruise,2021-09-07 13:00:00
2021-09-07 14:00:00+00:00,10.0035083333,58.74848,10.5,1009.6648399999999,0.8267291999999999,0.8744586000000001,0.0459294,20.1872968,0.306196,0.015309799999999998,No (reported postion),cruise,2021-09-07 14:00:00
2021-09-07 15:00:00+00:00,10.256195,58.8596266667,10.4,1009.6648399999999,0.8267291999999999,0.8744586000000001,0.0459294,20.1872968,0.306196,0.015309799999999998,No (reported postion),cruise,2021-09-07 15:00:00
2021-09-07 16:00:00+00:00,10.5096633333,58.9795466667,10.9,1009.6648399999999,0.8267291999999999,0.8744586000000001,0.0459294,20.1872968,0.306196,0.015309799999999998,No (reported postion),cruise,2021-09-07 16:00:00
2021-09-07 17:00:00+00:00,10.6513116667,59.14384,10.9,1009.6648399999999,0.8267291999999999,0.8744586000000001,0.0459294,20.1872968,0.306196,0.015309799999999998,No (reported postion),cruise,2021-09-07 17:00:00
2021-09-07 18:00:00+00:00,10.6100066667,59.3267733333,11.1,1009.6648399999999,0.8267291999999999,0.8744586000000001,0.0459294,20.1872968,0.306196,0.015309799999999998,No (reported postion),cruise,2021-09-07 18:00:00
2021-09-07 19:00:00+00:00,10.6009116667,59.5077466667,10.2,1009.6648399999999,0.8267291999999999,0.8744586000000001,0.0459294,20.1872968,0.306196,0.015309799999999998,No (reported postion),cruise,2021-09-07 19:00:00
2021-09-07 20:00:00+00:00,10.68037,59.4724133333,0.0,41.76,0.0324,0.036,0.0018,0.8292,0.012,0.0006,No (reported postion),anchor,2021-09-07 20:00:00
2021-09-07 21:00:00+00:00,10.6804033333,59.4724266667,0.0,41.76,0.0324,0.036,0.0018,0.8292,0.012,0.0006,No (reported postion),anchor,2021-09-07 21:00:00
2021-09-07 22:00:00+00:00,10.6803833333,59.4724066667,0.0,41.76,0.0324,0.036,0.0018,0.8292,0.012,0.0006,No (reported postion),anchor,2021-09-07 22:00:00
2021-09-07 23:00:00+00:00,10.6802583333,59.4723933333,0.0,41.76,0.0324,0.036,0.0018,0.8292,0.012,0.0006,No (reported postion),anchor,2021-09-07 23:00:00
2021-09-08 00:00:00+00:00,10.6804216667,59.4724466667,0.0,41.76,0.0324,0.036,0.0018,0.8292,0.012,0.0006,No (reported postion),anchor,2021-09-08 00:00:00
2021-09-08 01:00:00+00:00,10.6803633333,59.4724266667,0.0,41.76,0.0324,0.036,0.0018,0.8292,0.012,0.0006,No (reported postion),anchor,2021-09-08 01:00:00
2021-09-08 02:00:00+00:00,10.6803666667,59.4724066667,0.0,41.76,0.0324,0.036,0.0018,0.8292,0.012,0.0006,No (reported postion),anchor,2021-09-08 02:00:00
2021-09-08 03:00:00+00:00,10.6803933333,59.4723933333,0.0,41.76,0.0324,0.036,0.0018,0.8292,0.012,0.0006,No (reported postion),anchor,2021-09-08 03:00:00
2021-09-08 04:00:00+00:00,10.680375,59.4724266667,0.0,41.76,0.0324,0.036,0.0018,0.8292,0.012,0.0006,No (reported postion),anchor,2021-09-08 04:00:00
2021-09-08 05:00:00+00:00,10.68036,59.4724066667,0.0,41.76,0.0324,0.036,0.0018,0.8292,0.012,0.0006,No (reported postion),anchor,2021-09-08 05:00:00
2021-09-08 06:00:00+00:00,10.68037,59.4724066667,0.0,41.76,0.0324,0.036,0.0018,0.8292,0.012,0.0006,No (reported postion),anchor,2021-09-08 06:00:00
2021-09-08 07:00:00+00:00,10.68041,59.4724266667,0.0,41.76,0.0324,0.036,0.0018,0.8292,0.012,0.0006,No (reported postion),anchor,2021-09-08 07:00:00
2021-09-08 08:00:00+00:00,10.6805433333,59.47236,0.0,41.76,0.0324,0.036,0.0018,0.8292,0.012,0.0006,No (reported postion),anchor,2021-09-08 08:00:00
2021-09-08 09:00:00+00:00,10.6803833333,59.4724266667,0.0,41.76,0.0324,0.036,0.0018,0.8292,0.012,0.0006,No (reported postion),anchor,2021-09-08 09:00:00
2021-09-08 10:00:00+00:00,10.68036,59.4723866667,0.0,41.76,0.0324,0.036,0.0018,0.8292,0.012,0.0006,No (reported postion),anchor,2021-09-08 10:00:00
2021-09-08 11:00:00+00:00,10.6803483333,59.4723466667,0.0,41.76,0.0324,0.036,0.0018,0.8292,0.012,0.0006,No (reported postion),anchor,2021-09-08 11:00:00
2021-09-08 12:00:00+00:00,10.6057883333,59.5120333333,9.6,894.031847248627,0.731832822969998,0.774290202023887,0.040657379053888804,17.874636944972497,0.271049193692592,0.0135524596846296,No (reported postion),cruise,2021-09-08 12:00:00
2021-09-08 13:00:00+00:00,10.5669466667,59.36372,9.4,841.866879312195,0.689022666912743,0.729101703963451,0.038279037050707995,16.831337586243897,0.255193580338053,0.0127596790169027,No (reported postion),cruise,2021-09-08 13:00:00
2021-09-08 14:00:00+00:00,10.6108533333,59.2090666667,9.7,920.943738023485,0.753918569198605,0.797602934154083,0.041884364955477996,18.4128747604697,0.279229099703187,0.0139614549851593,No (reported postion),cruise,2021-09-08 14:00:00
2021-09-08 15:00:00+00:00,10.4933283333,59.0654066667,9.6,894.031847248627,0.731832822969998,0.774290202023887,0.040657379053888804,17.874636944972497,0.271049193692592,0.0135524596846296,No (reported postion),cruise,2021-09-08 15:00:00
2021-09-08 16:00:00+00:00,10.2912616667,58.9467866667,9.9,976.4552323783539,0.799475114717798,0.845690398868787,0.044415284150988804,19.5231046475671,0.296101894339925,0.014805094716996299,No (reported postion),cruise,2021-09-08 16:00:00
2021-09-08 17:00:00+00:00,10.04145,58.8419533333,10.0,1009.6648399999999,0.8267291999999999,0.8744586000000001,0.0459294,20.1872968,0.306196,0.015309799999999998,No (reported postion),cruise,2021-09-08 17:00:00
2021-09-08 18:00:00+00:00,9.802575,58.7334733333,9.4,878.2353738263851,0.7188691517724131,0.760606326870881,0.0399371750984674,17.5587074765277,0.26624783398978297,0.0133123916994891,No (reported postion),cruise,2021-09-08 18:00:00
2021-09-08 19:00:00+00:00,9.5756266667,58.63042,9.7,960.906635206371,0.786714867798541,0.832221249342905,0.043706381544363404,19.212132704127402,0.29137587696242295,0.0145687938481211,No (reported postion),cruise,2021-09-08 19:00:00
2021-09-08 20:00:00+00:00,9.3335583333,58.5228333333,10.2,1009.6648399999999,0.8267291999999999,0.8744586000000001,0.0459294,20.1872968,0.306196,0.015309799999999998,No (reported postion),cruise,2021-09-08 20:00:00
2021-09-08 21:00:00+00:00,9.0649516667,58.4145933333,10.7,1009.6648399999999,0.8267291999999999,0.8744586000000001,0.0459294,20.1872968,0.306196,0.015309799999999998,No (reported postion),cruise,2021-09-08 21:00:00
2021-09-08 22:00:00+00:00,8.8041466667,58.30346,10.9,1009.6648399999999,0.8267291999999999,0.8744586000000001,0.0459294,20.1872968,0.306196,0.015309799999999998,No (reported postion),cruise,2021-09-08 22:00:00
2021-09-08 23:00:00+00:00,8.5485433333,58.18546,10.6,1009.6648399999999,0.8267291999999999,0.8744586000000001,0.0459294,20.1872968,0.306196,0.015309799999999998,No (reported postion),cruise,2021-09-08 23:00:00
2021-09-09 00:00:00+00:00,8.3101916667,58.07486,9.6,894.031847248627,0.731832822969998,0.774290202023887,0.040657379053888804,17.874636944972497,0.271049193692592,0.0135524596846296,No (reported postion),cruise,2021-09-09 00:00:00
2021-09-09 01:00:00+00:00,8.0257916667,58.0136533333,10.0,1005.06639563511,0.8229554006731931,0.870475145155037,0.045719744481844,20.095327912702302,0.304798296545627,0.0152399148272813,No (reported postion),cruise,2021-09-09 01:00:00
2021-09-09 02:00:00+00:00,7.7362633333,57.9519466667,9.6,894.031847248627,0.731832822969998,0.774290202023887,0.040657379053888804,17.874636944972497,0.271049193692592,0.0135524596846296,No (reported postion),cruise,2021-09-09 02:00:00
2021-09-09 03:00:00+00:00,7.4258383333,57.9286266667,10.2,1009.6648399999999,0.8267291999999999,0.8744586000000001,0.0459294,20.1872968,0.306196,0.015309799999999998,No (reported postion),cruise,2021-09-09 03:00:00
2021-09-09 04:00:00+00:00,7.1141266667,57.93598,9.8,948.4162731206029,0.776464418670404,0.821401330818759,0.0431369121483558,18.9623254624121,0.287579414322372,0.0143789707161186,No (reported postion),cruise,2021-09-09 04:00:00
2021-09-09 05:00:00+00:00,6.8187133333,57.9871933333,10.4,1009.6648399999999,0.8267291999999999,0.8744586000000001,0.0459294,20.1872968,0.306196,0.015309799999999998,No (reported postion),cruise,2021-09-09 05:00:00
2021-09-09 06:00:00+00:00,6.5339133333,58.0736,10.9,1009.6648399999999,0.8267291999999999,0.8744586000000001,0.0459294,20.1872968,0.306196,0.015309799999999998,No (reported postion),cruise,2021-09-09 06:00:00
2021-09-09 07:00:00+00:00,6.2917733333,58.2014666667,10.7,1009.6648399999999,0.8267291999999999,0.8744586000000001,0.0459294,20.1872968,0.306196,0.015309799999999998,No (reported postion),cruise,2021-09-09 07:00:00
2021-09-09 08:00:00+00:00,6.0501483333,58.3119866667,10.3,1009.6648399999999,0.8267291999999999,0.8744586000000001,0.0459294,20.1872968,0.306196,0.015309799999999998,No (reported postion),cruise,2021-09-09 08:00:00
2021-09-09 09:00:00+00:00,5.8090666667,58.4239733333,10.6,1009.6648399999999,0.8267291999999999,0.8744586000000001,0.0459294,20.1872968,0.306196,0.015309799999999998,No (reported postion),cruise,2021-09-09 09:00:00
2021-09-09 10:00:00+00:00,5.5792216667,58.5543466667,10.6,1009.6648399999999,0.8267291999999999,0.8744586000000001,0.0459294,20.1872968,0.306196,0.015309799999999998,No (reported postion),cruise,2021-09-09 10:00:00
2021-09-09 11:00:00+00:00,5.3672466667,58.69506,10.5,1009.6648399999999,0.8267291999999999,0.8744586000000001,0.0459294,20.1872968,0.306196,0.015309799999999998,No (reported postion),cruise,2021-09-09 11:00:00
2021-09-09 12:00:00+00:00,5.2816366667,58.8481333333,10.2,1009.6648399999999,0.8267291999999999,0.8744586000000001,0.0459294,20.1872968,0.306196,0.015309799999999998,No (reported postion),cruise,2021-09-09 12:00:00
2021-09-09 13:00:00+00:00,5.3319516667,59.02304,10.7,1009.6648399999999,0.8267291999999999,0.8744586000000001,0.0459294,20.1872968,0.306196,0.015309799999999998,No (reported postion),cruise,2021-09-09 13:00:00
2021-09-09 14:00:00+00:00,5.3496,59.2013866667,11.1,1009.6648399999999,0.8267291999999999,0.8744586000000001,0.0459294,20.1872968,0.306196,0.015309799999999998,No (reported postion),cruise,2021-09-09 14:00:00
2021-09-09 15:00:00+00:00,5.2972816667,59.3727866667,10.3,1009.6648399999999,0.8267291999999999,0.8744586000000001,0.0459294,20.1872968,0.306196,0.015309799999999998,No (reported postion),cruise,2021-09-09 15:00:00
2021-09-09 16:00:00+00:00,5.21315,59.5281933333,10.2,1009.6648399999999,0.8267291999999999,0.8744586000000001,0.0459294,20.1872968,0.306196,0.015309799999999998,No (reported postion),cruise,2021-09-09 16:00:00
2021-09-09 17:00:00+00:00,5.3864683333,59.6724266667,10.6,1009.6648399999999,0.8267291999999999,0.8744586000000001,0.0459294,20.1872968,0.306196,0.015309799999999998,No (reported postion),cruise,2021-09-09 17:00:00
2021-09-09 18:00:00+00:00,5.6575133333,59.7018666667,10.2,1009.6648399999999,0.8267291999999999,0.8744586000000001,0.0459294,20.1872968,0.306196,0.015309799999999998,No (reported postion),cruise,2021-09-09 18:00:00
2021-09-09 19:00:00+00:00,5.815175,59.7882,10.1,1009.6648399999999,0.8267291999999999,0.8744586000000001,0.0459294,20.1872968,0.306196,0.015309799999999998,No (reported postion),cruise,2021-09-09 19:00:00
2021-09-09 20:00:00+00:00,5.793515,59.7922133333,0.0,41.76,0.0324,0.036,0.0018,0.8292,0.012,0.0006,No (reported postion),anchor,2021-09-09 20:00:00
2021-09-09 21:00:00+00:00,5.793515,59.7922533333,0.0,41.76,0.0324,0.036,0.0018,0.8292,0.012,0.0006,No (reported postion),anchor,2021-09-09 21:00:00
2021-09-09 22:00:00+00:00,5.7935183333,59.7922533333,0.1,41.760963306395595,0.0324076683873865,0.036000834475145196,0.00180020334841695,0.8292892021722359,0.0120021344995818,0.000600310073396042,No (reported postion),anchor,2021-09-09 22:00:00
2021-09-09 23:00:00+00:00,5.7935383333,59.7922666667,0.0,41.76,0.0324,0.036,0.0018,0.8292,0.012,0.0006,No (reported postion),anchor,2021-09-09 23:00:00
2021-09-10 00:00:00+00:00,5.7935233333,59.79228,0.0,41.76,0.0324,0.036,0.0018,0.8292,0.012,0.0006,No (reported postion),anchor,2021-09-10 00:00:00
2021-09-10 01:00:00+00:00,5.7935066667,59.79228,0.0,41.76,0.0324,0.036,0.0018,0.8292,0.012,0.0006,No (reported postion),anchor,2021-09-10 01:00:00
2021-09-10 02:00:00+00:00,5.79352,59.7922466667,0.1,41.760963306395595,0.0324076683873865,0.036000834475145196,0.00180020334841695,0.8292892021722359,0.0120021344995818,0.000600310073396042,No (reported postion),anchor,2021-09-10 02:00:00
2021-09-10 03:00:00+00:00,5.7935233333,59.7922466667,0.1,41.760963306395595,0.0324076683873865,0.036000834475145196,0.00180020334841695,0.8292892021722359,0.0120021344995818,0.000600310073396042,No (reported postion),anchor,2021-09-10 03:00:00
2021-09-10 04:00:00+00:00,5.7935066667,59.7922466667,0.0,41.76,0.0324,0.036,0.0018,0.8292,0.012,0.0006,No (reported postion),anchor,2021-09-10 04:00:00
2021-09-10 05:00:00+00:00,5.7935183333,59.7922333333,0.0,41.76,0.0324,0.036,0.0018,0.8292,0.012,0.0006,No (reported postion),anchor,2021-09-10 05:00:00
2021-09-10 06:00:00+00:00,5.7935116667,59.7922533333,0.0,41.76,0.0324,0.036,0.0018,0.8292,0.012,0.0006,No (reported postion),anchor,2021-09-10 06:00:00
2021-09-10 07:00:00+00:00,5.7935116667,59.7922666667,0.0,41.76,0.0324,0.036,0.0018,0.8292,0.012,0.0006,No (reported postion),anchor,2021-09-10 07:00:00
2021-09-10 08:00:00+00:00,5.79354,59.7922333333,0.0,41.76,0.0324,0.036,0.0018,0.8292,0.012,0.0006,No (reported postion),anchor,2021-09-10 08:00:00
2021-09-10 09:00:00+00:00,5.7477316667,59.82528,10.4,1009.6648399999999,0.8267291999999999,0.8744586000000001,0.0459294,20.1872968,0.306196,0.015309799999999998,No (reported postion),cruise,2021-09-10 09:00:00
2021-09-10 10:00:00+00:00,5.5178516667,59.9049,11.9,1009.6648399999999,0.8267291999999999,0.8744586000000001,0.0459294,20.1872968,0.306196,0.015309799999999998,No (reported postion),cruise,2021-09-10 10:00:00
2021-09-10 11:00:00+00:00,5.3282,60.0604066667,11.5,1009.6648399999999,0.8267291999999999,0.8744586000000001,0.0459294,20.1872968,0.306196,0.015309799999999998,No (reported postion),cruise,2021-09-10 11:00:00
2021-09-10 12:00:00+00:00,5.1696966667,60.22612,11.1,1009.6648399999999,0.8267291999999999,0.8744586000000001,0.0459294,20.1872968,0.306196,0.015309799999999998,No (reported postion),cruise,2021-09-10 12:00:00
2021-09-10 13:00:00+00:00,5.1930266667,60.3860266667,10.6,1009.6648399999999,0.8267291999999999,0.8744586000000001,0.0459294,20.1872968,0.306196,0.015309799999999998,No (reported postion),cruise,2021-09-10 13:00:00
2021-09-10 14:00:00+00:00,5.30908,60.52768,10.1,1009.6648399999999,0.8267291999999999,0.8744586000000001,0.0459294,20.1872968,0.306196,0.015309799999999998,No (reported postion),cruise,2021-09-10 14:00:00
2021-09-10 15:00:00+00:00,5.58673,60.4338733333,10.7,1009.6648399999999,0.8267291999999999,0.8744586000000001,0.0459294,20.1872968,0.306196,0.015309799999999998,No (reported postion),cruise,2021-09-10 15:00:00
2021-09-10 16:00:00+00:00,5.66129666665,60.4544033333,5.35,194.494593432433,0.187827178970148,0.168308082456667,0.00911176245155267,4.0366264620811,0.0621377996677897,0.00352470498062107,Linear (small gap),cruise,2021-09-10 16:00:00
2021-09-10 17:00:00+00:00,5.7358633333,60.4749333333,0.0,41.76,0.0324,0.036,0.0018,0.8292,0.012,0.0006,No (reported postion),anchor,2021-09-10 17:00:00
2021-09-10 18:00:00+00:00,5.7364516667,60.47512,0.0,41.76,0.0324,0.036,0.0018,0.8292,0.012,0.0006,No (reported postion),anchor,2021-09-10 18:00:00
2021-09-10 19:00:00+00:00,5.7364716667,60.47514,0.0,41.76,0.0324,0.036,0.0018,0.8292,0.012,0.0006,No (reported postion),anchor,2021-09-10 19:00:00
2021-09-10 20:00:00+00:00,5.7363533333,60.4750866667,0.0,41.76,0.0324,0.036,0.0018,0.8292,0.012,0.0006,No (reported postion),anchor,2021-09-10 20:00:00
2021-09-10 21:00:00+00:00,5.736405,60.4750866667,0.0,41.76,0.0324,0.036,0.0018,0.8292,0.012,0.0006,No (reported postion),anchor,2021-09-10 21:00:00
2021-09-10 22:00:00+00:00,5.73646,60.4750866667,0.0,41.76,0.0324,0.036,0.0018,0.8292,0.012,0.0006,No (reported postion),anchor,2021-09-10 22:00:00
2021-09-10 23:00:00+00:00,5.7364766667,60.4750866667,0.0,41.76,0.0324,0.036,0.0018,0.8292,0.012,0.0006,No (reported postion),anchor,2021-09-10 23:00:00
2021-09-11 00:00:00+00:00,5.736405,60.4750666667,0.0,41.76,0.0324,0.036,0.0018,0.8292,0.012,0.0006,No (reported postion),anchor,2021-09-11 00:00:00
2021-09-11 01:00:00+00:00,5.7364683333,60.4750866667,0.0,41.76,0.0324,0.036,0.0018,0.8292,0.012,0.0006,No (reported postion),anchor,2021-09-11 01:00:00
2021-09-11 02:00:00+00:00,5.7364316667,60.4750866667,0.0,41.76,0.0324,0.036,0.0018,0.8292,0.012,0.0006,No (reported postion),anchor,2021-09-11 02:00:00
2021-09-11 03:00:00+00:00,5.7364366667,60.4750866667,0.0,41.76,0.0324,0.036,0.0018,0.8292,0.012,0.0006,No (reported postion),anchor,2021-09-11 03:00:00
2021-09-11 04:00:00+00:00,5.73638,60.4751066667,0.0,41.76,0.0324,0.036,0.0018,0.8292,0.012,0.0006,No (reported postion),anchor,2021-09-11 04:00:00
2021-09-11 05:00:00+00:00,5.7364133333,60.4751066667,0.0,41.76,0.0324,0.036,0.0018,0.8292,0.012,0.0006,No (reported postion),anchor,2021-09-11 05:00:00
2021-09-11 06:00:00+00:00,5.7365733333,60.47512,0.0,41.76,0.0324,0.036,0.0018,0.8292,0.012,0.0006,No (reported postion),anchor,2021-09-11 06:00:00
2021-09-11 07:00:00+00:00,5.7364766667,60.47508,0.0,41.76,0.0324,0.036,0.0018,0.8292,0.012,0.0006,No (reported postion),anchor,2021-09-11 07:00:00
2021-09-11 08:00:00+00:00,5.7364183333,60.4750866667,0.0,41.76,0.0324,0.036,0.0018,0.8292,0.012,0.0006,No (reported postion),anchor,2021-09-11 08:00:00
2021-09-11 09:00:00+00:00,5.73642666665,60.4750766667,0.0,41.76,0.0324,0.036,0.0018,0.8292,0.012,0.0006,Linear (small gap),anchor,2021-09-11 09:00:00
2021-09-11 10:00:00+00:00,5.736435,60.4750666667,0.0,41.76,0.0324,0.036,0.0018,0.8292,0.012,0.0006,No (reported postion),anchor,2021-09-11 10:00:00
2021-09-11 11:00:00+00:00,5.7363566667,60.4749866667,0.0,41.76,0.0324,0.036,0.0018,0.8292,0.012,0.0006,No (reported postion),anchor,2021-09-11 11:00:00
2021-09-11 12:00:00+00:00,5.72548,60.47038,10.0,1005.06639563511,0.8229554006731931,0.870475145155037,0.045719744481844,20.095327912702302,0.304798296545627,0.0152399148272813,No (reported postion),cruise,2021-09-11 12:00:00
2021-09-11 13:00:00+00:00,5.4332,60.47768,11.4,1009.6648399999999,0.8267291999999999,0.8744586000000001,0.0459294,20.1872968,0.306196,0.015309799999999998,No (reported postion),cruise,2021-09-11 13:00:00
2021-09-11 14:00:00+00:00,5.2556983333,60.4425266667,10.7,1009.6648399999999,0.8267291999999999,0.8744586000000001,0.0459294,20.1872968,0.306196,0.015309799999999998,No (reported postion),cruise,2021-09-11 14:00:00
2021-09-11 15:00:00+00:00,5.1863283333,60.2855866667,11.2,1009.6648399999999,0.8267291999999999,0.8744586000000001,0.0459294,20.1872968,0.306196,0.015309799999999998,No (reported postion),cruise,2021-09-11 15:00:00
2021-09-11 16:00:00+00:00,5.2851316667,60.1254133333,11.4,1009.6648399999999,0.8267291999999999,0.8744586000000001,0.0459294,20.1872968,0.306196,0.015309799999999998,No (reported postion),cruise,2021-09-11 16:00:00
2021-09-11 17:00:00+00:00,5.2356533333,59.9730866667,10.6,1009.6648399999999,0.8267291999999999,0.8744586000000001,0.0459294,20.1872968,0.306196,0.015309799999999998,No (reported postion),cruise,2021-09-11 17:00:00
2021-09-11 18:00:00+00:00,4.9858283333,59.8576666667,10.8,1009.6648399999999,0.8267291999999999,0.8744586000000001,0.0459294,20.1872968,0.306196,0.015309799999999998,No (reported postion),cruise,2021-09-11 18:00:00
2021-09-11 19:00:00+00:00,4.9742133333,59.67522,11.2,1009.6648399999999,0.8267291999999999,0.8744586000000001,0.0459294,20.1872968,0.306196,0.015309799999999998,No (reported postion),cruise,2021-09-11 19:00:00
2021-09-11 20:00:00+00:00,4.96467,59.49014,11.0,1009.6648399999999,0.8267291999999999,0.8744586000000001,0.0459294,20.1872968,0.306196,0.015309799999999998,No (reported postion),cruise,2021-09-11 20:00:00
2021-09-11 21:00:00+00:00,4.9753333333,59.3201933333,10.0,1005.06639563511,0.8229554006731931,0.870475145155037,0.045719744481844,20.095327912702302,0.304798296545627,0.0152399148272813,No (reported postion),cruise,2021-09-11 21:00:00
2021-09-11 22:00:00+00:00,5.07736,59.1567466667,10.6,1009.6648399999999,0.8267291999999999,0.8744586000000001,0.0459294,20.1872968,0.306196,0.015309799999999998,No (reported postion),cruise,2021-09-11 22:00:00
2021-09-11 23:00:00+00:00,5.2012,58.9948733333,10.4,1009.6648399999999,0.8267291999999999,0.8744586000000001,0.0459294,20.1872968,0.306196,0.015309799999999998,No (reported postion),cruise,2021-09-11 23:00:00
2021-09-12 00:00:00+00:00,5.29047,58.8268866667,10.7,1009.6648399999999,0.8267291999999999,0.8744586000000001,0.0459294,20.1872968,0.306196,0.015309799999999998,No (reported postion),cruise,2021-09-12 00:00:00
2021-09-12 01:00:00+00:00,5.4213266667,58.6656,10.9,1009.6648399999999,0.8267291999999999,0.8744586000000001,0.0459294,20.1872968,0.306196,0.015309799999999998,No (reported postion),cruise,2021-09-12 01:00:00
2021-09-12 02:00:00+00:00,5.59769,58.5075266667,10.8,1009.6648399999999,0.8267291999999999,0.8744586000000001,0.0459294,20.1872968,0.306196,0.015309799999999998,No (reported postion),cruise,2021-09-12 02:00:00
2021-09-12 03:00:00+00:00,5.8296266667,58.3797666667,10.5,1009.6648399999999,0.8267291999999999,0.8744586000000001,0.0459294,20.1872968,0.306196,0.015309799999999998,No (reported postion),cruise,2021-09-12 03:00:00
2021-09-12 04:00:00+00:00,6.075835,58.2605933333,10.6,1009.6648399999999,0.8267291999999999,0.8744586000000001,0.0459294,20.1872968,0.306196,0.015309799999999998,No (reported postion),cruise,2021-09-12 04:00:00
2021-09-12 05:00:00+00:00,6.3129616667,58.1435866667,10.6,1009.6648399999999,0.8267291999999999,0.8744586000000001,0.0459294,20.1872968,0.306196,0.015309799999999998,No (reported postion),cruise,2021-09-12 05:00:00
2021-09-12 06:00:00+00:00,6.5878633333,58.0460466667,10.9,1009.6648399999999,0.8267291999999999,0.8744586000000001,0.0459294,20.1872968,0.306196,0.015309799999999998,No (reported postion),cruise,2021-09-12 06:00:00
2021-09-12 07:00:00+00:00,6.9048066667,57.9714333333,11.3,1009.6648399999999,0.8267291999999999,0.8744586000000001,0.0459294,20.1872968,0.306196,0.015309799999999998,No (reported postion),cruise,2021-09-12 07:00:00
2021-09-12 08:00:00+00:00,7.2594816667,57.9359266667,11.4,1009.6648399999999,0.8267291999999999,0.8744586000000001,0.0459294,20.1872968,0.306196,0.015309799999999998,No (reported postion),cruise,2021-09-12 08:00:00
2021-09-12 09:00:00+00:00,7.6130533333,57.94236,11.6,1009.6648399999999,0.8267291999999999,0.8744586000000001,0.0459294,20.1872968,0.306196,0.015309799999999998,No (reported postion),cruise,2021-09-12 09:00:00
2021-09-12 10:00:00+00:00,7.9582683333,57.9959866667,11.4,1009.6648399999999,0.8267291999999999,0.8744586000000001,0.0459294,20.1872968,0.306196,0.015309799999999998,No (reported postion),cruise,2021-09-12 10:00:00
2021-09-12 11:00:00+00:00,8.2743266667,58.0631266667,10.7,1009.6648399999999,0.8267291999999999,0.8744586000000001,0.0459294,20.1872968,0.306196,0.015309799999999998,No (reported postion),cruise,2021-09-12 11:00:00
2021-09-12 12:00:00+00:00,8.5211933333,58.1932133333,11.1,1009.6648399999999,0.8267291999999999,0.8744586000000001,0.0459294,20.1872968,0.306196,0.015309799999999998,No (reported postion),cruise,2021-09-12 12:00:00
2021-09-12 13:00:00+00:00,8.7854533333,58.3151866667,10.9,1009.6648399999999,0.8267291999999999,0.8744586000000001,0.0459294,20.1872968,0.306196,0.015309799999999998,No (reported postion),cruise,2021-09-12 13:00:00
2021-09-12 14:00:00+00:00,9.0216533333,58.44196,10.6,1009.6648399999999,0.8267291999999999,0.8744586000000001,0.0459294,20.1872968,0.306196,0.015309799999999998,No (reported postion),cruise,2021-09-12 14:00:00
2021-09-12 15:00:00+00:00,9.25368,58.5663866667,10.6,1009.6648399999999,0.8267291999999999,0.8744586000000001,0.0459294,20.1872968,0.306196,0.015309799999999998,No (reported postion),cruise,2021-09-12 15:00:00
2021-09-12 16:00:00+00:00,9.4732933333,58.6936133333,10.2,1009.6648399999999,0.8267291999999999,0.8744586000000001,0.0459294,20.1872968,0.306196,0.015309799999999998,No (reported postion),cruise,2021-09-12 16:00:00
2021-09-12 17:00:00+00:00,9.6621616667,58.8369066667,11.0,1009.6648399999999,0.8267291999999999,0.8744586000000001,0.0459294,20.1872968,0.306196,0.015309799999999998,No (reported postion),cruise,2021-09-12 17:00:00
2021-09-12 18:00:00+00:00,9.78206,59.0039533333,10.8,1009.6648399999999,0.8267291999999999,0.8744586000000001,0.0459294,20.1872968,0.306196,0.015309799999999998,No (reported postion),cruise,2021-09-12 18:00:00
2021-09-12 19:00:00+00:00,9.5749583333,59.1080066667,3.5,83.0617617128555,0.164590744935066,0.0717781218485222,0.00524599805172608,2.34084447869051,0.0426310937931208,0.00412132041351245,No (reported postion),cruise,2021-09-12 19:00:00
2021-09-12 20:00:00+00:00,9.5679933333,59.1055333333,0.0,41.76,0.0324,0.036,0.0018,0.8292,0.012,0.0006,No (reported postion),anchor,2021-09-12 20:00:00
2021-09-12 21:00:00+00:00,9.5680016667,59.10556,0.0,41.76,0.0324,0.036,0.0018,0.8292,0.012,0.0006,No (reported postion),anchor,2021-09-12 21:00:00
2021-09-12 22:00:00+00:00,9.5680016667,59.1055533333,0.0,41.76,0.0324,0.036,0.0018,0.8292,0.012,0.0006,No (reported postion),anchor,2021-09-12 22:00:00
2021-09-12 23:00:00+00:00,9.568,59.1055333333,0.0,41.76,0.0324,0.036,0.0018,0.8292,0.012,0.0006,No (reported postion),anchor,2021-09-12 23:00:00
2021-09-13 00:00:00+00:00,9.56798,59.1055533333,0.0,41.76,0.0324,0.036,0.0018,0.8292,0.012,0.0006,No (reported postion),anchor,2021-09-13 00:00:00
2021-09-13 01:00:00+00:00,9.568,59.1055666667,0.0,41.76,0.0324,0.036,0.0018,0.8292,0.012,0.0006,No (reported postion),anchor,2021-09-13 01:00:00
2021-09-13 02:00:00+00:00,9.567975,59.10552,0.0,41.76,0.0324,0.036,0.0018,0.8292,0.012,0.0006,No (reported postion),anchor,2021-09-13 02:00:00
2021-09-13 03:00:00+00:00,9.56798,59.1055666667,0.0,41.76,0.0324,0.036,0.0018,0.8292,0.012,0.0006,No (reported postion),anchor,2021-09-13 03:00:00
2021-09-13 04:00:00+00:00,9.5679716667,59.10556,0.1,41.760963306395595,0.0324076683873865,0.036000834475145196,0.00180020334841695,0.8292892021722359,0.0120021344995818,0.000600310073396042,No (reported postion),anchor,2021-09-13 04:00:00
2021-09-13 05:00:00+00:00,9.567965,59.1055533333,0.1,41.760963306395595,0.0324076683873865,0.036000834475145196,0.00180020334841695,0.8292892021722359,0.0120021344995818,0.000600310073396042,No (reported postion),anchor,2021-09-13 05:00:00
2021-09-13 06:00:00+00:00,9.5679616667,59.10556,0.0,41.76,0.0324,0.036,0.0018,0.8292,0.012,0.0006,No (reported postion),anchor,2021-09-13 06:00:00
2021-09-13 07:00:00+00:00,9.567975,59.10556,0.0,41.76,0.0324,0.036,0.0018,0.8292,0.012,0.0006,No (reported postion),anchor,2021-09-13 07:00:00
2021-09-13 08:00:00+00:00,9.56802,59.1055266667,0.1,41.760963306395595,0.0324076683873865,0.036000834475145196,0.00180020334841695,0.8292892021722359,0.0120021344995818,0.000600310073396042,No (reported postion),anchor,2021-09-13 08:00:00
2021-09-13 09:00:00+00:00,9.568025,59.1055533333,0.0,41.76,0.0324,0.036,0.0018,0.8292,0.012,0.0006,No (reported postion),anchor,2021-09-13 09:00:00
2021-09-13 10:00:00+00:00,9.5680166667,59.1055533333,0.0,41.76,0.0324,0.036,0.0018,0.8292,0.012,0.0006,No (reported postion),anchor,2021-09-13 10:00:00
2021-09-13 11:00:00+00:00,9.5680316667,59.1055533333,0.1,41.760963306395595,0.0324076683873865,0.036000834475145196,0.00180020334841695,0.8292892021722359,0.0120021344995818,0.000600310073396042,No (reported postion),anchor,2021-09-13 11:00:00
2021-09-13 12:00:00+00:00,9.5680133333,59.1055333333,0.0,41.76,0.0324,0.036,0.0018,0.8292,0.012,0.0006,No (reported postion),anchor,2021-09-13 12:00:00
2021-09-13 13:00:00+00:00,9.56801,59.1055533333,0.0,41.76,0.0324,0.036,0.0018,0.8292,0.012,0.0006,No (reported postion),anchor,2021-09-13 13:00:00
2021-09-13 14:00:00+00:00,9.5680133333,59.1055533333,0.0,41.76,0.0324,0.036,0.0018,0.8292,0.012,0.0006,No (reported postion),anchor,2021-09-13 14:00:00
2021-09-13 15:00:00+00:00,9.569665,59.1067333333,4.5,129.54129530225,0.189445806732231,0.112041547602253,0.006882777129203209,3.0588449006771397,0.051488242263626,0.00396183684136275,No (reported postion),cruise,2021-09-13 15:00:00
2021-09-13 16:00:00+00:00,9.7723983333,59.0090933333,9.5,867.674820957655,0.710202436652179,0.7514581275773,0.039455690925120995,17.3474964191531,0.263037939500807,0.0131518969750403,No (reported postion),cruise,2021-09-13 16:00:00
2021-09-13 17:00:00+00:00,10.01444,58.9341133333,10.2,1009.6648399999999,0.8267291999999999,0.8744586000000001,0.0459294,20.1872968,0.306196,0.015309799999999998,No (reported postion),cruise,2021-09-13 17:00:00
2021-09-13 18:00:00+00:00,10.3255033333,58.97138,9.6,894.031847248627,0.731832822969998,0.774290202023887,0.040657379053888804,17.874636944972497,0.271049193692592,0.0135524596846296,No (reported postion),cruise,2021-09-13 18:00:00
2021-09-13 19:00:00+00:00,10.6356733333,59.0107333333,10.3,1009.6648399999999,0.8267291999999999,0.8744586000000001,0.0459294,20.1872968,0.306196,0.015309799999999998,No (reported postion),cruise,2021-09-13 19:00:00
2021-09-13 20:00:00+00:00,10.9544333333,58.99994,10.1,1009.6648399999999,0.8267291999999999,0.8744586000000001,0.0459294,20.1872968,0.306196,0.015309799999999998,No (reported postion),cruise,2021-09-13 20:00:00
2021-09-13 21:00:00+00:00,11.1666683333,59.0647066667,9.4,841.866879312195,0.689022666912743,0.729101703963451,0.038279037050707995,16.831337586243897,0.255193580338053,0.0127596790169027,No (reported postion),cruise,2021-09-13 21:00:00
2021-09-13 22:00:00+00:00,11.36546,59.1111266667,3.1,70.4578608323656,0.185248819260044,0.0608598490493137,0.00562056627494716,2.50515507261015,0.0497695250468521,0.00569408836659621,No (reported postion),cruise,2021-09-13 22:00:00
2021-09-13 23:00:00+00:00,11.3751966667,59.1174066667,0.1,41.760963306395595,0.0324076683873865,0.036000834475145196,0.00180020334841695,0.8292892021722359,0.0120021344995818,0.000600310073396042,No (reported postion),anchor,2021-09-13 23:00:00
2021-09-14 00:00:00+00:00,11.3751933333,59.1174133333,0.0,41.76,0.0324,0.036,0.0018,0.8292,0.012,0.0006,No (reported postion),anchor,2021-09-14 00:00:00
2021-09-14 01:00:00+00:00,11.3751883333,59.1174133333,0.0,41.76,0.0324,0.036,0.0018,0.8292,0.012,0.0006,No (reported postion),anchor,2021-09-14 01:00:00
2021-09-14 02:00:00+00:00,11.37519,59.1174,0.0,41.76,0.0324,0.036,0.0018,0.8292,0.012,0.0006,No (reported postion),anchor,2021-09-14 02:00:00
2021-09-14 03:00:00+00:00,11.3752016667,59.1174066667,0.0,41.76,0.0324,0.036,0.0018,0.8292,0.012,0.0006,No (reported postion),anchor,2021-09-14 03:00:00
2021-09-14 04:00:00+00:00,11.3752266667,59.1175066667,0.0,41.76,0.0324,0.036,0.0018,0.8292,0.012,0.0006,No (reported postion),anchor,2021-09-14 04:00:00
2021-09-14 05:00:00+00:00,11.3751866667,59.1174066667,0.0,41.76,0.0324,0.036,0.0018,0.8292,0.012,0.0006,No (reported postion),anchor,2021-09-14 05:00:00
2021-09-14 06:00:00+00:00,11.3751783333,59.1174066667,0.0,41.76,0.0324,0.036,0.0018,0.8292,0.012,0.0006,No (reported postion),anchor,2021-09-14 06:00:00
2021-09-14 07:00:00+00:00,11.375185,59.1174,0.0,41.76,0.0324,0.036,0.0018,0.8292,0.012,0.0006,No (reported postion),anchor,2021-09-14 07:00:00
2021-09-14 08:00:00+00:00,11.3751933333,59.1174,0.0,41.76,0.0324,0.036,0.0018,0.8292,0.012,0.0006,No (reported postion),anchor,2021-09-14 08:00:00
2021-09-14 09:00:00+00:00,11.3752016667,59.1174,0.0,41.76,0.0324,0.036,0.0018,0.8292,0.012,0.0006,No (reported postion),anchor,2021-09-14 09:00:00
2021-09-14 10:00:00+00:00,11.3752116667,59.1174066667,0.0,41.76,0.0324,0.036,0.0018,0.8292,0.012,0.0006,No (reported postion),anchor,2021-09-14 10:00:00
2021-09-14 11:00:00+00:00,11.3751833333,59.11738,0.1,41.760963306395595,0.0324076683873865,0.036000834475145196,0.00180020334841695,0.8292892021722359,0.0120021344995818,0.000600310073396042,No (reported postion),anchor,2021-09-14 11:00:00
2021-09-14 12:00:00+00:00,11.3752016667,59.1174133333,0.0,41.76,0.0324,0.036,0.0018,0.8292,0.012,0.0006,No (reported postion),anchor,2021-09-14 12:00:00
2021-09-14 13:00:00+00:00,11.375365,59.1174666667,0.0,41.76,0.0324,0.036,0.0018,0.8292,0.012,0.0006,No (reported postion),anchor,2021-09-14 13:00:00
2021-09-14 14:00:00+00:00,11.375245,59.1174066667,0.0,41.76,0.0324,0.036,0.0018,0.8292,0.012,0.0006,No (reported postion),anchor,2021-09-14 14:00:00
2021-09-14 15:00:00+00:00,11.375225,59.1174066667,0.0,41.76,0.0324,0.036,0.0018,0.8292,0.012,0.0006,No (reported postion),anchor,2021-09-14 15:00:00
2021-09-14 16:00:00+00:00,11.3752416667,59.1174333333,0.0,41.76,0.0324,0.036,0.0018,0.8292,0.012,0.0006,No (reported postion),anchor,2021-09-14 16:00:00
2021-09-14 17:00:00+00:00,11.3752383333,59.11744,0.0,41.76,0.0324,0.036,0.0018,0.8292,0.012,0.0006,No (reported postion),anchor,2021-09-14 17:00:00
2021-09-14 18:00:00+00:00,11.3708283333,59.1167266667,1.5,45.011159085268496,0.0582808074295387,0.0388163536148982,0.00248630090720942,1.13025733129586,0.0192039360886345,0.00164649771164114,No (reported postion),anchor,2021-09-14 18:00:00
2021-09-14 19:00:00+00:00,11.1139133333,59.1059333333,10.6,1009.6648399999999,0.8267291999999999,0.8744586000000001,0.0459294,20.1872968,0.306196,0.015309799999999998,No (reported postion),cruise,2021-09-14 19:00:00
2021-09-14 20:00:00+00:00,10.9506916667,59.1896,0.9,42.462250362418004,0.037990254404780405,0.036608332380817996,0.00194824099595723,0.894228383559907,0.013556050195145,0.0008260435057144861,No (reported postion),anchor,2021-09-14 20:00:00
2021-09-14 21:00:00+00:00,10.950695,59.1899733333,0.0,41.76,0.0324,0.036,0.0018,0.8292,0.012,0.0006,No (reported postion),anchor,2021-09-14 21:00:00
2021-09-14 22:00:00+00:00,10.9506866667,59.18998,0.0,41.76,0.0324,0.036,0.0018,0.8292,0.012,0.0006,No (reported postion),anchor,2021-09-14 22:00:00
2021-09-14 23:00:00+00:00,10.9506966667,59.1899733333,0.0,41.76,0.0324,0.036,0.0018,0.8292,0.012,0.0006,No (reported postion),anchor,2021-09-14 23:00:00
2021-09-15 00:00:00+00:00,10.9506933333,59.1899933333,0.0,41.76,0.0324,0.036,0.0018,0.8292,0.012,0.0006,No (reported postion),anchor,2021-09-15 00:00:00
2021-09-15 01:00:00+00:00,10.9506833333,59.19,0.0,41.76,0.0324,0.036,0.0018,0.8292,0.012,0.0006,No (reported postion),anchor,2021-09-15 01:00:00
2021-09-15 02:00:00+00:00,10.95069,59.1899733333,0.0,41.76,0.0324,0.036,0.0018,0.8292,0.012,0.0006,No (reported postion),anchor,2021-09-15 02:00:00
2021-09-15 03:00:00+00:00,10.9506816667,59.19,0.0,41.76,0.0324,0.036,0.0018,0.8292,0.012,0.0006,No (reported postion),anchor,2021-09-15 03:00:00
2021-09-15 04:00:00+00:00,10.9507116667,59.1900133333,0.0,41.76,0.0324,0.036,0.0018,0.8292,0.012,0.0006,No (reported postion),anchor,2021-09-15 04:00:00
2021-09-15 05:00:00+00:00,10.9506833333,59.1899933333,0.0,41.76,0.0324,0.036,0.0018,0.8292,0.012,0.0006,No (reported postion),anchor,2021-09-15 05:00:00
2021-09-15 06:00:00+00:00,10.95069,59.19,0.0,41.76,0.0324,0.036,0.0018,0.8292,0.012,0.0006,No (reported postion),anchor,2021-09-15 06:00:00
2021-09-15 07:00:00+00:00,10.9507016667,59.1899666667,0.0,41.76,0.0324,0.036,0.0018,0.8292,0.012,0.0006,No (reported postion),anchor,2021-09-15 07:00:00
2021-09-15 08:00:00+00:00,10.95069,59.18998,0.0,41.76,0.0324,0.036,0.0018,0.8292,0.012,0.0006,No (reported postion),anchor,2021-09-15 08:00:00
2021-09-15 09:00:00+00:00,10.9507016667,59.1899933333,0.0,41.76,0.0324,0.036,0.0018,0.8292,0.012,0.0006,No (reported postion),anchor,2021-09-15 09:00:00
2021-09-15 10:00:00+00:00,10.9507083333,59.1899733333,0.0,41.76,0.0324,0.036,0.0018,0.8292,0.012,0.0006,No (reported postion),anchor,2021-09-15 10:00:00
2021-09-15 11:00:00+00:00,10.95069,59.18998,0.0,41.76,0.0324,0.036,0.0018,0.8292,0.012,0.0006,No (reported postion),anchor,2021-09-15 11:00:00
2021-09-15 12:00:00+00:00,10.9506933333,59.18998,0.0,41.76,0.0324,0.036,0.0018,0.8292,0.012,0.0006,No (reported postion),anchor,2021-09-15 12:00:00
2021-09-15 13:00:00+00:00,10.9506916667,59.19,0.0,41.76,0.0324,0.036,0.0018,0.8292,0.012,0.0006,No (reported postion),anchor,2021-09-15 13:00:00
2021-09-15 14:00:00+00:00,10.9506916667,59.1899733333,0.0,41.76,0.0324,0.036,0.0018,0.8292,0.012,0.0006,No (reported postion),anchor,2021-09-15 14:00:00
2021-09-15 15:00:00+00:00,10.9507,59.1899733333,0.0,41.76,0.0324,0.036,0.0018,0.8292,0.012,0.0006,No (reported postion),anchor,2021-09-15 15:00:00
2021-09-15 16:00:00+00:00,10.9502983333,59.1911133333,0.0,41.76,0.0324,0.036,0.0018,0.8292,0.012,0.0006,No (reported postion),anchor,2021-09-15 16:00:00
2021-09-15 17:00:00+00:00,10.9503116667,59.19112,0.0,41.76,0.0324,0.036,0.0018,0.8292,0.012,0.0006,No (reported postion),anchor,2021-09-15 17:00:00
2021-09-15 18:00:00+00:00,10.9502933333,59.1911133333,0.0,41.76,0.0324,0.036,0.0018,0.8292,0.012,0.0006,No (reported postion),anchor,2021-09-15 18:00:00
2021-09-15 19:00:00+00:00,10.95029,59.19112,0.0,41.76,0.0324,0.036,0.0018,0.8292,0.012,0.0006,No (reported postion),anchor,2021-09-15 19:00:00
2021-09-15 20:00:00+00:00,10.9502883333,59.1911133333,0.0,41.76,0.0324,0.036,0.0018,0.8292,0.012,0.0006,No (reported postion),anchor,2021-09-15 20:00:00
2021-09-15 21:00:00+00:00,10.95025,59.1912466667,0.0,41.76,0.0324,0.036,0.0018,0.8292,0.012,0.0006,No (reported postion),anchor,2021-09-15 21:00:00
2021-09-15 22:00:00+00:00,10.9502683333,59.19122,0.0,41.76,0.0324,0.036,0.0018,0.8292,0.012,0.0006,No (reported postion),anchor,2021-09-15 22:00:00
2021-09-15 23:00:00+00:00,10.9502566667,59.1912133333,0.0,41.76,0.0324,0.036,0.0018,0.8292,0.012,0.0006,No (reported postion),anchor,2021-09-15 23:00:00
2021-09-16 00:00:00+00:00,10.9502766667,59.19122,0.0,41.76,0.0324,0.036,0.0018,0.8292,0.012,0.0006,No (reported postion),anchor,2021-09-16 00:00:00
2021-09-16 01:00:00+00:00,10.9502516667,59.1912466667,0.0,41.76,0.0324,0.036,0.0018,0.8292,0.012,0.0006,No (reported postion),anchor,2021-09-16 01:00:00
2021-09-16 02:00:00+00:00,10.9502583333,59.19122,0.0,41.76,0.0324,0.036,0.0018,0.8292,0.012,0.0006,No (reported postion),anchor,2021-09-16 02:00:00
2021-09-16 03:00:00+00:00,10.950275,59.19122,0.0,41.76,0.0324,0.036,0.0018,0.8292,0.012,0.0006,No (reported postion),anchor,2021-09-16 03:00:00
2021-09-16 04:00:00+00:00,10.950225,59.1912466667,0.1,41.760963306395595,0.0324076683873865,0.036000834475145196,0.00180020334841695,0.8292892021722359,0.0120021344995818,0.000600310073396042,No (reported postion),anchor,2021-09-16 04:00:00
2021-09-16 05:00:00+00:00,10.971985,59.0835466667,11.0,1009.6648399999999,0.8267291999999999,0.8744586000000001,0.0459294,20.1872968,0.306196,0.015309799999999998,No (reported postion),cruise,2021-09-16 05:00:00
2021-09-16 06:00:00+00:00,10.7454466667,59.0142066667,10.6,1009.6648399999999,0.8267291999999999,0.8744586000000001,0.0459294,20.1872968,0.306196,0.015309799999999998,No (reported postion),cruise,2021-09-16 06:00:00
2021-09-16 07:00:00+00:00,10.457635,58.9239666667,10.4,1009.6648399999999,0.8267291999999999,0.8744586000000001,0.0459294,20.1872968,0.306196,0.015309799999999998,No (reported postion),cruise,2021-09-16 07:00:00
2021-09-16 08:00:00+00:00,10.14892,58.8424,11.2,1009.6648399999999,0.8267291999999999,0.8744586000000001,0.0459294,20.1872968,0.306196,0.015309799999999998,No (reported postion),cruise,2021-09-16 08:00:00
2021-09-16 09:00:00+00:00,9.84415,58.7447666667,10.9,1009.6648399999999,0.8267291999999999,0.8744586000000001,0.0459294,20.1872968,0.306196,0.015309799999999998,No (reported postion),cruise,2021-09-16 09:00:00
2021-09-16 10:00:00+00:00,9.5470383333,58.6371333333,11.4,1009.6648399999999,0.8267291999999999,0.8744586000000001,0.0459294,20.1872968,0.306196,0.015309799999999998,No (reported postion),cruise,2021-09-16 10:00:00
2021-09-16 11:00:00+00:00,9.247935,58.5243066667,11.7,1009.6648399999999,0.8267291999999999,0.8744586000000001,0.0459294,20.1872968,0.306196,0.015309799999999998,No (reported postion),cruise,2021-09-16 11:00:00
2021-09-16 12:00:00+00:00,8.973055,58.3938666667,12.1,1009.6648399999999,0.8267291999999999,0.8744586000000001,0.0459294,20.1872968,0.306196,0.015309799999999998,No (reported postion),cruise,2021-09-16 12:00:00
2021-09-16 13:00:00+00:00,8.7089133333,58.2554533333,11.2,1009.6648399999999,0.8267291999999999,0.8744586000000001,0.0459294,20.1872968,0.306196,0.015309799999999998,No (reported postion),cruise,2021-09-16 13:00:00
2021-09-16 14:00:00+00:00,8.4378233333,58.1253333333,12.0,1009.6648399999999,0.8267291999999999,0.8744586000000001,0.0459294,20.1872968,0.306196,0.015309799999999998,No (reported postion),cruise,2021-09-16 14:00:00
2021-09-16 15:00:00+00:00,8.1006716667,58.0197133333,13.5,1009.6648399999999,0.8267291999999999,0.8744586000000001,0.0459294,20.1872968,0.306196,0.015309799999999998,No (reported postion),cruise,2021-09-16 15:00:00
2021-09-16 16:00:00+00:00,7.7082533333,57.9590933333,13.0,1009.6648399999999,0.8267291999999999,0.8744586000000001,0.0459294,20.1872968,0.306196,0.015309799999999998,No (reported postion),cruise,2021-09-16 16:00:00
2021-09-16 17:00:00+00:00,7.351995,57.96032,11.0,1009.6648399999999,0.8267291999999999,0.8744586000000001,0.0459294,20.1872968,0.306196,0.015309799999999998,No (reported postion),cruise,2021-09-16 17:00:00
2021-09-16 18:00:00+00:00,7.0090783333,57.9787866667,11.1,1009.6648399999999,0.8267291999999999,0.8744586000000001,0.0459294,20.1872968,0.306196,0.015309799999999998,No (reported postion),cruise,2021-09-16 18:00:00
2021-09-16 19:00:00+00:00,6.6984666667,58.0376733333,10.6,1009.6648399999999,0.8267291999999999,0.8744586000000001,0.0459294,20.1872968,0.306196,0.015309799999999998,No (reported postion),cruise,2021-09-16 19:00:00
2021-09-16 20:00:00+00:00,6.4202033333,58.14416,11.2,1009.6648399999999,0.8267291999999999,0.8744586000000001,0.0459294,20.1872968,0.306196,0.015309799999999998,No (reported postion),cruise,2021-09-16 20:00:00
2021-09-16 21:00:00+00:00,6.1718983333,58.2609733333,9.8,948.4162731206029,0.776464418670404,0.821401330818759,0.0431369121483558,18.9623254624121,0.287579414322372,0.0143789707161186,No (reported postion),cruise,2021-09-16 21:00:00
2021-09-16 22:00:00+00:00,5.937385,58.3630533333,9.4,841.866879312195,0.689022666912743,0.729101703963451,0.038279037050707995,16.831337586243897,0.255193580338053,0.0127596790169027,No (reported postion),cruise,2021-09-16 22:00:00
2021-09-16 23:00:00+00:00,5.7195016667,58.4656333333,9.3,816.602242473872,0.668288770419288,0.70721592433147,0.037127153912182596,16.326044849477498,0.247514359414551,0.0123757179707275,No (reported postion),cruise,2021-09-16 23:00:00
2021-09-17 00:00:00+00:00,5.566025,58.5894866667,9.1,767.679763865147,0.6281396238406981,0.664836269609626,0.034896645768927696,15.3475952773029,0.232644305126185,0.0116322152563092,No (reported postion),cruise,2021-09-17 00:00:00
2021-09-17 01:00:00+00:00,5.45052,58.73182,9.4,841.866879312195,0.689022666912743,0.729101703963451,0.038279037050707995,16.831337586243897,0.255193580338053,0.0127596790169027,No (reported postion),cruise,2021-09-17 01:00:00
2021-09-17 02:00:00+00:00,5.5201916667,58.8669733333,8.9,720.86114642449,0.5897170502571799,0.624279108604801,0.0327620583476211,14.411222928489801,0.218413722317474,0.0109206861158737,No (reported postion),cruise,2021-09-17 02:00:00
2021-09-17 03:00:00+00:00,5.5479633333,59.01302,9.1,767.679763865147,0.6281396238406981,0.664836269609626,0.034896645768927696,15.3475952773029,0.232644305126185,0.0116322152563092,No (reported postion),cruise,2021-09-17 03:00:00
2021-09-17 04:00:00+00:00,5.7598583333,59.00938,5.7,220.157601326853,0.186125592632714,0.190538955556697,0.0100149655322244,4.43283154680244,0.0673086788308178,0.00344677023393915,No (reported postion),cruise,2021-09-17 04:00:00
2021-09-17 05:00:00+00:00,5.7548266667,58.94442,0.0,41.76,0.0324,0.036,0.0018,0.8292,0.012,0.0006,No (reported postion),anchor,2021-09-17 05:00:00
2021-09-17 06:00:00+00:00,5.75474,58.9444666667,0.0,41.76,0.0324,0.036,0.0018,0.8292,0.012,0.0006,No (reported postion),anchor,2021-09-17 06:00:00
2021-09-17 07:00:00+00:00,5.754445,58.9445933333,0.0,41.76,0.0324,0.036,0.0018,0.8292,0.012,0.0006,No (reported postion),anchor,2021-09-17 07:00:00
2021-09-17 08:00:00+00:00,5.7549333333,58.9443266667,0.0,41.76,0.0324,0.036,0.0018,0.8292,0.012,0.0006,No (reported postion),anchor,2021-09-17 08:00:00
2021-09-17 09:00:00+00:00,5.7547933333,58.9444666667,0.0,41.76,0.0324,0.036,0.0018,0.8292,0.012,0.0006,No (reported postion),anchor,2021-09-17 09:00:00
2021-09-17 10:00:00+00:00,5.7547316667,58.94448,0.0,41.76,0.0324,0.036,0.0018,0.8292,0.012,0.0006,No (reported postion),anchor,2021-09-17 10:00:00
2021-09-17 11:00:00+00:00,5.75478,58.94446,0.1,41.760963306395595,0.0324076683873865,0.036000834475145196,0.00180020334841695,0.8292892021722359,0.0120021344995818,0.000600310073396042,No (reported postion),anchor,2021-09-17 11:00:00
2021-09-17 12:00:00+00:00,5.7547533333,58.9444666667,0.0,41.76,0.0324,0.036,0.0018,0.8292,0.012,0.0006,No (reported postion),anchor,2021-09-17 12:00:00
2021-09-17 13:00:00+00:00,5.6100316667,59.0353266667,10.6,1009.6648399999999,0.8267291999999999,0.8744586000000001,0.0459294,20.1872968,0.306196,0.015309799999999998,No (reported postion),cruise,2021-09-17 13:00:00
2021-09-17 14:00:00+00:00,5.5220233333,58.89114,10.2,1009.6648399999999,0.8267291999999999,0.8744586000000001,0.0459294,20.1872968,0.306196,0.015309799999999998,No (reported postion),cruise,2021-09-17 14:00:00
2021-09-17 15:00:00+00:00,5.4404366667,58.74694,9.0,744.0103624179969,0.608714887090758,0.644332380818022,0.0338174937272643,14.8742072483599,0.225449958181762,0.011272497909088101,No (reported postion),cruise,2021-09-17 15:00:00
2021-09-17 16:00:00+00:00,5.554845,58.6096466667,9.1,767.679763865147,0.6281396238406981,0.664836269609626,0.034896645768927696,15.3475952773029,0.232644305126185,0.0116322152563092,No (reported postion),cruise,2021-09-17 16:00:00
2021-09-17 17:00:00+00:00,5.720515,58.4886666667,9.1,767.679763865147,0.6281396238406981,0.664836269609626,0.034896645768927696,15.3475952773029,0.232644305126185,0.0116322152563092,No (reported postion),cruise,2021-09-17 17:00:00
2021-09-17 18:00:00+00:00,5.93242,58.3857066667,9.3,816.602242473872,0.668288770419288,0.70721592433147,0.037127153912182596,16.326044849477498,0.247514359414551,0.0123757179707275,No (reported postion),cruise,2021-09-17 18:00:00
2021-09-17 19:00:00+00:00,6.203735,58.3155466667,9.6,894.031847248627,0.731832822969998,0.774290202023887,0.040657379053888804,17.874636944972497,0.271049193692592,0.0135524596846296,No (reported postion),cruise,2021-09-17 19:00:00
2021-09-17 20:00:00+00:00,6.2608266667,58.3279533333,0.1,41.760963306395595,0.0324076683873865,0.036000834475145196,0.00180020334841695,0.8292892021722359,0.0120021344995818,0.000600310073396042,No (reported postion),anchor,2021-09-17 20:00:00
2021-09-17 21:00:00+00:00,6.2607983333,58.3279133333,0.0,41.76,0.0324,0.036,0.0018,0.8292,0.012,0.0006,No (reported postion),anchor,2021-09-17 21:00:00
2021-09-17 22:00:00+00:00,6.2611333333,58.3280733333,0.0,41.76,0.0324,0.036,0.0018,0.8292,0.012,0.0006,No (reported postion),anchor,2021-09-17 22:00:00
2021-09-17 23:00:00+00:00,6.2611266667,58.3280333333,0.0,41.76,0.0324,0.036,0.0018,0.8292,0.012,0.0006,No (reported postion),anchor,2021-09-17 23:00:00
2021-09-18 00:00:00+00:00,6.2609983333,58.3279866667,0.0,41.76,0.0324,0.036,0.0018,0.8292,0.012,0.0006,No (reported postion),anchor,2021-09-18 00:00:00
2021-09-18 01:00:00+00:00,6.2609466667,58.32798,0.0,41.76,0.0324,0.036,0.0018,0.8292,0.012,0.0006,No (reported postion),anchor,2021-09-18 01:00:00
2021-09-18 02:00:00+00:00,6.26098,58.3279866667,0.1,41.760963306395595,0.0324076683873865,0.036000834475145196,0.00180020334841695,0.8292892021722359,0.0120021344995818,0.000600310073396042,No (reported postion),anchor,2021-09-18 02:00:00
2021-09-18 03:00:00+00:00,6.2579466667,58.2717066667,8.4,612.715553918514,0.500965348200604,0.530596756433971,0.0278314082333669,12.2483110783703,0.185542721555779,0.00927713607778897,No (reported postion),cruise,2021-09-18 03:00:00
2021-09-18 04:00:00+00:00,6.4110766667,58.16194,8.1,553.70051420272,0.45253355268916196,0.47947430561633797,0.0251407529271757,11.0680102840544,0.167605019514505,0.00838025097572523,No (reported postion),cruise,2021-09-18 04:00:00
2021-09-18 05:00:00+00:00,6.5806233333,58.06824,7.9,516.70762199754,0.42217464419251,0.447428791092094,0.0234541468995839,10.3281524399508,0.15636097933055898,0.00781804896652797,No (reported postion),cruise,2021-09-18 05:00:00
2021-09-18 06:00:00+00:00,6.8213966667,58.0127333333,8.9,720.86114642449,0.5897170502571799,0.624279108604801,0.0327620583476211,14.411222928489801,0.218413722317474,0.0109206861158737,No (reported postion),cruise,2021-09-18 06:00:00
2021-09-18 07:00:00+00:00,7.0785183333,57.9732533333,9.0,744.0103624179969,0.608714887090758,0.644332380818022,0.0338174937272643,14.8742072483599,0.225449958181762,0.011272497909088101,No (reported postion),cruise,2021-09-18 07:00:00
2021-09-18 08:00:00+00:00,7.3747066667,57.9674133333,9.5,867.674820957655,0.710202436652179,0.7514581275773,0.039455690925120995,17.3474964191531,0.263037939500807,0.0131518969750403,No (reported postion),cruise,2021-09-18 08:00:00
2021-09-18 09:00:00+00:00,7.65546,57.9391933333,7.6,464.628388330319,0.379434847565916,0.40231456131957705,0.021079713753661997,9.286567766606389,0.14053142502441301,0.00702657125122066,No (reported postion),cruise,2021-09-18 09:00:00
2021-09-18 10:00:00+00:00,7.8930866667,57.9271866667,7.7,501.53121138750697,0.409719839132605,0.43428205241774903,0.0227622132851447,10.0246242277501,0.15174808856763097,0.00758740442838157,No (reported postion),cruise,2021-09-18 10:00:00
2021-09-18 11:00:00+00:00,8.157585,57.9118866667,8.6,682.327576999455,0.558093756200161,0.590898964877947,0.0310052086777867,13.640551539989099,0.206701391185245,0.0103350695592622,No (reported postion),cruise,2021-09-18 11:00:00
2021-09-18 12:00:00+00:00,8.4357383333,57.8956866667,9.3,851.822344404503,0.697192805438346,0.73772573907381,0.0387329336354637,17.0304468880901,0.258219557569758,0.0129109778784879,No (reported postion),cruise,2021-09-18 12:00:00
2021-09-18 13:00:00+00:00,8.7258983333,57.8821466667,9.5,905.2164037284571,0.7410116383181871,0.7839789515580861,0.0411673132398993,18.0983280745691,0.27444875493266196,0.0137224377466331,No (reported postion),cruise,2021-09-18 13:00:00
2021-09-18 14:00:00+00:00,9.0234833333,57.8657666667,9.8,989.627921898812,0.8102855286099669,0.857101391310521,0.045015862700553695,19.7865584379762,0.30010575133702505,0.0150052875668512,No (reported postion),cruise,2021-09-18 14:00:00
2021-09-18 15:00:00+00:00,9.3246233333,57.8506133333,9.8,989.627921898812,0.8102855286099669,0.857101391310521,0.045015862700553695,19.7865584379762,0.30010575133702505,0.0150052875668512,No (reported postion),cruise,2021-09-18 15:00:00
2021-09-18 16:00:00+00:00,9.6284366667,57.83466,9.8,989.627921898812,0.8102855286099669,0.857101391310521,0.045015862700553695,19.7865584379762,0.30010575133702505,0.0150052875668512,No (reported postion),cruise,2021-09-18 16:00:00
2021-09-18 17:00:00+00:00,9.9137966667,57.8123866667,9.1,800.6761167681079,0.655218697651639,0.693419736410063,0.036401038758424396,16.0075223353622,0.242673591722829,0.012133679586141501,No (reported postion),cruise,2021-09-18 17:00:00
2021-09-18 18:00:00+00:00,10.1902183333,57.7904533333,8.7,704.933794692404,0.576645971328113,0.610481858624119,0.0320358872960063,14.0926758938481,0.213572581973375,0.0106786290986688,No (reported postion),cruise,2021-09-18 18:00:00
2021-09-18 19:00:00+00:00,10.47064,57.7829,9.0,744.0103624179969,0.608714887090758,0.644332380818022,0.0338174937272643,14.8742072483599,0.225449958181762,0.011272497909088101,No (reported postion),cruise,2021-09-18 19:00:00
2021-09-18 20:00:00+00:00,10.74109,57.7669466667,7.9,516.70762199754,0.42217464419251,0.447428791092094,0.0234541468995839,10.3281524399508,0.15636097933055898,0.00781804896652797,No (reported postion),cruise,2021-09-18 20:00:00
2021-09-18 21:00:00+00:00,10.7297,57.6275,8.7,704.933794692404,0.576645971328113,0.610481858624119,0.0320358872960063,14.0926758938481,0.213572581973375,0.0106786290986688,No (reported postion),cruise,2021-09-18 21:00:00
2021-09-18 22:00:00+00:00,10.721055,57.48284,8.5,633.350540219414,0.517899835438425,0.5484720485183371,0.0287722130799125,12.6610108043883,0.19181475386608302,0.009590737693304159,No (reported postion),cruise,2021-09-18 22:00:00
2021-09-18 23:00:00+00:00,10.705755,57.3456466667,7.8,519.678021055135,0.424612357704822,0.45000193313286796,0.023589575428045698,10.3875604211027,0.15726383618697098,0.00786319180934856,No (reported postion),cruise,2021-09-18 23:00:00
2021-09-19 00:00:00+00:00,10.7048716667,57.2135933333,8.2,597.038880782565,0.488099993347394,0.517016659644471,0.027116666297077402,11.9347776156513,0.18077777531384998,0.00903888876569248,No (reported postion),cruise,2021-09-19 00:00:00
2021-09-19 01:00:00+00:00,10.7208916667,57.0678333333,9.1,800.6761167681079,0.655218697651639,0.693419736410063,0.036401038758424396,16.0075223353622,0.242673591722829,0.012133679586141501,No (reported postion),cruise,2021-09-19 01:00:00
2021-09-19 02:00:00+00:00,10.73642,56.9182066667,8.9,751.729380352875,0.615049643450688,0.6510190680868371,0.034169424636149304,15.0285876070575,0.227796164240996,0.0113898082120498,No (reported postion),cruise,2021-09-19 02:00:00
2021-09-19 03:00:00+00:00,10.4911533333,56.9168133333,9.5,905.2164037284571,0.7410116383181871,0.7839789515580861,0.0411673132398993,18.0983280745691,0.27444875493266196,0.0137224377466331,No (reported postion),cruise,2021-09-19 03:00:00
2021-09-19 04:00:00+00:00,10.3057883333,56.9883333333,8.2,572.896320748541,0.468286950158377,0.49610289183384204,0.0260159416754654,11.4519264149708,0.173439611169769,0.00867198055848846,No (reported postion),cruise,2021-09-19 04:00:00
2021-09-19 05:00:00+00:00,10.0643716667,57.0526666667,9.7,920.943738023485,0.753918569198605,0.797602934154083,0.041884364955477996,18.4128747604697,0.279229099703187,0.0139614549851593,No (reported postion),cruise,2021-09-19 05:00:00
2021-09-19 06:00:00+00:00,9.9302783333,57.0542533333,0.7,42.0904140937028,0.0350302568735798,0.0362862249747882,0.0018697485070141699,0.859796345076883,0.0127321333565634,0.000706355174842344,No (reported postion),anchor,2021-09-19 06:00:00
2021-09-19 07:00:00+00:00,9.9305583333,57.05442,0.1,41.760963306395595,0.0324076683873865,0.036000834475145196,0.00180020334841695,0.8292892021722359,0.0120021344995818,0.000600310073396042,No (reported postion),anchor,2021-09-19 07:00:00
2021-09-19 08:00:00+00:00,9.9305583333,57.05442,0.1,41.760963306395595,0.0324076683873865,0.036000834475145196,0.00180020334841695,0.8292892021722359,0.0120021344995818,0.000600310073396042,No (reported postion),anchor,2021-09-19 08:00:00
2021-09-19 09:00:00+00:00,9.9305683333,57.05442,0.1,41.760963306395595,0.0324076683873865,0.036000834475145196,0.00180020334841695,0.8292892021722359,0.0120021344995818,0.000600310073396042,No (reported postion),anchor,2021-09-19 09:00:00
2021-09-19 10:00:00+00:00,9.9305483333,57.0544333333,0.0,41.76,0.0324,0.036,0.0018,0.8292,0.012,0.0006,No (reported postion),anchor,2021-09-19 10:00:00
2021-09-19 11:00:00+00:00,9.9304383333,57.0544466667,0.0,41.76,0.0324,0.036,0.0018,0.8292,0.012,0.0006,No (reported postion),anchor,2021-09-19 11:00:00
2021-09-19 12:00:00+00:00,9.93006,57.0545266667,0.0,41.76,0.0324,0.036,0.0018,0.8292,0.012,0.0006,No (reported postion),anchor,2021-09-19 12:00:00
2021-09-19 13:00:00+00:00,9.9300716667,57.0545333333,0.0,41.76,0.0324,0.036,0.0018,0.8292,0.012,0.0006,No (reported postion),anchor,2021-09-19 13:00:00
2021-09-19 14:00:00+00:00,9.9305733333,57.05438,0.1,41.760963306395595,0.0324076683873865,0.036000834475145196,0.00180020334841695,0.8292892021722359,0.0120021344995818,0.000600310073396042,No (reported postion),anchor,2021-09-19 14:00:00
2021-09-19 15:00:00+00:00,9.9308316667,57.0543533333,0.1,41.760963306395595,0.0324076683873865,0.036000834475145196,0.00180020334841695,0.8292892021722359,0.0120021344995818,0.000600310073396042,No (reported postion),anchor,2021-09-19 15:00:00
2021-09-19 16:00:00+00:00,9.9308466667,57.05438,0.0,41.76,0.0324,0.036,0.0018,0.8292,0.012,0.0006,No (reported postion),anchor,2021-09-19 16:00:00
2021-09-19 17:00:00+00:00,9.9935666667,57.0841733333,9.6,894.031847248627,0.731832822969998,0.774290202023887,0.040657379053888804,17.874636944972497,0.271049193692592,0.0135524596846296,No (reported postion),cruise,2021-09-19 17:00:00
2021-09-19 18:00:00+00:00,10.2275933333,56.9839666667,9.6,894.031847248627,0.731832822969998,0.774290202023887,0.040657379053888804,17.874636944972497,0.271049193692592,0.0135524596846296,No (reported postion),cruise,2021-09-19 18:00:00
2021-09-19 19:00:00+00:00,10.4765616667,56.92104,10.2,1009.6648399999999,0.8267291999999999,0.8744586000000001,0.0459294,20.1872968,0.306196,0.015309799999999998,No (reported postion),cruise,2021-09-19 19:00:00
2021-09-19 20:00:00+00:00,10.6832583333,56.7992933333,9.9,1018.94137930464,0.8343421653867891,0.882494507908277,0.0463523425214883,20.3728275860929,0.309015616809922,0.015450780840496099,No (reported postion),cruise,2021-09-19 20:00:00
2021-09-19 21:00:00+00:00,10.87433,56.67116,9.7,960.906635206371,0.786714867798541,0.832221249342905,0.043706381544363404,19.212132704127402,0.29137587696242295,0.0145687938481211,No (reported postion),cruise,2021-09-19 21:00:00
2021-09-19 22:00:00+00:00,11.01808,56.54244,8.9,720.86114642449,0.5897170502571799,0.624279108604801,0.0327620583476211,14.411222928489801,0.218413722317474,0.0109206861158737,No (reported postion),cruise,2021-09-19 22:00:00
2021-09-19 23:00:00+00:00,11.0440466667,56.39378,9.4,841.866879312195,0.689022666912743,0.729101703963451,0.038279037050707995,16.831337586243897,0.255193580338053,0.0127596790169027,No (reported postion),cruise,2021-09-19 23:00:00
2021-09-20 00:00:00+00:00,11.0113466667,56.2365533333,9.7,960.906635206371,0.786714867798541,0.832221249342905,0.043706381544363404,19.212132704127402,0.29137587696242295,0.0145687938481211,No (reported postion),cruise,2021-09-20 00:00:00
2021-09-20 01:00:00+00:00,10.9785583333,56.0751466667,9.8,989.627921898812,0.8102855286099669,0.857101391310521,0.045015862700553695,19.7865584379762,0.30010575133702505,0.0150052875668512,No (reported postion),cruise,2021-09-20 01:00:00
2021-09-20 02:00:00+00:00,10.9494933333,55.9218033333,9.2,791.875130604314,0.6479960038394069,0.685795781830485,0.035999777991078195,15.8315026120863,0.239998519940521,0.0119999259970261,No (reported postion),cruise,2021-09-20 02:00:00
2021-09-20 03:00:00+00:00,10.8124833333,55.79869,8.9,720.86114642449,0.5897170502571799,0.624279108604801,0.0327620583476211,14.411222928489801,0.218413722317474,0.0109206861158737,No (reported postion),cruise,2021-09-20 03:00:00
2021-09-20 04:00:00+00:00,10.7703933333,55.6562,8.9,720.86114642449,0.5897170502571799,0.624279108604801,0.0327620583476211,14.411222928489801,0.218413722317474,0.0109206861158737,No (reported postion),cruise,2021-09-20 04:00:00
2021-09-20 05:00:00+00:00,10.8554716667,55.524,8.8,698.2263360462521,0.571141370007562,0.6046714461190931,0.031730076111531204,13.958526720924999,0.21153384074354198,0.0105766920371771,No (reported postion),cruise,2021-09-20 05:00:00
2021-09-20 06:00:00+00:00,11.005505,55.3890233333,9.3,816.602242473872,0.668288770419288,0.70721592433147,0.037127153912182596,16.326044849477498,0.247514359414551,0.0123757179707275,No (reported postion),cruise,2021-09-20 06:00:00
2021-09-20 07:00:00+00:00,11.15626,55.28549,9.8,948.4162731206029,0.776464418670404,0.821401330818759,0.0431369121483558,18.9623254624121,0.287579414322372,0.0143789707161186,No (reported postion),cruise,2021-09-20 07:00:00
2021-09-20 08:00:00+00:00,11.2942066667,55.15197,10.1,1009.6648399999999,0.8267291999999999,0.8744586000000001,0.0459294,20.1872968,0.306196,0.015309799999999998,No (reported postion),cruise,2021-09-20 08:00:00
2021-09-20 09:00:00+00:00,11.50316,55.0396233333,10.0,1005.06639563511,0.8229554006731931,0.870475145155037,0.045719744481844,20.095327912702302,0.304798296545627,0.0152399148272813,No (reported postion),cruise,2021-09-20 09:00:00
2021-09-20 10:00:00+00:00,11.69392,54.91727,10.4,1009.6648399999999,0.8267291999999999,0.8744586000000001,0.0459294,20.1872968,0.306196,0.015309799999999998,No (reported postion),cruise,2021-09-20 10:00:00
2021-09-20 11:00:00+00:00,11.7867766667,54.8088633333,7.0,372.174093702844,0.303560502430905,0.32222497478817796,0.0168644723572725,7.43748187405687,0.11242981571515,0.0056214907857575,No (reported postion),cruise,2021-09-20 11:00:00
2021-09-20 12:00:00+00:00,11.8652416667,54.7643,0.0,41.76,0.0324,0.036,0.0018,0.8292,0.012,0.0006,No (reported postion),anchor,2021-09-20 12:00:00
2021-09-20 13:00:00+00:00,11.865265,54.7643066667,0.0,41.76,0.0324,0.036,0.0018,0.8292,0.012,0.0006,No (reported postion),anchor,2021-09-20 13:00:00
2021-09-20 14:00:00+00:00,11.86527,54.7643,0.0,41.76,0.0324,0.036,0.0018,0.8292,0.012,0.0006,No (reported postion),anchor,2021-09-20 14:00:00
2021-09-20 15:00:00+00:00,11.865255,54.7643,0.0,41.76,0.0324,0.036,0.0018,0.8292,0.012,0.0006,No (reported postion),anchor,2021-09-20 15:00:00
2021-09-20 16:00:00+00:00,11.865255,54.7643,0.1,41.760963306395595,0.0324076683873865,0.036000834475145196,0.00180020334841695,0.8292892021722359,0.0120021344995818,0.000600310073396042,No (reported postion),anchor,2021-09-20 16:00:00
2021-09-20 17:00:00+00:00,11.86528,54.7643066667,0.1,41.760963306395595,0.0324076683873865,0.036000834475145196,0.00180020334841695,0.8292892021722359,0.0120021344995818,0.000600310073396042,No (reported postion),anchor,2021-09-20 17:00:00
2021-09-20 18:00:00+00:00,11.8650533333,54.7645433333,0.3,41.7860092726821,0.032607046459436295,0.0360225308289192,0.0018054904072576801,0.8316084586503669,0.0120576314887091,0.000608371981693129,No (reported postion),anchor,2021-09-20 18:00:00
2021-09-20 19:00:00+00:00,11.865055,54.7645666667,0.0,41.76,0.0324,0.036,0.0018,0.8292,0.012,0.0006,No (reported postion),anchor,2021-09-20 19:00:00
2021-09-20 20:00:00+00:00,11.865065,54.7645766667,0.1,41.760963306395595,0.0324076683873865,0.036000834475145196,0.00180020334841695,0.8292892021722359,0.0120021344995818,0.000600310073396042,No (reported postion),anchor,2021-09-20 20:00:00
2021-09-20 21:00:00+00:00,11.8649383333,54.7647466667,0.0,41.76,0.0324,0.036,0.0018,0.8292,0.012,0.0006,No (reported postion),anchor,2021-09-20 21:00:00
2021-09-20 22:00:00+00:00,11.864945,54.7647533333,0.0,41.76,0.0324,0.036,0.0018,0.8292,0.012,0.0006,No (reported postion),anchor,2021-09-20 22:00:00
2021-09-20 23:00:00+00:00,11.864935,54.76478,0.0,41.76,0.0324,0.036,0.0018,0.8292,0.012,0.0006,No (reported postion),anchor,2021-09-20 23:00:00
2021-09-21 00:00:00+00:00,11.8649183333,54.76477,0.0,41.76,0.0324,0.036,0.0018,0.8292,0.012,0.0006,No (reported postion),anchor,2021-09-21 00:00:00
2021-09-21 01:00:00+00:00,11.8648366667,54.7648766667,0.1,41.760963306395595,0.0324076683873865,0.036000834475145196,0.00180020334841695,0.8292892021722359,0.0120021344995818,0.000600310073396042,No (reported postion),anchor,2021-09-21 01:00:00
2021-09-21 02:00:00+00:00,11.864785,54.76495,0.2,41.7677064511651,0.0324613470990922,0.0360066758011612,0.00180162678733561,0.829913617377887,0.012017075996654499,0.000602480587168335,No (reported postion),anchor,2021-09-21 02:00:00
2021-09-21 03:00:00+00:00,11.8647783333,54.76495,0.3,41.7860092726821,0.032607046459436295,0.0360225308289192,0.0018054904072576801,0.8316084586503669,0.0120576314887091,0.000608371981693129,No (reported postion),anchor,2021-09-21 03:00:00
2021-09-21 04:00:00+00:00,11.8647266667,54.7650233333,0.0,41.76,0.0324,0.036,0.0018,0.8292,0.012,0.0006,No (reported postion),anchor,2021-09-21 04:00:00
2021-09-21 05:00:00+00:00,11.85193,54.7767333333,5.4,193.446078282287,0.18676017935838898,0.16739979425669302,0.00906156757734355,4.01460764392804,0.0617936062446415,0.00350462703093742,No (reported postion),cruise,2021-09-21 05:00:00
2021-09-21 06:00:00+00:00,11.744685,54.8615466667,7.8,498.898976661434,0.407559646500265,0.432001849083613,0.022642202583348103,9.97197953322868,0.15094801722232,0.00754740086111602,No (reported postion),cruise,2021-09-21 06:00:00
2021-09-21 07:00:00+00:00,11.62962,54.9746733333,9.6,894.031847248627,0.731832822969998,0.774290202023887,0.040657379053888804,17.874636944972497,0.271049193692592,0.0135524596846296,No (reported postion),cruise,2021-09-21 07:00:00
2021-09-21 08:00:00+00:00,11.4023733333,55.06861,10.0,1005.06639563511,0.8229554006731931,0.870475145155037,0.045719744481844,20.095327912702302,0.304798296545627,0.0152399148272813,No (reported postion),cruise,2021-09-21 08:00:00
2021-09-21 09:00:00+00:00,11.2341716667,55.20621,10.8,1009.6648399999999,0.8267291999999999,0.8744586000000001,0.0459294,20.1872968,0.306196,0.015309799999999998,No (reported postion),cruise,2021-09-21 09:00:00
2021-09-21 10:00:00+00:00,11.04733,55.3172266667,9.8,948.4162731206029,0.776464418670404,0.821401330818759,0.0431369121483558,18.9623254624121,0.287579414322372,0.0143789707161186,No (reported postion),cruise,2021-09-21 10:00:00
2021-09-21 11:00:00+00:00,10.9368016667,55.4773366667,9.7,960.906635206371,0.786714867798541,0.832221249342905,0.043706381544363404,19.212132704127402,0.29137587696242295,0.0145687938481211,No (reported postion),cruise,2021-09-21 11:00:00
2021-09-21 12:00:00+00:00,10.8243483333,55.6382566667,10.8,1009.6648399999999,0.8267291999999999,0.8744586000000001,0.0459294,20.1872968,0.306196,0.015309799999999998,No (reported postion),cruise,2021-09-21 12:00:00
2021-09-21 13:00:00+00:00,10.8262366667,55.8162833333,10.7,1009.6648399999999,0.8267291999999999,0.8744586000000001,0.0459294,20.1872968,0.306196,0.015309799999999998,No (reported postion),cruise,2021-09-21 13:00:00
2021-09-21 14:00:00+00:00,11.0102183333,55.9621266667,10.6,1009.6648399999999,0.8267291999999999,0.8744586000000001,0.0459294,20.1872968,0.306196,0.015309799999999998,No (reported postion),cruise,2021-09-21 14:00:00
2021-09-21 15:00:00+00:00,11.1980466667,56.10736,10.6,1009.6648399999999,0.8267291999999999,0.8744586000000001,0.0459294,20.1872968,0.306196,0.015309799999999998,No (reported postion),cruise,2021-09-21 15:00:00
2021-09-21 16:00:00+00:00,11.5030783333,56.1189533333,9.8,989.627921898812,0.8102855286099669,0.857101391310521,0.045015862700553695,19.7865584379762,0.30010575133702505,0.0150052875668512,No (reported postion),cruise,2021-09-21 16:00:00
2021-09-21 17:00:00+00:00,11.7981883333,56.1227733333,9.8,989.627921898812,0.8102855286099669,0.857101391310521,0.045015862700553695,19.7865584379762,0.30010575133702505,0.0150052875668512,No (reported postion),cruise,2021-09-21 17:00:00
2021-09-21 18:00:00+00:00,12.091815,56.1494,10.0,1005.06639563511,0.8229554006731931,0.870475145155037,0.045719744481844,20.095327912702302,0.304798296545627,0.0152399148272813,No (reported postion),cruise,2021-09-21 18:00:00
2021-09-21 19:00:00+00:00,12.3841833333,56.1648,10.1,1009.6648399999999,0.8267291999999999,0.8744586000000001,0.0459294,20.1872968,0.306196,0.015309799999999998,No (reported postion),cruise,2021-09-21 19:00:00
2021-09-21 20:00:00+00:00,12.6255733333,56.0610866667,10.0,1005.06639563511,0.8229554006731931,0.870475145155037,0.045719744481844,20.095327912702302,0.304798296545627,0.0152399148272813,No (reported postion),cruise,2021-09-21 20:00:00
2021-09-21 21:00:00+00:00,12.6314266667,55.9018866667,10.1,1009.6648399999999,0.8267291999999999,0.8744586000000001,0.0459294,20.1872968,0.306196,0.015309799999999998,No (reported postion),cruise,2021-09-21 21:00:00
2021-09-21 22:00:00+00:00,12.6656516667,55.7374766667,9.4,841.866879312195,0.689022666912743,0.729101703963451,0.038279037050707995,16.831337586243897,0.255193580338053,0.0127596790169027,No (reported postion),cruise,2021-09-21 22:00:00
2021-09-21 23:00:00+00:00,12.6306883333,55.6899,0.0,41.76,0.0324,0.036,0.0018,0.8292,0.012,0.0006,No (reported postion),anchor,2021-09-21 23:00:00
2021-09-22 00:00:00+00:00,12.6306933333,55.6898766667,0.0,41.76,0.0324,0.036,0.0018,0.8292,0.012,0.0006,No (reported postion),anchor,2021-09-22 00:00:00
2021-09-22 01:00:00+00:00,12.6306183333,55.6898666667,0.0,41.76,0.0324,0.036,0.0018,0.8292,0.012,0.0006,No (reported postion),anchor,2021-09-22 01:00:00
2021-09-22 02:00:00+00:00,12.630625,55.6898666667,0.0,41.76,0.0324,0.036,0.0018,0.8292,0.012,0.0006,No (reported postion),anchor,2021-09-22 02:00:00
2021-09-22 03:00:00+00:00,12.63061,55.68986,0.0,41.76,0.0324,0.036,0.0018,0.8292,0.012,0.0006,No (reported postion),anchor,2021-09-22 03:00:00
2021-09-22 04:00:00+00:00,12.6305916667,55.68986,0.0,41.76,0.0324,0.036,0.0018,0.8292,0.012,0.0006,No (reported postion),anchor,2021-09-22 04:00:00
2021-09-22 05:00:00+00:00,12.6305916667,55.68986,0.0,41.76,0.0324,0.036,0.0018,0.8292,0.012,0.0006,No (reported postion),anchor,2021-09-22 05:00:00
2021-09-22 06:00:00+00:00,12.6306066667,55.6898433333,0.0,41.76,0.0324,0.036,0.0018,0.8292,0.012,0.0006,No (reported postion),anchor,2021-09-22 06:00:00
2021-09-22 07:00:00+00:00,12.6303666667,55.6897466667,0.0,41.76,0.0324,0.036,0.0018,0.8292,0.012,0.0006,No (reported postion),anchor,2021-09-22 07:00:00
2021-09-22 08:00:00+00:00,12.63035,55.6897633333,0.1,41.760963306395595,0.0324076683873865,0.036000834475145196,0.00180020334841695,0.8292892021722359,0.0120021344995818,0.000600310073396042,No (reported postion),anchor,2021-09-22 08:00:00
2021-09-22 09:00:00+00:00,12.6303516667,55.6897633333,0.0,41.76,0.0324,0.036,0.0018,0.8292,0.012,0.0006,No (reported postion),anchor,2021-09-22 09:00:00
2021-09-22 10:00:00+00:00,12.6306883333,55.6898833333,0.0,41.76,0.0324,0.036,0.0018,0.8292,0.012,0.0006,No (reported postion),anchor,2021-09-22 10:00:00
2021-09-22 11:00:00+00:00,12.6315016667,55.69017,0.0,41.76,0.0324,0.036,0.0018,0.8292,0.012,0.0006,No (reported postion),anchor,2021-09-22 11:00:00
2021-09-22 12:00:00+00:00,12.6324516667,55.6904933333,0.0,41.76,0.0324,0.036,0.0018,0.8292,0.012,0.0006,No (reported postion),anchor,2021-09-22 12:00:00
2021-09-22 13:00:00+00:00,12.6324583333,55.6904866667,0.0,41.76,0.0324,0.036,0.0018,0.8292,0.012,0.0006,No (reported postion),anchor,2021-09-22 13:00:00
2021-09-22 14:00:00+00:00,12.6324466667,55.6905033333,0.0,41.76,0.0324,0.036,0.0018,0.8292,0.012,0.0006,No (reported postion),anchor,2021-09-22 14:00:00
2021-09-22 15:00:00+00:00,12.63246,55.6904933333,0.0,41.76,0.0324,0.036,0.0018,0.8292,0.012,0.0006,No (reported postion),anchor,2021-09-22 15:00:00
2021-09-22 16:00:00+00:00,12.6324583333,55.6905033333,0.0,41.76,0.0324,0.036,0.0018,0.8292,0.012,0.0006,No (reported postion),anchor,2021-09-22 16:00:00
2021-09-22 17:00:00+00:00,12.6308916667,55.6900233333,0.1,41.760963306395595,0.0324076683873865,0.036000834475145196,0.00180020334841695,0.8292892021722359,0.0120021344995818,0.000600310073396042,No (reported postion),anchor,2021-09-22 17:00:00
2021-09-22 18:00:00+00:00,12.63049,55.68981,0.0,41.76,0.0324,0.036,0.0018,0.8292,0.012,0.0006,No (reported postion),anchor,2021-09-22 18:00:00
2021-09-22 19:00:00+00:00,12.630495,55.6898033333,0.0,41.76,0.0324,0.036,0.0018,0.8292,0.012,0.0006,No (reported postion),anchor,2021-09-22 19:00:00
2021-09-22 20:00:00+00:00,12.63048,55.68981,0.0,41.76,0.0324,0.036,0.0018,0.8292,0.012,0.0006,No (reported postion),anchor,2021-09-22 20:00:00
2021-09-22 21:00:00+00:00,12.6304783333,55.6898266667,0.0,41.76,0.0324,0.036,0.0018,0.8292,0.012,0.0006,No (reported postion),anchor,2021-09-22 21:00:00
2021-09-22 22:00:00+00:00,12.6305266667,55.6898666667,0.0,41.76,0.0324,0.036,0.0018,0.8292,0.012,0.0006,No (reported postion),anchor,2021-09-22 22:00:00
2021-09-22 23:00:00+00:00,12.630465,55.6898033333,0.0,41.76,0.0324,0.036,0.0018,0.8292,0.012,0.0006,No (reported postion),anchor,2021-09-22 23:00:00
2021-09-23 00:00:00+00:00,12.6305083333,55.6898366667,0.0,41.76,0.0324,0.036,0.0018,0.8292,0.012,0.0006,No (reported postion),anchor,2021-09-23 00:00:00
2021-09-23 01:00:00+00:00,12.630495,55.6898666667,0.0,41.76,0.0324,0.036,0.0018,0.8292,0.012,0.0006,No (reported postion),anchor,2021-09-23 01:00:00
2021-09-23 02:00:00+00:00,12.6305116667,55.68978,0.0,41.76,0.0324,0.036,0.0018,0.8292,0.012,0.0006,No (reported postion),anchor,2021-09-23 02:00:00
2021-09-23 03:00:00+00:00,12.630465,55.6898266667,0.0,41.76,0.0324,0.036,0.0018,0.8292,0.012,0.0006,No (reported postion),anchor,2021-09-23 03:00:00
2021-09-23 04:00:00+00:00,12.630425,55.6897933333,0.0,41.76,0.0324,0.036,0.0018,0.8292,0.012,0.0006,No (reported postion),anchor,2021-09-23 04:00:00
2021-09-23 05:00:00+00:00,12.630465,55.6897933333,0.0,41.76,0.0324,0.036,0.0018,0.8292,0.012,0.0006,No (reported postion),anchor,2021-09-23 05:00:00
2021-09-23 06:00:00+00:00,12.630495,55.6898033333,0.0,41.76,0.0324,0.036,0.0018,0.8292,0.012,0.0006,No (reported postion),anchor,2021-09-23 06:00:00
2021-09-23 07:00:00+00:00,12.6304133333,55.6899333333,0.0,41.76,0.0324,0.036,0.0018,0.8292,0.012,0.0006,No (reported postion),anchor,2021-09-23 07:00:00
2021-09-23 08:00:00+00:00,12.6305983333,55.6898666667,0.0,41.76,0.0324,0.036,0.0018,0.8292,0.012,0.0006,No (reported postion),anchor,2021-09-23 08:00:00
2021-09-23 09:00:00+00:00,12.6306133333,55.68986,0.0,41.76,0.0324,0.036,0.0018,0.8292,0.012,0.0006,No (reported postion),anchor,2021-09-23 09:00:00
2021-09-23 10:00:00+00:00,12.6307,55.6899166667,0.1,41.760963306395595,0.0324076683873865,0.036000834475145196,0.00180020334841695,0.8292892021722359,0.0120021344995818,0.000600310073396042,No (reported postion),anchor,2021-09-23 10:00:00
2021-09-23 11:00:00+00:00,12.6308183333,55.68991,0.0,41.76,0.0324,0.036,0.0018,0.8292,0.012,0.0006,No (reported postion),anchor,2021-09-23 11:00:00
2021-09-23 12:00:00+00:00,12.6308166667,55.68991,0.0,41.76,0.0324,0.036,0.0018,0.8292,0.012,0.0006,No (reported postion),anchor,2021-09-23 12:00:00
2021-09-23 13:00:00+00:00,12.6308433333,55.6899333333,0.0,41.76,0.0324,0.036,0.0018,0.8292,0.012,0.0006,No (reported postion),anchor,2021-09-23 13:00:00
2021-09-23 14:00:00+00:00,12.6950716667,55.62435,13.5,1009.6648399999999,0.8267291999999999,0.8744586000000001,0.0459294,20.1872968,0.306196,0.015309799999999998,No (reported postion),cruise,2021-09-23 14:00:00
2021-09-23 15:00:00+00:00,12.65925,55.4334633333,10.5,1009.6648399999999,0.8267291999999999,0.8744586000000001,0.0459294,20.1872968,0.306196,0.015309799999999998,No (reported postion),cruise,2021-09-23 15:00:00
2021-09-23 16:00:00+00:00,12.7205333333,55.28304,11.8,1009.6648399999999,0.8267291999999999,0.8744586000000001,0.0459294,20.1872968,0.306196,0.015309799999999998,No (reported postion),cruise,2021-09-23 16:00:00
2021-09-23 17:00:00+00:00,13.0515783333,55.23837,12.0,1009.6648399999999,0.8267291999999999,0.8744586000000001,0.0459294,20.1872968,0.306196,0.015309799999999998,No (reported postion),cruise,2021-09-23 17:00:00
2021-09-23 18:00:00+00:00,13.377565,55.20773,11.7,1009.6648399999999,0.8267291999999999,0.8744586000000001,0.0459294,20.1872968,0.306196,0.015309799999999998,No (reported postion),cruise,2021-09-23 18:00:00
2021-09-23 19:00:00+00:00,13.6998983333,55.1803066667,11.1,1009.6648399999999,0.8267291999999999,0.8744586000000001,0.0459294,20.1872968,0.306196,0.015309799999999998,No (reported postion),cruise,2021-09-23 19:00:00
2021-09-23 20:00:00+00:00,14.02502,55.1570566667,11.6,1009.6648399999999,0.8267291999999999,0.8744586000000001,0.0459294,20.1872968,0.306196,0.015309799999999998,No (reported postion),cruise,2021-09-23 20:00:00
2021-09-23 21:00:00+00:00,14.31761,55.18462,9.4,878.2353738263851,0.7188691517724131,0.760606326870881,0.0399371750984674,17.5587074765277,0.26624783398978297,0.0133123916994891,No (reported postion),cruise,2021-09-23 21:00:00
2021-09-23 22:00:00+00:00,14.506625,55.2880466667,8.9,751.729380352875,0.615049643450688,0.6510190680868371,0.034169424636149304,15.0285876070575,0.227796164240996,0.0113898082120498,No (reported postion),cruise,2021-09-23 22:00:00
2021-09-23 23:00:00+00:00,14.6412266667,55.4088533333,9.1,800.6761167681079,0.655218697651639,0.693419736410063,0.036401038758424396,16.0075223353622,0.242673591722829,0.012133679586141501,No (reported postion),cruise,2021-09-23 23:00:00
2021-09-24 00:00:00+00:00,14.6868583333,55.5463466667,8.3,617.602713770151,0.504976087288574,0.534830314360162,0.028054227071587397,12.346054275402999,0.18702818047725,0.00935140902386248,No (reported postion),cruise,2021-09-24 00:00:00
2021-09-24 01:00:00+00:00,14.7273166667,55.6846833333,8.6,682.327576999455,0.558093756200161,0.590898964877947,0.0310052086777867,13.640551539989099,0.206701391185245,0.0103350695592622,No (reported postion),cruise,2021-09-24 01:00:00
2021-09-24 02:00:00+00:00,14.7641383333,55.8318766667,9.3,851.822344404503,0.697192805438346,0.73772573907381,0.0387329336354637,17.0304468880901,0.258219557569758,0.0129109778784879,No (reported postion),cruise,2021-09-24 02:00:00
2021-09-24 03:00:00+00:00,14.8043766667,55.98812,9.8,948.4162731206029,0.776464418670404,0.821401330818759,0.0431369121483558,18.9623254624121,0.287579414322372,0.0143789707161186,No (reported postion),cruise,2021-09-24 03:00:00
2021-09-24 04:00:00+00:00,14.8433566667,56.1164733333,0.7,42.0904140937028,0.0350302568735798,0.0362862249747882,0.0018697485070141699,0.859796345076883,0.0127321333565634,0.000706355174842344,No (reported postion),anchor,2021-09-24 04:00:00
2021-09-24 05:00:00+00:00,14.8435716667,56.1172266667,0.6,41.968074181457204,0.034056371675490506,0.036180246631353497,0.0018439232580614,0.848467669202935,0.0124610519096726,0.0006669758535450329,No (reported postion),anchor,2021-09-24 05:00:00
2021-09-24 06:00:00+00:00,14.843545,56.1167266667,0.2,41.7677064511651,0.0324613470990922,0.0360066758011612,0.00180162678733561,0.829913617377887,0.012017075996654499,0.000602480587168335,No (reported postion),anchor,2021-09-24 06:00:00
2021-09-24 07:00:00+00:00,14.843615,56.11748,0.3,41.7860092726821,0.032607046459436295,0.0360225308289192,0.0018054904072576801,0.8316084586503669,0.0120576314887091,0.000608371981693129,No (reported postion),anchor,2021-09-24 07:00:00
2021-09-24 08:00:00+00:00,14.8435633333,56.1170266667,0.7,42.0904140937028,0.0350302568735798,0.0362862249747882,0.0018697485070141699,0.859796345076883,0.0127321333565634,0.000706355174842344,No (reported postion),anchor,2021-09-24 08:00:00
2021-09-24 09:00:00+00:00,14.84347,56.11658,0.6,41.968074181457204,0.034056371675490506,0.036180246631353497,0.0018439232580614,0.848467669202935,0.0124610519096726,0.0006669758535450329,No (reported postion),anchor,2021-09-24 09:00:00
2021-09-24 10:00:00+00:00,14.8106733333,56.0289,10.1,1009.6648399999999,0.8267291999999999,0.8744586000000001,0.0459294,20.1872968,0.306196,0.015309799999999998,No (reported postion),cruise,2021-09-24 10:00:00
2021-09-24 11:00:00+00:00,14.7386616667,55.8708666667,9.8,989.627921898812,0.8102855286099669,0.857101391310521,0.045015862700553695,19.7865584379762,0.30010575133702505,0.0150052875668512,No (reported postion),cruise,2021-09-24 11:00:00
2021-09-24 12:00:00+00:00,14.66446,55.7179033333,9.6,932.771476669019,0.7636252240140889,0.807848847570427,0.0424236235563382,18.6494295333804,0.282824157042255,0.0141412078521128,No (reported postion),cruise,2021-09-24 12:00:00
2021-09-24 13:00:00+00:00,14.5885516667,55.5601166667,9.9,1018.94137930464,0.8343421653867891,0.882494507908277,0.0463523425214883,20.3728275860929,0.309015616809922,0.015450780840496099,No (reported postion),cruise,2021-09-24 13:00:00
2021-09-24 14:00:00+00:00,14.50792,55.4083733333,9.4,878.2353738263851,0.7188691517724131,0.760606326870881,0.0399371750984674,17.5587074765277,0.26624783398978297,0.0133123916994891,No (reported postion),cruise,2021-09-24 14:00:00
2021-09-24 15:00:00+00:00,14.3786233333,55.27399,9.4,878.2353738263851,0.7188691517724131,0.760606326870881,0.0399371750984674,17.5587074765277,0.26624783398978297,0.0133123916994891,No (reported postion),cruise,2021-09-24 15:00:00
2021-09-24 16:00:00+00:00,14.2078166667,55.1477866667,10.1,1009.6648399999999,0.8267291999999999,0.8744586000000001,0.0459294,20.1872968,0.306196,0.015309799999999998,No (reported postion),cruise,2021-09-24 16:00:00
2021-09-24 17:00:00+00:00,14.0250016667,55.0229333333,10.2,1009.6648399999999,0.8267291999999999,0.8744586000000001,0.0459294,20.1872968,0.306196,0.015309799999999998,No (reported postion),cruise,2021-09-24 17:00:00
2021-09-24 18:00:00+00:00,13.9317616667,54.86774,9.6,932.771476669019,0.7636252240140889,0.807848847570427,0.0424236235563382,18.6494295333804,0.282824157042255,0.0141412078521128,No (reported postion),cruise,2021-09-24 18:00:00
2021-09-24 19:00:00+00:00,13.8204866667,54.7219,10.1,1009.6648399999999,0.8267291999999999,0.8744586000000001,0.0459294,20.1872968,0.306196,0.015309799999999998,No (reported postion),cruise,2021-09-24 19:00:00
2021-09-24 20:00:00+00:00,13.7554933333,54.5516533333,10.8,1009.6648399999999,0.8267291999999999,0.8744586000000001,0.0459294,20.1872968,0.306196,0.015309799999999998,No (reported postion),cruise,2021-09-24 20:00:00
2021-09-24 21:00:00+00:00,13.6964933333,54.42321,0.6,41.968074181457204,0.034056371675490506,0.036180246631353497,0.0018439232580614,0.848467669202935,0.0124610519096726,0.0006669758535450329,No (reported postion),anchor,2021-09-24 21:00:00
2021-09-24 22:00:00+00:00,13.6965266667,54.4234133333,0.5,41.880413299454396,0.0333585484233163,0.0361043093931444,0.00182541855211887,0.8403502715294761,0.0122668124477272,0.000638759174505227,No (reported postion),anchor,2021-09-24 22:00:00
2021-09-24 23:00:00+00:00,13.6965566667,54.4230466667,0.7,42.0904140937028,0.0350302568735798,0.0362862249747882,0.0018697485070141699,0.859796345076883,0.0127321333565634,0.000706355174842344,No (reported postion),anchor,2021-09-24 23:00:00
2021-09-25 00:00:00+00:00,13.6967,54.4229733333,0.6,41.968074181457204,0.034056371675490506,0.036180246631353497,0.0018439232580614,0.848467669202935,0.0124610519096726,0.0006669758535450329,No (reported postion),anchor,2021-09-25 00:00:00
2021-09-25 01:00:00+00:00,13.6963316667,54.42291,0.1,41.760963306395595,0.0324076683873865,0.036000834475145196,0.00180020334841695,0.8292892021722359,0.0120021344995818,0.000600310073396042,No (reported postion),anchor,2021-09-25 01:00:00
2021-09-25 02:00:00+00:00,13.8082966667,54.32845,8.1,553.70051420272,0.45253355268916196,0.47947430561633797,0.0251407529271757,11.0680102840544,0.167605019514505,0.00838025097572523,No (reported postion),cruise,2021-09-25 02:00:00
2021-09-25 03:00:00+00:00,13.77683,54.2968433333,7.6,464.628388330319,0.379434847565916,0.40231456131957705,0.021079713753661997,9.286567766606389,0.14053142502441301,0.00702657125122066,No (reported postion),cruise,2021-09-25 03:00:00
2021-09-25 04:00:00+00:00,13.5873733333,54.1863266667,9.7,920.943738023485,0.753918569198605,0.797602934154083,0.041884364955477996,18.4128747604697,0.279229099703187,0.0139614549851593,No (reported postion),cruise,2021-09-25 04:00:00
2021-09-25 05:00:00+00:00,13.5746233333,54.1320566667,0.0,41.76,0.0324,0.036,0.0018,0.8292,0.012,0.0006,No (reported postion),anchor,2021-09-25 05:00:00
2021-09-25 06:00:00+00:00,13.574615,54.13204,0.0,41.76,0.0324,0.036,0.0018,0.8292,0.012,0.0006,No (reported postion),anchor,2021-09-25 06:00:00
2021-09-25 07:00:00+00:00,13.5746116667,54.1320566667,0.0,41.76,0.0324,0.036,0.0018,0.8292,0.012,0.0006,No (reported postion),anchor,2021-09-25 07:00:00
2021-09-25 08:00:00+00:00,13.5746366667,54.1320566667,0.0,41.76,0.0324,0.036,0.0018,0.8292,0.012,0.0006,No (reported postion),anchor,2021-09-25 08:00:00
2021-09-25 09:00:00+00:00,13.5746233333,54.1320633333,0.0,41.76,0.0324,0.036,0.0018,0.8292,0.012,0.0006,No (reported postion),anchor,2021-09-25 09:00:00
2021-09-25 10:00:00+00:00,13.574645,54.1320566667,0.0,41.76,0.0324,0.036,0.0018,0.8292,0.012,0.0006,No (reported postion),anchor,2021-09-25 10:00:00
2021-09-25 11:00:00+00:00,13.5746233333,54.1320566667,0.0,41.76,0.0324,0.036,0.0018,0.8292,0.012,0.0006,No (reported postion),anchor,2021-09-25 11:00:00
2021-09-25 12:00:00+00:00,13.5746133333,54.1320633333,0.0,41.76,0.0324,0.036,0.0018,0.8292,0.012,0.0006,No (reported postion),anchor,2021-09-25 12:00:00
2021-09-25 13:00:00+00:00,13.5746116667,54.1320733333,0.0,41.76,0.0324,0.036,0.0018,0.8292,0.012,0.0006,No (reported postion),anchor,2021-09-25 13:00:00
2021-09-25 14:00:00+00:00,13.574615,54.13204,0.0,41.76,0.0324,0.036,0.0018,0.8292,0.012,0.0006,No (reported postion),anchor,2021-09-25 14:00:00
2021-09-25 15:00:00+00:00,13.5746316667,54.1320566667,0.0,41.76,0.0324,0.036,0.0018,0.8292,0.012,0.0006,No (reported postion),anchor,2021-09-25 15:00:00
2021-09-25 16:00:00+00:00,13.5746183333,54.1320733333,0.0,41.76,0.0324,0.036,0.0018,0.8292,0.012,0.0006,No (reported postion),anchor,2021-09-25 16:00:00
2021-09-25 17:00:00+00:00,13.574615,54.1320633333,0.0,41.76,0.0324,0.036,0.0018,0.8292,0.012,0.0006,No (reported postion),anchor,2021-09-25 17:00:00
2021-09-25 18:00:00+00:00,13.574605,54.1320566667,0.0,41.76,0.0324,0.036,0.0018,0.8292,0.012,0.0006,No (reported postion),anchor,2021-09-25 18:00:00
2021-09-25 19:00:00+00:00,13.574625,54.1320633333,0.0,41.76,0.0324,0.036,0.0018,0.8292,0.012,0.0006,No (reported postion),anchor,2021-09-25 19:00:00
2021-09-25 20:00:00+00:00,13.5746316667,54.1324466667,1.2,43.4245934516575,0.0456509734039238,0.0374419730508279,0.00215138606449122,0.983341353623482,0.0156884152773808,0.00113580682836026,No (reported postion),anchor,2021-09-25 20:00:00
2021-09-25 21:00:00+00:00,13.7025,54.2414466667,9.2,791.875130604314,0.6479960038394069,0.685795781830485,0.035999777991078195,15.8315026120863,0.239998519940521,0.0119999259970261,No (reported postion),cruise,2021-09-25 21:00:00
2021-09-25 22:00:00+00:00,13.8210183333,54.3693033333,9.9,976.4552323783539,0.799475114717798,0.845690398868787,0.044415284150988804,19.5231046475671,0.296101894339925,0.014805094716996299,No (reported postion),cruise,2021-09-25 22:00:00
2021-09-25 23:00:00+00:00,13.7898716667,54.5353933333,10.1,1009.6648399999999,0.8267291999999999,0.8744586000000001,0.0459294,20.1872968,0.306196,0.015309799999999998,No (reported postion),cruise,2021-09-25 23:00:00
2021-09-26 00:00:00+00:00,13.658485,54.6815666667,9.7,960.906635206371,0.786714867798541,0.832221249342905,0.043706381544363404,19.212132704127402,0.29137587696242295,0.0145687938481211,No (reported postion),cruise,2021-09-26 00:00:00
2021-09-26 01:00:00+00:00,13.5079216667,54.8197333333,9.8,989.627921898812,0.8102855286099669,0.857101391310521,0.045015862700553695,19.7865584379762,0.30010575133702505,0.0150052875668512,No (reported postion),cruise,2021-09-26 01:00:00
2021-09-26 02:00:00+00:00,13.3362916667,54.95874,10.0,1009.6648399999999,0.8267291999999999,0.8744586000000001,0.0459294,20.1872968,0.306196,0.015309799999999998,No (reported postion),cruise,2021-09-26 02:00:00
2021-09-26 03:00:00+00:00,13.1607966667,55.08427,10.2,1009.6648399999999,0.8267291999999999,0.8744586000000001,0.0459294,20.1872968,0.306196,0.015309799999999998,No (reported postion),cruise,2021-09-26 03:00:00
2021-09-26 04:00:00+00:00,12.962585,55.2067866667,10.0,1009.6648399999999,0.8267291999999999,0.8744586000000001,0.0459294,20.1872968,0.306196,0.015309799999999998,No (reported postion),cruise,2021-09-26 04:00:00
2021-09-26 05:00:00+00:00,12.724255,55.3032633333,11.2,1009.6648399999999,0.8267291999999999,0.8744586000000001,0.0459294,20.1872968,0.306196,0.015309799999999998,No (reported postion),cruise,2021-09-26 05:00:00
2021-09-26 06:00:00+00:00,12.7112016667,55.46465,10.2,1009.6648399999999,0.8267291999999999,0.8744586000000001,0.0459294,20.1872968,0.306196,0.015309799999999998,No (reported postion),cruise,2021-09-26 06:00:00
2021-09-26 07:00:00+00:00,12.69723,55.6267733333,9.8,948.4162731206029,0.776464418670404,0.821401330818759,0.0431369121483558,18.9623254624121,0.287579414322372,0.0143789707161186,No (reported postion),cruise,2021-09-26 07:00:00
2021-09-26 08:00:00+00:00,12.71345,55.7904533333,9.7,920.943738023485,0.753918569198605,0.797602934154083,0.041884364955477996,18.4128747604697,0.279229099703187,0.0139614549851593,No (reported postion),cruise,2021-09-26 08:00:00
2021-09-26 09:00:00+00:00,12.7213416667,55.9474666667,9.4,841.866879312195,0.689022666912743,0.729101703963451,0.038279037050707995,16.831337586243897,0.255193580338053,0.0127596790169027,No (reported postion),cruise,2021-09-26 09:00:00
2021-09-26 10:00:00+00:00,12.5963916667,56.09266,10.4,1009.6648399999999,0.8267291999999999,0.8744586000000001,0.0459294,20.1872968,0.306196,0.015309799999999998,No (reported postion),cruise,2021-09-26 10:00:00
2021-09-26 11:00:00+00:00,12.3973316667,56.2202466667,10.1,1009.6648399999999,0.8267291999999999,0.8744586000000001,0.0459294,20.1872968,0.306196,0.015309799999999998,No (reported postion),cruise,2021-09-26 11:00:00
2021-09-26 12:00:00+00:00,12.310135,56.37426,10.2,1009.6648399999999,0.8267291999999999,0.8744586000000001,0.0459294,20.1872968,0.306196,0.015309799999999998,No (reported postion),cruise,2021-09-26 12:00:00
2021-09-26 13:00:00+00:00,12.1845416667,56.5252666667,9.7,960.906635206371,0.786714867798541,0.832221249342905,0.043706381544363404,19.212132704127402,0.29137587696242295,0.0145687938481211,No (reported postion),cruise,2021-09-26 13:00:00
2021-09-26 14:00:00+00:00,12.0519483333,56.6693133333,9.8,989.627921898812,0.8102855286099669,0.857101391310521,0.045015862700553695,19.7865584379762,0.30010575133702505,0.0150052875668512,No (reported postion),cruise,2021-09-26 14:00:00
2021-09-26 15:00:00+00:00,11.918955,56.81412,10.0,1009.6648399999999,0.8267291999999999,0.8744586000000001,0.0459294,20.1872968,0.306196,0.015309799999999998,No (reported postion),cruise,2021-09-26 15:00:00
2021-09-26 16:00:00+00:00,11.7906333333,56.9676,10.3,1009.6648399999999,0.8267291999999999,0.8744586000000001,0.0459294,20.1872968,0.306196,0.015309799999999998,No (reported postion),cruise,2021-09-26 16:00:00
2021-09-26 17:00:00+00:00,11.6914583333,57.1266333333,9.7,960.906635206371,0.786714867798541,0.832221249342905,0.043706381544363404,19.212132704127402,0.29137587696242295,0.0145687938481211,No (reported postion),cruise,2021-09-26 17:00:00
2021-09-26 18:00:00+00:00,11.58769,57.28314,9.2,825.97127290451,0.675977640377562,0.715331953731871,0.037554313354309005,16.5134254580902,0.25036208902872703,0.012518104451436298,No (reported postion),cruise,2021-09-26 18:00:00
2021-09-26 19:00:00+00:00,11.491665,57.4296133333,9.8,989.627921898812,0.8102855286099669,0.857101391310521,0.045015862700553695,19.7865584379762,0.30010575133702505,0.0150052875668512,No (reported postion),cruise,2021-09-26 19:00:00
2021-09-26 20:00:00+00:00,11.3315833333,57.56872,10.0,1009.6648399999999,0.8267291999999999,0.8744586000000001,0.0459294,20.1872968,0.306196,0.015309799999999998,No (reported postion),cruise,2021-09-26 20:00:00
2021-09-26 21:00:00+00:00,11.1270183333,57.6907,9.5,905.2164037284571,0.7410116383181871,0.7839789515580861,0.0411673132398993,18.0983280745691,0.27444875493266196,0.0137224377466331,No (reported postion),cruise,2021-09-26 21:00:00
2021-09-26 22:00:00+00:00,10.9099666667,57.81024,9.8,989.627921898812,0.8102855286099669,0.857101391310521,0.045015862700553695,19.7865584379762,0.30010575133702505,0.0150052875668512,No (reported postion),cruise,2021-09-26 22:00:00
2021-09-26 23:00:00+00:00,10.6203933333,57.85108,9.6,932.771476669019,0.7636252240140889,0.807848847570427,0.0424236235563382,18.6494295333804,0.282824157042255,0.0141412078521128,No (reported postion),cruise,2021-09-26 23:00:00
2021-09-27 00:00:00+00:00,10.31775,57.8596666667,9.7,960.906635206371,0.786714867798541,0.832221249342905,0.043706381544363404,19.212132704127402,0.29137587696242295,0.0145687938481211,No (reported postion),cruise,2021-09-27 00:00:00
2021-09-27 01:00:00+00:00,10.018575,57.86776,9.6,932.771476669019,0.7636252240140889,0.807848847570427,0.0424236235563382,18.6494295333804,0.282824157042255,0.0141412078521128,No (reported postion),cruise,2021-09-27 01:00:00
2021-09-27 02:00:00+00:00,9.7234533333,57.8754666667,9.2,825.97127290451,0.675977640377562,0.715331953731871,0.037554313354309005,16.5134254580902,0.25036208902872703,0.012518104451436298,No (reported postion),cruise,2021-09-27 02:00:00
2021-09-27 03:00:00+00:00,9.4492183333,57.8848866667,9.2,825.97127290451,0.675977640377562,0.715331953731871,0.037554313354309005,16.5134254580902,0.25036208902872703,0.012518104451436298,No (reported postion),cruise,2021-09-27 03:00:00
2021-09-27 04:00:00+00:00,9.14828,57.8931733333,9.8,989.627921898812,0.8102855286099669,0.857101391310521,0.045015862700553695,19.7865584379762,0.30010575133702505,0.0150052875668512,No (reported postion),cruise,2021-09-27 04:00:00
2021-09-27 05:00:00+00:00,8.85582,57.9139666667,9.2,825.97127290451,0.675977640377562,0.715331953731871,0.037554313354309005,16.5134254580902,0.25036208902872703,0.012518104451436298,No (reported postion),cruise,2021-09-27 05:00:00
2021-09-27 06:00:00+00:00,8.5752516667,57.9275733333,9.1,800.6761167681079,0.655218697651639,0.693419736410063,0.036401038758424396,16.0075223353622,0.242673591722829,0.012133679586141501,No (reported postion),cruise,2021-09-27 06:00:00
2021-09-27 07:00:00+00:00,8.2690433333,57.9322266667,10.7,1009.6648399999999,0.8267291999999999,0.8744586000000001,0.0459294,20.1872968,0.306196,0.015309799999999998,No (reported postion),cruise,2021-09-27 07:00:00
2021-09-27 08:00:00+00:00,7.934295,57.9357066667,11.0,1009.6648399999999,0.8267291999999999,0.8744586000000001,0.0459294,20.1872968,0.306196,0.015309799999999998,No (reported postion),cruise,2021-09-27 08:00:00
2021-09-27 09:00:00+00:00,7.583355,57.93536,11.6,1009.6648399999999,0.8267291999999999,0.8744586000000001,0.0459294,20.1872968,0.306196,0.015309799999999998,No (reported postion),cruise,2021-09-27 09:00:00
2021-09-27 10:00:00+00:00,7.2198083333,57.9392466667,11.4,1009.6648399999999,0.8267291999999999,0.8744586000000001,0.0459294,20.1872968,0.306196,0.015309799999999998,No (reported postion),cruise,2021-09-27 10:00:00
2021-09-27 11:00:00+00:00,6.8740083333,58.0018533333,11.6,1009.6648399999999,0.8267291999999999,0.8744586000000001,0.0459294,20.1872968,0.306196,0.015309799999999998,No (reported postion),cruise,2021-09-27 11:00:00
2021-09-27 12:00:00+00:00,6.5519966667,58.086,12.0,1009.6648399999999,0.8267291999999999,0.8744586000000001,0.0459294,20.1872968,0.306196,0.015309799999999998,No (reported postion),cruise,2021-09-27 12:00:00
2021-09-27 13:00:00+00:00,6.28287,58.2082133333,10.6,1009.6648399999999,0.8267291999999999,0.8744586000000001,0.0459294,20.1872968,0.306196,0.015309799999999998,No (reported postion),cruise,2021-09-27 13:00:00
2021-09-27 14:00:00+00:00,6.036545,58.31604,9.0,744.0103624179969,0.608714887090758,0.644332380818022,0.0338174937272643,14.8742072483599,0.225449958181762,0.011272497909088101,No (reported postion),cruise,2021-09-27 14:00:00
2021-09-27 15:00:00+00:00,5.817295,58.4216533333,9.5,867.674820957655,0.710202436652179,0.7514581275773,0.039455690925120995,17.3474964191531,0.263037939500807,0.0131518969750403,No (reported postion),cruise,2021-09-27 15:00:00
2021-09-27 16:00:00+00:00,5.6078766667,58.5432866667,10.3,1009.6648399999999,0.8267291999999999,0.8744586000000001,0.0459294,20.1872968,0.306196,0.015309799999999998,No (reported postion),cruise,2021-09-27 16:00:00
2021-09-27 17:00:00+00:00,5.4529183333,58.7018066667,10.5,1009.6648399999999,0.8267291999999999,0.8744586000000001,0.0459294,20.1872968,0.306196,0.015309799999999998,No (reported postion),cruise,2021-09-27 17:00:00
2021-09-27 18:00:00+00:00,5.3339616667,58.86594,10.4,1009.6648399999999,0.8267291999999999,0.8744586000000001,0.0459294,20.1872968,0.306196,0.015309799999999998,No (reported postion),cruise,2021-09-27 18:00:00
2021-09-27 19:00:00+00:00,5.2151633333,59.0124866667,8.7,704.933794692404,0.576645971328113,0.610481858624119,0.0320358872960063,14.0926758938481,0.213572581973375,0.0106786290986688,No (reported postion),cruise,2021-09-27 19:00:00
2021-09-27 20:00:00+00:00,5.117,59.1428733333,8.1,553.70051420272,0.45253355268916196,0.47947430561633797,0.0251407529271757,11.0680102840544,0.167605019514505,0.00838025097572523,No (reported postion),cruise,2021-09-27 20:00:00
2021-09-27 21:00:00+00:00,5.0194583333,59.2692733333,7.9,516.70762199754,0.42217464419251,0.447428791092094,0.0234541468995839,10.3281524399508,0.15636097933055898,0.00781804896652797,No (reported postion),cruise,2021-09-27 21:00:00
2021-09-27 22:00:00+00:00,4.9645333333,59.4074933333,8.8,698.2263360462521,0.571141370007562,0.6046714461190931,0.031730076111531204,13.958526720924999,0.21153384074354198,0.0105766920371771,No (reported postion),cruise,2021-09-27 22:00:00
2021-09-27 23:00:00+00:00,4.959925,59.5469266667,8.6,682.327576999455,0.558093756200161,0.590898964877947,0.0310052086777867,13.640551539989099,0.206701391185245,0.0103350695592622,No (reported postion),cruise,2021-09-27 23:00:00
2021-09-28 00:00:00+00:00,4.9627,59.6880133333,8.7,676.100151444908,0.552983103009499,0.585504386510027,0.0307212835005277,13.516003028898199,0.204808556670185,0.010240427833509199,No (reported postion),cruise,2021-09-28 00:00:00
2021-09-28 01:00:00+00:00,4.9599566667,59.8356333333,9.0,744.0103624179969,0.608714887090758,0.644332380818022,0.0338174937272643,14.8742072483599,0.225449958181762,0.011272497909088101,No (reported postion),cruise,2021-09-28 01:00:00
2021-09-28 02:00:00+00:00,4.9547383333,59.9870533333,9.4,841.866879312195,0.689022666912743,0.729101703963451,0.038279037050707995,16.831337586243897,0.255193580338053,0.0127596790169027,No (reported postion),cruise,2021-09-28 02:00:00
2021-09-28 03:00:00+00:00,4.9833666667,60.1338933333,9.3,816.602242473872,0.668288770419288,0.70721592433147,0.037127153912182596,16.326044849477498,0.247514359414551,0.0123757179707275,No (reported postion),cruise,2021-09-28 03:00:00
2021-09-28 04:00:00+00:00,5.1588133333,60.24168,10.4,1009.6648399999999,0.8267291999999999,0.8744586000000001,0.0459294,20.1872968,0.306196,0.015309799999999998,No (reported postion),cruise,2021-09-28 04:00:00
2021-09-28 05:00:00+00:00,5.1953866667,60.38712,9.7,920.943738023485,0.753918569198605,0.797602934154083,0.041884364955477996,18.4128747604697,0.279229099703187,0.0139614549851593,No (reported postion),cruise,2021-09-28 05:00:00
2021-09-28 06:00:00+00:00,5.2875083333,60.5265,10.0,1005.06639563511,0.8229554006731931,0.870475145155037,0.045719744481844,20.095327912702302,0.304798296545627,0.0152399148272813,No (reported postion),cruise,2021-09-28 06:00:00
2021-09-28 07:00:00+00:00,5.529325,60.42654,8.3,592.566074041014,0.48442930088472297,0.513142039822763,0.0269127389380402,11.8453214808203,0.179418259586934,0.00897091297934672,No (reported postion),cruise,2021-09-28 07:00:00
2021-09-28 08:00:00+00:00,5.7363483333,60.4750133333,0.0,41.76,0.0324,0.036,0.0018,0.8292,0.012,0.0006,No (reported postion),anchor,2021-09-28 08:00:00
2021-09-28 09:00:00+00:00,5.7363666667,60.4749866667,0.0,41.76,0.0324,0.036,0.0018,0.8292,0.012,0.0006,No (reported postion),anchor,2021-09-28 09:00:00
2021-09-28 10:00:00+00:00,5.7363316667,60.4749866667,0.0,41.76,0.0324,0.036,0.0018,0.8292,0.012,0.0006,No (reported postion),anchor,2021-09-28 10:00:00
2021-09-28 11:00:00+00:00,5.73634,60.4750866667,0.1,41.760963306395595,0.0324076683873865,0.036000834475145196,0.00180020334841695,0.8292892021722359,0.0120021344995818,0.000600310073396042,No (reported postion),anchor,2021-09-28 11:00:00
2021-09-28 12:00:00+00:00,5.7363666667,60.4751133333,0.0,41.76,0.0324,0.036,0.0018,0.8292,0.012,0.0006,No (reported postion),anchor,2021-09-28 12:00:00
2021-09-28 13:00:00+00:00,5.7362733333,60.4750866667,0.0,41.76,0.0324,0.036,0.0018,0.8292,0.012,0.0006,No (reported postion),anchor,2021-09-28 13:00:00
2021-09-28 14:00:00+00:00,5.7365416667,60.47514,0.0,41.76,0.0324,0.036,0.0018,0.8292,0.012,0.0006,No (reported postion),anchor,2021-09-28 14:00:00
2021-09-28 15:00:00+00:00,5.73649,60.4751466667,0.0,41.76,0.0324,0.036,0.0018,0.8292,0.012,0.0006,No (reported postion),anchor,2021-09-28 15:00:00
2021-09-28 16:00:00+00:00,5.7363066667,60.4751066667,0.0,41.76,0.0324,0.036,0.0018,0.8292,0.012,0.0006,No (reported postion),anchor,2021-09-28 16:00:00
2021-09-28 17:00:00+00:00,5.7364866667,60.47514,0.0,41.76,0.0324,0.036,0.0018,0.8292,0.012,0.0006,No (reported postion),anchor,2021-09-28 17:00:00
2021-09-28 18:00:00+00:00,5.736405,60.4750733333,0.0,41.76,0.0324,0.036,0.0018,0.8292,0.012,0.0006,No (reported postion),anchor,2021-09-28 18:00:00
2021-09-28 19:00:00+00:00,5.73640933334,60.47507466664,0.0,41.76,0.0324,0.036,0.0018,0.8292,0.012,0.0006,Linear (small gap),anchor,2021-09-28 19:00:00
2021-09-28 20:00:00+00:00,5.73641366668,60.47507599998,0.0,41.76,0.0324,0.036,0.0018,0.8292,0.012,0.0006,Linear (small gap),anchor,2021-09-28 20:00:00
2021-09-28 21:00:00+00:00,5.73641800002,60.47507733332,0.0,41.76,0.0324,0.036,0.0018,0.8292,0.012,0.0006,Linear (small gap),anchor,2021-09-28 21:00:00
2021-09-28 22:00:00+00:00,5.73642233336,60.47507866666,0.0,41.76,0.0324,0.036,0.0018,0.8292,0.012,0.0006,Linear (small gap),anchor,2021-09-28 22:00:00
2021-09-28 23:00:00+00:00,5.7364266667,60.47508,0.0,41.76,0.0324,0.036,0.0018,0.8292,0.012,0.0006,No (reported postion),anchor,2021-09-28 23:00:00
2021-09-29 00:00:00+00:00,5.73640611113333,60.47508,0.0,41.76,0.0324,0.036,0.0018,0.8292,0.012,0.0006,Linear (small gap),anchor,2021-09-29 00:00:00
2021-09-29 01:00:00+00:00,5.73638555556667,60.47508,0.0,41.76,0.0324,0.036,0.0018,0.8292,0.012,0.0006,Linear (small gap),anchor,2021-09-29 01:00:00
2021-09-29 02:00:00+00:00,5.736365,60.47508,0.0,41.76,0.0324,0.036,0.0018,0.8292,0.012,0.0006,No (reported postion),anchor,2021-09-29 02:00:00
2021-09-29 03:00:00+00:00,5.73641666665,60.47507666665,0.0,41.76,0.0324,0.036,0.0018,0.8292,0.012,0.0006,Linear (small gap),anchor,2021-09-29 03:00:00
2021-09-29 04:00:00+00:00,5.7364683333,60.4750733333,0.0,41.76,0.0324,0.036,0.0018,0.8292,0.012,0.0006,No (reported postion),anchor,2021-09-29 04:00:00
2021-09-29 05:00:00+00:00,5.73645,60.4750666667,0.0,41.76,0.0324,0.036,0.0018,0.8292,0.012,0.0006,No (reported postion),anchor,2021-09-29 05:00:00
2021-09-29 06:00:00+00:00,5.7365066667,60.4750866667,0.0,41.76,0.0324,0.036,0.0018,0.8292,0.012,0.0006,No (reported postion),anchor,2021-09-29 06:00:00
2021-09-29 07:00:00+00:00,5.7363533333,60.475,0.0,41.76,0.0324,0.036,0.0018,0.8292,0.012,0.0006,No (reported postion),anchor,2021-09-29 07:00:00
2021-09-29 08:00:00+00:00,5.7363583333,60.4750066667,0.1,41.760963306395595,0.0324076683873865,0.036000834475145196,0.00180020334841695,0.8292892021722359,0.0120021344995818,0.000600310073396042,No (reported postion),anchor,2021-09-29 08:00:00
2021-09-29 09:00:00+00:00,5.73635,60.475,0.0,41.76,0.0324,0.036,0.0018,0.8292,0.012,0.0006,No (reported postion),anchor,2021-09-29 09:00:00
2021-09-29 10:00:00+00:00,5.638285,60.45674,11.4,1009.6648399999999,0.8267291999999999,0.8744586000000001,0.0459294,20.1872968,0.306196,0.015309799999999998,No (reported postion),cruise,2021-09-29 10:00:00
2021-09-29 11:00:00+00:00,5.3607533333,60.51568,11.9,1009.6648399999999,0.8267291999999999,0.8744586000000001,0.0459294,20.1872968,0.306196,0.015309799999999998,No (reported postion),cruise,2021-09-29 11:00:00
2021-09-29 12:00:00+00:00,5.26757,60.3955,2.4,55.076747613259805,0.13840778723139,0.0475357844066232,0.0046110885159297696,2.06233082898786,0.0415073222190468,0.004886454626882111,No (reported postion),anchor,2021-09-29 12:00:00
2021-09-29 13:00:00+00:00,5.26948,60.3942733333,0.0,41.76,0.0324,0.036,0.0018,0.8292,0.012,0.0006,No (reported postion),anchor,2021-09-29 13:00:00
2021-09-29 14:00:00+00:00,5.2694916667,60.39428,0.0,41.76,0.0324,0.036,0.0018,0.8292,0.012,0.0006,No (reported postion),anchor,2021-09-29 14:00:00
2021-09-29 15:00:00+00:00,5.2695033333,60.3942933333,0.2,41.7677064511651,0.0324613470990922,0.0360066758011612,0.00180162678733561,0.829913617377887,0.012017075996654499,0.000602480587168335,No (reported postion),anchor,2021-09-29 15:00:00
2021-09-29 16:00:00+00:00,5.2695066667,60.3943066667,0.1,41.760963306395595,0.0324076683873865,0.036000834475145196,0.00180020334841695,0.8292892021722359,0.0120021344995818,0.000600310073396042,No (reported postion),anchor,2021-09-29 16:00:00
2021-09-29 17:00:00+00:00,5.2694866667,60.3942933333,0.0,41.76,0.0324,0.036,0.0018,0.8292,0.012,0.0006,No (reported postion),anchor,2021-09-29 17:00:00
2021-09-29 18:00:00+00:00,5.269485,60.3943066667,0.1,41.760963306395595,0.0324076683873865,0.036000834475145196,0.00180020334841695,0.8292892021722359,0.0120021344995818,0.000600310073396042,No (reported postion),anchor,2021-09-29 18:00:00
2021-09-29 19:00:00+00:00,5.2695066667,60.3942733333,0.0,41.76,0.0324,0.036,0.0018,0.8292,0.012,0.0006,No (reported postion),anchor,2021-09-29 19:00:00
2021-09-29 20:00:00+00:00,5.269505,60.3942733333,0.0,41.76,0.0324,0.036,0.0018,0.8292,0.012,0.0006,No (reported postion),anchor,2021-09-29 20:00:00
2021-09-29 21:00:00+00:00,5.269505,60.3943133333,0.0,41.76,0.0324,0.036,0.0018,0.8292,0.012,0.0006,No (reported postion),anchor,2021-09-29 21:00:00
2021-09-29 22:00:00+00:00,5.269515,60.39428,0.0,41.76,0.0324,0.036,0.0018,0.8292,0.012,0.0006,No (reported postion),anchor,2021-09-29 22:00:00
2021-09-29 23:00:00+00:00,5.2695116667,60.3943066667,0.0,41.76,0.0324,0.036,0.0018,0.8292,0.012,0.0006,No (reported postion),anchor,2021-09-29 23:00:00
2021-09-30 00:00:00+00:00,5.2694966667,60.3943066667,0.0,41.76,0.0324,0.036,0.0018,0.8292,0.012,0.0006,No (reported postion),anchor,2021-09-30 00:00:00
2021-09-30 01:00:00+00:00,5.2695033333,60.3942933333,0.0,41.76,0.0324,0.036,0.0018,0.8292,0.012,0.0006,No (reported postion),anchor,2021-09-30 01:00:00
2021-09-30 02:00:00+00:00,5.269485,60.3942933333,0.0,41.76,0.0324,0.036,0.0018,0.8292,0.012,0.0006,No (reported postion),anchor,2021-09-30 02:00:00
2021-09-30 03:00:00+00:00,5.2694666667,60.3942733333,0.0,41.76,0.0324,0.036,0.0018,0.8292,0.012,0.0006,No (reported postion),anchor,2021-09-30 03:00:00
2021-09-30 04:00:00+00:00,5.2694833333,60.3943066667,0.0,41.76,0.0324,0.036,0.0018,0.8292,0.012,0.0006,No (reported postion),anchor,2021-09-30 04:00:00
2021-09-30 05:00:00+00:00,5.2694866667,60.39428,0.1,41.760963306395595,0.0324076683873865,0.036000834475145196,0.00180020334841695,0.8292892021722359,0.0120021344995818,0.000600310073396042,No (reported postion),anchor,2021-09-30 05:00:00
2021-09-30 06:00:00+00:00,5.2694783333,60.39428,0.0,41.76,0.0324,0.036,0.0018,0.8292,0.012,0.0006,No (reported postion),anchor,2021-09-30 06:00:00
2021-09-30 07:00:00+00:00,5.269485,60.39428,0.0,41.76,0.0324,0.036,0.0018,0.8292,0.012,0.0006,No (reported postion),anchor,2021-09-30 07:00:00
2021-09-30 08:00:00+00:00,5.2694916667,60.39428,0.0,41.76,0.0324,0.036,0.0018,0.8292,0.012,0.0006,No (reported postion),anchor,2021-09-30 08:00:00
2021-09-30 09:00:00+00:00,5.2223283333,60.3989333333,10.2,1009.6648399999999,0.8267291999999999,0.8744586000000001,0.0459294,20.1872968,0.306196,0.015309799999999998,No (reported postion),cruise,2021-09-30 09:00:00
2021-09-30 10:00:00+00:00,5.1552283333,60.25584,9.5,867.674820957655,0.710202436652179,0.7514581275773,0.039455690925120995,17.3474964191531,0.263037939500807,0.0131518969750403,No (reported postion),cruise,2021-09-30 10:00:00
2021-09-30 11:00:00+00:00,5.29075,60.1164333333,9.7,920.943738023485,0.753918569198605,0.797602934154083,0.041884364955477996,18.4128747604697,0.279229099703187,0.0139614549851593,No (reported postion),cruise,2021-09-30 11:00:00
2021-09-30 12:00:00+00:00,5.4035983333,59.9630533333,10.0,1005.06639563511,0.8229554006731931,0.870475145155037,0.045719744481844,20.095327912702302,0.304798296545627,0.0152399148272813,No (reported postion),cruise,2021-09-30 12:00:00
2021-09-30 13:00:00+00:00,5.5476,59.8263266667,9.6,894.031847248627,0.731832822969998,0.774290202023887,0.040657379053888804,17.874636944972497,0.271049193692592,0.0135524596846296,No (reported postion),cruise,2021-09-30 13:00:00
2021-09-30 14:00:00+00:00,5.3884133333,59.68404,10.6,1009.6648399999999,0.8267291999999999,0.8744586000000001,0.0459294,20.1872968,0.306196,0.015309799999999998,No (reported postion),cruise,2021-09-30 14:00:00
2021-09-30 15:00:00+00:00,5.20769,59.5359,10.0,1005.06639563511,0.8229554006731931,0.870475145155037,0.045719744481844,20.095327912702302,0.304798296545627,0.0152399148272813,No (reported postion),cruise,2021-09-30 15:00:00
2021-09-30 16:00:00+00:00,5.2830066667,59.3897133333,9.9,976.4552323783539,0.799475114717798,0.845690398868787,0.044415284150988804,19.5231046475671,0.296101894339925,0.014805094716996299,No (reported postion),cruise,2021-09-30 16:00:00
2021-09-30 17:00:00+00:00,5.33681,59.2289066667,9.8,948.4162731206029,0.776464418670404,0.821401330818759,0.0431369121483558,18.9623254624121,0.287579414322372,0.0143789707161186,No (reported postion),cruise,2021-09-30 17:00:00
2021-09-30 18:00:00+00:00,5.31829,59.07718,8.7,676.100151444908,0.552983103009499,0.585504386510027,0.0307212835005277,13.516003028898199,0.204808556670185,0.010240427833509199,No (reported postion),cruise,2021-09-30 18:00:00
2021-09-30 19:00:00+00:00,5.3221466667,58.9295466667,9.0,744.0103624179969,0.608714887090758,0.644332380818022,0.0338174937272643,14.8742072483599,0.225449958181762,0.011272497909088101,No (reported postion),cruise,2021-09-30 19:00:00
2021-09-30 20:00:00+00:00,5.336485,58.7778,8.9,720.86114642449,0.5897170502571799,0.624279108604801,0.0327620583476211,14.411222928489801,0.218413722317474,0.0109206861158737,No (reported postion),cruise,2021-09-30 20:00:00
2021-09-30 21:00:00+00:00,5.4312133333,58.6466466667,8.7,676.100151444908,0.552983103009499,0.585504386510027,0.0307212835005277,13.516003028898199,0.204808556670185,0.010240427833509199,No (reported postion),cruise,2021-09-30 21:00:00
2021-09-30 22:00:00+00:00,5.60421,58.5311266667,8.9,720.86114642449,0.5897170502571799,0.624279108604801,0.0327620583476211,14.411222928489801,0.218413722317474,0.0109206861158737,No (reported postion),cruise,2021-09-30 22:00:00
2021-09-30 23:00:00+00:00,5.7954016667,58.43956,7.6,464.628388330319,0.379434847565916,0.40231456131957705,0.021079713753661997,9.286567766606389,0.14053142502441301,0.00702657125122066,No (reported postion),cruise,2021-09-30 23:00:00
2021-10-01 00:00:00+00:00,5.975415,58.3565133333,8.0,534.9728745651779,0.437164365144675,0.46325127431937896,0.0242869091747041,10.6934574913036,0.161912727831361,0.00809563639156805,No (reported postion),cruise,2021-10-01 00:00:00
2021-10-01 01:00:00+00:00,6.15868,58.2666933333,7.1,386.537955368159,0.315348474010343,0.33466783367758396,0.0175193596672413,7.7247591073631705,0.116795731114942,0.00583978655574709,No (reported postion),cruise,2021-10-01 01:00:00
2021-10-01 02:00:00+00:00,6.3176516667,58.1888333333,6.9,372.59913075659,0.30390931703428403,0.322593167980633,0.0168838509463491,7.44598261513181,0.112559006308994,0.005627950315449701,No (reported postion),cruise,2021-10-01 02:00:00
2021-10-01 03:00:00+00:00,6.47966,58.11084,7.0,372.174093702844,0.303560502430905,0.32222497478817796,0.0168644723572725,7.43748187405687,0.11242981571515,0.0056214907857575,No (reported postion),cruise,2021-10-01 03:00:00
2021-10-01 04:00:00+00:00,6.6611083333,58.0336666667,8.1,553.70051420272,0.45253355268916196,0.47947430561633797,0.0251407529271757,11.0680102840544,0.167605019514505,0.00838025097572523,No (reported postion),cruise,2021-10-01 04:00:00
2021-10-01 05:00:00+00:00,6.8806583333,57.9724933333,8.0,534.9728745651779,0.437164365144675,0.46325127431937896,0.0242869091747041,10.6934574913036,0.161912727831361,0.00809563639156805,No (reported postion),cruise,2021-10-01 05:00:00
2021-10-01 06:00:00+00:00,7.1225333333,57.9269133333,8.7,676.100151444908,0.552983103009499,0.585504386510027,0.0307212835005277,13.516003028898199,0.204808556670185,0.010240427833509199,No (reported postion),cruise,2021-10-01 06:00:00
2021-10-01 07:00:00+00:00,7.3898116667,57.90626,8.5,633.350540219414,0.517899835438425,0.5484720485183371,0.0287722130799125,12.6610108043883,0.19181475386608302,0.009590737693304159,No (reported postion),cruise,2021-10-01 07:00:00
2021-10-01 08:00:00+00:00,7.6492816667,57.8817733333,8.6,682.327576999455,0.558093756200161,0.590898964877947,0.0310052086777867,13.640551539989099,0.206701391185245,0.0103350695592622,No (reported postion),cruise,2021-10-01 08:00:00
2021-10-01 09:00:00+00:00,7.8988883333,57.8556133333,8.2,597.038880782565,0.488099993347394,0.517016659644471,0.027116666297077402,11.9347776156513,0.18077777531384998,0.00903888876569248,No (reported postion),cruise,2021-10-01 09:00:00
2021-10-01 10:00:00+00:00,8.154065,57.8303066667,8.4,638.668079096628,0.522263773118814,0.55307842718097,0.0290146540621563,12.767361581932601,0.193431027081042,0.0096715513540521,No (reported postion),cruise,2021-10-01 10:00:00
2021-10-01 11:00:00+00:00,8.4273733333,57.8077533333,9.2,825.97127290451,0.675977640377562,0.715331953731871,0.037554313354309005,16.5134254580902,0.25036208902872703,0.012518104451436298,No (reported postion),cruise,2021-10-01 11:00:00
2021-10-01 12:00:00+00:00,8.7123233333,57.7979466667,9.3,851.822344404503,0.697192805438346,0.73772573907381,0.0387329336354637,17.0304468880901,0.258219557569758,0.0129109778784879,No (reported postion),cruise,2021-10-01 12:00:00
2021-10-01 13:00:00+00:00,8.993845,57.80114,9.0,775.930833436997,0.634911018322155,0.671983852673386,0.0352728343512309,15.5126166687399,0.235152229008206,0.0117576114504103,No (reported postion),cruise,2021-10-01 13:00:00
2021-10-01 14:00:00+00:00,9.2743116667,57.81078,9.6,932.771476669019,0.7636252240140889,0.807848847570427,0.0424236235563382,18.6494295333804,0.282824157042255,0.0141412078521128,No (reported postion),cruise,2021-10-01 14:00:00
2021-10-01 15:00:00+00:00,9.579265,57.8182666667,9.4,878.2353738263851,0.7188691517724131,0.760606326870881,0.0399371750984674,17.5587074765277,0.26624783398978297,0.0133123916994891,No (reported postion),cruise,2021-10-01 15:00:00
2021-10-01 16:00:00+00:00,9.8659616667,57.81376,9.3,851.822344404503,0.697192805438346,0.73772573907381,0.0387329336354637,17.0304468880901,0.258219557569758,0.0129109778784879,No (reported postion),cruise,2021-10-01 16:00:00
2021-10-01 17:00:00+00:00,10.1635916667,57.8068666667,9.6,932.771476669019,0.7636252240140889,0.807848847570427,0.0424236235563382,18.6494295333804,0.282824157042255,0.0141412078521128,No (reported postion),cruise,2021-10-01 17:00:00
2021-10-01 18:00:00+00:00,10.475825,57.78878,10.9,1009.6648399999999,0.8267291999999999,0.8744586000000001,0.0459294,20.1872968,0.306196,0.015309799999999998,No (reported postion),cruise,2021-10-01 18:00:00
2021-10-01 19:00:00+00:00,10.74023,57.7424266667,7.3,416.50256411078504,0.339939490303683,0.36062501754277704,0.018885527239093498,8.32405128221569,0.12590351492729002,0.00629517574636451,No (reported postion),cruise,2021-10-01 19:00:00
2021-10-01 20:00:00+00:00,10.7427016667,57.6163666667,8.2,597.038880782565,0.488099993347394,0.517016659644471,0.027116666297077402,11.9347776156513,0.18077777531384998,0.00903888876569248,No (reported postion),cruise,2021-10-01 20:00:00
2021-10-01 21:00:00+00:00,10.7222116667,57.4827333333,8.2,572.896320748541,0.468286950158377,0.49610289183384204,0.0260159416754654,11.4519264149708,0.173439611169769,0.00867198055848846,No (reported postion),cruise,2021-10-01 21:00:00
2021-10-01 22:00:00+00:00,10.7118866667,57.3449333333,7.9,538.296150270156,0.439891673473988,0.466130099778098,0.0244384263041104,10.759923005403099,0.16292284202740298,0.00814614210137015,No (reported postion),cruise,2021-10-01 22:00:00
2021-10-01 23:00:00+00:00,10.7105466667,57.2137533333,8.0,557.3916415908669,0.455562745378523,0.482671786788441,0.025309041409918,11.1418328318173,0.168726942732786,0.00843634713663932,No (reported postion),cruise,2021-10-01 23:00:00
2021-10-02 00:00:00+00:00,10.7826983333,57.0767,9.3,851.822344404503,0.697192805438346,0.73772573907381,0.0387329336354637,17.0304468880901,0.258219557569758,0.0129109778784879,No (reported postion),cruise,2021-10-02 00:00:00
2021-10-02 01:00:00+00:00,10.827535,56.9315733333,9.2,825.97127290451,0.675977640377562,0.715331953731871,0.037554313354309005,16.5134254580902,0.25036208902872703,0.012518104451436298,No (reported postion),cruise,2021-10-02 01:00:00
2021-10-02 02:00:00+00:00,10.7139016667,56.78944,9.6,932.771476669019,0.7636252240140889,0.807848847570427,0.0424236235563382,18.6494295333804,0.282824157042255,0.0141412078521128,No (reported postion),cruise,2021-10-02 02:00:00
2021-10-02 03:00:00+00:00,10.57183,56.6552266667,9.7,960.906635206371,0.786714867798541,0.832221249342905,0.043706381544363404,19.212132704127402,0.29137587696242295,0.0145687938481211,No (reported postion),cruise,2021-10-02 03:00:00
2021-10-02 04:00:00+00:00,10.33829,56.6035,8.1,553.70051420272,0.45253355268916196,0.47947430561633797,0.0251407529271757,11.0680102840544,0.167605019514505,0.00838025097572523,No (reported postion),cruise,2021-10-02 04:00:00
2021-10-02 05:00:00+00:00,10.23008,56.52936,5.6,210.932015975856,0.18650593674153199,0.182547187091547,0.009667270043861989,4.2803091259074595,0.06547686827200311,0.0034538136433617003,No (reported postion),cruise,2021-10-02 05:00:00
2021-10-02 06:00:00+00:00,10.1393266667,56.45934,5.4,193.446078282287,0.18676017935838898,0.16739979425669302,0.00906156757734355,4.01460764392804,0.0617936062446415,0.00350462703093742,No (reported postion),cruise,2021-10-02 06:00:00
2021-10-02 07:00:00+00:00,10.05755,56.46002,0.0,41.76,0.0324,0.036,0.0018,0.8292,0.012,0.0006,No (reported postion),anchor,2021-10-02 07:00:00
2021-10-02 08:00:00+00:00,10.05757,56.4600066667,0.1,41.760963306395595,0.0324076683873865,0.036000834475145196,0.00180020334841695,0.8292892021722359,0.0120021344995818,0.000600310073396042,No (reported postion),anchor,2021-10-02 08:00:00
2021-10-02 09:00:00+00:00,10.0575733333,56.4600333333,0.1,41.760963306395595,0.0324076683873865,0.036000834475145196,0.00180020334841695,0.8292892021722359,0.0120021344995818,0.000600310073396042,No (reported postion),anchor,2021-10-02 09:00:00
2021-10-02 10:00:00+00:00,10.0575383333,56.4600066667,0.0,41.76,0.0324,0.036,0.0018,0.8292,0.012,0.0006,No (reported postion),anchor,2021-10-02 10:00:00
2021-10-02 11:00:00+00:00,10.0575666667,56.4600066667,0.1,41.760963306395595,0.0324076683873865,0.036000834475145196,0.00180020334841695,0.8292892021722359,0.0120021344995818,0.000600310073396042,No (reported postion),anchor,2021-10-02 11:00:00
2021-10-02 12:00:00+00:00,10.05756,56.46002,0.1,41.760963306395595,0.0324076683873865,0.036000834475145196,0.00180020334841695,0.8292892021722359,0.0120021344995818,0.000600310073396042,No (reported postion),anchor,2021-10-02 12:00:00
2021-10-02 13:00:00+00:00,10.0575666667,56.4600066667,0.0,41.76,0.0324,0.036,0.0018,0.8292,0.012,0.0006,No (reported postion),anchor,2021-10-02 13:00:00
2021-10-02 14:00:00+00:00,10.05756,56.4600066667,0.0,41.76,0.0324,0.036,0.0018,0.8292,0.012,0.0006,No (reported postion),anchor,2021-10-02 14:00:00
2021-10-02 15:00:00+00:00,10.1686283333,56.4675266667,8.0,534.9728745651779,0.437164365144675,0.46325127431937896,0.0242869091747041,10.6934574913036,0.161912727831361,0.00809563639156805,No (reported postion),cruise,2021-10-02 15:00:00
2021-10-02 16:00:00+00:00,10.2491966667,56.5636466667,7.7,481.54115871848495,0.393314628735535,0.416965441443065,0.0218508127075297,9.6248231743697,0.145672084716865,0.00728360423584324,No (reported postion),cruise,2021-10-02 16:00:00
2021-10-02 17:00:00+00:00,10.4645116667,56.61376,10.8,1009.6648399999999,0.8267291999999999,0.8744586000000001,0.0459294,20.1872968,0.306196,0.015309799999999998,No (reported postion),cruise,2021-10-02 17:00:00
2021-10-02 18:00:00+00:00,10.6412283333,56.7582933333,11.1,1009.6648399999999,0.8267291999999999,0.8744586000000001,0.0459294,20.1872968,0.306196,0.015309799999999998,No (reported postion),cruise,2021-10-02 18:00:00
2021-10-02 19:00:00+00:00,10.7434316667,56.92932,11.3,1009.6648399999999,0.8267291999999999,0.8744586000000001,0.0459294,20.1872968,0.306196,0.015309799999999998,No (reported postion),cruise,2021-10-02 19:00:00
2021-10-02 20:00:00+00:00,10.7483216667,57.1232066667,11.9,1009.6648399999999,0.8267291999999999,0.8744586000000001,0.0459294,20.1872968,0.306196,0.015309799999999998,No (reported postion),cruise,2021-10-02 20:00:00
2021-10-02 21:00:00+00:00,10.7532033333,57.32656,12.9,1009.6648399999999,0.8267291999999999,0.8744586000000001,0.0459294,20.1872968,0.306196,0.015309799999999998,No (reported postion),cruise,2021-10-02 21:00:00
2021-10-02 22:00:00+00:00,10.7674616667,57.5244,11.8,1009.6648399999999,0.8267291999999999,0.8744586000000001,0.0459294,20.1872968,0.306196,0.015309799999999998,No (reported postion),cruise,2021-10-02 22:00:00
2021-10-02 23:00:00+00:00,10.79049,57.7220466667,12.0,1009.6648399999999,0.8267291999999999,0.8744586000000001,0.0459294,20.1872968,0.306196,0.015309799999999998,No (reported postion),cruise,2021-10-02 23:00:00
2021-10-03 00:00:00+00:00,10.69013,57.90056,11.2,1009.6648399999999,0.8267291999999999,0.8744586000000001,0.0459294,20.1872968,0.306196,0.015309799999999998,No (reported postion),cruise,2021-10-03 00:00:00
2021-10-03 01:00:00+00:00,10.547355,58.0590333333,10.4,1009.6648399999999,0.8267291999999999,0.8744586000000001,0.0459294,20.1872968,0.306196,0.015309799999999998,No (reported postion),cruise,2021-10-03 01:00:00
2021-10-03 02:00:00+00:00,10.4149733333,58.21592,10.7,1009.6648399999999,0.8267291999999999,0.8744586000000001,0.0459294,20.1872968,0.306196,0.015309799999999998,No (reported postion),cruise,2021-10-03 02:00:00
2021-10-03 03:00:00+00:00,10.2841166667,58.3750133333,10.7,1009.6648399999999,0.8267291999999999,0.8744586000000001,0.0459294,20.1872968,0.306196,0.015309799999999998,No (reported postion),cruise,2021-10-03 03:00:00
2021-10-03 04:00:00+00:00,10.1375983333,58.54572,11.9,1009.6648399999999,0.8267291999999999,0.8744586000000001,0.0459294,20.1872968,0.306196,0.015309799999999998,No (reported postion),cruise,2021-10-03 04:00:00
2021-10-03 05:00:00+00:00,9.9893616667,58.7305066667,11.8,1009.6648399999999,0.8267291999999999,0.8744586000000001,0.0459294,20.1872968,0.306196,0.015309799999999998,No (reported postion),cruise,2021-10-03 05:00:00
2021-10-03 06:00:00+00:00,9.8320316667,58.9007666667,11.2,1009.6648399999999,0.8267291999999999,0.8744586000000001,0.0459294,20.1872968,0.306196,0.015309799999999998,No (reported postion),cruise,2021-10-03 06:00:00
2021-10-03 07:00:00+00:00,9.7209866667,59.04802,4.8,148.29398090607802,0.18889809413953698,0.128286275252986,0.0074828916866312295,3.32209515320223,0.054095493975046205,0.00377335262273425,No (reported postion),cruise,2021-10-03 07:00:00
2021-10-03 08:00:00+00:00,9.6240083333,59.1315933333,1.5,45.011159085268496,0.0582808074295387,0.0388163536148982,0.00248630090720942,1.13025733129586,0.0192039360886345,0.00164649771164114,No (reported postion),anchor,2021-10-03 08:00:00
2021-10-03 09:00:00+00:00,9.6263166667,59.13164,0.0,41.76,0.0324,0.036,0.0018,0.8292,0.012,0.0006,No (reported postion),anchor,2021-10-03 09:00:00
2021-10-03 10:00:00+00:00,9.6262866667,59.13164,0.0,41.76,0.0324,0.036,0.0018,0.8292,0.012,0.0006,No (reported postion),anchor,2021-10-03 10:00:00
2021-10-03 11:00:00+00:00,9.6263066667,59.1316266667,0.0,41.76,0.0324,0.036,0.0018,0.8292,0.012,0.0006,No (reported postion),anchor,2021-10-03 11:00:00
2021-10-03 12:00:00+00:00,9.62632,59.13164,0.2,41.7677064511651,0.0324613470990922,0.0360066758011612,0.00180162678733561,0.829913617377887,0.012017075996654499,0.000602480587168335,No (reported postion),anchor,2021-10-03 12:00:00
2021-10-03 13:00:00+00:00,9.6263083333,59.1316266667,0.0,41.76,0.0324,0.036,0.0018,0.8292,0.012,0.0006,No (reported postion),anchor,2021-10-03 13:00:00
2021-10-03 14:00:00+00:00,9.6262866667,59.1316266667,0.0,41.76,0.0324,0.036,0.0018,0.8292,0.012,0.0006,No (reported postion),anchor,2021-10-03 14:00:00
2021-10-03 15:00:00+00:00,9.6265883333,59.13182,0.0,41.76,0.0324,0.036,0.0018,0.8292,0.012,0.0006,No (reported postion),anchor,2021-10-03 15:00:00
2021-10-03 16:00:00+00:00,9.6265883333,59.1318133333,0.0,41.76,0.0324,0.036,0.0018,0.8292,0.012,0.0006,No (reported postion),anchor,2021-10-03 16:00:00
2021-10-03 17:00:00+00:00,9.626575,59.1318133333,0.0,41.76,0.0324,0.036,0.0018,0.8292,0.012,0.0006,No (reported postion),anchor,2021-10-03 17:00:00
2021-10-03 18:00:00+00:00,9.6265116667,59.1317533333,0.1,41.760963306395595,0.0324076683873865,0.036000834475145196,0.00180020334841695,0.8292892021722359,0.0120021344995818,0.000600310073396042,No (reported postion),anchor,2021-10-03 18:00:00
2021-10-03 19:00:00+00:00,9.63968,59.0755866667,10.5,1009.6648399999999,0.8267291999999999,0.8744586000000001,0.0459294,20.1872968,0.306196,0.015309799999999998,No (reported postion),cruise,2021-10-03 19:00:00
2021-10-03 20:00:00+00:00,9.8065716667,58.94882,9.4,841.866879312195,0.689022666912743,0.729101703963451,0.038279037050707995,16.831337586243897,0.255193580338053,0.0127596790169027,No (reported postion),cruise,2021-10-03 20:00:00
2021-10-03 21:00:00+00:00,9.8880016667,58.80762,8.3,617.602713770151,0.504976087288574,0.534830314360162,0.028054227071587397,12.346054275402999,0.18702818047725,0.00935140902386248,No (reported postion),cruise,2021-10-03 21:00:00
2021-10-03 22:00:00+00:00,9.9967183333,58.6833333333,8.3,617.602713770151,0.504976087288574,0.534830314360162,0.028054227071587397,12.346054275402999,0.18702818047725,0.00935140902386248,No (reported postion),cruise,2021-10-03 22:00:00
2021-10-03 23:00:00+00:00,10.120095,58.5590733333,9.0,775.930833436997,0.634911018322155,0.671983852673386,0.0352728343512309,15.5126166687399,0.235152229008206,0.0117576114504103,No (reported postion),cruise,2021-10-03 23:00:00
2021-10-04 00:00:00+00:00,10.2456483333,58.4235533333,9.1,800.6761167681079,0.655218697651639,0.693419736410063,0.036401038758424396,16.0075223353622,0.242673591722829,0.012133679586141501,No (reported postion),cruise,2021-10-04 00:00:00
2021-10-04 01:00:00+00:00,10.3636333333,58.2841333333,9.7,960.906635206371,0.786714867798541,0.832221249342905,0.043706381544363404,19.212132704127402,0.29137587696242295,0.0145687938481211,No (reported postion),cruise,2021-10-04 01:00:00
2021-10-04 02:00:00+00:00,10.4799183333,58.1365333333,9.5,905.2164037284571,0.7410116383181871,0.7839789515580861,0.0411673132398993,18.0983280745691,0.27444875493266196,0.0137224377466331,No (reported postion),cruise,2021-10-04 02:00:00
2021-10-04 03:00:00+00:00,10.5907916667,57.98222,9.7,960.906635206371,0.786714867798541,0.832221249342905,0.043706381544363404,19.212132704127402,0.29137587696242295,0.0145687938481211,No (reported postion),cruise,2021-10-04 03:00:00
2021-10-04 04:00:00+00:00,10.7189933333,57.8323133333,9.7,960.906635206371,0.786714867798541,0.832221249342905,0.043706381544363404,19.212132704127402,0.29137587696242295,0.0145687938481211,No (reported postion),cruise,2021-10-04 04:00:00
2021-10-04 05:00:00+00:00,10.7593666667,57.6826266667,8.3,617.602713770151,0.504976087288574,0.534830314360162,0.028054227071587397,12.346054275402999,0.18702818047725,0.00935140902386248,No (reported postion),cruise,2021-10-04 05:00:00
2021-10-04 06:00:00+00:00,10.74907,57.54048,8.7,704.933794692404,0.576645971328113,0.610481858624119,0.0320358872960063,14.0926758938481,0.213572581973375,0.0106786290986688,No (reported postion),cruise,2021-10-04 06:00:00
2021-10-04 07:00:00+00:00,10.72694,57.4003,8.8,728.065714957445,0.595629614098815,0.630520148215416,0.0330905341166008,14.5553142991489,0.220603560777339,0.011030178038866901,No (reported postion),cruise,2021-10-04 07:00:00
2021-10-04 08:00:00+00:00,10.7163633333,57.25324,8.7,676.100151444908,0.552983103009499,0.585504386510027,0.0307212835005277,13.516003028898199,0.204808556670185,0.010240427833509199,No (reported postion),cruise,2021-10-04 08:00:00
2021-10-04 09:00:00+00:00,10.76504,57.1121066667,9.1,800.6761167681079,0.655218697651639,0.693419736410063,0.036401038758424396,16.0075223353622,0.242673591722829,0.012133679586141501,No (reported postion),cruise,2021-10-04 09:00:00
2021-10-04 10:00:00+00:00,10.855905,56.9669733333,9.6,932.771476669019,0.7636252240140889,0.807848847570427,0.0424236235563382,18.6494295333804,0.282824157042255,0.0141412078521128,No (reported postion),cruise,2021-10-04 10:00:00
2021-10-04 11:00:00+00:00,10.9322166667,56.8124933333,9.6,932.771476669019,0.7636252240140889,0.807848847570427,0.0424236235563382,18.6494295333804,0.282824157042255,0.0141412078521128,No (reported postion),cruise,2021-10-04 11:00:00
2021-10-04 12:00:00+00:00,11.0086266667,56.66374,8.9,751.729380352875,0.615049643450688,0.6510190680868371,0.034169424636149304,15.0285876070575,0.227796164240996,0.0113898082120498,No (reported postion),cruise,2021-10-04 12:00:00
2021-10-04 13:00:00+00:00,11.119855,56.5308266667,8.1,576.970537575571,0.471630532356851,0.499632228598899,0.026201696242047302,11.533410751511399,0.174677974946982,0.0087338987473491,No (reported postion),cruise,2021-10-04 13:00:00
2021-10-04 14:00:00+00:00,11.269805,56.4134533333,9.1,800.6761167681079,0.655218697651639,0.693419736410063,0.036401038758424396,16.0075223353622,0.242673591722829,0.012133679586141501,No (reported postion),cruise,2021-10-04 14:00:00
2021-10-04 15:00:00+00:00,11.4428483333,56.2919933333,9.6,932.771476669019,0.7636252240140889,0.807848847570427,0.0424236235563382,18.6494295333804,0.282824157042255,0.0141412078521128,No (reported postion),cruise,2021-10-04 15:00:00
2021-10-04 16:00:00+00:00,11.62316,56.16594,9.6,894.031847248627,0.731832822969998,0.774290202023887,0.040657379053888804,17.874636944972497,0.271049193692592,0.0135524596846296,No (reported postion),cruise,2021-10-04 16:00:00
2021-10-04 17:00:00+00:00,11.7918566667,56.0396066667,9.8,948.4162731206029,0.776464418670404,0.821401330818759,0.0431369121483558,18.9623254624121,0.287579414322372,0.0143789707161186,No (reported postion),cruise,2021-10-04 17:00:00
2021-10-04 18:00:00+00:00,11.840535,55.9612533333,0.1,41.760963306395595,0.0324076683873865,0.036000834475145196,0.00180020334841695,0.8292892021722359,0.0120021344995818,0.000600310073396042,No (reported postion),anchor,2021-10-04 18:00:00
2021-10-04 19:00:00+00:00,11.84052,55.9612533333,0.0,41.76,0.0324,0.036,0.0018,0.8292,0.012,0.0006,No (reported postion),anchor,2021-10-04 19:00:00
2021-10-04 20:00:00+00:00,11.8405183333,55.9612533333,0.0,41.76,0.0324,0.036,0.0018,0.8292,0.012,0.0006,No (reported postion),anchor,2021-10-04 20:00:00
2021-10-04 21:00:00+00:00,11.8405066667,55.9612533333,0.0,41.76,0.0324,0.036,0.0018,0.8292,0.012,0.0006,No (reported postion),anchor,2021-10-04 21:00:00
2021-10-04 22:00:00+00:00,11.8405233333,55.9612533333,0.0,41.76,0.0324,0.036,0.0018,0.8292,0.012,0.0006,No (reported postion),anchor,2021-10-04 22:00:00
2021-10-04 23:00:00+00:00,11.8405183333,55.9612533333,0.0,41.76,0.0324,0.036,0.0018,0.8292,0.012,0.0006,No (reported postion),anchor,2021-10-04 23:00:00
2021-10-05 00:00:00+00:00,11.8403583333,55.9617866667,0.0,41.76,0.0324,0.036,0.0018,0.8292,0.012,0.0006,No (reported postion),anchor,2021-10-05 00:00:00
2021-10-05 01:00:00+00:00,11.8403783333,55.9617866667,0.0,41.76,0.0324,0.036,0.0018,0.8292,0.012,0.0006,No (reported postion),anchor,2021-10-05 01:00:00
2021-10-05 02:00:00+00:00,11.8403883333,55.9617866667,0.1,41.760963306395595,0.0324076683873865,0.036000834475145196,0.00180020334841695,0.8292892021722359,0.0120021344995818,0.000600310073396042,No (reported postion),anchor,2021-10-05 02:00:00
2021-10-05 03:00:00+00:00,11.8403766667,55.9617933333,0.0,41.76,0.0324,0.036,0.0018,0.8292,0.012,0.0006,No (reported postion),anchor,2021-10-05 03:00:00
2021-10-05 04:00:00+00:00,11.84036,55.9617666667,0.0,41.76,0.0324,0.036,0.0018,0.8292,0.012,0.0006,No (reported postion),anchor,2021-10-05 04:00:00
2021-10-05 05:00:00+00:00,11.8403683333,55.9617866667,0.0,41.76,0.0324,0.036,0.0018,0.8292,0.012,0.0006,No (reported postion),anchor,2021-10-05 05:00:00
2021-10-05 06:00:00+00:00,11.8403766667,55.96176,0.0,41.76,0.0324,0.036,0.0018,0.8292,0.012,0.0006,No (reported postion),anchor,2021-10-05 06:00:00
2021-10-05 07:00:00+00:00,11.8403766667,55.9617333333,0.1,41.760963306395595,0.0324076683873865,0.036000834475145196,0.00180020334841695,0.8292892021722359,0.0120021344995818,0.000600310073396042,No (reported postion),anchor,2021-10-05 07:00:00
2021-10-05 08:00:00+00:00,11.8403583333,55.9617333333,0.0,41.76,0.0324,0.036,0.0018,0.8292,0.012,0.0006,No (reported postion),anchor,2021-10-05 08:00:00
2021-10-05 09:00:00+00:00,11.8403816667,55.9617333333,0.0,41.76,0.0324,0.036,0.0018,0.8292,0.012,0.0006,No (reported postion),anchor,2021-10-05 09:00:00
2021-10-05 10:00:00+00:00,11.8550633333,56.0032,11.3,1009.6648399999999,0.8267291999999999,0.8744586000000001,0.0459294,20.1872968,0.306196,0.015309799999999998,No (reported postion),cruise,2021-10-05 10:00:00
2021-10-05 11:00:00+00:00,11.8923633333,56.18544,10.7,1009.6648399999999,0.8267291999999999,0.8744586000000001,0.0459294,20.1872968,0.306196,0.015309799999999998,No (reported postion),cruise,2021-10-05 11:00:00
2021-10-05 12:00:00+00:00,11.935145,56.3677666667,11.5,1009.6648399999999,0.8267291999999999,0.8744586000000001,0.0459294,20.1872968,0.306196,0.015309799999999998,No (reported postion),cruise,2021-10-05 12:00:00
2021-10-05 13:00:00+00:00,11.97246,56.5581933333,11.2,1009.6648399999999,0.8267291999999999,0.8744586000000001,0.0459294,20.1872968,0.306196,0.015309799999999998,No (reported postion),cruise,2021-10-05 13:00:00
2021-10-05 14:00:00+00:00,11.962845,56.7484066667,11.5,1009.6648399999999,0.8267291999999999,0.8744586000000001,0.0459294,20.1872968,0.306196,0.015309799999999998,No (reported postion),cruise,2021-10-05 14:00:00
2021-10-05 15:00:00+00:00,11.8668933333,56.92754,11.1,1009.6648399999999,0.8267291999999999,0.8744586000000001,0.0459294,20.1872968,0.306196,0.015309799999999998,No (reported postion),cruise,2021-10-05 15:00:00
2021-10-05 16:00:00+00:00,11.7381283333,57.0998666667,11.3,1009.6648399999999,0.8267291999999999,0.8744586000000001,0.0459294,20.1872968,0.306196,0.015309799999999998,No (reported postion),cruise,2021-10-05 16:00:00
2021-10-05 17:00:00+00:00,11.6193266667,57.27044,11.4,1009.6648399999999,0.8267291999999999,0.8744586000000001,0.0459294,20.1872968,0.306196,0.015309799999999998,No (reported postion),cruise,2021-10-05 17:00:00
2021-10-05 18:00:00+00:00,11.53386,57.4502666667,10.6,1009.6648399999999,0.8267291999999999,0.8744586000000001,0.0459294,20.1872968,0.306196,0.015309799999999998,No (reported postion),cruise,2021-10-05 18:00:00
2021-10-05 19:00:00+00:00,11.409825,57.61308,10.1,1009.6648399999999,0.8267291999999999,0.8744586000000001,0.0459294,20.1872968,0.306196,0.015309799999999998,No (reported postion),cruise,2021-10-05 19:00:00
2021-10-05 20:00:00+00:00,11.32078,57.78882,11.2,1009.6648399999999,0.8267291999999999,0.8744586000000001,0.0459294,20.1872968,0.306196,0.015309799999999998,No (reported postion),cruise,2021-10-05 20:00:00
2021-10-05 21:00:00+00:00,11.226495,57.96312,11.7,1009.6648399999999,0.8267291999999999,0.8744586000000001,0.0459294,20.1872968,0.306196,0.015309799999999998,No (reported postion),cruise,2021-10-05 21:00:00
2021-10-05 22:00:00+00:00,11.1325266667,58.16218,13.1,1009.6648399999999,0.8267291999999999,0.8744586000000001,0.0459294,20.1872968,0.306196,0.015309799999999998,No (reported postion),cruise,2021-10-05 22:00:00
2021-10-05 23:00:00+00:00,11.0210316667,58.3696533333,12.9,1009.6648399999999,0.8267291999999999,0.8744586000000001,0.0459294,20.1872968,0.306196,0.015309799999999998,No (reported postion),cruise,2021-10-05 23:00:00
2021-10-06 00:00:00+00:00,10.9543,58.5700466667,11.2,1009.6648399999999,0.8267291999999999,0.8744586000000001,0.0459294,20.1872968,0.306196,0.015309799999999998,No (reported postion),cruise,2021-10-06 00:00:00
2021-10-06 01:00:00+00:00,11.0371216667,58.7346266667,10.5,1009.6648399999999,0.8267291999999999,0.8744586000000001,0.0459294,20.1872968,0.306196,0.015309799999999998,No (reported postion),cruise,2021-10-06 01:00:00
2021-10-06 02:00:00+00:00,11.069775,58.9134466667,10.6,1009.6648399999999,0.8267291999999999,0.8744586000000001,0.0459294,20.1872968,0.306196,0.015309799999999998,No (reported postion),cruise,2021-10-06 02:00:00
2021-10-06 03:00:00+00:00,10.9676283333,59.0591866667,9.3,816.602242473872,0.668288770419288,0.70721592433147,0.037127153912182596,16.326044849477498,0.247514359414551,0.0123757179707275,No (reported postion),cruise,2021-10-06 03:00:00
2021-10-06 04:00:00+00:00,10.9463083333,59.1997866667,6.0,249.834181457184,0.20315996654541,0.216246631353488,0.011286664808078299,4.990683629143691,0.0752444320538554,0.0037622216026927703,No (reported postion),cruise,2021-10-06 04:00:00
2021-10-06 05:00:00+00:00,11.0721916667,59.2668733333,3.6,86.7040231947518,0.176248195817853,0.0749332723723534,0.0055498888653372005,2.47415124892792,0.045332345469664,0.00443185364927899,No (reported postion),cruise,2021-10-06 05:00:00
2021-10-06 06:00:00+00:00,11.0835466667,59.2680333333,0.0,41.76,0.0324,0.036,0.0018,0.8292,0.012,0.0006,No (reported postion),anchor,2021-10-06 06:00:00
2021-10-06 07:00:00+00:00,11.083575,59.26802,0.0,41.76,0.0324,0.036,0.0018,0.8292,0.012,0.0006,No (reported postion),anchor,2021-10-06 07:00:00
2021-10-06 08:00:00+00:00,11.083545,59.2680533333,0.0,41.76,0.0324,0.036,0.0018,0.8292,0.012,0.0006,No (reported postion),anchor,2021-10-06 08:00:00
2021-10-06 09:00:00+00:00,11.083565,59.26804,0.0,41.76,0.0324,0.036,0.0018,0.8292,0.012,0.0006,No (reported postion),anchor,2021-10-06 09:00:00
2021-10-06 10:00:00+00:00,11.0835483333,59.2680333333,0.0,41.76,0.0324,0.036,0.0018,0.8292,0.012,0.0006,No (reported postion),anchor,2021-10-06 10:00:00
2021-10-06 11:00:00+00:00,11.0835633333,59.2680533333,0.0,41.76,0.0324,0.036,0.0018,0.8292,0.012,0.0006,No (reported postion),anchor,2021-10-06 11:00:00
2021-10-06 12:00:00+00:00,11.0835783333,59.2680666667,0.0,41.76,0.0324,0.036,0.0018,0.8292,0.012,0.0006,No (reported postion),anchor,2021-10-06 12:00:00
2021-10-06 13:00:00+00:00,11.08354,59.2680066667,0.0,41.76,0.0324,0.036,0.0018,0.8292,0.012,0.0006,No (reported postion),anchor,2021-10-06 13:00:00
2021-10-06 14:00:00+00:00,11.0835483333,59.26804,0.0,41.76,0.0324,0.036,0.0018,0.8292,0.012,0.0006,No (reported postion),anchor,2021-10-06 14:00:00
2021-10-06 15:00:00+00:00,11.0835666667,59.2680533333,0.0,41.76,0.0324,0.036,0.0018,0.8292,0.012,0.0006,No (reported postion),anchor,2021-10-06 15:00:00
2021-10-06 16:00:00+00:00,11.083575,59.2680333333,0.0,41.76,0.0324,0.036,0.0018,0.8292,0.012,0.0006,No (reported postion),anchor,2021-10-06 16:00:00
2021-10-06 17:00:00+00:00,11.083555,59.2680333333,0.0,41.76,0.0324,0.036,0.0018,0.8292,0.012,0.0006,No (reported postion),anchor,2021-10-06 17:00:00
2021-10-06 18:00:00+00:00,11.083545,59.2680666667,0.0,41.76,0.0324,0.036,0.0018,0.8292,0.012,0.0006,No (reported postion),anchor,2021-10-06 18:00:00
2021-10-06 19:00:00+00:00,11.0835866667,59.2681,0.0,41.76,0.0324,0.036,0.0018,0.8292,0.012,0.0006,No (reported postion),anchor,2021-10-06 19:00:00
2021-10-06 20:00:00+00:00,10.9594933333,59.2101533333,7.1,386.537955368159,0.315348474010343,0.33466783367758396,0.0175193596672413,7.7247591073631705,0.116795731114942,0.00583978655574709,No (reported postion),cruise,2021-10-06 20:00:00
2021-10-06 21:00:00+00:00,10.97245,59.08074,10.3,1009.6648399999999,0.8267291999999999,0.8744586000000001,0.0459294,20.1872968,0.306196,0.015309799999999998,No (reported postion),cruise,2021-10-06 21:00:00
2021-10-06 22:00:00+00:00,10.7699133333,59.02704,9.2,791.875130604314,0.6479960038394069,0.685795781830485,0.035999777991078195,15.8315026120863,0.239998519940521,0.0119999259970261,No (reported postion),cruise,2021-10-06 22:00:00
2021-10-06 23:00:00+00:00,10.4994683333,58.9595733333,9.2,825.97127290451,0.675977640377562,0.715331953731871,0.037554313354309005,16.5134254580902,0.25036208902872703,0.012518104451436298,No (reported postion),cruise,2021-10-06 23:00:00
2021-10-07 00:00:00+00:00,10.2200816667,58.8854133333,10.8,1009.6648399999999,0.8267291999999999,0.8744586000000001,0.0459294,20.1872968,0.306196,0.015309799999999998,No (reported postion),cruise,2021-10-07 00:00:00
2021-10-07 01:00:00+00:00,9.9202066667,58.79956,10.8,1009.6648399999999,0.8267291999999999,0.8744586000000001,0.0459294,20.1872968,0.306196,0.015309799999999998,No (reported postion),cruise,2021-10-07 01:00:00
2021-10-07 02:00:00+00:00,9.6328316667,58.6981066667,10.7,1009.6648399999999,0.8267291999999999,0.8744586000000001,0.0459294,20.1872968,0.306196,0.015309799999999998,No (reported postion),cruise,2021-10-07 02:00:00
2021-10-07 03:00:00+00:00,9.40117,58.57346,10.7,1009.6648399999999,0.8267291999999999,0.8744586000000001,0.0459294,20.1872968,0.306196,0.015309799999999998,No (reported postion),cruise,2021-10-07 03:00:00
2021-10-07 04:00:00+00:00,9.16792,58.4385933333,11.2,1009.6648399999999,0.8267291999999999,0.8744586000000001,0.0459294,20.1872968,0.306196,0.015309799999999998,No (reported postion),cruise,2021-10-07 04:00:00
2021-10-07 05:00:00+00:00,8.9058666667,58.3172933333,11.0,1009.6648399999999,0.8267291999999999,0.8744586000000001,0.0459294,20.1872968,0.306196,0.015309799999999998,No (reported postion),cruise,2021-10-07 05:00:00
2021-10-07 06:00:00+00:00,8.62258,58.2014066667,11.5,1009.6648399999999,0.8267291999999999,0.8744586000000001,0.0459294,20.1872968,0.306196,0.015309799999999998,No (reported postion),cruise,2021-10-07 06:00:00
2021-10-07 07:00:00+00:00,8.3294166667,58.0897933333,11.6,1009.6648399999999,0.8267291999999999,0.8744586000000001,0.0459294,20.1872968,0.306196,0.015309799999999998,No (reported postion),cruise,2021-10-07 07:00:00
2021-10-07 08:00:00+00:00,8.007825,58.0129666667,10.9,1009.6648399999999,0.8267291999999999,0.8744586000000001,0.0459294,20.1872968,0.306196,0.015309799999999998,No (reported postion),cruise,2021-10-07 08:00:00
2021-10-07 09:00:00+00:00,7.6806383333,57.9507066667,11.0,1009.6648399999999,0.8267291999999999,0.8744586000000001,0.0459294,20.1872968,0.306196,0.015309799999999998,No (reported postion),cruise,2021-10-07 09:00:00
2021-10-07 10:00:00+00:00,7.34564,57.9305066667,10.6,1009.6648399999999,0.8267291999999999,0.8744586000000001,0.0459294,20.1872968,0.306196,0.015309799999999998,No (reported postion),cruise,2021-10-07 10:00:00
2021-10-07 11:00:00+00:00,7.02993,57.93296,10.0,1005.06639563511,0.8229554006731931,0.870475145155037,0.045719744481844,20.095327912702302,0.304798296545627,0.0152399148272813,No (reported postion),cruise,2021-10-07 11:00:00
2021-10-07 12:00:00+00:00,6.750465,58.0003,9.4,841.866879312195,0.689022666912743,0.729101703963451,0.038279037050707995,16.831337586243897,0.255193580338053,0.0127596790169027,No (reported postion),cruise,2021-10-07 12:00:00
2021-10-07 13:00:00+00:00,6.4623583333,58.0739733333,10.8,1009.6648399999999,0.8267291999999999,0.8744586000000001,0.0459294,20.1872968,0.306196,0.015309799999999998,No (reported postion),cruise,2021-10-07 13:00:00
2021-10-07 14:00:00+00:00,6.2029866667,58.1927266667,11.0,1009.6648399999999,0.8267291999999999,0.8744586000000001,0.0459294,20.1872968,0.306196,0.015309799999999998,No (reported postion),cruise,2021-10-07 14:00:00
2021-10-07 15:00:00+00:00,5.9478116667,58.3179533333,11.4,1009.6648399999999,0.8267291999999999,0.8744586000000001,0.0459294,20.1872968,0.306196,0.015309799999999998,No (reported postion),cruise,2021-10-07 15:00:00
2021-10-07 16:00:00+00:00,5.698565,58.46076,11.9,1009.6648399999999,0.8267291999999999,0.8744586000000001,0.0459294,20.1872968,0.306196,0.015309799999999998,No (reported postion),cruise,2021-10-07 16:00:00
2021-10-07 17:00:00+00:00,5.494755,58.6192133333,11.3,1009.6648399999999,0.8267291999999999,0.8744586000000001,0.0459294,20.1872968,0.306196,0.015309799999999998,No (reported postion),cruise,2021-10-07 17:00:00
2021-10-07 18:00:00+00:00,5.3025866667,58.77886,10.7,1009.6648399999999,0.8267291999999999,0.8744586000000001,0.0459294,20.1872968,0.306196,0.015309799999999998,No (reported postion),cruise,2021-10-07 18:00:00
2021-10-07 19:00:00+00:00,5.2048866667,58.9435866667,10.4,1009.6648399999999,0.8267291999999999,0.8744586000000001,0.0459294,20.1872968,0.306196,0.015309799999999998,No (reported postion),cruise,2021-10-07 19:00:00
2021-10-07 20:00:00+00:00,5.1235916667,59.11568,10.6,1009.6648399999999,0.8267291999999999,0.8744586000000001,0.0459294,20.1872968,0.306196,0.015309799999999998,No (reported postion),cruise,2021-10-07 20:00:00
2021-10-07 21:00:00+00:00,5.0002166667,59.2819066667,10.7,1009.6648399999999,0.8267291999999999,0.8744586000000001,0.0459294,20.1872968,0.306196,0.015309799999999998,No (reported postion),cruise,2021-10-07 21:00:00
2021-10-07 22:00:00+00:00,4.9602133333,59.4631666667,10.6,1009.6648399999999,0.8267291999999999,0.8744586000000001,0.0459294,20.1872968,0.306196,0.015309799999999998,No (reported postion),cruise,2021-10-07 22:00:00
2021-10-07 23:00:00+00:00,4.9461066667,59.62558,9.0,775.930833436997,0.634911018322155,0.671983852673386,0.0352728343512309,15.5126166687399,0.235152229008206,0.0117576114504103,No (reported postion),cruise,2021-10-07 23:00:00
2021-10-08 00:00:00+00:00,4.95544,59.7796133333,9.7,920.943738023485,0.753918569198605,0.797602934154083,0.041884364955477996,18.4128747604697,0.279229099703187,0.0139614549851593,No (reported postion),cruise,2021-10-08 00:00:00
2021-10-08 01:00:00+00:00,4.9469,59.94522,10.7,1009.6648399999999,0.8267291999999999,0.8744586000000001,0.0459294,20.1872968,0.306196,0.015309799999999998,No (reported postion),cruise,2021-10-08 01:00:00
2021-10-08 02:00:00+00:00,4.9587166667,60.1243466667,9.7,920.943738023485,0.753918569198605,0.797602934154083,0.041884364955477996,18.4128747604697,0.279229099703187,0.0139614549851593,No (reported postion),cruise,2021-10-08 02:00:00
2021-10-08 03:00:00+00:00,5.1678,60.2237466667,10.5,1009.6648399999999,0.8267291999999999,0.8744586000000001,0.0459294,20.1872968,0.306196,0.015309799999999998,No (reported postion),cruise,2021-10-08 03:00:00
2021-10-08 04:00:00+00:00,5.18732,60.3842133333,9.8,948.4162731206029,0.776464418670404,0.821401330818759,0.0431369121483558,18.9623254624121,0.287579414322372,0.0143789707161186,No (reported postion),cruise,2021-10-08 04:00:00
2021-10-08 05:00:00+00:00,5.2787533333,60.5239266667,10.1,1009.6648399999999,0.8267291999999999,0.8744586000000001,0.0459294,20.1872968,0.306196,0.015309799999999998,No (reported postion),cruise,2021-10-08 05:00:00
2021-10-08 06:00:00+00:00,5.51798,60.43028,9.7,920.943738023485,0.753918569198605,0.797602934154083,0.041884364955477996,18.4128747604697,0.279229099703187,0.0139614549851593,No (reported postion),cruise,2021-10-08 06:00:00
2021-10-08 07:00:00+00:00,5.736385,60.47508,0.2,41.7677064511651,0.0324613470990922,0.0360066758011612,0.00180162678733561,0.829913617377887,0.012017075996654499,0.000602480587168335,No (reported postion),anchor,2021-10-08 07:00:00
2021-10-08 08:00:00+00:00,5.7365266667,60.47512,0.0,41.76,0.0324,0.036,0.0018,0.8292,0.012,0.0006,No (reported postion),anchor,2021-10-08 08:00:00
2021-10-08 09:00:00+00:00,5.7364316667,60.47512,0.0,41.76,0.0324,0.036,0.0018,0.8292,0.012,0.0006,No (reported postion),anchor,2021-10-08 09:00:00
2021-10-08 10:00:00+00:00,5.7364233333,60.4750866667,0.0,41.76,0.0324,0.036,0.0018,0.8292,0.012,0.0006,No (reported postion),anchor,2021-10-08 10:00:00
2021-10-08 11:00:00+00:00,5.7363666667,60.4751066667,0.0,41.76,0.0324,0.036,0.0018,0.8292,0.012,0.0006,No (reported postion),anchor,2021-10-08 11:00:00
2021-10-08 12:00:00+00:00,5.7364533333,60.4751133333,0.0,41.76,0.0324,0.036,0.0018,0.8292,0.012,0.0006,No (reported postion),anchor,2021-10-08 12:00:00
2021-10-08 13:00:00+00:00,5.7364716667,60.4751066667,0.0,41.76,0.0324,0.036,0.0018,0.8292,0.012,0.0006,No (reported postion),anchor,2021-10-08 13:00:00
2021-10-08 14:00:00+00:00,5.7364833333,60.47512,0.0,41.76,0.0324,0.036,0.0018,0.8292,0.012,0.0006,No (reported postion),anchor,2021-10-08 14:00:00
2021-10-08 15:00:00+00:00,5.73644944441667,60.47509,0.0,41.76,0.0324,0.036,0.0018,0.8292,0.012,0.0006,Linear (small gap),anchor,2021-10-08 15:00:00
2021-10-08 16:00:00+00:00,5.73641555553333,60.47506,0.0,41.76,0.0324,0.036,0.0018,0.8292,0.012,0.0006,Linear (small gap),anchor,2021-10-08 16:00:00
2021-10-08 17:00:00+00:00,5.73638166665,60.47503,0.0,41.76,0.0324,0.036,0.0018,0.8292,0.012,0.0006,Linear (small gap),anchor,2021-10-08 17:00:00
2021-10-08 18:00:00+00:00,5.73634777776667,60.475,0.0,41.76,0.0324,0.036,0.0018,0.8292,0.012,0.0006,Linear (small gap),anchor,2021-10-08 18:00:00
2021-10-08 19:00:00+00:00,5.73631388888333,60.47497,0.0,41.76,0.0324,0.036,0.0018,0.8292,0.012,0.0006,Linear (small gap),anchor,2021-10-08 19:00:00
2021-10-08 20:00:00+00:00,5.73628,60.47494,0.0,41.76,0.0324,0.036,0.0018,0.8292,0.012,0.0006,No (reported postion),anchor,2021-10-08 20:00:00
2021-10-08 21:00:00+00:00,5.7363116667,60.47494,0.0,41.76,0.0324,0.036,0.0018,0.8292,0.012,0.0006,No (reported postion),anchor,2021-10-08 21:00:00
2021-10-08 22:00:00+00:00,5.7363116667,60.4749666667,0.0,41.76,0.0324,0.036,0.0018,0.8292,0.012,0.0006,No (reported postion),anchor,2021-10-08 22:00:00
2021-10-08 23:00:00+00:00,5.7362933333,60.4749533333,0.0,41.76,0.0324,0.036,0.0018,0.8292,0.012,0.0006,No (reported postion),anchor,2021-10-08 23:00:00
2021-10-09 00:00:00+00:00,5.736285,60.4749533333,0.0,41.76,0.0324,0.036,0.0018,0.8292,0.012,0.0006,No (reported postion),anchor,2021-10-09 00:00:00
2021-10-09 01:00:00+00:00,5.7362783333,60.4749666667,0.0,41.76,0.0324,0.036,0.0018,0.8292,0.012,0.0006,No (reported postion),anchor,2021-10-09 01:00:00
2021-10-09 02:00:00+00:00,5.736245,60.47494,0.0,41.76,0.0324,0.036,0.0018,0.8292,0.012,0.0006,No (reported postion),anchor,2021-10-09 02:00:00
2021-10-09 03:00:00+00:00,5.736285,60.4749666667,0.0,41.76,0.0324,0.036,0.0018,0.8292,0.012,0.0006,No (reported postion),anchor,2021-10-09 03:00:00
2021-10-09 04:00:00+00:00,5.73628,60.47494,0.0,41.76,0.0324,0.036,0.0018,0.8292,0.012,0.0006,No (reported postion),anchor,2021-10-09 04:00:00
2021-10-09 05:00:00+00:00,5.7362966667,60.4749666667,0.1,41.760963306395595,0.0324076683873865,0.036000834475145196,0.00180020334841695,0.8292892021722359,0.0120021344995818,0.000600310073396042,No (reported postion),anchor,2021-10-09 05:00:00
2021-10-09 06:00:00+00:00,5.73629,60.47494,0.0,41.76,0.0324,0.036,0.0018,0.8292,0.012,0.0006,No (reported postion),anchor,2021-10-09 06:00:00
2021-10-09 07:00:00+00:00,5.7362883333,60.4749533333,0.0,41.76,0.0324,0.036,0.0018,0.8292,0.012,0.0006,No (reported postion),anchor,2021-10-09 07:00:00
2021-10-09 08:00:00+00:00,5.7363533333,60.4750066667,0.0,41.76,0.0324,0.036,0.0018,0.8292,0.012,0.0006,No (reported postion),anchor,2021-10-09 08:00:00
2021-10-09 09:00:00+00:00,5.7364716667,60.4751533333,0.1,41.760963306395595,0.0324076683873865,0.036000834475145196,0.00180020334841695,0.8292892021722359,0.0120021344995818,0.000600310073396042,No (reported postion),anchor,2021-10-09 09:00:00
2021-10-09 10:00:00+00:00,5.736515,60.47514,0.1,41.760963306395595,0.0324076683873865,0.036000834475145196,0.00180020334841695,0.8292892021722359,0.0120021344995818,0.000600310073396042,No (reported postion),anchor,2021-10-09 10:00:00
2021-10-09 11:00:00+00:00,5.7364133333,60.47512,0.0,41.76,0.0324,0.036,0.0018,0.8292,0.012,0.0006,No (reported postion),anchor,2021-10-09 11:00:00
2021-10-09 12:00:00+00:00,5.7365316667,60.47514,0.1,41.760963306395595,0.0324076683873865,0.036000834475145196,0.00180020334841695,0.8292892021722359,0.0120021344995818,0.000600310073396042,No (reported postion),anchor,2021-10-09 12:00:00
2021-10-09 13:00:00+00:00,5.7364866667,60.4751066667,0.0,41.76,0.0324,0.036,0.0018,0.8292,0.012,0.0006,No (reported postion),anchor,2021-10-09 13:00:00
2021-10-09 14:00:00+00:00,5.4704516667,60.4553066667,11.5,1009.6648399999999,0.8267291999999999,0.8744586000000001,0.0459294,20.1872968,0.306196,0.015309799999999998,No (reported postion),cruise,2021-10-09 14:00:00
2021-10-09 15:00:00+00:00,5.2474483333,60.4745666667,9.8,948.4162731206029,0.776464418670404,0.821401330818759,0.0431369121483558,18.9623254624121,0.287579414322372,0.0143789707161186,No (reported postion),cruise,2021-10-09 15:00:00
2021-10-09 16:00:00+00:00,5.269475,60.3942933333,0.0,41.76,0.0324,0.036,0.0018,0.8292,0.012,0.0006,No (reported postion),anchor,2021-10-09 16:00:00
2021-10-09 17:00:00+00:00,5.26947,60.3942933333,0.0,41.76,0.0324,0.036,0.0018,0.8292,0.012,0.0006,No (reported postion),anchor,2021-10-09 17:00:00
2021-10-09 18:00:00+00:00,5.2694683333,60.3942933333,0.0,41.76,0.0324,0.036,0.0018,0.8292,0.012,0.0006,No (reported postion),anchor,2021-10-09 18:00:00
2021-10-09 19:00:00+00:00,5.26947,60.3943066667,0.0,41.76,0.0324,0.036,0.0018,0.8292,0.012,0.0006,No (reported postion),anchor,2021-10-09 19:00:00
2021-10-09 20:00:00+00:00,5.2694716667,60.3942933333,0.0,41.76,0.0324,0.036,0.0018,0.8292,0.012,0.0006,No (reported postion),anchor,2021-10-09 20:00:00
2021-10-09 21:00:00+00:00,5.26948,60.39428,0.0,41.76,0.0324,0.036,0.0018,0.8292,0.012,0.0006,No (reported postion),anchor,2021-10-09 21:00:00
2021-10-09 22:00:00+00:00,5.269475,60.3942933333,0.0,41.76,0.0324,0.036,0.0018,0.8292,0.012,0.0006,No (reported postion),anchor,2021-10-09 22:00:00
2021-10-09 23:00:00+00:00,5.2694516667,60.39432,0.0,41.76,0.0324,0.036,0.0018,0.8292,0.012,0.0006,No (reported postion),anchor,2021-10-09 23:00:00
2021-10-10 00:00:00+00:00,5.26946,60.3943133333,0.0,41.76,0.0324,0.036,0.0018,0.8292,0.012,0.0006,No (reported postion),anchor,2021-10-10 00:00:00
2021-10-10 01:00:00+00:00,5.2694583333,60.3942933333,0.0,41.76,0.0324,0.036,0.0018,0.8292,0.012,0.0006,No (reported postion),anchor,2021-10-10 01:00:00
2021-10-10 02:00:00+00:00,5.26945,60.3943066667,0.0,41.76,0.0324,0.036,0.0018,0.8292,0.012,0.0006,No (reported postion),anchor,2021-10-10 02:00:00
2021-10-10 03:00:00+00:00,5.269465,60.3943066667,0.0,41.76,0.0324,0.036,0.0018,0.8292,0.012,0.0006,No (reported postion),anchor,2021-10-10 03:00:00
2021-10-10 04:00:00+00:00,5.2694616667,60.3942933333,0.0,41.76,0.0324,0.036,0.0018,0.8292,0.012,0.0006,No (reported postion),anchor,2021-10-10 04:00:00
2021-10-10 05:00:00+00:00,5.26947,60.3942933333,0.0,41.76,0.0324,0.036,0.0018,0.8292,0.012,0.0006,No (reported postion),anchor,2021-10-10 05:00:00
2021-10-10 06:00:00+00:00,5.2694716667,60.39428,0.0,41.76,0.0324,0.036,0.0018,0.8292,0.012,0.0006,No (reported postion),anchor,2021-10-10 06:00:00
2021-10-10 07:00:00+00:00,5.2694566667,60.3943133333,0.0,41.76,0.0324,0.036,0.0018,0.8292,0.012,0.0006,No (reported postion),anchor,2021-10-10 07:00:00
2021-10-10 08:00:00+00:00,5.2694666667,60.3943133333,0.0,41.76,0.0324,0.036,0.0018,0.8292,0.012,0.0006,No (reported postion),anchor,2021-10-10 08:00:00
2021-10-10 09:00:00+00:00,5.2694583333,60.3942933333,0.0,41.76,0.0324,0.036,0.0018,0.8292,0.012,0.0006,No (reported postion),anchor,2021-10-10 09:00:00
2021-10-10 10:00:00+00:00,5.2694566667,60.3943066667,0.0,41.76,0.0324,0.036,0.0018,0.8292,0.012,0.0006,No (reported postion),anchor,2021-10-10 10:00:00
2021-10-10 11:00:00+00:00,5.2694583333,60.3943066667,0.0,41.76,0.0324,0.036,0.0018,0.8292,0.012,0.0006,No (reported postion),anchor,2021-10-10 11:00:00
2021-10-10 12:00:00+00:00,5.2694716667,60.3943133333,0.0,41.76,0.0324,0.036,0.0018,0.8292,0.012,0.0006,No (reported postion),anchor,2021-10-10 12:00:00
2021-10-10 13:00:00+00:00,5.2694716667,60.3942933333,0.0,41.76,0.0324,0.036,0.0018,0.8292,0.012,0.0006,No (reported postion),anchor,2021-10-10 13:00:00
2021-10-10 14:00:00+00:00,5.26947,60.3942933333,0.0,41.76,0.0324,0.036,0.0018,0.8292,0.012,0.0006,No (reported postion),anchor,2021-10-10 14:00:00
2021-10-10 15:00:00+00:00,5.2694733333,60.39432,0.0,41.76,0.0324,0.036,0.0018,0.8292,0.012,0.0006,No (reported postion),anchor,2021-10-10 15:00:00
2021-10-10 16:00:00+00:00,5.2694583333,60.3943066667,0.0,41.76,0.0324,0.036,0.0018,0.8292,0.012,0.0006,No (reported postion),anchor,2021-10-10 16:00:00
2021-10-10 17:00:00+00:00,5.26947,60.3942933333,0.0,41.76,0.0324,0.036,0.0018,0.8292,0.012,0.0006,No (reported postion),anchor,2021-10-10 17:00:00
2021-10-10 18:00:00+00:00,5.2694683333,60.3943133333,0.0,41.76,0.0324,0.036,0.0018,0.8292,0.012,0.0006,No (reported postion),anchor,2021-10-10 18:00:00
2021-10-10 19:00:00+00:00,5.26947,60.3943133333,0.0,41.76,0.0324,0.036,0.0018,0.8292,0.012,0.0006,No (reported postion),anchor,2021-10-10 19:00:00
2021-10-10 20:00:00+00:00,5.2694733333,60.39428,0.0,41.76,0.0324,0.036,0.0018,0.8292,0.012,0.0006,No (reported postion),anchor,2021-10-10 20:00:00
2021-10-10 21:00:00+00:00,5.2694833333,60.3943066667,0.0,41.76,0.0324,0.036,0.0018,0.8292,0.012,0.0006,No (reported postion),anchor,2021-10-10 21:00:00
2021-10-10 22:00:00+00:00,5.2694683333,60.3942933333,0.0,41.76,0.0324,0.036,0.0018,0.8292,0.012,0.0006,No (reported postion),anchor,2021-10-10 22:00:00
2021-10-10 23:00:00+00:00,5.2694666667,60.3943133333,0.0,41.76,0.0324,0.036,0.0018,0.8292,0.012,0.0006,No (reported postion),anchor,2021-10-10 23:00:00
2021-10-11 00:00:00+00:00,5.2694783333,60.3943133333,0.0,41.76,0.0324,0.036,0.0018,0.8292,0.012,0.0006,No (reported postion),anchor,2021-10-11 00:00:00
2021-10-11 01:00:00+00:00,5.2694716667,60.3943066667,0.0,41.76,0.0324,0.036,0.0018,0.8292,0.012,0.0006,No (reported postion),anchor,2021-10-11 01:00:00
2021-10-11 02:00:00+00:00,5.2694566667,60.39432,0.0,41.76,0.0324,0.036,0.0018,0.8292,0.012,0.0006,No (reported postion),anchor,2021-10-11 02:00:00
2021-10-11 03:00:00+00:00,5.2694366667,60.3943066667,0.0,41.76,0.0324,0.036,0.0018,0.8292,0.012,0.0006,No (reported postion),anchor,2021-10-11 03:00:00
2021-10-11 04:00:00+00:00,5.26948,60.3942933333,0.0,41.76,0.0324,0.036,0.0018,0.8292,0.012,0.0006,No (reported postion),anchor,2021-10-11 04:00:00
2021-10-11 05:00:00+00:00,5.269465,60.3943066667,0.0,41.76,0.0324,0.036,0.0018,0.8292,0.012,0.0006,No (reported postion),anchor,2021-10-11 05:00:00
2021-10-11 06:00:00+00:00,5.2694583333,60.3942933333,0.0,41.76,0.0324,0.036,0.0018,0.8292,0.012,0.0006,No (reported postion),anchor,2021-10-11 06:00:00
2021-10-11 07:00:00+00:00,5.2694666667,60.3942933333,0.1,41.760963306395595,0.0324076683873865,0.036000834475145196,0.00180020334841695,0.8292892021722359,0.0120021344995818,0.000600310073396042,No (reported postion),anchor,2021-10-11 07:00:00
2021-10-11 08:00:00+00:00,5.2694833333,60.3943066667,0.0,41.76,0.0324,0.036,0.0018,0.8292,0.012,0.0006,No (reported postion),anchor,2021-10-11 08:00:00
2021-10-11 09:00:00+00:00,5.2694666667,60.39428,0.0,41.76,0.0324,0.036,0.0018,0.8292,0.012,0.0006,No (reported postion),anchor,2021-10-11 09:00:00
2021-10-11 10:00:00+00:00,5.26947,60.3942933333,0.0,41.76,0.0324,0.036,0.0018,0.8292,0.012,0.0006,No (reported postion),anchor,2021-10-11 10:00:00
2021-10-11 11:00:00+00:00,5.26946,60.3942933333,0.0,41.76,0.0324,0.036,0.0018,0.8292,0.012,0.0006,No (reported postion),anchor,2021-10-11 11:00:00
2021-10-11 12:00:00+00:00,5.2694683333,60.3942933333,0.0,41.76,0.0324,0.036,0.0018,0.8292,0.012,0.0006,No (reported postion),anchor,2021-10-11 12:00:00
2021-10-11 13:00:00+00:00,5.26947,60.39428,0.0,41.76,0.0324,0.036,0.0018,0.8292,0.012,0.0006,No (reported postion),anchor,2021-10-11 13:00:00
2021-10-11 14:00:00+00:00,5.2224733333,60.39774,10.3,1009.6648399999999,0.8267291999999999,0.8744586000000001,0.0459294,20.1872968,0.306196,0.015309799999999998,No (reported postion),cruise,2021-10-11 14:00:00
2021-10-11 15:00:00+00:00,5.1522583333,60.2471666667,10.0,1005.06639563511,0.8229554006731931,0.870475145155037,0.045719744481844,20.095327912702302,0.304798296545627,0.0152399148272813,No (reported postion),cruise,2021-10-11 15:00:00
2021-10-11 16:00:00+00:00,5.30615,60.0956866667,10.3,1009.6648399999999,0.8267291999999999,0.8744586000000001,0.0459294,20.1872968,0.306196,0.015309799999999998,No (reported postion),cruise,2021-10-11 16:00:00
2021-10-11 17:00:00+00:00,5.435625,59.9494333333,10.5,1009.6648399999999,0.8267291999999999,0.8744586000000001,0.0459294,20.1872968,0.306196,0.015309799999999998,No (reported postion),cruise,2021-10-11 17:00:00
2021-10-11 18:00:00+00:00,5.55236,59.7907333333,10.6,1009.6648399999999,0.8267291999999999,0.8744586000000001,0.0459294,20.1872968,0.306196,0.015309799999999998,No (reported postion),cruise,2021-10-11 18:00:00
2021-10-11 19:00:00+00:00,5.3390616667,59.6587666667,10.3,1009.6648399999999,0.8267291999999999,0.8744586000000001,0.0459294,20.1872968,0.306196,0.015309799999999998,No (reported postion),cruise,2021-10-11 19:00:00
2021-10-11 20:00:00+00:00,5.2072216667,59.49874,9.7,920.943738023485,0.753918569198605,0.797602934154083,0.041884364955477996,18.4128747604697,0.279229099703187,0.0139614549851593,No (reported postion),cruise,2021-10-11 20:00:00
2021-10-11 21:00:00+00:00,5.3031716667,59.3621733333,8.8,698.2263360462521,0.571141370007562,0.6046714461190931,0.031730076111531204,13.958526720924999,0.21153384074354198,0.0105766920371771,No (reported postion),cruise,2021-10-11 21:00:00
2021-10-11 22:00:00+00:00,5.3359,59.2008,10.6,1009.6648399999999,0.8267291999999999,0.8744586000000001,0.0459294,20.1872968,0.306196,0.015309799999999998,No (reported postion),cruise,2021-10-11 22:00:00
2021-10-11 23:00:00+00:00,5.3162316667,59.0401266667,9.0,744.0103624179969,0.608714887090758,0.644332380818022,0.0338174937272643,14.8742072483599,0.225449958181762,0.011272497909088101,No (reported postion),cruise,2021-10-11 23:00:00
2021-10-12 00:00:00+00:00,5.3300183333,58.8856133333,9.1,767.679763865147,0.6281396238406981,0.664836269609626,0.034896645768927696,15.3475952773029,0.232644305126185,0.0116322152563092,No (reported postion),cruise,2021-10-12 00:00:00
2021-10-12 01:00:00+00:00,5.4100433333,58.73124,10.7,1009.6648399999999,0.8267291999999999,0.8744586000000001,0.0459294,20.1872968,0.306196,0.015309799999999998,No (reported postion),cruise,2021-10-12 01:00:00
2021-10-12 02:00:00+00:00,5.5641783333,58.5820866667,9.8,948.4162731206029,0.776464418670404,0.821401330818759,0.0431369121483558,18.9623254624121,0.287579414322372,0.0143789707161186,No (reported postion),cruise,2021-10-12 02:00:00
2021-10-12 03:00:00+00:00,5.766185,58.4563,9.8,948.4162731206029,0.776464418670404,0.821401330818759,0.0431369121483558,18.9623254624121,0.287579414322372,0.0143789707161186,No (reported postion),cruise,2021-10-12 03:00:00
2021-10-12 04:00:00+00:00,5.96886,58.3452733333,9.2,791.875130604314,0.6479960038394069,0.685795781830485,0.035999777991078195,15.8315026120863,0.239998519940521,0.0119999259970261,No (reported postion),cruise,2021-10-12 04:00:00
2021-10-12 05:00:00+00:00,6.1714666667,58.2419266667,8.8,728.065714957445,0.595629614098815,0.630520148215416,0.0330905341166008,14.5553142991489,0.220603560777339,0.011030178038866901,No (reported postion),cruise,2021-10-12 05:00:00
2021-10-12 06:00:00+00:00,6.3827983333,58.1370666667,10.0,1009.6648399999999,0.8267291999999999,0.8744586000000001,0.0459294,20.1872968,0.306196,0.015309799999999998,No (reported postion),cruise,2021-10-12 06:00:00
2021-10-12 07:00:00+00:00,6.6179133333,58.0137533333,10.8,1009.6648399999999,0.8267291999999999,0.8744586000000001,0.0459294,20.1872968,0.306196,0.015309799999999998,No (reported postion),cruise,2021-10-12 07:00:00
2021-10-12 08:00:00+00:00,6.89416,57.9457333333,9.7,920.943738023485,0.753918569198605,0.797602934154083,0.041884364955477996,18.4128747604697,0.279229099703187,0.0139614549851593,No (reported postion),cruise,2021-10-12 08:00:00
2021-10-12 09:00:00+00:00,7.1842983333,57.91356,9.6,932.771476669019,0.7636252240140889,0.807848847570427,0.0424236235563382,18.6494295333804,0.282824157042255,0.0141412078521128,No (reported postion),cruise,2021-10-12 09:00:00
2021-10-12 10:00:00+00:00,7.4693483333,57.8925066667,8.8,698.2263360462521,0.571141370007562,0.6046714461190931,0.031730076111531204,13.958526720924999,0.21153384074354198,0.0105766920371771,No (reported postion),cruise,2021-10-12 10:00:00
2021-10-12 11:00:00+00:00,7.7327066667,57.8654,7.9,538.296150270156,0.439891673473988,0.466130099778098,0.0244384263041104,10.759923005403099,0.16292284202740298,0.00814614210137015,No (reported postion),cruise,2021-10-12 11:00:00
2021-10-12 12:00:00+00:00,7.9807066667,57.8586933333,8.3,617.602713770151,0.504976087288574,0.534830314360162,0.028054227071587397,12.346054275402999,0.18702818047725,0.00935140902386248,No (reported postion),cruise,2021-10-12 12:00:00
2021-10-12 13:00:00+00:00,8.2506266667,57.85468,9.1,800.6761167681079,0.655218697651639,0.693419736410063,0.036401038758424396,16.0075223353622,0.242673591722829,0.012133679586141501,No (reported postion),cruise,2021-10-12 13:00:00
2021-10-12 14:00:00+00:00,8.5471183333,57.8527666667,9.9,1018.94137930464,0.8343421653867891,0.882494507908277,0.0463523425214883,20.3728275860929,0.309015616809922,0.015450780840496099,No (reported postion),cruise,2021-10-12 14:00:00
2021-10-12 15:00:00+00:00,8.8636616667,57.8500733333,10.3,1009.6648399999999,0.8267291999999999,0.8744586000000001,0.0459294,20.1872968,0.306196,0.015309799999999998,No (reported postion),cruise,2021-10-12 15:00:00
2021-10-12 16:00:00+00:00,9.1952583333,57.8472066667,10.9,1009.6648399999999,0.8267291999999999,0.8744586000000001,0.0459294,20.1872968,0.306196,0.015309799999999998,No (reported postion),cruise,2021-10-12 16:00:00
2021-10-12 17:00:00+00:00,9.5342633333,57.8438933333,10.9,1009.6648399999999,0.8267291999999999,0.8744586000000001,0.0459294,20.1872968,0.306196,0.015309799999999998,No (reported postion),cruise,2021-10-12 17:00:00
2021-10-12 18:00:00+00:00,9.8525216667,57.8201266667,9.8,989.627921898812,0.8102855286099669,0.857101391310521,0.045015862700553695,19.7865584379762,0.30010575133702505,0.0150052875668512,No (reported postion),cruise,2021-10-12 18:00:00
2021-10-12 19:00:00+00:00,10.1520416667,57.80392,9.6,932.771476669019,0.7636252240140889,0.807848847570427,0.0424236235563382,18.6494295333804,0.282824157042255,0.0141412078521128,No (reported postion),cruise,2021-10-12 19:00:00
2021-10-12 20:00:00+00:00,10.455045,57.7860866667,10.1,1009.6648399999999,0.8267291999999999,0.8744586000000001,0.0459294,20.1872968,0.306196,0.015309799999999998,No (reported postion),cruise,2021-10-12 20:00:00
2021-10-12 21:00:00+00:00,10.74094,57.7562266667,9.6,894.031847248627,0.731832822969998,0.774290202023887,0.040657379053888804,17.874636944972497,0.271049193692592,0.0135524596846296,No (reported postion),cruise,2021-10-12 21:00:00
2021-10-12 22:00:00+00:00,10.7481666667,57.5995933333,9.3,851.822344404503,0.697192805438346,0.73772573907381,0.0387329336354637,17.0304468880901,0.258219557569758,0.0129109778784879,No (reported postion),cruise,2021-10-12 22:00:00
2021-10-12 23:00:00+00:00,10.7253616667,57.44494,9.5,905.2164037284571,0.7410116383181871,0.7839789515580861,0.0411673132398993,18.0983280745691,0.27444875493266196,0.0137224377466331,No (reported postion),cruise,2021-10-12 23:00:00
2021-10-13 00:00:00+00:00,10.7106916667,57.2842533333,9.2,791.875130604314,0.6479960038394069,0.685795781830485,0.035999777991078195,15.8315026120863,0.239998519940521,0.0119999259970261,No (reported postion),cruise,2021-10-13 00:00:00
2021-10-13 01:00:00+00:00,10.74614,57.1354666667,9.0,775.930833436997,0.634911018322155,0.671983852673386,0.0352728343512309,15.5126166687399,0.235152229008206,0.0117576114504103,No (reported postion),cruise,2021-10-13 01:00:00
2021-10-13 02:00:00+00:00,10.84232,56.9947133333,9.1,800.6761167681079,0.655218697651639,0.693419736410063,0.036401038758424396,16.0075223353622,0.242673591722829,0.012133679586141501,No (reported postion),cruise,2021-10-13 02:00:00
2021-10-13 03:00:00+00:00,10.761655,56.84978,9.2,825.97127290451,0.675977640377562,0.715331953731871,0.037554313354309005,16.5134254580902,0.25036208902872703,0.012518104451436298,No (reported postion),cruise,2021-10-13 03:00:00
2021-10-13 04:00:00+00:00,10.6364316667,56.7171,9.1,800.6761167681079,0.655218697651639,0.693419736410063,0.036401038758424396,16.0075223353622,0.242673591722829,0.012133679586141501,No (reported postion),cruise,2021-10-13 04:00:00
2021-10-13 05:00:00+00:00,10.4551883333,56.61508,9.0,744.0103624179969,0.608714887090758,0.644332380818022,0.0338174937272643,14.8742072483599,0.225449958181762,0.011272497909088101,No (reported postion),cruise,2021-10-13 05:00:00
2021-10-13 06:00:00+00:00,10.2723216667,56.5806,6.4,294.284991777371,0.239639354954074,0.254752652451522,0.0133132974974485,5.87969983554742,0.0887553166496568,0.004437765832482839,No (reported postion),cruise,2021-10-13 06:00:00
2021-10-13 07:00:00+00:00,10.2189566667,56.4859133333,6.1,260.412248987653,0.211841055400202,0.22541000292243502,0.0117689475222334,5.20224497975307,0.07845965014822291,0.00392298250741115,No (reported postion),cruise,2021-10-13 07:00:00
2021-10-13 08:00:00+00:00,10.0782766667,56.4640533333,5.2,177.208585677462,0.189133363426777,0.153333881209959,0.008469504826671382,3.75488945063318,0.0593452503127907,0.00362597904173053,No (reported postion),cruise,2021-10-13 08:00:00
2021-10-13 09:00:00+00:00,10.05748,56.4599866667,0.0,41.76,0.0324,0.036,0.0018,0.8292,0.012,0.0006,No (reported postion),anchor,2021-10-13 09:00:00
2021-10-13 10:00:00+00:00,10.0574983333,56.46,0.0,41.76,0.0324,0.036,0.0018,0.8292,0.012,0.0006,No (reported postion),anchor,2021-10-13 10:00:00
2021-10-13 11:00:00+00:00,10.0574716667,56.4600066667,0.1,41.760963306395595,0.0324076683873865,0.036000834475145196,0.00180020334841695,0.8292892021722359,0.0120021344995818,0.000600310073396042,No (reported postion),anchor,2021-10-13 11:00:00
2021-10-13 12:00:00+00:00,10.0575066667,56.4599866667,0.1,41.760963306395595,0.0324076683873865,0.036000834475145196,0.00180020334841695,0.8292892021722359,0.0120021344995818,0.000600310073396042,No (reported postion),anchor,2021-10-13 12:00:00
2021-10-13 13:00:00+00:00,10.0575216667,56.4599866667,0.2,41.7677064511651,0.0324613470990922,0.0360066758011612,0.00180162678733561,0.829913617377887,0.012017075996654499,0.000602480587168335,No (reported postion),anchor,2021-10-13 13:00:00
2021-10-13 14:00:00+00:00,10.057615,56.45998,0.0,41.76,0.0324,0.036,0.0018,0.8292,0.012,0.0006,No (reported postion),anchor,2021-10-13 14:00:00
2021-10-13 15:00:00+00:00,10.0601133333,56.4611,1.8,47.378002899344,0.0771220352382428,0.0408666590465442,0.0029859279676578703,1.34942706847925,0.024448401561160397,0.00240834804571589,No (reported postion),anchor,2021-10-13 15:00:00
2021-10-13 16:00:00+00:00,10.2281066667,56.5024333333,8.3,592.566074041014,0.48442930088472297,0.513142039822763,0.0269127389380402,11.8453214808203,0.179418259586934,0.00897091297934672,No (reported postion),cruise,2021-10-13 16:00:00
2021-10-13 17:00:00+00:00,10.3335966667,56.6039733333,9.9,976.4552323783539,0.799475114717798,0.845690398868787,0.044415284150988804,19.5231046475671,0.296101894339925,0.014805094716996299,No (reported postion),cruise,2021-10-13 17:00:00
2021-10-13 18:00:00+00:00,10.6428016667,56.5658533333,10.9,1009.6648399999999,0.8267291999999999,0.8744586000000001,0.0459294,20.1872968,0.306196,0.015309799999999998,No (reported postion),cruise,2021-10-13 18:00:00
2021-10-13 19:00:00+00:00,10.9526783333,56.5311933333,10.7,1009.6648399999999,0.8267291999999999,0.8744586000000001,0.0459294,20.1872968,0.306196,0.015309799999999998,No (reported postion),cruise,2021-10-13 19:00:00
2021-10-13 20:00:00+00:00,11.2643166667,56.4556066667,11.4,1009.6648399999999,0.8267291999999999,0.8744586000000001,0.0459294,20.1872968,0.306196,0.015309799999999998,No (reported postion),cruise,2021-10-13 20:00:00
2021-10-13 21:00:00+00:00,11.56808,56.38192,11.0,1009.6648399999999,0.8267291999999999,0.8744586000000001,0.0459294,20.1872968,0.306196,0.015309799999999998,No (reported postion),cruise,2021-10-13 21:00:00
2021-10-13 22:00:00+00:00,11.8663666667,56.3050533333,11.0,1009.6648399999999,0.8267291999999999,0.8744586000000001,0.0459294,20.1872968,0.306196,0.015309799999999998,No (reported postion),cruise,2021-10-13 22:00:00
2021-10-13 23:00:00+00:00,12.1565116667,56.2190866667,10.8,1009.6648399999999,0.8267291999999999,0.8744586000000001,0.0459294,20.1872968,0.306196,0.015309799999999998,No (reported postion),cruise,2021-10-13 23:00:00
2021-10-14 00:00:00+00:00,12.446425,56.1398933333,10.7,1009.6648399999999,0.8267291999999999,0.8744586000000001,0.0459294,20.1872968,0.306196,0.015309799999999998,No (reported postion),cruise,2021-10-14 00:00:00
2021-10-14 01:00:00+00:00,12.6303566667,56.00902,10.7,1009.6648399999999,0.8267291999999999,0.8744586000000001,0.0459294,20.1872968,0.306196,0.015309799999999998,No (reported postion),cruise,2021-10-14 01:00:00
2021-10-14 02:00:00+00:00,12.6660983333,55.83422,10.7,1009.6648399999999,0.8267291999999999,0.8744586000000001,0.0459294,20.1872968,0.306196,0.015309799999999998,No (reported postion),cruise,2021-10-14 02:00:00
2021-10-14 03:00:00+00:00,12.6887866667,55.6548266667,10.7,1009.6648399999999,0.8267291999999999,0.8744586000000001,0.0459294,20.1872968,0.306196,0.015309799999999998,No (reported postion),cruise,2021-10-14 03:00:00
2021-10-14 04:00:00+00:00,12.6862916667,55.4789466667,10.3,1009.6648399999999,0.8267291999999999,0.8744586000000001,0.0459294,20.1872968,0.306196,0.015309799999999998,No (reported postion),cruise,2021-10-14 04:00:00
2021-10-14 05:00:00+00:00,12.6342866667,55.30634,10.4,1009.6648399999999,0.8267291999999999,0.8744586000000001,0.0459294,20.1872968,0.306196,0.015309799999999998,No (reported postion),cruise,2021-10-14 05:00:00
2021-10-14 06:00:00+00:00,12.907585,55.2116133333,11.1,1009.6648399999999,0.8267291999999999,0.8744586000000001,0.0459294,20.1872968,0.306196,0.015309799999999998,No (reported postion),cruise,2021-10-14 06:00:00
2021-10-14 07:00:00+00:00,13.161655,55.0946533333,11.4,1009.6648399999999,0.8267291999999999,0.8744586000000001,0.0459294,20.1872968,0.306196,0.015309799999999998,No (reported postion),cruise,2021-10-14 07:00:00
2021-10-14 08:00:00+00:00,13.418855,54.9716066667,11.5,1009.6648399999999,0.8267291999999999,0.8744586000000001,0.0459294,20.1872968,0.306196,0.015309799999999998,No (reported postion),cruise,2021-10-14 08:00:00
2021-10-14 09:00:00+00:00,13.6723583333,54.8474766667,11.6,1009.6648399999999,0.8267291999999999,0.8744586000000001,0.0459294,20.1872968,0.306196,0.015309799999999998,No (reported postion),cruise,2021-10-14 09:00:00
2021-10-14 10:00:00+00:00,13.9194816667,54.7155266667,11.8,1009.6648399999999,0.8267291999999999,0.8744586000000001,0.0459294,20.1872968,0.306196,0.015309799999999998,No (reported postion),cruise,2021-10-14 10:00:00
2021-10-14 11:00:00+00:00,14.1734216667,54.5919366667,11.7,1009.6648399999999,0.8267291999999999,0.8744586000000001,0.0459294,20.1872968,0.306196,0.015309799999999998,No (reported postion),cruise,2021-10-14 11:00:00
2021-10-14 12:00:00+00:00,14.4540433333,54.4909666667,11.3,1009.6648399999999,0.8267291999999999,0.8744586000000001,0.0459294,20.1872968,0.306196,0.015309799999999998,No (reported postion),cruise,2021-10-14 12:00:00
2021-10-14 13:00:00+00:00,14.7470466667,54.41219,11.3,1009.6648399999999,0.8267291999999999,0.8744586000000001,0.0459294,20.1872968,0.306196,0.015309799999999998,No (reported postion),cruise,2021-10-14 13:00:00
2021-10-14 14:00:00+00:00,15.0346733333,54.3342033333,11.1,1009.6648399999999,0.8267291999999999,0.8744586000000001,0.0459294,20.1872968,0.306196,0.015309799999999998,No (reported postion),cruise,2021-10-14 14:00:00
2021-10-14 15:00:00+00:00,15.0560514285381,54.3411587301286,10.9571428571429,1009.6648399999999,0.8267291999999999,0.8744586000000001,0.0459294,20.1872968,0.306196,0.015309799999999998,Linear (small gap),cruise,2021-10-14 15:00:00
2021-10-14 16:00:00+00:00,15.0774295237762,54.3481141269571,10.8142857142857,1009.6648399999999,0.8267291999999999,0.8744586000000001,0.0459294,20.1872968,0.306196,0.015309799999999998,Linear (small gap),cruise,2021-10-14 16:00:00
2021-10-14 17:00:00+00:00,15.0988076190143,54.3550695237857,10.6714285714286,1009.6648399999999,0.8267291999999999,0.8744586000000001,0.0459294,20.1872968,0.306196,0.015309799999999998,Linear (small gap),cruise,2021-10-14 17:00:00
2021-10-14 18:00:00+00:00,15.1201857142524,54.3620249206143,10.5285714285714,1009.6648399999999,0.8267291999999999,0.8744586000000001,0.0459294,20.1872968,0.306196,0.015309799999999998,Linear (small gap),cruise,2021-10-14 18:00:00
2021-10-14 19:00:00+00:00,15.1415638094905,54.3689803174429,10.3857142857143,1009.6648399999999,0.8267291999999999,0.8744586000000001,0.0459294,20.1872968,0.306196,0.015309799999999998,Linear (small gap),cruise,2021-10-14 19:00:00
2021-10-14 20:00:00+00:00,15.1629419047286,54.3759357142714,10.2428571428571,1009.6648399999999,0.8267291999999999,0.8744586000000001,0.0459294,20.1872968,0.306196,0.015309799999999998,Linear (small gap),cruise,2021-10-14 20:00:00
2021-10-14 21:00:00+00:00,15.1843199999667,54.3828911111,10.1,1009.6648399999999,0.8267291999999999,0.8744586000000001,0.0459294,20.1872968,0.306196,0.015309799999999998,Linear (small gap),cruise,2021-10-14 21:00:00
2021-10-14 22:00:00+00:00,15.2056980952048,54.3898465079286,9.95714285714286,1009.6648399999999,0.8267291999999999,0.8744586000000001,0.0459294,20.1872968,0.306196,0.015309799999999998,Linear (small gap),cruise,2021-10-14 22:00:00
2021-10-14 23:00:00+00:00,15.2270761904429,54.3968019047571,9.81428571428571,993.77916238697,0.81369232171575,0.8606974506999581,0.0452051289842083,19.8695832477394,0.301367526561389,0.0150683763280694,Linear (small gap),cruise,2021-10-14 23:00:00
2021-10-15 00:00:00+00:00,15.248454285681,54.4037573015857,9.67142857142857,952.808473737817,0.780068960210366,0.825206124666498,0.043337164456131394,19.050169474756302,0.288914429707543,0.0144457214853772,Linear (small gap),cruise,2021-10-15 00:00:00
2021-10-15 01:00:00+00:00,15.269832380919,54.4107126984143,9.52857142857143,913.0304416394,0.7474243745976841,0.790747950964222,0.041523576366538,18.254608832787998,0.276823842443587,0.0138411921221793,Linear (small gap),cruise,2021-10-15 01:00:00
2021-10-15 02:00:00+00:00,15.2912104761571,54.4176680952429,9.38571428571429,874.427449303674,0.715744107331283,0.757307668849687,0.0397635615184046,17.4825489860735,0.265090410122697,0.0132545205061349,Linear (small gap),cruise,2021-10-15 02:00:00
2021-10-15 03:00:00+00:00,15.3125885713952,54.4246234920714,9.24285714285714,836.981879942592,0.685013700864741,0.724870017579449,0.0380563167147079,16.7336375988518,0.253708778098052,0.012685438904902601,Linear (small gap),cruise,2021-10-15 03:00:00
2021-10-15 04:00:00+00:00,15.3339666666333,54.4315788889,9.1,800.6761167681079,0.655218697651639,0.693419736410063,0.036401038758424396,16.0075223353622,0.242673591722829,0.012133679586141501,Linear (small gap),cruise,2021-10-15 04:00:00
2021-10-15 05:00:00+00:00,15.3553447618714,54.4385342857286,8.95714285714286,765.492542992176,0.626344640145555,0.662941564598086,0.034796924452530804,15.3038508598435,0.231979496350206,0.011598974817510299,Linear (small gap),cruise,2021-10-15 05:00:00
2021-10-15 06:00:00+00:00,15.3767228571095,54.4454896825571,8.81428571428571,731.413541826749,0.5983770708000681,0.6334202414000709,0.0332431706000038,14.622270836535002,0.221621137333358,0.0110810568666679,Linear (small gap),cruise,2021-10-15 06:00:00
2021-10-15 07:00:00+00:00,15.3981009523476,54.4524450793857,8.67142857142857,698.421496483781,0.571301532068757,0.604840506072577,0.0317389740038198,13.9624299296756,0.21159316002546502,0.0105796580012733,Linear (small gap),cruise,2021-10-15 07:00:00
2021-10-15 08:00:00+00:00,15.4194790475857,54.4594004762143,8.52857142857143,666.4987901752261,0.5451035664052,0.5771870978721559,0.0302835314669556,13.3239758035045,0.201890209779704,0.0100945104889852,Linear (small gap),cruise,2021-10-15 08:00:00
2021-10-15 09:00:00+00:00,15.4408571428238,54.4663558730429,8.38571428571429,635.627806113036,0.519768716262978,0.550444756055366,0.0288760397923877,12.7065561222607,0.192506931949251,0.00962534659746256,Linear (small gap),cruise,2021-10-15 09:00:00
2021-10-15 10:00:00+00:00,15.4622352380619,54.4733112698714,8.24285714285714,605.790927509167,0.495282524095669,0.5245982198787621,0.027515695783092698,12.109818550183299,0.183437971887285,0.00917189859436424,Linear (small gap),cruise,2021-10-15 10:00:00
2021-10-15 11:00:00+00:00,15.4836133333,54.4802666667,8.1,576.970537575571,0.471630532356851,0.499632228598899,0.026201696242047302,11.533410751511399,0.174677974946982,0.0087338987473491,No (reported postion),cruise,2021-10-15 11:00:00
2021-10-15 12:00:00+00:00,15.4807083333,54.4964033333,7.5,466.627380461225,0.381075357825322,0.404046211037839,0.021170853212517902,9.326547609224502,0.141139021416786,0.00705695107083929,No (reported postion),cruise,2021-10-15 12:00:00
2021-10-15 13:00:00+00:00,15.4585166667,54.6098233333,6.5,318.332928851352,0.259374744042143,0.275584452044484,0.014409708002341301,6.3606585770270305,0.0960647200156084,0.004803236000780421,No (reported postion),cruise,2021-10-15 13:00:00
2021-10-15 14:00:00+00:00,15.43646,54.7145833333,5.6,218.621653065668,0.193510752047965,0.189208422868435,0.0100248732276739,4.43717772253962,0.0679076350116396,0.0035835324453326904,No (reported postion),cruise,2021-10-15 14:00:00
2021-10-15 15:00:00+00:00,15.4220983333,54.8213466667,6.8,358.42228189199204,0.292274821005586,0.310312311061452,0.016237490055865902,7.16244563783983,0.108249933705773,0.005412496685288631,No (reported postion),cruise,2021-10-15 15:00:00
2021-10-15 16:00:00+00:00,15.38978,54.9298266667,7.1,402.209680612166,0.32820976828354,0.348243644299293,0.0182338760157522,8.03819361224332,0.121559173438348,0.00607795867191741,No (reported postion),cruise,2021-10-15 16:00:00
2021-10-15 17:00:00+00:00,15.32147,55.0513266667,8.4,638.668079096628,0.522263773118814,0.55307842718097,0.0290146540621563,12.767361581932601,0.193431027081042,0.0096715513540521,No (reported postion),cruise,2021-10-15 17:00:00
2021-10-15 18:00:00+00:00,15.22371,55.1787433333,8.4,612.715553918514,0.500965348200604,0.530596756433971,0.0278314082333669,12.2483110783703,0.185542721555779,0.00927713607778897,No (reported postion),cruise,2021-10-15 18:00:00
2021-10-15 19:00:00+00:00,15.1113,55.2988266667,7.9,538.296150270156,0.439891673473988,0.466130099778098,0.0244384263041104,10.759923005403099,0.16292284202740298,0.00814614210137015,No (reported postion),cruise,2021-10-15 19:00:00
2021-10-15 20:00:00+00:00,15.0194883333,55.4158866667,7.7,501.53121138750697,0.409719839132605,0.43428205241774903,0.0227622132851447,10.0246242277501,0.15174808856763097,0.00758740442838157,No (reported postion),cruise,2021-10-15 20:00:00
2021-10-15 21:00:00+00:00,14.95728,55.5395766667,6.9,372.59913075659,0.30390931703428403,0.322593167980633,0.0168838509463491,7.44598261513181,0.112559006308994,0.005627950315449701,No (reported postion),cruise,2021-10-15 21:00:00
2021-10-15 22:00:00+00:00,14.8959416667,55.62037,4.1,132.04986009782098,0.188158122962639,0.11412708245555901,0.006972187437631819,3.1178662226411604,0.0519665272819122,0.0040118402323491,No (reported postion),maneuver,2021-10-15 22:00:00
2021-10-15 23:00:00+00:00,14.8467333333,55.6909833333,4.6,160.666409113064,0.207080993942975,0.138916494216484,0.00815253278653212,3.6356443823587603,0.0591174603574553,0.0041476834630164005,No (reported postion),maneuver,2021-10-15 23:00:00
2021-10-16 00:00:00+00:00,14.7910566667,55.7618,4.4,148.428214369681,0.202080069841927,0.128315018526927,0.007667372291010379,3.4228206449898897,0.0565916587438077,0.00418550608224309,No (reported postion),maneuver,2021-10-16 00:00:00
2021-10-16 01:00:00+00:00,14.725045,55.8333566667,5.0,188.52663124777,0.205633050042811,0.163050729196397,0.00907085838989476,4.0384832137005,0.0635334623662148,0.00396107310024974,No (reported postion),maneuver,2021-10-16 01:00:00
2021-10-16 02:00:00+00:00,14.6547866667,55.9062566667,5.1,175.351900173184,0.186984913057541,0.15172550622905,0.00837808140670389,3.71478504374077,0.058696256899441204,0.0035844998974860196,No (reported postion),cruise,2021-10-16 02:00:00
2021-10-16 03:00:00+00:00,14.5781166667,55.9787733333,9.4,841.866879312195,0.689022666912743,0.729101703963451,0.038279037050707995,16.831337586243897,0.255193580338053,0.0127596790169027,No (reported postion),cruise,2021-10-16 03:00:00
2021-10-16 04:00:00+00:00,14.577515,56.0318133333,0.0,41.76,0.0324,0.036,0.0018,0.8292,0.012,0.0006,No (reported postion),anchor,2021-10-16 04:00:00
2021-10-16 05:00:00+00:00,14.5774983333,56.0318066667,0.0,41.76,0.0324,0.036,0.0018,0.8292,0.012,0.0006,No (reported postion),anchor,2021-10-16 05:00:00
2021-10-16 06:00:00+00:00,14.5775,56.0318133333,0.0,41.76,0.0324,0.036,0.0018,0.8292,0.012,0.0006,No (reported postion),anchor,2021-10-16 06:00:00
2021-10-16 07:00:00+00:00,14.577525,56.0318133333,0.0,41.76,0.0324,0.036,0.0018,0.8292,0.012,0.0006,No (reported postion),anchor,2021-10-16 07:00:00
2021-10-16 08:00:00+00:00,14.577515,56.0317933333,0.0,41.76,0.0324,0.036,0.0018,0.8292,0.012,0.0006,No (reported postion),anchor,2021-10-16 08:00:00
2021-10-16 09:00:00+00:00,14.577675,56.0319333333,0.1,41.760963306395595,0.0324076683873865,0.036000834475145196,0.00180020334841695,0.8292892021722359,0.0120021344995818,0.000600310073396042,No (reported postion),anchor,2021-10-16 09:00:00
2021-10-16 10:00:00+00:00,14.5777216667,56.03202,0.1,41.760963306395595,0.0324076683873865,0.036000834475145196,0.00180020334841695,0.8292892021722359,0.0120021344995818,0.000600310073396042,No (reported postion),anchor,2021-10-16 10:00:00
2021-10-16 11:00:00+00:00,14.57773,56.0320133333,0.0,41.76,0.0324,0.036,0.0018,0.8292,0.012,0.0006,No (reported postion),anchor,2021-10-16 11:00:00
2021-10-16 12:00:00+00:00,14.5777283333,56.0320066667,0.0,41.76,0.0324,0.036,0.0018,0.8292,0.012,0.0006,No (reported postion),anchor,2021-10-16 12:00:00
2021-10-16 13:00:00+00:00,14.5777133333,56.0320066667,0.0,41.76,0.0324,0.036,0.0018,0.8292,0.012,0.0006,No (reported postion),anchor,2021-10-16 13:00:00
2021-10-16 14:00:00+00:00,14.5777533333,56.0320333333,0.0,41.76,0.0324,0.036,0.0018,0.8292,0.012,0.0006,No (reported postion),anchor,2021-10-16 14:00:00
2021-10-16 15:00:00+00:00,14.57773,56.0320333333,0.0,41.76,0.0324,0.036,0.0018,0.8292,0.012,0.0006,No (reported postion),anchor,2021-10-16 15:00:00
2021-10-16 16:00:00+00:00,14.7538433333,55.95804,12.0,1009.6648399999999,0.8267291999999999,0.8744586000000001,0.0459294,20.1872968,0.306196,0.015309799999999998,No (reported postion),cruise,2021-10-16 16:00:00
2021-10-16 17:00:00+00:00,15.1010566667,55.9411866667,11.6,1009.6648399999999,0.8267291999999999,0.8744586000000001,0.0459294,20.1872968,0.306196,0.015309799999999998,No (reported postion),cruise,2021-10-16 17:00:00
2021-10-16 18:00:00+00:00,15.4428133333,55.92622,11.5,1009.6648399999999,0.8267291999999999,0.8744586000000001,0.0459294,20.1872968,0.306196,0.015309799999999998,No (reported postion),cruise,2021-10-16 18:00:00
2021-10-16 19:00:00+00:00,15.7827,55.9079666667,11.5,1009.6648399999999,0.8267291999999999,0.8744586000000001,0.0459294,20.1872968,0.306196,0.015309799999999998,No (reported postion),cruise,2021-10-16 19:00:00
2021-10-16 20:00:00+00:00,16.1207233333,55.9167633333,11.5,1009.6648399999999,0.8267291999999999,0.8744586000000001,0.0459294,20.1872968,0.306196,0.015309799999999998,No (reported postion),cruise,2021-10-16 20:00:00
2021-10-16 21:00:00+00:00,16.4432233333,55.9618866667,11.4,1009.6648399999999,0.8267291999999999,0.8744586000000001,0.0459294,20.1872968,0.306196,0.015309799999999998,No (reported postion),cruise,2021-10-16 21:00:00
2021-10-16 22:00:00+00:00,16.7541183333,56.04798,11.2,1009.6648399999999,0.8267291999999999,0.8744586000000001,0.0459294,20.1872968,0.306196,0.015309799999999998,No (reported postion),cruise,2021-10-16 22:00:00
2021-10-16 23:00:00+00:00,17.07062845235,56.1410757142857,11.2,1009.6648399999999,0.8267291999999999,0.8744586000000001,0.0459294,20.1872968,0.306196,0.015309799999999998,Linear (small gap),cruise,2021-10-16 23:00:00
2021-10-17 00:00:00+00:00,17.3871385714,56.2341714285714,11.2,1009.6648399999999,0.8267291999999999,0.8744586000000001,0.0459294,20.1872968,0.306196,0.015309799999999998,Linear (small gap),cruise,2021-10-17 00:00:00
2021-10-17 01:00:00+00:00,17.70364869045,56.3272671428571,11.2,1009.6648399999999,0.8267291999999999,0.8744586000000001,0.0459294,20.1872968,0.306196,0.015309799999999998,Linear (small gap),cruise,2021-10-17 01:00:00
2021-10-17 02:00:00+00:00,18.0201588095,56.4203628571429,11.2,1009.6648399999999,0.8267291999999999,0.8744586000000001,0.0459294,20.1872968,0.306196,0.015309799999999998,Linear (small gap),cruise,2021-10-17 02:00:00
2021-10-17 03:00:00+00:00,18.33666892855,56.5134585714286,11.2,1009.6648399999999,0.8267291999999999,0.8744586000000001,0.0459294,20.1872968,0.306196,0.015309799999999998,Linear (small gap),cruise,2021-10-17 03:00:00
2021-10-17 04:00:00+00:00,18.6531790476,56.6065542857143,11.2,1009.6648399999999,0.8267291999999999,0.8744586000000001,0.0459294,20.1872968,0.306196,0.015309799999999998,Linear (small gap),cruise,2021-10-17 04:00:00
2021-10-17 05:00:00+00:00,18.96968916665,56.69965,11.2,1009.6648399999999,0.8267291999999999,0.8744586000000001,0.0459294,20.1872968,0.306196,0.015309799999999998,Linear (small gap),cruise,2021-10-17 05:00:00
2021-10-17 06:00:00+00:00,19.2861992857,56.7927457142857,11.2,1009.6648399999999,0.8267291999999999,0.8744586000000001,0.0459294,20.1872968,0.306196,0.015309799999999998,Linear (small gap),cruise,2021-10-17 06:00:00
2021-10-17 07:00:00+00:00,19.60270940475,56.8858414285714,11.2,1009.6648399999999,0.8267291999999999,0.8744586000000001,0.0459294,20.1872968,0.306196,0.015309799999999998,Linear (small gap),cruise,2021-10-17 07:00:00
2021-10-17 08:00:00+00:00,19.9192195238,56.9789371428571,11.2,1009.6648399999999,0.8267291999999999,0.8744586000000001,0.0459294,20.1872968,0.306196,0.015309799999999998,Linear (small gap),cruise,2021-10-17 08:00:00
2021-10-17 09:00:00+00:00,20.23572964285,57.0720328571429,11.2,1009.6648399999999,0.8267291999999999,0.8744586000000001,0.0459294,20.1872968,0.306196,0.015309799999999998,Linear (small gap),cruise,2021-10-17 09:00:00
2021-10-17 10:00:00+00:00,20.5522397619,57.1651285714286,11.2,1009.6648399999999,0.8267291999999999,0.8744586000000001,0.0459294,20.1872968,0.306196,0.015309799999999998,Linear (small gap),cruise,2021-10-17 10:00:00
2021-10-17 11:00:00+00:00,20.86874988095,57.2582242857143,11.2,1009.6648399999999,0.8267291999999999,0.8744586000000001,0.0459294,20.1872968,0.306196,0.015309799999999998,Linear (small gap),cruise,2021-10-17 11:00:00
2021-10-17 12:00:00+00:00,21.18526,57.35132,11.2,1009.6648399999999,0.8267291999999999,0.8744586000000001,0.0459294,20.1872968,0.306196,0.015309799999999998,No (reported postion),cruise,2021-10-17 12:00:00
2021-10-17 13:00:00+00:00,21.20618,57.3573666667,7.6,483.84967870897003,0.395209158818912,0.41896522319774,0.0219560643788284,9.6709935741794,0.146373762525523,0.00731868812627614,No (reported postion),cruise,2021-10-17 13:00:00
2021-10-17 14:00:00+00:00,21.42116,57.41528,7.6,464.628388330319,0.379434847565916,0.40231456131957705,0.021079713753661997,9.286567766606389,0.14053142502441301,0.00702657125122066,No (reported postion),cruise,2021-10-17 14:00:00
2021-10-17 15:00:00+00:00,21.5888833333,57.3886133333,4.9,155.09203414007501,0.184933205827433,0.134175166352345,0.0076905099811407,3.41317037839372,0.054714809219967596,0.0036313735575460903,No (reported postion),cruise,2021-10-17 15:00:00
2021-10-17 16:00:00+00:00,21.5905266667,57.3868866667,0.0,41.76,0.0324,0.036,0.0018,0.8292,0.012,0.0006,No (reported postion),anchor,2021-10-17 16:00:00
2021-10-17 17:00:00+00:00,21.5905263889167,57.3868866667,0.0,41.76,0.0324,0.036,0.0018,0.8292,0.012,0.0006,Linear (small gap),anchor,2021-10-17 17:00:00
2021-10-17 18:00:00+00:00,21.5905261111333,57.3868866667,0.0,41.76,0.0324,0.036,0.0018,0.8292,0.012,0.0006,Linear (small gap),anchor,2021-10-17 18:00:00
2021-10-17 19:00:00+00:00,21.59052583335,57.3868866667,0.0,41.76,0.0324,0.036,0.0018,0.8292,0.012,0.0006,Linear (small gap),anchor,2021-10-17 19:00:00
2021-10-17 20:00:00+00:00,21.5905255555667,57.3868866667,0.0,41.76,0.0324,0.036,0.0018,0.8292,0.012,0.0006,Linear (small gap),anchor,2021-10-17 20:00:00
2021-10-17 21:00:00+00:00,21.5905252777833,57.3868866667,0.0,41.76,0.0324,0.036,0.0018,0.8292,0.012,0.0006,Linear (small gap),anchor,2021-10-17 21:00:00
2021-10-17 22:00:00+00:00,21.590525,57.3868866667,0.0,41.76,0.0324,0.036,0.0018,0.8292,0.012,0.0006,Linear (small gap),anchor,2021-10-17 22:00:00
2021-10-17 23:00:00+00:00,21.5905247222167,57.3868866667,0.0,41.76,0.0324,0.036,0.0018,0.8292,0.012,0.0006,Linear (small gap),anchor,2021-10-17 23:00:00
2021-10-18 00:00:00+00:00,21.5905244444333,57.3868866667,0.0,41.76,0.0324,0.036,0.0018,0.8292,0.012,0.0006,Linear (small gap),anchor,2021-10-18 00:00:00
2021-10-18 01:00:00+00:00,21.59052416665,57.3868866667,0.0,41.76,0.0324,0.036,0.0018,0.8292,0.012,0.0006,Linear (small gap),anchor,2021-10-18 01:00:00
2021-10-18 02:00:00+00:00,21.5905238888667,57.3868866667,0.0,41.76,0.0324,0.036,0.0018,0.8292,0.012,0.0006,Linear (small gap),anchor,2021-10-18 02:00:00
2021-10-18 03:00:00+00:00,21.5905236110833,57.3868866667,0.0,41.76,0.0324,0.036,0.0018,0.8292,0.012,0.0006,Linear (small gap),anchor,2021-10-18 03:00:00
2021-10-18 04:00:00+00:00,21.5905233333,57.3868866667,0.0,41.76,0.0324,0.036,0.0018,0.8292,0.012,0.0006,No (reported postion),anchor,2021-10-18 04:00:00
2021-10-18 05:00:00+00:00,21.5905233333,57.3868733333,0.0,41.76,0.0324,0.036,0.0018,0.8292,0.012,0.0006,No (reported postion),anchor,2021-10-18 05:00:00
2021-10-18 06:00:00+00:00,21.590495,57.3869,0.0,41.76,0.0324,0.036,0.0018,0.8292,0.012,0.0006,No (reported postion),anchor,2021-10-18 06:00:00
2021-10-18 07:00:00+00:00,21.59049833334,57.38689733334,0.0,41.76,0.0324,0.036,0.0018,0.8292,0.012,0.0006,Linear (small gap),anchor,2021-10-18 07:00:00
2021-10-18 08:00:00+00:00,21.59050166668,57.38689466668,0.0,41.76,0.0324,0.036,0.0018,0.8292,0.012,0.0006,Linear (small gap),anchor,2021-10-18 08:00:00
2021-10-18 09:00:00+00:00,21.59050500002,57.38689200002,0.0,41.76,0.0324,0.036,0.0018,0.8292,0.012,0.0006,Linear (small gap),anchor,2021-10-18 09:00:00
2021-10-18 10:00:00+00:00,21.59050833336,57.38688933336,0.0,41.76,0.0324,0.036,0.0018,0.8292,0.012,0.0006,Linear (small gap),anchor,2021-10-18 10:00:00
2021-10-18 11:00:00+00:00,21.5905116667,57.3868866667,0.0,41.76,0.0324,0.036,0.0018,0.8292,0.012,0.0006,No (reported postion),anchor,2021-10-18 11:00:00
2021-10-18 12:00:00+00:00,21.59051333336,57.38688933336,0.0,41.76,0.0324,0.036,0.0018,0.8292,0.012,0.0006,Linear (small gap),anchor,2021-10-18 12:00:00
2021-10-18 13:00:00+00:00,21.59051500002,57.38689200002,0.0,41.76,0.0324,0.036,0.0018,0.8292,0.012,0.0006,Linear (small gap),anchor,2021-10-18 13:00:00
2021-10-18 14:00:00+00:00,21.59051666668,57.38689466668,0.0,41.76,0.0324,0.036,0.0018,0.8292,0.012,0.0006,Linear (small gap),anchor,2021-10-18 14:00:00
2021-10-18 15:00:00+00:00,21.59051833334,57.38689733334,0.0,41.76,0.0324,0.036,0.0018,0.8292,0.012,0.0006,Linear (small gap),anchor,2021-10-18 15:00:00
2021-10-18 16:00:00+00:00,21.59052,57.3869,0.0,41.76,0.0324,0.036,0.0018,0.8292,0.012,0.0006,No (reported postion),anchor,2021-10-18 16:00:00
2021-10-18 17:00:00+00:00,21.590515,57.3868866667,0.0,41.76,0.0324,0.036,0.0018,0.8292,0.012,0.0006,No (reported postion),anchor,2021-10-18 17:00:00
2021-10-18 18:00:00+00:00,21.5905033333,57.3869,0.0,41.76,0.0324,0.036,0.0018,0.8292,0.012,0.0006,No (reported postion),anchor,2021-10-18 18:00:00
2021-10-18 19:00:00+00:00,21.57763916665,57.38962,1.25,43.6414578039748,0.0473773191143164,0.0376298342678809,0.0021971648768573,1.00342299264807,0.016168944495737497,0.00120561210164418,Linear (small gap),anchor,2021-10-18 19:00:00
2021-10-18 20:00:00+00:00,21.564775,57.39234,2.5,56.8116624317986,0.15221855291453099,0.0490386741430475,0.0049773190148584,2.22298394118455,0.045351555965900306,0.00544489681315342,Linear (small gap),anchor,2021-10-18 20:00:00
2021-10-18 21:00:00+00:00,21.55191083335,57.39506,3.75,92.55936070732041,0.168307590561044,0.0800055252327851,0.00550572844065559,2.45477954263425,0.0434986917455725,0.00395831639934413,Linear (small gap),cruise,2021-10-18 21:00:00
2021-10-18 22:00:00+00:00,21.5390466667,57.39778,5.0,162.173299454389,0.182605526127907,0.14030939314438,0.00789386454685586,3.5023752478874397,0.055553746611162,0.0035279829654562703,No (reported postion),cruise,2021-10-18 22:00:00
2021-10-18 23:00:00+00:00,21.42378,57.4032,9.0,744.0103624179969,0.608714887090758,0.644332380818022,0.0338174937272643,14.8742072483599,0.225449958181762,0.011272497909088101,No (reported postion),cruise,2021-10-18 23:00:00
2021-10-19 00:00:00+00:00,21.14724,57.3550466667,9.4,878.2353738263851,0.7188691517724131,0.760606326870881,0.0399371750984674,17.5587074765277,0.26624783398978297,0.0133123916994891,No (reported postion),cruise,2021-10-19 00:00:00
2021-10-19 01:00:00+00:00,20.817666,57.29729600002,9.4,878.2353738263851,0.7188691517724131,0.760606326870881,0.0399371750984674,17.5587074765277,0.26624783398978297,0.0133123916994891,Linear (small gap),cruise,2021-10-19 01:00:00
2021-10-19 02:00:00+00:00,20.488092,57.23954533334,9.4,878.2353738263851,0.7188691517724131,0.760606326870881,0.0399371750984674,17.5587074765277,0.26624783398978297,0.0133123916994891,Linear (small gap),cruise,2021-10-19 02:00:00
2021-10-19 03:00:00+00:00,20.158518,57.18179466666,9.4,878.2353738263851,0.7188691517724131,0.760606326870881,0.0399371750984674,17.5587074765277,0.26624783398978297,0.0133123916994891,Linear (small gap),cruise,2021-10-19 03:00:00
2021-10-19 04:00:00+00:00,19.828944,57.12404399998,9.4,878.2353738263851,0.7188691517724131,0.760606326870881,0.0399371750984674,17.5587074765277,0.26624783398978297,0.0133123916994891,Linear (small gap),cruise,2021-10-19 04:00:00
2021-10-19 05:00:00+00:00,19.49937,57.0662933333,9.4,878.2353738263851,0.7188691517724131,0.760606326870881,0.0399371750984674,17.5587074765277,0.26624783398978297,0.0133123916994891,No (reported postion),cruise,2021-10-19 05:00:00
2021-10-19 06:00:00+00:00,19.48231,57.0634333333,10.1,1009.6648399999999,0.8267291999999999,0.8744586000000001,0.0459294,20.1872968,0.306196,0.015309799999999998,No (reported postion),cruise,2021-10-19 06:00:00
2021-10-19 07:00:00+00:00,19.177,57.0116333333,10.1,1009.6648399999999,0.8267291999999999,0.8744586000000001,0.0459294,20.1872968,0.306196,0.015309799999999998,No (reported postion),cruise,2021-10-19 07:00:00
2021-10-19 08:00:00+00:00,18.88586,56.9611733333,9.8,989.627921898812,0.8102855286099669,0.857101391310521,0.045015862700553695,19.7865584379762,0.30010575133702505,0.0150052875668512,No (reported postion),cruise,2021-10-19 08:00:00
2021-10-19 09:00:00+00:00,18.61162,56.8913133333,9.8,989.627921898812,0.8102855286099669,0.857101391310521,0.045015862700553695,19.7865584379762,0.30010575133702505,0.0150052875668512,No (reported postion),cruise,2021-10-19 09:00:00
2021-10-19 10:00:00+00:00,18.36859,56.8083,9.8,989.627921898812,0.8102855286099669,0.857101391310521,0.045015862700553695,19.7865584379762,0.30010575133702505,0.0150052875668512,No (reported postion),cruise,2021-10-19 10:00:00
2021-10-19 11:00:00+00:00,18.10033366666,56.70291333334,9.76,978.068685119494,0.800799224870101,0.8470880706962179,0.0444888458261167,19.5553737023899,0.29659230550744503,0.0148296152753722,Linear (small gap),cruise,2021-10-19 11:00:00
2021-10-19 12:00:00+00:00,17.83207733332,56.59752666668,9.72,966.603808930587,0.79139035991264,0.837156491018897,0.043966131106257696,19.3260761786117,0.29310754070838496,0.014655377035419298,Linear (small gap),cruise,2021-10-19 12:00:00
2021-10-19 13:00:00+00:00,17.56382099998,56.49214000002,9.68,955.2329066083589,0.782058616365523,0.827306317274718,0.043447700909195704,19.0986581321672,0.289651339394638,0.014482566969731901,Linear (small gap),cruise,2021-10-19 13:00:00
2021-10-19 14:00:00+00:00,17.29556466664,56.38675333336,9.64,943.9555914290811,0.772803676856692,0.817537214459842,0.0429335376031496,18.8731118285816,0.286223584020997,0.0143111792010499,Linear (small gap),cruise,2021-10-19 14:00:00
2021-10-19 15:00:00+00:00,17.0273083333,56.2813666667,9.6,932.771476669019,0.7636252240140889,0.807848847570427,0.0424236235563382,18.6494295333804,0.282824157042255,0.0141412078521128,No (reported postion),cruise,2021-10-19 15:00:00
2021-10-19 16:00:00+00:00,16.88301,56.2198866667,9.5,905.2164037284571,0.7410116383181871,0.7839789515580861,0.0411673132398993,18.0983280745691,0.27444875493266196,0.0137224377466331,No (reported postion),cruise,2021-10-19 16:00:00
2021-10-19 17:00:00+00:00,16.7958883333,56.1847666667,9.7,960.906635206371,0.786714867798541,0.832221249342905,0.043706381544363404,19.212132704127402,0.29137587696242295,0.0145687938481211,No (reported postion),cruise,2021-10-19 17:00:00
2021-10-19 18:00:00+00:00,16.5577866667,56.0998266667,9.5,905.2164037284571,0.7410116383181871,0.7839789515580861,0.0411673132398993,18.0983280745691,0.27444875493266196,0.0137224377466331,No (reported postion),cruise,2021-10-19 18:00:00
2021-10-19 19:00:00+00:00,16.3214933333,56.0198666667,9.2,825.97127290451,0.675977640377562,0.715331953731871,0.037554313354309005,16.5134254580902,0.25036208902872703,0.012518104451436298,No (reported postion),cruise,2021-10-19 19:00:00
2021-10-19 20:00:00+00:00,16.082825,55.93982,9.0,775.930833436997,0.634911018322155,0.671983852673386,0.0352728343512309,15.5126166687399,0.235152229008206,0.0117576114504103,No (reported postion),cruise,2021-10-19 20:00:00
2021-10-19 21:00:00+00:00,15.853165,55.86495,9.0,775.930833436997,0.634911018322155,0.671983852673386,0.0352728343512309,15.5126166687399,0.235152229008206,0.0117576114504103,No (reported postion),cruise,2021-10-19 21:00:00
2021-10-19 22:00:00+00:00,15.6168116667,55.78851,9.3,851.822344404503,0.697192805438346,0.73772573907381,0.0387329336354637,17.0304468880901,0.258219557569758,0.0129109778784879,No (reported postion),cruise,2021-10-19 22:00:00
2021-10-19 23:00:00+00:00,15.3820233333,55.7095866667,9.3,851.822344404503,0.697192805438346,0.73772573907381,0.0387329336354637,17.0304468880901,0.258219557569758,0.0129109778784879,No (reported postion),cruise,2021-10-19 23:00:00
2021-10-20 00:00:00+00:00,15.1488566667,55.6302666667,9.0,775.930833436997,0.634911018322155,0.671983852673386,0.0352728343512309,15.5126166687399,0.235152229008206,0.0117576114504103,No (reported postion),cruise,2021-10-20 00:00:00
2021-10-20 01:00:00+00:00,14.9195683333,55.5500066667,9.3,851.822344404503,0.697192805438346,0.73772573907381,0.0387329336354637,17.0304468880901,0.258219557569758,0.0129109778784879,No (reported postion),cruise,2021-10-20 01:00:00
2021-10-20 02:00:00+00:00,14.6994833333,55.4752766667,8.3,617.602713770151,0.504976087288574,0.534830314360162,0.028054227071587397,12.346054275402999,0.18702818047725,0.00935140902386248,No (reported postion),cruise,2021-10-20 02:00:00
2021-10-20 03:00:00+00:00,14.5074266667,55.39515,7.9,538.296150270156,0.439891673473988,0.466130099778098,0.0244384263041104,10.759923005403099,0.16292284202740298,0.00814614210137015,No (reported postion),cruise,2021-10-20 03:00:00
2021-10-20 04:00:00+00:00,14.34721,55.2878566667,8.2,597.038880782565,0.488099993347394,0.517016659644471,0.027116666297077402,11.9347776156513,0.18077777531384998,0.00903888876569248,No (reported postion),cruise,2021-10-20 04:00:00
2021-10-20 05:00:00+00:00,14.1546666667,55.23235,8.4,638.668079096628,0.522263773118814,0.55307842718097,0.0290146540621563,12.767361581932601,0.193431027081042,0.0096715513540521,No (reported postion),cruise,2021-10-20 05:00:00
2021-10-20 06:00:00+00:00,13.91466,55.23758,8.0,557.3916415908669,0.455562745378523,0.482671786788441,0.025309041409918,11.1418328318173,0.168726942732786,0.00843634713663932,No (reported postion),cruise,2021-10-20 06:00:00
2021-10-20 07:00:00+00:00,13.6891883333,55.24816,7.4,449.85827408597197,0.367313477213412,0.389519781503046,0.020406304289634,8.99116548171944,0.13604202859756,0.006802101429878,No (reported postion),cruise,2021-10-20 07:00:00
2021-10-20 08:00:00+00:00,13.4724216667,55.2575933333,7.4,449.85827408597197,0.367313477213412,0.389519781503046,0.020406304289634,8.99116548171944,0.13604202859756,0.006802101429878,No (reported postion),cruise,2021-10-20 08:00:00
2021-10-20 09:00:00+00:00,13.26367,55.26666,7.1,386.537955368159,0.315348474010343,0.33466783367758396,0.0175193596672413,7.7247591073631705,0.116795731114942,0.00583978655574709,No (reported postion),cruise,2021-10-20 09:00:00
2021-10-20 10:00:00+00:00,13.056015,55.2649833333,7.2,417.655466719743,0.34088564138094396,0.361623732568774,0.0189380911878302,8.347109334394851,0.126253941252201,0.00631269706261007,No (reported postion),cruise,2021-10-20 10:00:00
2021-10-20 11:00:00+00:00,12.8520016667,55.2710033333,7.5,466.627380461225,0.381075357825322,0.404046211037839,0.021170853212517902,9.326547609224502,0.141139021416786,0.00705695107083929,No (reported postion),cruise,2021-10-20 11:00:00
2021-10-20 12:00:00+00:00,12.6905166667,55.3469633333,9.6,894.031847248627,0.731832822969998,0.774290202023887,0.040657379053888804,17.874636944972497,0.271049193692592,0.0135524596846296,No (reported postion),cruise,2021-10-20 12:00:00
2021-10-20 13:00:00+00:00,12.71398,55.50161,9.3,816.602242473872,0.668288770419288,0.70721592433147,0.037127153912182596,16.326044849477498,0.247514359414551,0.0123757179707275,No (reported postion),cruise,2021-10-20 13:00:00
2021-10-20 14:00:00+00:00,12.69665,55.64274,8.9,720.86114642449,0.5897170502571799,0.624279108604801,0.0327620583476211,14.411222928489801,0.218413722317474,0.0109206861158737,No (reported postion),cruise,2021-10-20 14:00:00
2021-10-20 15:00:00+00:00,12.7111366667,55.8019433333,9.9,976.4552323783539,0.799475114717798,0.845690398868787,0.044415284150988804,19.5231046475671,0.296101894339925,0.014805094716996299,No (reported postion),cruise,2021-10-20 15:00:00
2021-10-20 16:00:00+00:00,12.711975,55.9600066667,10.1,1009.6648399999999,0.8267291999999999,0.8744586000000001,0.0459294,20.1872968,0.306196,0.015309799999999998,No (reported postion),cruise,2021-10-20 16:00:00
2021-10-20 17:00:00+00:00,12.5816516667,56.10038,9.5,867.674820957655,0.710202436652179,0.7514581275773,0.039455690925120995,17.3474964191531,0.263037939500807,0.0131518969750403,No (reported postion),cruise,2021-10-20 17:00:00
2021-10-20 18:00:00+00:00,12.4249316667,56.22222,9.2,791.875130604314,0.6479960038394069,0.685795781830485,0.035999777991078195,15.8315026120863,0.239998519940521,0.0119999259970261,No (reported postion),cruise,2021-10-20 18:00:00
2021-10-20 19:00:00+00:00,12.3429216667,56.3694933333,9.0,744.0103624179969,0.608714887090758,0.644332380818022,0.0338174937272643,14.8742072483599,0.225449958181762,0.011272497909088101,No (reported postion),cruise,2021-10-20 19:00:00
2021-10-20 20:00:00+00:00,12.29838,56.5151266667,8.9,751.729380352875,0.615049643450688,0.6510190680868371,0.034169424636149304,15.0285876070575,0.227796164240996,0.0113898082120498,No (reported postion),cruise,2021-10-20 20:00:00
2021-10-20 21:00:00+00:00,12.251545,56.6662133333,9.8,989.627921898812,0.8102855286099669,0.857101391310521,0.045015862700553695,19.7865584379762,0.30010575133702505,0.0150052875668512,No (reported postion),cruise,2021-10-20 21:00:00
2021-10-20 22:00:00+00:00,12.1732066667,56.8258466667,10.0,1009.6648399999999,0.8267291999999999,0.8744586000000001,0.0459294,20.1872968,0.306196,0.015309799999999998,No (reported postion),cruise,2021-10-20 22:00:00
2021-10-20 23:00:00+00:00,12.0850383333,56.9702933333,9.3,851.822344404503,0.697192805438346,0.73772573907381,0.0387329336354637,17.0304468880901,0.258219557569758,0.0129109778784879,No (reported postion),cruise,2021-10-20 23:00:00
2021-10-21 00:00:00+00:00,11.9779266667,57.1139666667,9.6,932.771476669019,0.7636252240140889,0.807848847570427,0.0424236235563382,18.6494295333804,0.282824157042255,0.0141412078521128,No (reported postion),cruise,2021-10-21 00:00:00
2021-10-21 01:00:00+00:00,11.860775,57.2636733333,10.1,1009.6648399999999,0.8267291999999999,0.8744586000000001,0.0459294,20.1872968,0.306196,0.015309799999999998,No (reported postion),cruise,2021-10-21 01:00:00
2021-10-21 02:00:00+00:00,11.700425,57.4019466667,9.0,775.930833436997,0.634911018322155,0.671983852673386,0.0352728343512309,15.5126166687399,0.235152229008206,0.0117576114504103,No (reported postion),cruise,2021-10-21 02:00:00
2021-10-21 03:00:00+00:00,11.5481483333,57.53356,9.8,989.627921898812,0.8102855286099669,0.857101391310521,0.045015862700553695,19.7865584379762,0.30010575133702505,0.0150052875668512,No (reported postion),cruise,2021-10-21 03:00:00
2021-10-21 04:00:00+00:00,11.4272533333,57.6753933333,9.2,825.97127290451,0.675977640377562,0.715331953731871,0.037554313354309005,16.5134254580902,0.25036208902872703,0.012518104451436298,No (reported postion),cruise,2021-10-21 04:00:00
2021-10-21 05:00:00+00:00,11.3267166667,57.81696,9.5,905.2164037284571,0.7410116383181871,0.7839789515580861,0.0411673132398993,18.0983280745691,0.27444875493266196,0.0137224377466331,No (reported postion),cruise,2021-10-21 05:00:00
2021-10-21 06:00:00+00:00,11.2326916667,57.9651133333,9.2,825.97127290451,0.675977640377562,0.715331953731871,0.037554313354309005,16.5134254580902,0.25036208902872703,0.012518104451436298,No (reported postion),cruise,2021-10-21 06:00:00
2021-10-21 07:00:00+00:00,11.1502483333,58.1088266667,9.2,825.97127290451,0.675977640377562,0.715331953731871,0.037554313354309005,16.5134254580902,0.25036208902872703,0.012518104451436298,No (reported postion),cruise,2021-10-21 07:00:00
2021-10-21 08:00:00+00:00,11.0502566667,58.2664533333,9.5,905.2164037284571,0.7410116383181871,0.7839789515580861,0.0411673132398993,18.0983280745691,0.27444875493266196,0.0137224377466331,No (reported postion),cruise,2021-10-21 08:00:00
2021-10-21 09:00:00+00:00,10.9501733333,58.4135933333,9.3,851.822344404503,0.697192805438346,0.73772573907381,0.0387329336354637,17.0304468880901,0.258219557569758,0.0129109778784879,No (reported postion),cruise,2021-10-21 09:00:00
2021-10-21 10:00:00+00:00,10.8626016667,58.5563333333,9.2,825.97127290451,0.675977640377562,0.715331953731871,0.037554313354309005,16.5134254580902,0.25036208902872703,0.012518104451436298,No (reported postion),cruise,2021-10-21 10:00:00
2021-10-21 11:00:00+00:00,10.783735,58.6937266667,8.4,638.668079096628,0.522263773118814,0.55307842718097,0.0290146540621563,12.767361581932601,0.193431027081042,0.0096715513540521,No (reported postion),cruise,2021-10-21 11:00:00
2021-10-21 12:00:00+00:00,10.7357133333,58.83814,9.2,825.97127290451,0.675977640377562,0.715331953731871,0.037554313354309005,16.5134254580902,0.25036208902872703,0.012518104451436298,No (reported postion),cruise,2021-10-21 12:00:00
2021-10-21 13:00:00+00:00,10.703155,58.99212,9.9,1018.94137930464,0.8343421653867891,0.882494507908277,0.0463523425214883,20.3728275860929,0.309015616809922,0.015450780840496099,No (reported postion),cruise,2021-10-21 13:00:00
2021-10-21 14:00:00+00:00,10.66484,59.15346,10.0,1005.06639563511,0.8229554006731931,0.870475145155037,0.045719744481844,20.095327912702302,0.304798296545627,0.0152399148272813,No (reported postion),cruise,2021-10-21 14:00:00
2021-10-21 15:00:00+00:00,10.6082366667,59.31218,9.5,867.674820957655,0.710202436652179,0.7514581275773,0.039455690925120995,17.3474964191531,0.263037939500807,0.0131518969750403,No (reported postion),cruise,2021-10-21 15:00:00
2021-10-21 16:00:00+00:00,10.5759033333,59.4656733333,9.6,894.031847248627,0.731832822969998,0.774290202023887,0.040657379053888804,17.874636944972497,0.271049193692592,0.0135524596846296,No (reported postion),cruise,2021-10-21 16:00:00
2021-10-21 17:00:00+00:00,10.6806183333,59.4731466667,0.0,41.76,0.0324,0.036,0.0018,0.8292,0.012,0.0006,No (reported postion),anchor,2021-10-21 17:00:00
2021-10-21 18:00:00+00:00,10.6806183333,59.4731533333,0.0,41.76,0.0324,0.036,0.0018,0.8292,0.012,0.0006,No (reported postion),anchor,2021-10-21 18:00:00
2021-10-21 19:00:00+00:00,10.6806416667,59.47312,0.0,41.76,0.0324,0.036,0.0018,0.8292,0.012,0.0006,No (reported postion),anchor,2021-10-21 19:00:00
2021-10-21 20:00:00+00:00,10.6806233333,59.4731466667,0.0,41.76,0.0324,0.036,0.0018,0.8292,0.012,0.0006,No (reported postion),anchor,2021-10-21 20:00:00
2021-10-21 21:00:00+00:00,10.6805666667,59.4731466667,0.1,41.760963306395595,0.0324076683873865,0.036000834475145196,0.00180020334841695,0.8292892021722359,0.0120021344995818,0.000600310073396042,No (reported postion),anchor,2021-10-21 21:00:00
2021-10-21 22:00:00+00:00,10.6806183333,59.4731533333,0.0,41.76,0.0324,0.036,0.0018,0.8292,0.012,0.0006,No (reported postion),anchor,2021-10-21 22:00:00
2021-10-21 23:00:00+00:00,10.6805866667,59.4731466667,0.0,41.76,0.0324,0.036,0.0018,0.8292,0.012,0.0006,No (reported postion),anchor,2021-10-21 23:00:00
2021-10-22 00:00:00+00:00,10.6805883333,59.4731333333,0.0,41.76,0.0324,0.036,0.0018,0.8292,0.012,0.0006,No (reported postion),anchor,2021-10-22 00:00:00
2021-10-22 01:00:00+00:00,10.6805166667,59.4728933333,0.1,41.760963306395595,0.0324076683873865,0.036000834475145196,0.00180020334841695,0.8292892021722359,0.0120021344995818,0.000600310073396042,No (reported postion),anchor,2021-10-22 01:00:00
2021-10-22 02:00:00+00:00,10.680505,59.47292,0.0,41.76,0.0324,0.036,0.0018,0.8292,0.012,0.0006,No (reported postion),anchor,2021-10-22 02:00:00
2021-10-22 03:00:00+00:00,10.6805166667,59.4729066667,0.1,41.760963306395595,0.0324076683873865,0.036000834475145196,0.00180020334841695,0.8292892021722359,0.0120021344995818,0.000600310073396042,No (reported postion),anchor,2021-10-22 03:00:00
2021-10-22 04:00:00+00:00,10.68052,59.4729066667,0.0,41.76,0.0324,0.036,0.0018,0.8292,0.012,0.0006,No (reported postion),anchor,2021-10-22 04:00:00
2021-10-22 05:00:00+00:00,10.6805266667,59.47292,0.0,41.76,0.0324,0.036,0.0018,0.8292,0.012,0.0006,No (reported postion),anchor,2021-10-22 05:00:00
2021-10-22 06:00:00+00:00,10.6805683333,59.4730333333,0.0,41.76,0.0324,0.036,0.0018,0.8292,0.012,0.0006,No (reported postion),anchor,2021-10-22 06:00:00
2021-10-22 07:00:00+00:00,10.6806,59.47308,0.0,41.76,0.0324,0.036,0.0018,0.8292,0.012,0.0006,No (reported postion),anchor,2021-10-22 07:00:00
2021-10-22 08:00:00+00:00,10.68058,59.4730866667,0.0,41.76,0.0324,0.036,0.0018,0.8292,0.012,0.0006,No (reported postion),anchor,2021-10-22 08:00:00
2021-10-22 09:00:00+00:00,10.6806,59.47306,0.0,41.76,0.0324,0.036,0.0018,0.8292,0.012,0.0006,No (reported postion),anchor,2021-10-22 09:00:00
2021-10-22 10:00:00+00:00,10.6805966667,59.4730866667,0.0,41.76,0.0324,0.036,0.0018,0.8292,0.012,0.0006,No (reported postion),anchor,2021-10-22 10:00:00
2021-10-22 11:00:00+00:00,10.6806066667,59.47306,0.0,41.76,0.0324,0.036,0.0018,0.8292,0.012,0.0006,No (reported postion),anchor,2021-10-22 11:00:00
2021-10-22 12:00:00+00:00,10.6805033333,59.4728533333,0.0,41.76,0.0324,0.036,0.0018,0.8292,0.012,0.0006,No (reported postion),anchor,2021-10-22 12:00:00
2021-10-22 13:00:00+00:00,10.680525,59.4728733333,0.0,41.76,0.0324,0.036,0.0018,0.8292,0.012,0.0006,No (reported postion),anchor,2021-10-22 13:00:00
2021-10-22 14:00:00+00:00,10.680535,59.4728733333,0.0,41.76,0.0324,0.036,0.0018,0.8292,0.012,0.0006,No (reported postion),anchor,2021-10-22 14:00:00
2021-10-22 15:00:00+00:00,10.67974,59.4724066667,2.7,60.72075978528591,0.183336868929069,0.0524249742820866,0.00580250689084531,2.5849663561174796,0.0540133552689163,0.00670317465429113,No (reported postion),anchor,2021-10-22 15:00:00
2021-10-22 16:00:00+00:00,10.5469333333,59.4394133333,10.5,1009.6648399999999,0.8267291999999999,0.8744586000000001,0.0459294,20.1872968,0.306196,0.015309799999999998,No (reported postion),cruise,2021-10-22 16:00:00
2021-10-22 17:00:00+00:00,10.599405,59.26044,10.9,1009.6648399999999,0.8267291999999999,0.8744586000000001,0.0459294,20.1872968,0.306196,0.015309799999999998,No (reported postion),cruise,2021-10-22 17:00:00
2021-10-22 18:00:00+00:00,10.5985566667,59.0856933333,10.7,1009.6648399999999,0.8267291999999999,0.8744586000000001,0.0459294,20.1872968,0.306196,0.015309799999999998,No (reported postion),cruise,2021-10-22 18:00:00
2021-10-22 19:00:00+00:00,10.40956,58.9629466667,9.9,1018.94137930464,0.8343421653867891,0.882494507908277,0.0463523425214883,20.3728275860929,0.309015616809922,0.015450780840496099,No (reported postion),cruise,2021-10-22 19:00:00
2021-10-22 20:00:00+00:00,10.1489,58.8767466667,9.1,800.6761167681079,0.655218697651639,0.693419736410063,0.036401038758424396,16.0075223353622,0.242673591722829,0.012133679586141501,No (reported postion),cruise,2021-10-22 20:00:00
2021-10-22 21:00:00+00:00,9.9024283333,58.7944666667,9.2,825.97127290451,0.675977640377562,0.715331953731871,0.037554313354309005,16.5134254580902,0.25036208902872703,0.012518104451436298,No (reported postion),cruise,2021-10-22 21:00:00
2021-10-22 22:00:00+00:00,9.6351216667,58.7078666667,10.0,1009.6648399999999,0.8267291999999999,0.8744586000000001,0.0459294,20.1872968,0.306196,0.015309799999999998,No (reported postion),cruise,2021-10-22 22:00:00
2021-10-22 23:00:00+00:00,9.3495133333,58.6161933333,10.5,1009.6648399999999,0.8267291999999999,0.8744586000000001,0.0459294,20.1872968,0.306196,0.015309799999999998,No (reported postion),cruise,2021-10-22 23:00:00
2021-10-23 00:00:00+00:00,9.0902283333,58.5019133333,11.1,1009.6648399999999,0.8267291999999999,0.8744586000000001,0.0459294,20.1872968,0.306196,0.015309799999999998,No (reported postion),cruise,2021-10-23 00:00:00
2021-10-23 01:00:00+00:00,8.8495183333,58.3687466667,10.8,1009.6648399999999,0.8267291999999999,0.8744586000000001,0.0459294,20.1872968,0.306196,0.015309799999999998,No (reported postion),cruise,2021-10-23 01:00:00
2021-10-23 02:00:00+00:00,8.6123416667,58.2442466667,10.4,1009.6648399999999,0.8267291999999999,0.8744586000000001,0.0459294,20.1872968,0.306196,0.015309799999999998,No (reported postion),cruise,2021-10-23 02:00:00
2021-10-23 03:00:00+00:00,8.3768366667,58.1233866667,10.4,1009.6648399999999,0.8267291999999999,0.8744586000000001,0.0459294,20.1872968,0.306196,0.015309799999999998,No (reported postion),cruise,2021-10-23 03:00:00
2021-10-23 04:00:00+00:00,8.09665,58.0438333333,10.1,1009.6648399999999,0.8267291999999999,0.8744586000000001,0.0459294,20.1872968,0.306196,0.015309799999999998,No (reported postion),cruise,2021-10-23 04:00:00
2021-10-23 05:00:00+00:00,7.805115,57.98342,10.1,1009.6648399999999,0.8267291999999999,0.8744586000000001,0.0459294,20.1872968,0.306196,0.015309799999999998,No (reported postion),cruise,2021-10-23 05:00:00
2021-10-23 06:00:00+00:00,7.5111733333,57.93622,9.7,920.943738023485,0.753918569198605,0.797602934154083,0.041884364955477996,18.4128747604697,0.279229099703187,0.0139614549851593,No (reported postion),cruise,2021-10-23 06:00:00
2021-10-23 07:00:00+00:00,7.2061933333,57.9368666667,9.5,867.674820957655,0.710202436652179,0.7514581275773,0.039455690925120995,17.3474964191531,0.263037939500807,0.0131518969750403,No (reported postion),cruise,2021-10-23 07:00:00
2021-10-23 08:00:00+00:00,6.9244333333,57.9779466667,9.3,816.602242473872,0.668288770419288,0.70721592433147,0.037127153912182596,16.326044849477498,0.247514359414551,0.0123757179707275,No (reported postion),cruise,2021-10-23 08:00:00
2021-10-23 09:00:00+00:00,6.6478166667,58.0424666667,9.9,976.4552323783539,0.799475114717798,0.845690398868787,0.044415284150988804,19.5231046475671,0.296101894339925,0.014805094716996299,No (reported postion),cruise,2021-10-23 09:00:00
2021-10-23 10:00:00+00:00,6.4060833333,58.1384,9.5,867.674820957655,0.710202436652179,0.7514581275773,0.039455690925120995,17.3474964191531,0.263037939500807,0.0131518969750403,No (reported postion),cruise,2021-10-23 10:00:00
2021-10-23 11:00:00+00:00,6.188875,58.2352733333,9.1,767.679763865147,0.6281396238406981,0.664836269609626,0.034896645768927696,15.3475952773029,0.232644305126185,0.0116322152563092,No (reported postion),cruise,2021-10-23 11:00:00
2021-10-23 12:00:00+00:00,5.9895533333,58.3429333333,9.2,791.875130604314,0.6479960038394069,0.685795781830485,0.035999777991078195,15.8315026120863,0.239998519940521,0.0119999259970261,No (reported postion),cruise,2021-10-23 12:00:00
2021-10-23 13:00:00+00:00,5.7705716667,58.4513933333,10.0,1005.06639563511,0.8229554006731931,0.870475145155037,0.045719744481844,20.095327912702302,0.304798296545627,0.0152399148272813,No (reported postion),cruise,2021-10-23 13:00:00
2021-10-23 14:00:00+00:00,5.5685616667,58.5609733333,8.3,592.566074041014,0.48442930088472297,0.513142039822763,0.0269127389380402,11.8453214808203,0.179418259586934,0.00897091297934672,No (reported postion),cruise,2021-10-23 14:00:00
2021-10-23 15:00:00+00:00,5.4173166667,58.68212,8.8,698.2263360462521,0.571141370007562,0.6046714461190931,0.031730076111531204,13.958526720924999,0.21153384074354198,0.0105766920371771,No (reported postion),cruise,2021-10-23 15:00:00
2021-10-23 16:00:00+00:00,5.2438383333,58.8077866667,9.6,932.771476669019,0.7636252240140889,0.807848847570427,0.0424236235563382,18.6494295333804,0.282824157042255,0.0141412078521128,No (reported postion),cruise,2021-10-23 16:00:00
2021-10-23 17:00:00+00:00,5.0914233333,58.9479466667,10.0,1009.6648399999999,0.8267291999999999,0.8744586000000001,0.0459294,20.1872968,0.306196,0.015309799999999998,No (reported postion),cruise,2021-10-23 17:00:00
2021-10-23 18:00:00+00:00,4.91547,59.0905333333,10.6,1009.6648399999999,0.8267291999999999,0.8744586000000001,0.0459294,20.1872968,0.306196,0.015309799999999998,No (reported postion),cruise,2021-10-23 18:00:00
2021-10-23 19:00:00+00:00,4.7572116667,59.2431533333,10.7,1009.6648399999999,0.8267291999999999,0.8744586000000001,0.0459294,20.1872968,0.306196,0.015309799999999998,No (reported postion),cruise,2021-10-23 19:00:00
2021-10-23 20:00:00+00:00,4.7121333333,59.42042,10.8,1009.6648399999999,0.8267291999999999,0.8744586000000001,0.0459294,20.1872968,0.306196,0.015309799999999998,No (reported postion),cruise,2021-10-23 20:00:00
2021-10-23 21:00:00+00:00,4.6924966667,59.6026533333,11.0,1009.6648399999999,0.8267291999999999,0.8744586000000001,0.0459294,20.1872968,0.306196,0.015309799999999998,No (reported postion),cruise,2021-10-23 21:00:00
2021-10-23 22:00:00+00:00,4.68274,59.7749533333,10.5,1009.6648399999999,0.8267291999999999,0.8744586000000001,0.0459294,20.1872968,0.306196,0.015309799999999998,No (reported postion),cruise,2021-10-23 22:00:00
2021-10-23 23:00:00+00:00,4.6583366667,59.9390733333,9.9,1018.94137930464,0.8343421653867891,0.882494507908277,0.0463523425214883,20.3728275860929,0.309015616809922,0.015450780840496099,No (reported postion),cruise,2021-10-23 23:00:00
2021-10-24 00:00:00+00:00,4.6277833333,60.1048066667,10.2,1009.6648399999999,0.8267291999999999,0.8744586000000001,0.0459294,20.1872968,0.306196,0.015309799999999998,No (reported postion),cruise,2021-10-24 00:00:00
2021-10-24 01:00:00+00:00,4.5847383333,60.2672866667,10.4,1009.6648399999999,0.8267291999999999,0.8744586000000001,0.0459294,20.1872968,0.306196,0.015309799999999998,No (reported postion),cruise,2021-10-24 01:00:00
2021-10-24 02:00:00+00:00,4.535135,60.4305533333,10.0,1009.6648399999999,0.8267291999999999,0.8744586000000001,0.0459294,20.1872968,0.306196,0.015309799999999998,No (reported postion),cruise,2021-10-24 02:00:00
2021-10-24 03:00:00+00:00,4.4931516667,60.5996333333,10.2,1009.6648399999999,0.8267291999999999,0.8744586000000001,0.0459294,20.1872968,0.306196,0.015309799999999998,No (reported postion),cruise,2021-10-24 03:00:00
2021-10-24 04:00:00+00:00,4.470265,60.76332,10.9,1009.6648399999999,0.8267291999999999,0.8744586000000001,0.0459294,20.1872968,0.306196,0.015309799999999998,No (reported postion),cruise,2021-10-24 04:00:00
2021-10-24 05:00:00+00:00,4.4508983333,60.9330266667,10.2,1009.6648399999999,0.8267291999999999,0.8744586000000001,0.0459294,20.1872968,0.306196,0.015309799999999998,No (reported postion),cruise,2021-10-24 05:00:00
2021-10-24 06:00:00+00:00,4.4696933333,61.1041066667,10.5,1009.6648399999999,0.8267291999999999,0.8744586000000001,0.0459294,20.1872968,0.306196,0.015309799999999998,No (reported postion),cruise,2021-10-24 06:00:00
2021-10-24 07:00:00+00:00,4.6696133333,61.23004,9.8,948.4162731206029,0.776464418670404,0.821401330818759,0.0431369121483558,18.9623254624121,0.287579414322372,0.0143789707161186,No (reported postion),cruise,2021-10-24 07:00:00
2021-10-24 08:00:00+00:00,4.8253766667,61.3813866667,11.0,1009.6648399999999,0.8267291999999999,0.8744586000000001,0.0459294,20.1872968,0.306196,0.015309799999999998,No (reported postion),cruise,2021-10-24 08:00:00
2021-10-24 09:00:00+00:00,5.0055733333,61.5388266667,10.5,1009.6648399999999,0.8267291999999999,0.8744586000000001,0.0459294,20.1872968,0.306196,0.015309799999999998,No (reported postion),cruise,2021-10-24 09:00:00
2021-10-24 10:00:00+00:00,4.96264,61.7039533333,10.9,1009.6648399999999,0.8267291999999999,0.8744586000000001,0.0459294,20.1872968,0.306196,0.015309799999999998,No (reported postion),cruise,2021-10-24 10:00:00
2021-10-24 11:00:00+00:00,5.213755,61.82322,10.6,1009.6648399999999,0.8267291999999999,0.8744586000000001,0.0459294,20.1872968,0.306196,0.015309799999999998,No (reported postion),cruise,2021-10-24 11:00:00
2021-10-24 12:00:00+00:00,5.1355333333,61.9417333333,10.8,1009.6648399999999,0.8267291999999999,0.8744586000000001,0.0459294,20.1872968,0.306196,0.015309799999999998,No (reported postion),cruise,2021-10-24 12:00:00
2021-10-24 13:00:00+00:00,5.091985,62.10896,10.3,1009.6648399999999,0.8267291999999999,0.8744586000000001,0.0459294,20.1872968,0.306196,0.015309799999999998,No (reported postion),cruise,2021-10-24 13:00:00
2021-10-24 14:00:00+00:00,5.15963,62.2647466667,10.0,1005.06639563511,0.8229554006731931,0.870475145155037,0.045719744481844,20.095327912702302,0.304798296545627,0.0152399148272813,No (reported postion),cruise,2021-10-24 14:00:00
2021-10-24 15:00:00+00:00,5.3436916667,62.3928733333,9.5,867.674820957655,0.710202436652179,0.7514581275773,0.039455690925120995,17.3474964191531,0.263037939500807,0.0131518969750403,No (reported postion),cruise,2021-10-24 15:00:00
2021-10-24 16:00:00+00:00,5.5648116667,62.5063866667,9.2,825.97127290451,0.675977640377562,0.715331953731871,0.037554313354309005,16.5134254580902,0.25036208902872703,0.012518104451436298,No (reported postion),cruise,2021-10-24 16:00:00
2021-10-24 17:00:00+00:00,5.8008916667,62.6308866667,10.5,1009.6648399999999,0.8267291999999999,0.8744586000000001,0.0459294,20.1872968,0.306196,0.015309799999999998,No (reported postion),cruise,2021-10-24 17:00:00
2021-10-24 18:00:00+00:00,6.0547216667,62.7643666667,11.1,1009.6648399999999,0.8267291999999999,0.8744586000000001,0.0459294,20.1872968,0.306196,0.015309799999999998,No (reported postion),cruise,2021-10-24 18:00:00
2021-10-24 19:00:00+00:00,6.3512266667,62.89026,10.5,1009.6648399999999,0.8267291999999999,0.8744586000000001,0.0459294,20.1872968,0.306196,0.015309799999999998,No (reported postion),cruise,2021-10-24 19:00:00
2021-10-24 20:00:00+00:00,6.6566933333,62.99436,10.7,1009.6648399999999,0.8267291999999999,0.8744586000000001,0.0459294,20.1872968,0.306196,0.015309799999999998,No (reported postion),cruise,2021-10-24 20:00:00
2021-10-24 21:00:00+00:00,6.9625683333,63.0963866667,10.1,1009.6648399999999,0.8267291999999999,0.8744586000000001,0.0459294,20.1872968,0.306196,0.015309799999999998,No (reported postion),cruise,2021-10-24 21:00:00
2021-10-24 22:00:00+00:00,7.2916766667,63.1808666667,10.6,1009.6648399999999,0.8267291999999999,0.8744586000000001,0.0459294,20.1872968,0.306196,0.015309799999999998,No (reported postion),cruise,2021-10-24 22:00:00
2021-10-24 23:00:00+00:00,7.64739,63.23626,10.5,1009.6648399999999,0.8267291999999999,0.8744586000000001,0.0459294,20.1872968,0.306196,0.015309799999999998,No (reported postion),cruise,2021-10-24 23:00:00
2021-10-25 00:00:00+00:00,8.02764,63.2359266667,10.8,1009.6648399999999,0.8267291999999999,0.8744586000000001,0.0459294,20.1872968,0.306196,0.015309799999999998,No (reported postion),cruise,2021-10-25 00:00:00
2021-10-25 01:00:00+00:00,8.3449333333,63.3419133333,10.7,1009.6648399999999,0.8267291999999999,0.8744586000000001,0.0459294,20.1872968,0.306196,0.015309799999999998,No (reported postion),cruise,2021-10-25 01:00:00
2021-10-25 02:00:00+00:00,8.6828916667,63.4206733333,10.5,1009.6648399999999,0.8267291999999999,0.8744586000000001,0.0459294,20.1872968,0.306196,0.015309799999999998,No (reported postion),cruise,2021-10-25 02:00:00
2021-10-25 03:00:00+00:00,9.0357616667,63.48706,9.8,948.4162731206029,0.776464418670404,0.821401330818759,0.0431369121483558,18.9623254624121,0.287579414322372,0.0143789707161186,No (reported postion),cruise,2021-10-25 03:00:00
2021-10-25 04:00:00+00:00,9.3772766667,63.5715666667,10.6,1009.6648399999999,0.8267291999999999,0.8744586000000001,0.0459294,20.1872968,0.306196,0.015309799999999998,No (reported postion),cruise,2021-10-25 04:00:00
2021-10-25 05:00:00+00:00,9.701405,63.65102,9.5,867.674820957655,0.710202436652179,0.7514581275773,0.039455690925120995,17.3474964191531,0.263037939500807,0.0131518969750403,No (reported postion),cruise,2021-10-25 05:00:00
2021-10-25 06:00:00+00:00,9.86288,63.5429333333,9.3,816.602242473872,0.668288770419288,0.70721592433147,0.037127153912182596,16.326044849477498,0.247514359414551,0.0123757179707275,No (reported postion),cruise,2021-10-25 06:00:00
2021-10-25 07:00:00+00:00,10.147355,63.4670466667,9.5,867.674820957655,0.710202436652179,0.7514581275773,0.039455690925120995,17.3474964191531,0.263037939500807,0.0131518969750403,No (reported postion),cruise,2021-10-25 07:00:00
2021-10-25 08:00:00+00:00,10.367335,63.4327933333,0.0,41.76,0.0324,0.036,0.0018,0.8292,0.012,0.0006,No (reported postion),anchor,2021-10-25 08:00:00
2021-10-25 09:00:00+00:00,10.3673916667,63.4328466667,0.0,41.76,0.0324,0.036,0.0018,0.8292,0.012,0.0006,No (reported postion),anchor,2021-10-25 09:00:00
2021-10-25 10:00:00+00:00,10.367375,63.4328266667,0.0,41.76,0.0324,0.036,0.0018,0.8292,0.012,0.0006,No (reported postion),anchor,2021-10-25 10:00:00
2021-10-25 11:00:00+00:00,10.3674,63.43284,0.0,41.76,0.0324,0.036,0.0018,0.8292,0.012,0.0006,No (reported postion),anchor,2021-10-25 11:00:00
2021-10-25 12:00:00+00:00,10.3673116667,63.4327866667,0.0,41.76,0.0324,0.036,0.0018,0.8292,0.012,0.0006,No (reported postion),anchor,2021-10-25 12:00:00
2021-10-25 13:00:00+00:00,10.3675283333,63.4327733333,0.0,41.76,0.0324,0.036,0.0018,0.8292,0.012,0.0006,No (reported postion),anchor,2021-10-25 13:00:00
2021-10-25 14:00:00+00:00,10.367525,63.4327866667,0.1,41.760963306395595,0.0324076683873865,0.036000834475145196,0.00180020334841695,0.8292892021722359,0.0120021344995818,0.000600310073396042,No (reported postion),anchor,2021-10-25 14:00:00
2021-10-25 15:00:00+00:00,10.3675416667,63.43278,0.0,41.76,0.0324,0.036,0.0018,0.8292,0.012,0.0006,No (reported postion),anchor,2021-10-25 15:00:00
2021-10-25 16:00:00+00:00,10.3671466667,63.4327666667,0.0,41.76,0.0324,0.036,0.0018,0.8292,0.012,0.0006,No (reported postion),anchor,2021-10-25 16:00:00
2021-10-25 17:00:00+00:00,10.3670666667,63.4329133333,0.0,41.76,0.0324,0.036,0.0018,0.8292,0.012,0.0006,No (reported postion),anchor,2021-10-25 17:00:00
2021-10-25 18:00:00+00:00,10.36709,63.4328933333,0.0,41.76,0.0324,0.036,0.0018,0.8292,0.012,0.0006,No (reported postion),anchor,2021-10-25 18:00:00
2021-10-25 19:00:00+00:00,10.338655,63.4514666667,10.5,1009.6648399999999,0.8267291999999999,0.8744586000000001,0.0459294,20.1872968,0.306196,0.015309799999999998,No (reported postion),cruise,2021-10-25 19:00:00
2021-10-25 20:00:00+00:00,9.936605,63.49422,11.5,1009.6648399999999,0.8267291999999999,0.8744586000000001,0.0459294,20.1872968,0.306196,0.015309799999999998,No (reported postion),cruise,2021-10-25 20:00:00
2021-10-25 21:00:00+00:00,9.736905,63.6555666667,10.5,1009.6648399999999,0.8267291999999999,0.8744586000000001,0.0459294,20.1872968,0.306196,0.015309799999999998,No (reported postion),cruise,2021-10-25 21:00:00
2021-10-25 22:00:00+00:00,9.3567666667,63.56988,10.9,1009.6648399999999,0.8267291999999999,0.8744586000000001,0.0459294,20.1872968,0.306196,0.015309799999999998,No (reported postion),cruise,2021-10-25 22:00:00
2021-10-25 23:00:00+00:00,9.025425,63.4880866667,11.0,1009.6648399999999,0.8267291999999999,0.8744586000000001,0.0459294,20.1872968,0.306196,0.015309799999999998,No (reported postion),cruise,2021-10-25 23:00:00
2021-10-26 00:00:00+00:00,8.645175,63.42468,10.7,1009.6648399999999,0.8267291999999999,0.8744586000000001,0.0459294,20.1872968,0.306196,0.015309799999999998,No (reported postion),cruise,2021-10-26 00:00:00
2021-10-26 01:00:00+00:00,8.3061616667,63.3346333333,10.2,1009.6648399999999,0.8267291999999999,0.8744586000000001,0.0459294,20.1872968,0.306196,0.015309799999999998,No (reported postion),cruise,2021-10-26 01:00:00
2021-10-26 02:00:00+00:00,7.9931416667,63.24004,10.5,1009.6648399999999,0.8267291999999999,0.8744586000000001,0.0459294,20.1872968,0.306196,0.015309799999999998,No (reported postion),cruise,2021-10-26 02:00:00
2021-10-26 03:00:00+00:00,7.6203316667,63.2455133333,10.1,1009.6648399999999,0.8267291999999999,0.8744586000000001,0.0459294,20.1872968,0.306196,0.015309799999999998,No (reported postion),cruise,2021-10-26 03:00:00
2021-10-26 04:00:00+00:00,7.278065,63.1875733333,9.9,1018.94137930464,0.8343421653867891,0.882494507908277,0.0463523425214883,20.3728275860929,0.309015616809922,0.015450780840496099,No (reported postion),cruise,2021-10-26 04:00:00
2021-10-26 05:00:00+00:00,6.9908333333,63.0882666667,10.5,1009.6648399999999,0.8267291999999999,0.8744586000000001,0.0459294,20.1872968,0.306196,0.015309799999999998,No (reported postion),cruise,2021-10-26 05:00:00
2021-10-26 06:00:00+00:00,6.696295,62.9787266667,10.0,1005.06639563511,0.8229554006731931,0.870475145155037,0.045719744481844,20.095327912702302,0.304798296545627,0.0152399148272813,No (reported postion),cruise,2021-10-26 06:00:00
2021-10-26 07:00:00+00:00,6.4099983333,62.89308,8.4,612.715553918514,0.500965348200604,0.530596756433971,0.0278314082333669,12.2483110783703,0.185542721555779,0.00927713607778897,No (reported postion),cruise,2021-10-26 07:00:00
2021-10-26 08:00:00+00:00,6.14949,62.8051133333,9.3,816.602242473872,0.668288770419288,0.70721592433147,0.037127153912182596,16.326044849477498,0.247514359414551,0.0123757179707275,No (reported postion),cruise,2021-10-26 08:00:00
2021-10-26 09:00:00+00:00,5.93598,62.6953066667,8.6,682.327576999455,0.558093756200161,0.590898964877947,0.0310052086777867,13.640551539989099,0.206701391185245,0.0103350695592622,No (reported postion),cruise,2021-10-26 09:00:00
2021-10-26 10:00:00+00:00,5.72452,62.5841733333,9.3,851.822344404503,0.697192805438346,0.73772573907381,0.0387329336354637,17.0304468880901,0.258219557569758,0.0129109778784879,No (reported postion),cruise,2021-10-26 10:00:00
2021-10-26 11:00:00+00:00,5.4933,62.4751466667,8.8,698.2263360462521,0.571141370007562,0.6046714461190931,0.031730076111531204,13.958526720924999,0.21153384074354198,0.0105766920371771,No (reported postion),cruise,2021-10-26 11:00:00
2021-10-26 12:00:00+00:00,5.2754316667,62.3619933333,8.6,682.327576999455,0.558093756200161,0.590898964877947,0.0310052086777867,13.640551539989099,0.206701391185245,0.0103350695592622,No (reported postion),cruise,2021-10-26 12:00:00
2021-10-26 13:00:00+00:00,5.1252483333,62.2370333333,8.2,572.896320748541,0.468286950158377,0.49610289183384204,0.0260159416754654,11.4519264149708,0.173439611169769,0.00867198055848846,No (reported postion),cruise,2021-10-26 13:00:00
2021-10-26 14:00:00+00:00,5.0984533333,62.0991866667,10.1,1009.6648399999999,0.8267291999999999,0.8744586000000001,0.0459294,20.1872968,0.306196,0.015309799999999998,No (reported postion),cruise,2021-10-26 14:00:00
2021-10-26 15:00:00+00:00,5.1241666667,61.93566,9.9,976.4552323783539,0.799475114717798,0.845690398868787,0.044415284150988804,19.5231046475671,0.296101894339925,0.014805094716996299,No (reported postion),cruise,2021-10-26 15:00:00
2021-10-26 16:00:00+00:00,5.196275,61.82248,10.6,1009.6648399999999,0.8267291999999999,0.8744586000000001,0.0459294,20.1872968,0.306196,0.015309799999999998,No (reported postion),cruise,2021-10-26 16:00:00
2021-10-26 17:00:00+00:00,4.9589916667,61.7032666667,10.2,1009.6648399999999,0.8267291999999999,0.8744586000000001,0.0459294,20.1872968,0.306196,0.015309799999999998,No (reported postion),cruise,2021-10-26 17:00:00
2021-10-26 18:00:00+00:00,4.999685,61.5507466667,9.6,894.031847248627,0.731832822969998,0.774290202023887,0.040657379053888804,17.874636944972497,0.271049193692592,0.0135524596846296,No (reported postion),cruise,2021-10-26 18:00:00
2021-10-26 19:00:00+00:00,4.8424533333,61.40896,10.2,1009.6648399999999,0.8267291999999999,0.8744586000000001,0.0459294,20.1872968,0.306196,0.015309799999999998,No (reported postion),cruise,2021-10-26 19:00:00
2021-10-26 20:00:00+00:00,4.7334766667,61.25218,10.0,1005.06639563511,0.8229554006731931,0.870475145155037,0.045719744481844,20.095327912702302,0.304798296545627,0.0152399148272813,No (reported postion),cruise,2021-10-26 20:00:00
2021-10-26 21:00:00+00:00,4.73346,61.09522,10.3,1009.6648399999999,0.8267291999999999,0.8744586000000001,0.0459294,20.1872968,0.306196,0.015309799999999998,No (reported postion),cruise,2021-10-26 21:00:00
2021-10-26 22:00:00+00:00,4.7554266667,60.94682,8.7,676.100151444908,0.552983103009499,0.585504386510027,0.0307212835005277,13.516003028898199,0.204808556670185,0.010240427833509199,No (reported postion),cruise,2021-10-26 22:00:00
2021-10-26 23:00:00+00:00,4.740915,60.8010733333,9.2,791.875130604314,0.6479960038394069,0.685795781830485,0.035999777991078195,15.8315026120863,0.239998519940521,0.0119999259970261,No (reported postion),cruise,2021-10-26 23:00:00
2021-10-27 00:00:00+00:00,4.8618466667,60.6615466667,10.0,1005.06639563511,0.8229554006731931,0.870475145155037,0.045719744481844,20.095327912702302,0.304798296545627,0.0152399148272813,No (reported postion),cruise,2021-10-27 00:00:00
2021-10-27 01:00:00+00:00,5.1448,60.5948866667,10.4,1009.6648399999999,0.8267291999999999,0.8744586000000001,0.0459294,20.1872968,0.306196,0.015309799999999998,No (reported postion),cruise,2021-10-27 01:00:00
2021-10-27 02:00:00+00:00,5.4041516667,60.4942066667,9.7,920.943738023485,0.753918569198605,0.797602934154083,0.041884364955477996,18.4128747604697,0.279229099703187,0.0139614549851593,No (reported postion),cruise,2021-10-27 02:00:00
2021-10-27 03:00:00+00:00,5.6751066667,60.4634733333,10.6,1009.6648399999999,0.8267291999999999,0.8744586000000001,0.0459294,20.1872968,0.306196,0.015309799999999998,No (reported postion),cruise,2021-10-27 03:00:00
2021-10-27 04:00:00+00:00,5.70571833335,60.46923,5.35,189.271469603503,0.192196619351637,0.16378349190577002,0.00892897375895349,3.95644315559427,0.061768307373826305,0.00364886928055873,Linear (small gap),cruise,2021-10-27 04:00:00
2021-10-27 05:00:00+00:00,5.73633,60.4749866667,0.1,41.760963306395595,0.0324076683873865,0.036000834475145196,0.00180020334841695,0.8292892021722359,0.0120021344995818,0.000600310073396042,No (reported postion),anchor,2021-10-27 05:00:00
2021-10-27 06:00:00+00:00,5.7363333333,60.4749866667,0.0,41.76,0.0324,0.036,0.0018,0.8292,0.012,0.0006,No (reported postion),anchor,2021-10-27 06:00:00
2021-10-27 07:00:00+00:00,5.7363316667,60.4749866667,0.0,41.76,0.0324,0.036,0.0018,0.8292,0.012,0.0006,No (reported postion),anchor,2021-10-27 07:00:00
2021-10-27 08:00:00+00:00,5.7363066667,60.4749666667,0.0,41.76,0.0324,0.036,0.0018,0.8292,0.012,0.0006,No (reported postion),anchor,2021-10-27 08:00:00
2021-10-27 09:00:00+00:00,5.73644,60.47508,0.1,41.760963306395595,0.0324076683873865,0.036000834475145196,0.00180020334841695,0.8292892021722359,0.0120021344995818,0.000600310073396042,No (reported postion),anchor,2021-10-27 09:00:00
2021-10-27 10:00:00+00:00,5.7364783333,60.47508,0.0,41.76,0.0324,0.036,0.0018,0.8292,0.012,0.0006,No (reported postion),anchor,2021-10-27 10:00:00
2021-10-27 11:00:00+00:00,5.6379066667,60.4579866667,11.4,1009.6648399999999,0.8267291999999999,0.8744586000000001,0.0459294,20.1872968,0.306196,0.015309799999999998,No (reported postion),cruise,2021-10-27 11:00:00
2021-10-27 12:00:00+00:00,5.3659583333,60.51386,10.9,1009.6648399999999,0.8267291999999999,0.8744586000000001,0.0459294,20.1872968,0.306196,0.015309799999999998,No (reported postion),cruise,2021-10-27 12:00:00
2021-10-27 13:00:00+00:00,5.2657466667,60.39736,4.1,108.15204009356799,0.184960432555432,0.0935128614792303,0.0061891394286781,2.75456916271346,0.048122112999235904,0.00415167144573492,No (reported postion),cruise,2021-10-27 13:00:00
2021-10-27 14:00:00+00:00,5.2694433333,60.3943266667,0.0,41.76,0.0324,0.036,0.0018,0.8292,0.012,0.0006,No (reported postion),anchor,2021-10-27 14:00:00
2021-10-27 15:00:00+00:00,5.2694366667,60.3943066667,0.1,41.760963306395595,0.0324076683873865,0.036000834475145196,0.00180020334841695,0.8292892021722359,0.0120021344995818,0.000600310073396042,No (reported postion),anchor,2021-10-27 15:00:00
2021-10-27 16:00:00+00:00,5.2694416667,60.3942933333,0.0,41.76,0.0324,0.036,0.0018,0.8292,0.012,0.0006,No (reported postion),anchor,2021-10-27 16:00:00
2021-10-27 17:00:00+00:00,5.2694433333,60.3943066667,0.0,41.76,0.0324,0.036,0.0018,0.8292,0.012,0.0006,No (reported postion),anchor,2021-10-27 17:00:00
2021-10-27 18:00:00+00:00,5.269455,60.3943066667,0.0,41.76,0.0324,0.036,0.0018,0.8292,0.012,0.0006,No (reported postion),anchor,2021-10-27 18:00:00
2021-10-27 19:00:00+00:00,5.269455,60.3943133333,0.0,41.76,0.0324,0.036,0.0018,0.8292,0.012,0.0006,No (reported postion),anchor,2021-10-27 19:00:00
2021-10-27 20:00:00+00:00,5.26946,60.3942933333,0.0,41.76,0.0324,0.036,0.0018,0.8292,0.012,0.0006,No (reported postion),anchor,2021-10-27 20:00:00
2021-10-27 21:00:00+00:00,5.2694616667,60.3943133333,0.0,41.76,0.0324,0.036,0.0018,0.8292,0.012,0.0006,No (reported postion),anchor,2021-10-27 21:00:00
2021-10-27 22:00:00+00:00,5.2694566667,60.3943133333,0.0,41.76,0.0324,0.036,0.0018,0.8292,0.012,0.0006,No (reported postion),anchor,2021-10-27 22:00:00
2021-10-27 23:00:00+00:00,5.2694566667,60.3943066667,0.0,41.76,0.0324,0.036,0.0018,0.8292,0.012,0.0006,No (reported postion),anchor,2021-10-27 23:00:00
2021-10-28 00:00:00+00:00,5.2694383333,60.3943066667,0.0,41.76,0.0324,0.036,0.0018,0.8292,0.012,0.0006,No (reported postion),anchor,2021-10-28 00:00:00
2021-10-28 01:00:00+00:00,5.269445,60.3943333333,0.1,41.760963306395595,0.0324076683873865,0.036000834475145196,0.00180020334841695,0.8292892021722359,0.0120021344995818,0.000600310073396042,No (reported postion),anchor,2021-10-28 01:00:00
2021-10-28 02:00:00+00:00,5.2694333333,60.3943066667,0.0,41.76,0.0324,0.036,0.0018,0.8292,0.012,0.0006,No (reported postion),anchor,2021-10-28 02:00:00
2021-10-28 03:00:00+00:00,5.2694516667,60.39432,0.0,41.76,0.0324,0.036,0.0018,0.8292,0.012,0.0006,No (reported postion),anchor,2021-10-28 03:00:00
2021-10-28 04:00:00+00:00,5.2694466667,60.3943066667,0.0,41.76,0.0324,0.036,0.0018,0.8292,0.012,0.0006,No (reported postion),anchor,2021-10-28 04:00:00
2021-10-28 05:00:00+00:00,5.2694466667,60.3942933333,0.0,41.76,0.0324,0.036,0.0018,0.8292,0.012,0.0006,No (reported postion),anchor,2021-10-28 05:00:00
2021-10-28 06:00:00+00:00,5.2694516667,60.3943133333,0.0,41.76,0.0324,0.036,0.0018,0.8292,0.012,0.0006,No (reported postion),anchor,2021-10-28 06:00:00
2021-10-28 07:00:00+00:00,5.2694516667,60.3943066667,0.1,41.760963306395595,0.0324076683873865,0.036000834475145196,0.00180020334841695,0.8292892021722359,0.0120021344995818,0.000600310073396042,No (reported postion),anchor,2021-10-28 07:00:00
2021-10-28 08:00:00+00:00,5.2694516667,60.3943066667,0.0,41.76,0.0324,0.036,0.0018,0.8292,0.012,0.0006,No (reported postion),anchor,2021-10-28 08:00:00
2021-10-28 09:00:00+00:00,5.2694516667,60.3943066667,0.0,41.76,0.0324,0.036,0.0018,0.8292,0.012,0.0006,No (reported postion),anchor,2021-10-28 09:00:00
2021-10-28 10:00:00+00:00,5.269445,60.3943133333,0.0,41.76,0.0324,0.036,0.0018,0.8292,0.012,0.0006,No (reported postion),anchor,2021-10-28 10:00:00
2021-10-28 11:00:00+00:00,5.2694516667,60.39428,0.0,41.76,0.0324,0.036,0.0018,0.8292,0.012,0.0006,No (reported postion),anchor,2021-10-28 11:00:00
2021-10-28 12:00:00+00:00,5.26947,60.3942933333,0.1,41.760963306395595,0.0324076683873865,0.036000834475145196,0.00180020334841695,0.8292892021722359,0.0120021344995818,0.000600310073396042,No (reported postion),anchor,2021-10-28 12:00:00
2021-10-28 13:00:00+00:00,5.1666616667,60.3653666667,8.7,676.100151444908,0.552983103009499,0.585504386510027,0.0307212835005277,13.516003028898199,0.204808556670185,0.010240427833509199,No (reported postion),cruise,2021-10-28 13:00:00
2021-10-28 14:00:00+00:00,5.1658183333,60.2265466667,8.8,698.2263360462521,0.571141370007562,0.6046714461190931,0.031730076111531204,13.958526720924999,0.21153384074354198,0.0105766920371771,No (reported postion),cruise,2021-10-28 14:00:00
2021-10-28 15:00:00+00:00,5.30896,60.0895266667,9.7,920.943738023485,0.753918569198605,0.797602934154083,0.041884364955477996,18.4128747604697,0.279229099703187,0.0139614549851593,No (reported postion),cruise,2021-10-28 15:00:00
2021-10-28 16:00:00+00:00,5.408505,59.9603,9.1,767.679763865147,0.6281396238406981,0.664836269609626,0.034896645768927696,15.3475952773029,0.232644305126185,0.0116322152563092,No (reported postion),cruise,2021-10-28 16:00:00
2021-10-28 17:00:00+00:00,5.5440866667,59.8327466667,9.4,841.866879312195,0.689022666912743,0.729101703963451,0.038279037050707995,16.831337586243897,0.255193580338053,0.0127596790169027,No (reported postion),cruise,2021-10-28 17:00:00
2021-10-28 18:00:00+00:00,5.4252116667,59.7040666667,8.5,633.350540219414,0.517899835438425,0.5484720485183371,0.0287722130799125,12.6610108043883,0.19181475386608302,0.009590737693304159,No (reported postion),cruise,2021-10-28 18:00:00
2021-10-28 19:00:00+00:00,5.261755,59.59142,8.2,572.896320748541,0.468286950158377,0.49610289183384204,0.0260159416754654,11.4519264149708,0.173439611169769,0.00867198055848846,No (reported postion),cruise,2021-10-28 19:00:00
2021-10-28 20:00:00+00:00,5.2158566667,59.4606266667,8.4,612.715553918514,0.500965348200604,0.530596756433971,0.0278314082333669,12.2483110783703,0.185542721555779,0.00927713607778897,No (reported postion),cruise,2021-10-28 20:00:00
2021-10-28 21:00:00+00:00,5.3205666667,59.3320333333,9.3,816.602242473872,0.668288770419288,0.70721592433147,0.037127153912182596,16.326044849477498,0.247514359414551,0.0123757179707275,No (reported postion),cruise,2021-10-28 21:00:00
2021-10-28 22:00:00+00:00,5.3379166667,59.1866466667,8.1,553.70051420272,0.45253355268916196,0.47947430561633797,0.0251407529271757,11.0680102840544,0.167605019514505,0.00838025097572523,No (reported postion),cruise,2021-10-28 22:00:00
2021-10-28 23:00:00+00:00,5.5090666667,59.09842,9.1,767.679763865147,0.6281396238406981,0.664836269609626,0.034896645768927696,15.3475952773029,0.232644305126185,0.0116322152563092,No (reported postion),cruise,2021-10-28 23:00:00
2021-10-29 00:00:00+00:00,5.5454833333,58.9575133333,8.6,654.476812782087,0.5352375059305879,0.566772922926732,0.0297354169961438,13.0835362556417,0.198236113307625,0.00991180566538127,No (reported postion),cruise,2021-10-29 00:00:00
2021-10-29 01:00:00+00:00,5.4684116667,58.8312733333,7.8,498.898976661434,0.407559646500265,0.432001849083613,0.022642202583348103,9.97197953322868,0.15094801722232,0.00754740086111602,No (reported postion),cruise,2021-10-29 01:00:00
2021-10-29 02:00:00+00:00,5.4405383333,58.7198066667,7.5,448.154885658563,0.365915559659003,0.388044201862281,0.020328642203278,8.95709771317126,0.135524281355186,0.006776214067759321,No (reported postion),cruise,2021-10-29 02:00:00
2021-10-29 03:00:00+00:00,5.5407266667,58.6056266667,7.7,481.54115871848495,0.393314628735535,0.416965441443065,0.0218508127075297,9.6248231743697,0.145672084716865,0.00728360423584324,No (reported postion),cruise,2021-10-29 03:00:00
2021-10-29 04:00:00+00:00,5.6723466667,58.49594,8.1,553.70051420272,0.45253355268916196,0.47947430561633797,0.0251407529271757,11.0680102840544,0.167605019514505,0.00838025097572523,No (reported postion),cruise,2021-10-29 04:00:00
2021-10-29 05:00:00+00:00,5.8421233333,58.39536,8.0,534.9728745651779,0.437164365144675,0.46325127431937896,0.0242869091747041,10.6934574913036,0.161912727831361,0.00809563639156805,No (reported postion),cruise,2021-10-29 05:00:00
2021-10-29 06:00:00+00:00,6.0284183333,58.3019266667,8.1,553.70051420272,0.45253355268916196,0.47947430561633797,0.0251407529271757,11.0680102840544,0.167605019514505,0.00838025097572523,No (reported postion),cruise,2021-10-29 06:00:00
2021-10-29 07:00:00+00:00,6.2107866667,58.2096733333,8.0,557.3916415908669,0.455562745378523,0.482671786788441,0.025309041409918,11.1418328318173,0.168726942732786,0.00843634713663932,No (reported postion),cruise,2021-10-29 07:00:00
2021-10-29 08:00:00+00:00,6.39912,58.11748,8.2,572.896320748541,0.468286950158377,0.49610289183384204,0.0260159416754654,11.4519264149708,0.173439611169769,0.00867198055848846,No (reported postion),cruise,2021-10-29 08:00:00
2021-10-29 09:00:00+00:00,6.5995216667,58.0355466667,8.0,534.9728745651779,0.437164365144675,0.46325127431937896,0.0242869091747041,10.6934574913036,0.161912727831361,0.00809563639156805,No (reported postion),cruise,2021-10-29 09:00:00
2021-10-29 10:00:00+00:00,6.849565,57.98806,8.7,676.100151444908,0.552983103009499,0.585504386510027,0.0307212835005277,13.516003028898199,0.204808556670185,0.010240427833509199,No (reported postion),cruise,2021-10-29 10:00:00
2021-10-29 11:00:00+00:00,7.0985616667,57.93696,8.2,572.896320748541,0.468286950158377,0.49610289183384204,0.0260159416754654,11.4519264149708,0.173439611169769,0.00867198055848846,No (reported postion),cruise,2021-10-29 11:00:00
2021-10-29 12:00:00+00:00,7.3491566667,57.9062733333,8.0,557.3916415908669,0.455562745378523,0.482671786788441,0.025309041409918,11.1418328318173,0.168726942732786,0.00843634713663932,No (reported postion),cruise,2021-10-29 12:00:00
2021-10-29 13:00:00+00:00,7.6064666667,57.90126,8.3,592.566074041014,0.48442930088472297,0.513142039822763,0.0269127389380402,11.8453214808203,0.179418259586934,0.00897091297934672,No (reported postion),cruise,2021-10-29 13:00:00
2021-10-29 14:00:00+00:00,7.8487116667,57.8922133333,7.4,449.85827408597197,0.367313477213412,0.389519781503046,0.020406304289634,8.99116548171944,0.13604202859756,0.006802101429878,No (reported postion),cruise,2021-10-29 14:00:00
2021-10-29 15:00:00+00:00,8.073115,57.8763133333,7.3,433.536317024911,0.35391855804476,0.375380700158358,0.0196621421135978,8.66472634049822,0.13108094742398502,0.00655404737119926,No (reported postion),cruise,2021-10-29 15:00:00
2021-10-29 16:00:00+00:00,8.3134483333,57.87042,8.1,576.970537575571,0.471630532356851,0.499632228598899,0.026201696242047302,11.533410751511399,0.174677974946982,0.0087338987473491,No (reported postion),cruise,2021-10-29 16:00:00
2021-10-29 17:00:00+00:00,8.58934,57.85822,9.2,825.97127290451,0.675977640377562,0.715331953731871,0.037554313354309005,16.5134254580902,0.25036208902872703,0.012518104451436298,No (reported postion),cruise,2021-10-29 17:00:00
2021-10-29 18:00:00+00:00,8.8871816667,57.8518733333,9.8,989.627921898812,0.8102855286099669,0.857101391310521,0.045015862700553695,19.7865584379762,0.30010575133702505,0.0150052875668512,No (reported postion),cruise,2021-10-29 18:00:00
2021-10-29 19:00:00+00:00,9.1961883333,57.85428,10.3,1009.6648399999999,0.8267291999999999,0.8744586000000001,0.0459294,20.1872968,0.306196,0.015309799999999998,No (reported postion),cruise,2021-10-29 19:00:00
2021-10-29 20:00:00+00:00,9.5062533333,57.85218,9.9,1018.94137930464,0.8343421653867891,0.882494507908277,0.0463523425214883,20.3728275860929,0.309015616809922,0.015450780840496099,No (reported postion),cruise,2021-10-29 20:00:00
2021-10-29 21:00:00+00:00,9.8148716667,57.8305266667,10.0,1009.6648399999999,0.8267291999999999,0.8744586000000001,0.0459294,20.1872968,0.306196,0.015309799999999998,No (reported postion),cruise,2021-10-29 21:00:00
2021-10-29 22:00:00+00:00,10.1203833333,57.81246,10.0,1009.6648399999999,0.8267291999999999,0.8744586000000001,0.0459294,20.1872968,0.306196,0.015309799999999998,No (reported postion),cruise,2021-10-29 22:00:00
2021-10-29 23:00:00+00:00,10.4327333333,57.7964933333,10.5,1009.6648399999999,0.8267291999999999,0.8744586000000001,0.0459294,20.1872968,0.306196,0.015309799999999998,No (reported postion),cruise,2021-10-29 23:00:00
2021-10-30 00:00:00+00:00,10.7491483333,57.7715,9.2,791.875130604314,0.6479960038394069,0.685795781830485,0.035999777991078195,15.8315026120863,0.239998519940521,0.0119999259970261,No (reported postion),cruise,2021-10-30 00:00:00
2021-10-30 01:00:00+00:00,10.7446116667,57.6256133333,8.7,704.933794692404,0.576645971328113,0.610481858624119,0.0320358872960063,14.0926758938481,0.213572581973375,0.0106786290986688,No (reported postion),cruise,2021-10-30 01:00:00
2021-10-30 02:00:00+00:00,10.7290666667,57.4743466667,9.2,791.875130604314,0.6479960038394069,0.685795781830485,0.035999777991078195,15.8315026120863,0.239998519940521,0.0119999259970261,No (reported postion),cruise,2021-10-30 02:00:00
2021-10-30 03:00:00+00:00,10.7112666667,57.3249533333,8.6,682.327576999455,0.558093756200161,0.590898964877947,0.0310052086777867,13.640551539989099,0.206701391185245,0.0103350695592622,No (reported postion),cruise,2021-10-30 03:00:00
2021-10-30 04:00:00+00:00,10.7052766667,57.1865466667,8.0,557.3916415908669,0.455562745378523,0.482671786788441,0.025309041409918,11.1418328318173,0.168726942732786,0.00843634713663932,No (reported postion),cruise,2021-10-30 04:00:00
2021-10-30 05:00:00+00:00,10.80401,57.0532466667,9.0,775.930833436997,0.634911018322155,0.671983852673386,0.0352728343512309,15.5126166687399,0.235152229008206,0.0117576114504103,No (reported postion),cruise,2021-10-30 05:00:00
2021-10-30 06:00:00+00:00,10.80336,56.9123866667,9.0,775.930833436997,0.634911018322155,0.671983852673386,0.0352728343512309,15.5126166687399,0.235152229008206,0.0117576114504103,No (reported postion),cruise,2021-10-30 06:00:00
2021-10-30 07:00:00+00:00,10.6851033333,56.7737133333,9.4,878.2353738263851,0.7188691517724131,0.760606326870881,0.0399371750984674,17.5587074765277,0.26624783398978297,0.0133123916994891,No (reported postion),cruise,2021-10-30 07:00:00
2021-10-30 08:00:00+00:00,10.542805,56.6361866667,9.6,932.771476669019,0.7636252240140889,0.807848847570427,0.0424236235563382,18.6494295333804,0.282824157042255,0.0141412078521128,No (reported postion),cruise,2021-10-30 08:00:00
2021-10-30 09:00:00+00:00,10.314085,56.60696,6.8,344.65435659234,0.280975915744473,0.29838568884138905,0.0156097730969152,6.887087131846799,0.104065153979435,0.00520325769897173,No (reported postion),cruise,2021-10-30 09:00:00
2021-10-30 10:00:00+00:00,10.2296783333,56.5152,6.6,318.706735519512,0.25968151547193996,0.27590826633149196,0.0144267508595522,6.36813471039025,0.0961783390636816,0.00480891695318408,No (reported postion),cruise,2021-10-30 10:00:00
2021-10-30 11:00:00+00:00,10.116095,56.4602533333,5.3,185.174166262969,0.18775808162955,0.160234156185246,0.00873095818717691,3.86958032477494,0.0603859345142539,0.00356418337564799,No (reported postion),cruise,2021-10-30 11:00:00
2021-10-30 12:00:00+00:00,10.0555033333,56.4594,0.0,41.76,0.0324,0.036,0.0018,0.8292,0.012,0.0006,No (reported postion),anchor,2021-10-30 12:00:00
2021-10-30 13:00:00+00:00,10.0555033333,56.4594266667,0.0,41.76,0.0324,0.036,0.0018,0.8292,0.012,0.0006,No (reported postion),anchor,2021-10-30 13:00:00
2021-10-30 14:00:00+00:00,10.0555066667,56.4594,0.0,41.76,0.0324,0.036,0.0018,0.8292,0.012,0.0006,No (reported postion),anchor,2021-10-30 14:00:00
2021-10-30 15:00:00+00:00,10.0554833333,56.4594133333,0.0,41.76,0.0324,0.036,0.0018,0.8292,0.012,0.0006,No (reported postion),anchor,2021-10-30 15:00:00
2021-10-30 16:00:00+00:00,10.0554866667,56.4594,0.2,41.7677064511651,0.0324613470990922,0.0360066758011612,0.00180162678733561,0.829913617377887,0.012017075996654499,0.000602480587168335,No (reported postion),anchor,2021-10-30 16:00:00
2021-10-30 17:00:00+00:00,10.05548,56.4594,0.0,41.76,0.0324,0.036,0.0018,0.8292,0.012,0.0006,No (reported postion),anchor,2021-10-30 17:00:00
2021-10-30 18:00:00+00:00,10.0554983333,56.4594133333,0.0,41.76,0.0324,0.036,0.0018,0.8292,0.012,0.0006,No (reported postion),anchor,2021-10-30 18:00:00
2021-10-30 19:00:00+00:00,10.0554933333,56.4594266667,0.0,41.76,0.0324,0.036,0.0018,0.8292,0.012,0.0006,No (reported postion),anchor,2021-10-30 19:00:00
2021-10-30 20:00:00+00:00,10.1322033333,56.4573666667,8.1,553.70051420272,0.45253355268916196,0.47947430561633797,0.0251407529271757,11.0680102840544,0.167605019514505,0.00838025097572523,No (reported postion),cruise,2021-10-30 20:00:00
2021-10-30 21:00:00+00:00,10.24216,56.55764,9.7,920.943738023485,0.753918569198605,0.797602934154083,0.041884364955477996,18.4128747604697,0.279229099703187,0.0139614549851593,No (reported postion),cruise,2021-10-30 21:00:00
2021-10-30 22:00:00+00:00,10.45757,56.61356,10.5,1009.6648399999999,0.8267291999999999,0.8744586000000001,0.0459294,20.1872968,0.306196,0.015309799999999998,No (reported postion),cruise,2021-10-30 22:00:00
2021-10-30 23:00:00+00:00,10.652135,56.74432,10.9,1009.6648399999999,0.8267291999999999,0.8744586000000001,0.0459294,20.1872968,0.306196,0.015309799999999998,No (reported postion),cruise,2021-10-30 23:00:00
2021-10-31 00:00:00+00:00,10.7322916667,56.9195466667,11.1,1009.6648399999999,0.8267291999999999,0.8744586000000001,0.0459294,20.1872968,0.306196,0.015309799999999998,No (reported postion),cruise,2021-10-31 00:00:00
2021-10-31 01:00:00+00:00,10.736865,57.10408,11.2,1009.6648399999999,0.8267291999999999,0.8744586000000001,0.0459294,20.1872968,0.306196,0.015309799999999998,No (reported postion),cruise,2021-10-31 01:00:00
2021-10-31 02:00:00+00:00,10.7401733333,57.29506,11.8,1009.6648399999999,0.8267291999999999,0.8744586000000001,0.0459294,20.1872968,0.306196,0.015309799999999998,No (reported postion),cruise,2021-10-31 02:00:00
2021-10-31 03:00:00+00:00,10.767325,57.4884733333,11.0,1009.6648399999999,0.8267291999999999,0.8744586000000001,0.0459294,20.1872968,0.306196,0.015309799999999998,No (reported postion),cruise,2021-10-31 03:00:00
2021-10-31 04:00:00+00:00,10.7904183333,57.67472,11.6,1009.6648399999999,0.8267291999999999,0.8744586000000001,0.0459294,20.1872968,0.306196,0.015309799999999998,No (reported postion),cruise,2021-10-31 04:00:00
2021-10-31 05:00:00+00:00,10.64871,57.8190866667,10.2,1009.6648399999999,0.8267291999999999,0.8744586000000001,0.0459294,20.1872968,0.306196,0.015309799999999998,No (reported postion),cruise,2021-10-31 05:00:00
2021-10-31 06:00:00+00:00,10.3889983333,57.91116,10.1,1009.6648399999999,0.8267291999999999,0.8744586000000001,0.0459294,20.1872968,0.306196,0.015309799999999998,No (reported postion),cruise,2021-10-31 06:00:00
2021-10-31 07:00:00+00:00,10.1343883333,58.0069066667,9.9,1018.94137930464,0.8343421653867891,0.882494507908277,0.0463523425214883,20.3728275860929,0.309015616809922,0.015450780840496099,No (reported postion),cruise,2021-10-31 07:00:00
2021-10-31 08:00:00+00:00,9.8828683333,58.1063133333,10.3,1009.6648399999999,0.8267291999999999,0.8744586000000001,0.0459294,20.1872968,0.306196,0.015309799999999998,No (reported postion),cruise,2021-10-31 08:00:00
2021-10-31 09:00:00+00:00,9.6182833333,58.2054266667,10.3,1009.6648399999999,0.8267291999999999,0.8744586000000001,0.0459294,20.1872968,0.306196,0.015309799999999998,No (reported postion),cruise,2021-10-31 09:00:00
2021-10-31 10:00:00+00:00,9.33953,58.3029066667,10.5,1009.6648399999999,0.8267291999999999,0.8744586000000001,0.0459294,20.1872968,0.306196,0.015309799999999998,No (reported postion),cruise,2021-10-31 10:00:00
2021-10-31 11:00:00+00:00,9.0234716667,58.3572533333,11.4,1009.6648399999999,0.8267291999999999,0.8744586000000001,0.0459294,20.1872968,0.306196,0.015309799999999998,No (reported postion),cruise,2021-10-31 11:00:00
2021-10-31 12:00:00+00:00,8.781345,58.4439066667,6.4,294.284991777371,0.239639354954074,0.254752652451522,0.0133132974974485,5.87969983554742,0.0887553166496568,0.004437765832482839,No (reported postion),cruise,2021-10-31 12:00:00
2021-10-31 13:00:00+00:00,8.8771716667,58.4951266667,0.1,41.760963306395595,0.0324076683873865,0.036000834475145196,0.00180020334841695,0.8292892021722359,0.0120021344995818,0.000600310073396042,No (reported postion),anchor,2021-10-31 13:00:00
2021-10-31 14:00:00+00:00,8.8771466667,58.4951466667,0.0,41.76,0.0324,0.036,0.0018,0.8292,0.012,0.0006,No (reported postion),anchor,2021-10-31 14:00:00
2021-10-31 15:00:00+00:00,8.877125,58.4951333333,0.0,41.76,0.0324,0.036,0.0018,0.8292,0.012,0.0006,No (reported postion),anchor,2021-10-31 15:00:00
2021-10-31 16:00:00+00:00,8.8771233333,58.4951266667,0.0,41.76,0.0324,0.036,0.0018,0.8292,0.012,0.0006,No (reported postion),anchor,2021-10-31 16:00:00
2021-10-31 17:00:00+00:00,8.8771383333,58.4951333333,0.0,41.76,0.0324,0.036,0.0018,0.8292,0.012,0.0006,No (reported postion),anchor,2021-10-31 17:00:00
2021-10-31 18:00:00+00:00,8.8771283333,58.4951333333,0.0,41.76,0.0324,0.036,0.0018,0.8292,0.012,0.0006,No (reported postion),anchor,2021-10-31 18:00:00
2021-10-31 19:00:00+00:00,8.8771533333,58.4951333333,0.0,41.76,0.0324,0.036,0.0018,0.8292,0.012,0.0006,No (reported postion),anchor,2021-10-31 19:00:00
2021-10-31 20:00:00+00:00,8.8756133333,58.4944666667,0.0,41.76,0.0324,0.036,0.0018,0.8292,0.012,0.0006,No (reported postion),anchor,2021-10-31 20:00:00
2021-10-31 21:00:00+00:00,8.8769,58.4952533333,0.0,41.76,0.0324,0.036,0.0018,0.8292,0.012,0.0006,No (reported postion),anchor,2021-10-31 21:00:00
2021-10-31 22:00:00+00:00,8.8769,58.4952533333,0.0,41.76,0.0324,0.036,0.0018,0.8292,0.012,0.0006,No (reported postion),anchor,2021-10-31 22:00:00
2021-10-31 23:00:00+00:00,8.8768866667,58.49524,0.0,41.76,0.0324,0.036,0.0018,0.8292,0.012,0.0006,No (reported postion),anchor,2021-10-31 23:00:00
2021-11-01 00:00:00+00:00,8.8768833333,58.4952533333,0.0,41.76,0.0324,0.036,0.0018,0.8292,0.012,0.0006,No (reported postion),anchor,2021-11-01 00:00:00
2021-11-01 01:00:00+00:00,8.8769,58.4952733333,0.0,41.76,0.0324,0.036,0.0018,0.8292,0.012,0.0006,No (reported postion),anchor,2021-11-01 01:00:00
2021-11-01 02:00:00+00:00,8.87688,58.4952533333,0.0,41.76,0.0324,0.036,0.0018,0.8292,0.012,0.0006,No (reported postion),anchor,2021-11-01 02:00:00
2021-11-01 03:00:00+00:00,8.8768916667,58.4952333333,0.0,41.76,0.0324,0.036,0.0018,0.8292,0.012,0.0006,No (reported postion),anchor,2021-11-01 03:00:00
2021-11-01 04:00:00+00:00,8.8769,58.4952333333,0.0,41.76,0.0324,0.036,0.0018,0.8292,0.012,0.0006,No (reported postion),anchor,2021-11-01 04:00:00
2021-11-01 05:00:00+00:00,8.8768983333,58.4952333333,0.0,41.76,0.0324,0.036,0.0018,0.8292,0.012,0.0006,No (reported postion),anchor,2021-11-01 05:00:00
2021-11-01 06:00:00+00:00,8.8769033333,58.4952666667,0.0,41.76,0.0324,0.036,0.0018,0.8292,0.012,0.0006,No (reported postion),anchor,2021-11-01 06:00:00
2021-11-01 07:00:00+00:00,8.876905,58.4952333333,0.2,41.7677064511651,0.0324613470990922,0.0360066758011612,0.00180162678733561,0.829913617377887,0.012017075996654499,0.000602480587168335,No (reported postion),anchor,2021-11-01 07:00:00
2021-11-01 08:00:00+00:00,8.8768833333,58.49524,0.0,41.76,0.0324,0.036,0.0018,0.8292,0.012,0.0006,No (reported postion),anchor,2021-11-01 08:00:00
2021-11-01 09:00:00+00:00,8.8769,58.49524,0.0,41.76,0.0324,0.036,0.0018,0.8292,0.012,0.0006,No (reported postion),anchor,2021-11-01 09:00:00
2021-11-01 10:00:00+00:00,8.7761166667,58.4535666667,6.7,331.486921470404,0.270169813972672,0.286979248082264,0.015009434109592901,6.62373842940807,0.100062894063952,0.00500314470319762,No (reported postion),cruise,2021-11-01 10:00:00
2021-11-01 11:00:00+00:00,8.6601066667,58.3310733333,8.2,572.896320748541,0.468286950158377,0.49610289183384204,0.0260159416754654,11.4519264149708,0.173439611169769,0.00867198055848846,No (reported postion),cruise,2021-11-01 11:00:00
2021-11-01 12:00:00+00:00,8.5267983333,58.2233133333,8.0,534.9728745651779,0.437164365144675,0.46325127431937896,0.0242869091747041,10.6934574913036,0.161912727831361,0.00809563639156805,No (reported postion),cruise,2021-11-01 12:00:00
2021-11-01 13:00:00+00:00,8.3628583333,58.13358,6.4,294.284991777371,0.239639354954074,0.254752652451522,0.0133132974974485,5.87969983554742,0.0887553166496568,0.004437765832482839,No (reported postion),cruise,2021-11-01 13:00:00
2021-11-01 14:00:00+00:00,8.1876766667,58.06878,7.1,386.537955368159,0.315348474010343,0.33466783367758396,0.0175193596672413,7.7247591073631705,0.116795731114942,0.00583978655574709,No (reported postion),cruise,2021-11-01 14:00:00
2021-11-01 15:00:00+00:00,7.99243,58.0221333333,6.8,344.65435659234,0.280975915744473,0.29838568884138905,0.0156097730969152,6.887087131846799,0.104065153979435,0.00520325769897173,No (reported postion),cruise,2021-11-01 15:00:00
2021-11-01 16:00:00+00:00,7.784895,57.9845933333,7.1,386.537955368159,0.315348474010343,0.33466783367758396,0.0175193596672413,7.7247591073631705,0.116795731114942,0.00583978655574709,No (reported postion),cruise,2021-11-01 16:00:00
2021-11-01 17:00:00+00:00,7.5838183333,57.9477266667,7.6,464.628388330319,0.379434847565916,0.40231456131957705,0.021079713753661997,9.286567766606389,0.14053142502441301,0.00702657125122066,No (reported postion),cruise,2021-11-01 17:00:00
2021-11-01 18:00:00+00:00,7.3483533333,57.9348133333,8.1,553.70051420272,0.45253355268916196,0.47947430561633797,0.0251407529271757,11.0680102840544,0.167605019514505,0.00838025097572523,No (reported postion),cruise,2021-11-01 18:00:00
2021-11-01 19:00:00+00:00,7.0987083333,57.9437333333,8.4,612.715553918514,0.500965348200604,0.530596756433971,0.0278314082333669,12.2483110783703,0.185542721555779,0.00927713607778897,No (reported postion),cruise,2021-11-01 19:00:00
2021-11-01 20:00:00+00:00,6.842815,57.9839333333,8.6,654.476812782087,0.5352375059305879,0.566772922926732,0.0297354169961438,13.0835362556417,0.198236113307625,0.00991180566538127,No (reported postion),cruise,2021-11-01 20:00:00
2021-11-01 21:00:00+00:00,6.585905,58.04474,9.7,920.943738023485,0.753918569198605,0.797602934154083,0.041884364955477996,18.4128747604697,0.279229099703187,0.0139614549851593,No (reported postion),cruise,2021-11-01 21:00:00
2021-11-01 22:00:00+00:00,6.36924,58.1573,10.2,1009.6648399999999,0.8267291999999999,0.8744586000000001,0.0459294,20.1872968,0.306196,0.015309799999999998,No (reported postion),cruise,2021-11-01 22:00:00
2021-11-01 23:00:00+00:00,6.1544333333,58.27044,9.8,948.4162731206029,0.776464418670404,0.821401330818759,0.0431369121483558,18.9623254624121,0.287579414322372,0.0143789707161186,No (reported postion),cruise,2021-11-01 23:00:00
2021-11-02 00:00:00+00:00,5.99878,58.4035733333,9.3,816.602242473872,0.668288770419288,0.70721592433147,0.037127153912182596,16.326044849477498,0.247514359414551,0.0123757179707275,No (reported postion),cruise,2021-11-02 00:00:00
2021-11-02 01:00:00+00:00,5.98083,58.4402,0.0,41.76,0.0324,0.036,0.0018,0.8292,0.012,0.0006,No (reported postion),anchor,2021-11-02 01:00:00
2021-11-02 02:00:00+00:00,5.9808316667,58.4402,0.0,41.76,0.0324,0.036,0.0018,0.8292,0.012,0.0006,No (reported postion),anchor,2021-11-02 02:00:00
2021-11-02 03:00:00+00:00,5.9808416667,58.4402,0.0,41.76,0.0324,0.036,0.0018,0.8292,0.012,0.0006,No (reported postion),anchor,2021-11-02 03:00:00
2021-11-02 04:00:00+00:00,5.98085,58.4402,0.0,41.76,0.0324,0.036,0.0018,0.8292,0.012,0.0006,No (reported postion),anchor,2021-11-02 04:00:00
2021-11-02 05:00:00+00:00,5.9808466667,58.4402,0.0,41.76,0.0324,0.036,0.0018,0.8292,0.012,0.0006,No (reported postion),anchor,2021-11-02 05:00:00
2021-11-02 06:00:00+00:00,5.8961983333,58.4081466667,10.7,1009.6648399999999,0.8267291999999999,0.8744586000000001,0.0459294,20.1872968,0.306196,0.015309799999999998,No (reported postion),cruise,2021-11-02 06:00:00
2021-11-02 07:00:00+00:00,5.6472016667,58.5293933333,10.7,1009.6648399999999,0.8267291999999999,0.8744586000000001,0.0459294,20.1872968,0.306196,0.015309799999999998,No (reported postion),cruise,2021-11-02 07:00:00
2021-11-02 08:00:00+00:00,5.4912533333,58.6780733333,10.1,1009.6648399999999,0.8267291999999999,0.8744586000000001,0.0459294,20.1872968,0.306196,0.015309799999999998,No (reported postion),cruise,2021-11-02 08:00:00
2021-11-02 09:00:00+00:00,5.4848783333,58.8322266667,10.1,1009.6648399999999,0.8267291999999999,0.8744586000000001,0.0459294,20.1872968,0.306196,0.015309799999999998,No (reported postion),cruise,2021-11-02 09:00:00
2021-11-02 10:00:00+00:00,5.5501566667,58.99892,10.5,1009.6648399999999,0.8267291999999999,0.8744586000000001,0.0459294,20.1872968,0.306196,0.015309799999999998,No (reported postion),cruise,2021-11-02 10:00:00
2021-11-02 11:00:00+00:00,5.6002033333,59.1729466667,10.5,1009.6648399999999,0.8267291999999999,0.8744586000000001,0.0459294,20.1872968,0.306196,0.015309799999999998,No (reported postion),cruise,2021-11-02 11:00:00
2021-11-02 12:00:00+00:00,5.832565,59.3053,10.0,1005.06639563511,0.8229554006731931,0.870475145155037,0.045719744481844,20.095327912702302,0.304798296545627,0.0152399148272813,No (reported postion),cruise,2021-11-02 12:00:00
2021-11-02 13:00:00+00:00,6.0929633333,59.4057933333,9.3,816.602242473872,0.668288770419288,0.70721592433147,0.037127153912182596,16.326044849477498,0.247514359414551,0.0123757179707275,No (reported postion),cruise,2021-11-02 13:00:00
2021-11-02 14:00:00+00:00,6.2466,59.48472,0.0,41.76,0.0324,0.036,0.0018,0.8292,0.012,0.0006,No (reported postion),anchor,2021-11-02 14:00:00
2021-11-02 15:00:00+00:00,6.2465866667,59.48472,0.0,41.76,0.0324,0.036,0.0018,0.8292,0.012,0.0006,No (reported postion),anchor,2021-11-02 15:00:00
2021-11-02 16:00:00+00:00,6.2465916667,59.4847333333,0.0,41.76,0.0324,0.036,0.0018,0.8292,0.012,0.0006,No (reported postion),anchor,2021-11-02 16:00:00
2021-11-02 17:00:00+00:00,6.2466,59.4847266667,0.0,41.76,0.0324,0.036,0.0018,0.8292,0.012,0.0006,No (reported postion),anchor,2021-11-02 17:00:00
2021-11-02 18:00:00+00:00,6.2466183333,59.4847333333,0.0,41.76,0.0324,0.036,0.0018,0.8292,0.012,0.0006,No (reported postion),anchor,2021-11-02 18:00:00
2021-11-02 19:00:00+00:00,6.246605,59.4847333333,0.0,41.76,0.0324,0.036,0.0018,0.8292,0.012,0.0006,No (reported postion),anchor,2021-11-02 19:00:00
2021-11-02 20:00:00+00:00,6.24659,59.4847266667,0.0,41.76,0.0324,0.036,0.0018,0.8292,0.012,0.0006,No (reported postion),anchor,2021-11-02 20:00:00
2021-11-02 21:00:00+00:00,6.225715,59.47054,11.3,1009.6648399999999,0.8267291999999999,0.8744586000000001,0.0459294,20.1872968,0.306196,0.015309799999999998,No (reported postion),cruise,2021-11-02 21:00:00
2021-11-02 22:00:00+00:00,5.9781266667,59.3480533333,11.4,1009.6648399999999,0.8267291999999999,0.8744586000000001,0.0459294,20.1872968,0.306196,0.015309799999999998,No (reported postion),cruise,2021-11-02 22:00:00
2021-11-02 23:00:00+00:00,5.6395583333,59.24188,12.4,1009.6648399999999,0.8267291999999999,0.8744586000000001,0.0459294,20.1872968,0.306196,0.015309799999999998,No (reported postion),cruise,2021-11-02 23:00:00
2021-11-03 00:00:00+00:00,5.3460933333,59.2507333333,10.6,1009.6648399999999,0.8267291999999999,0.8744586000000001,0.0459294,20.1872968,0.306196,0.015309799999999998,No (reported postion),cruise,2021-11-03 00:00:00
2021-11-03 01:00:00+00:00,5.229295,59.4346466667,11.4,1009.6648399999999,0.8267291999999999,0.8744586000000001,0.0459294,20.1872968,0.306196,0.015309799999999998,No (reported postion),cruise,2021-11-03 01:00:00
2021-11-03 02:00:00+00:00,5.29784,59.61504,11.5,1009.6648399999999,0.8267291999999999,0.8744586000000001,0.0459294,20.1872968,0.306196,0.015309799999999998,No (reported postion),cruise,2021-11-03 02:00:00
2021-11-03 03:00:00+00:00,5.480985,59.7512533333,3.8,94.6185485412899,0.173816700383111,0.0817893201649472,0.005655942750732389,2.52067355332128,0.0447755133812254,0.00409444811785123,No (reported postion),cruise,2021-11-03 03:00:00
2021-11-03 04:00:00+00:00,5.4838933333,59.7543266667,0.0,41.76,0.0324,0.036,0.0018,0.8292,0.012,0.0006,No (reported postion),anchor,2021-11-03 04:00:00
2021-11-03 05:00:00+00:00,5.4838866667,59.7543733333,0.0,41.76,0.0324,0.036,0.0018,0.8292,0.012,0.0006,No (reported postion),anchor,2021-11-03 05:00:00
2021-11-03 06:00:00+00:00,5.483905,59.7543533333,0.0,41.76,0.0324,0.036,0.0018,0.8292,0.012,0.0006,No (reported postion),anchor,2021-11-03 06:00:00
2021-11-03 07:00:00+00:00,5.483865,59.7543466667,0.0,41.76,0.0324,0.036,0.0018,0.8292,0.012,0.0006,No (reported postion),anchor,2021-11-03 07:00:00
2021-11-03 08:00:00+00:00,5.5489033333,59.84354,11.5,1009.6648399999999,0.8267291999999999,0.8744586000000001,0.0459294,20.1872968,0.306196,0.015309799999999998,No (reported postion),cruise,2021-11-03 08:00:00
2021-11-03 09:00:00+00:00,5.3431883333,60.00814,11.2,1009.6648399999999,0.8267291999999999,0.8744586000000001,0.0459294,20.1872968,0.306196,0.015309799999999998,No (reported postion),cruise,2021-11-03 09:00:00
2021-11-03 10:00:00+00:00,5.4611916667,60.0457266667,10.8,1009.6648399999999,0.8267291999999999,0.8744586000000001,0.0459294,20.1872968,0.306196,0.015309799999999998,No (reported postion),cruise,2021-11-03 10:00:00
2021-11-03 11:00:00+00:00,5.4842733333,59.99772,0.0,41.76,0.0324,0.036,0.0018,0.8292,0.012,0.0006,No (reported postion),anchor,2021-11-03 11:00:00
2021-11-03 12:00:00+00:00,5.4842733333,59.99774,0.0,41.76,0.0324,0.036,0.0018,0.8292,0.012,0.0006,No (reported postion),anchor,2021-11-03 12:00:00
2021-11-03 13:00:00+00:00,5.4842616667,59.99774,0.0,41.76,0.0324,0.036,0.0018,0.8292,0.012,0.0006,No (reported postion),anchor,2021-11-03 13:00:00
2021-11-03 14:00:00+00:00,5.4971516667,60.0984533333,11.3,1009.6648399999999,0.8267291999999999,0.8744586000000001,0.0459294,20.1872968,0.306196,0.015309799999999998,No (reported postion),cruise,2021-11-03 14:00:00
2021-11-03 15:00:00+00:00,5.7091783333,60.23722,8.5,633.350540219414,0.517899835438425,0.5484720485183371,0.0287722130799125,12.6610108043883,0.19181475386608302,0.009590737693304159,No (reported postion),cruise,2021-11-03 15:00:00
2021-11-03 16:00:00+00:00,5.67472166665,60.23251,9.95,990.688927266959,0.81115626249872,0.858020499304205,0.0450642368054845,19.8077785453392,0.300428245369896,0.015021412268494799,Linear (small gap),cruise,2021-11-03 16:00:00
2021-11-03 17:00:00+00:00,5.640265,60.2278,11.4,1009.6648399999999,0.8267291999999999,0.8744586000000001,0.0459294,20.1872968,0.306196,0.015309799999999998,No (reported postion),cruise,2021-11-03 17:00:00
2021-11-03 18:00:00+00:00,5.4802,60.1450866667,11.4,1009.6648399999999,0.8267291999999999,0.8744586000000001,0.0459294,20.1872968,0.306196,0.015309799999999998,No (reported postion),cruise,2021-11-03 18:00:00
2021-11-03 19:00:00+00:00,5.1947383333,60.2109133333,11.7,1009.6648399999999,0.8267291999999999,0.8744586000000001,0.0459294,20.1872968,0.306196,0.015309799999999998,No (reported postion),cruise,2021-11-03 19:00:00
2021-11-03 20:00:00+00:00,5.18854,60.38412,11.1,1009.6648399999999,0.8267291999999999,0.8744586000000001,0.0459294,20.1872968,0.306196,0.015309799999999998,No (reported postion),cruise,2021-11-03 20:00:00
2021-11-03 21:00:00+00:00,5.2694466667,60.3943266667,0.0,41.76,0.0324,0.036,0.0018,0.8292,0.012,0.0006,No (reported postion),anchor,2021-11-03 21:00:00
2021-11-03 22:00:00+00:00,5.26948,60.39428,0.0,41.76,0.0324,0.036,0.0018,0.8292,0.012,0.0006,No (reported postion),anchor,2021-11-03 22:00:00
2021-11-03 23:00:00+00:00,5.26947,60.3943066667,0.0,41.76,0.0324,0.036,0.0018,0.8292,0.012,0.0006,No (reported postion),anchor,2021-11-03 23:00:00
2021-11-04 00:00:00+00:00,5.2694383333,60.3943133333,0.0,41.76,0.0324,0.036,0.0018,0.8292,0.012,0.0006,No (reported postion),anchor,2021-11-04 00:00:00
2021-11-04 01:00:00+00:00,5.2694466667,60.39432,0.0,41.76,0.0324,0.036,0.0018,0.8292,0.012,0.0006,No (reported postion),anchor,2021-11-04 01:00:00
2021-11-04 02:00:00+00:00,5.2694516667,60.3942933333,0.0,41.76,0.0324,0.036,0.0018,0.8292,0.012,0.0006,No (reported postion),anchor,2021-11-04 02:00:00
2021-11-04 03:00:00+00:00,5.26948,60.3943066667,0.0,41.76,0.0324,0.036,0.0018,0.8292,0.012,0.0006,No (reported postion),anchor,2021-11-04 03:00:00
2021-11-04 04:00:00+00:00,5.2694416667,60.3942933333,0.0,41.76,0.0324,0.036,0.0018,0.8292,0.012,0.0006,No (reported postion),anchor,2021-11-04 04:00:00
2021-11-04 05:00:00+00:00,5.2694416667,60.3943066667,0.0,41.76,0.0324,0.036,0.0018,0.8292,0.012,0.0006,No (reported postion),anchor,2021-11-04 05:00:00
2021-11-04 06:00:00+00:00,5.26945,60.3942933333,0.0,41.76,0.0324,0.036,0.0018,0.8292,0.012,0.0006,No (reported postion),anchor,2021-11-04 06:00:00
2021-11-04 07:00:00+00:00,5.2694333333,60.3943133333,0.0,41.76,0.0324,0.036,0.0018,0.8292,0.012,0.0006,No (reported postion),anchor,2021-11-04 07:00:00
2021-11-04 08:00:00+00:00,5.2694516667,60.3942933333,0.1,41.760963306395595,0.0324076683873865,0.036000834475145196,0.00180020334841695,0.8292892021722359,0.0120021344995818,0.000600310073396042,No (reported postion),anchor,2021-11-04 08:00:00
2021-11-04 09:00:00+00:00,5.2694466667,60.3943066667,0.1,41.760963306395595,0.0324076683873865,0.036000834475145196,0.00180020334841695,0.8292892021722359,0.0120021344995818,0.000600310073396042,No (reported postion),anchor,2021-11-04 09:00:00
2021-11-04 10:00:00+00:00,5.2694716667,60.3943066667,0.0,41.76,0.0324,0.036,0.0018,0.8292,0.012,0.0006,No (reported postion),anchor,2021-11-04 10:00:00
2021-11-04 11:00:00+00:00,5.2694683333,60.39428,0.0,41.76,0.0324,0.036,0.0018,0.8292,0.012,0.0006,No (reported postion),anchor,2021-11-04 11:00:00
2021-11-04 12:00:00+00:00,5.26946,60.39428,0.0,41.76,0.0324,0.036,0.0018,0.8292,0.012,0.0006,No (reported postion),anchor,2021-11-04 12:00:00
2021-11-04 13:00:00+00:00,5.26947,60.3943133333,0.0,41.76,0.0324,0.036,0.0018,0.8292,0.012,0.0006,No (reported postion),anchor,2021-11-04 13:00:00
2021-11-04 14:00:00+00:00,5.2694733333,60.3943133333,0.0,41.76,0.0324,0.036,0.0018,0.8292,0.012,0.0006,No (reported postion),anchor,2021-11-04 14:00:00
2021-11-04 15:00:00+00:00,5.1863066667,60.3360733333,8.7,676.100151444908,0.552983103009499,0.585504386510027,0.0307212835005277,13.516003028898199,0.204808556670185,0.010240427833509199,No (reported postion),cruise,2021-11-04 15:00:00
2021-11-04 16:00:00+00:00,5.1820733333,60.1816733333,10.3,1009.6648399999999,0.8267291999999999,0.8744586000000001,0.0459294,20.1872968,0.306196,0.015309799999999998,No (reported postion),cruise,2021-11-04 16:00:00
2021-11-04 17:00:00+00:00,5.19854,60.0168,9.7,920.943738023485,0.753918569198605,0.797602934154083,0.041884364955477996,18.4128747604697,0.279229099703187,0.0139614549851593,No (reported postion),cruise,2021-11-04 17:00:00
2021-11-04 18:00:00+00:00,5.2317066667,59.8703266667,10.0,1005.06639563511,0.8229554006731931,0.870475145155037,0.045719744481844,20.095327912702302,0.304798296545627,0.0152399148272813,No (reported postion),cruise,2021-11-04 18:00:00
2021-11-04 19:00:00+00:00,5.3892066667,59.72764,10.2,1009.6648399999999,0.8267291999999999,0.8744586000000001,0.0459294,20.1872968,0.306196,0.015309799999999998,No (reported postion),cruise,2021-11-04 19:00:00
2021-11-04 20:00:00+00:00,5.2480783333,59.58116,10.8,1009.6648399999999,0.8267291999999999,0.8744586000000001,0.0459294,20.1872968,0.306196,0.015309799999999998,No (reported postion),cruise,2021-11-04 20:00:00
2021-11-04 21:00:00+00:00,5.231445,59.4200133333,10.0,1005.06639563511,0.8229554006731931,0.870475145155037,0.045719744481844,20.095327912702302,0.304798296545627,0.0152399148272813,No (reported postion),cruise,2021-11-04 21:00:00
2021-11-04 22:00:00+00:00,5.3371733333,59.2539533333,10.5,1009.6648399999999,0.8267291999999999,0.8744586000000001,0.0459294,20.1872968,0.306196,0.015309799999999998,No (reported postion),cruise,2021-11-04 22:00:00
2021-11-04 23:00:00+00:00,5.453185,59.11728,10.2,1009.6648399999999,0.8267291999999999,0.8744586000000001,0.0459294,20.1872968,0.306196,0.015309799999999998,No (reported postion),cruise,2021-11-04 23:00:00
2021-11-05 00:00:00+00:00,5.5466083333,58.9610866667,10.5,1009.6648399999999,0.8267291999999999,0.8744586000000001,0.0459294,20.1872968,0.306196,0.015309799999999998,No (reported postion),cruise,2021-11-05 00:00:00
2021-11-05 01:00:00+00:00,5.4379383333,58.8001333333,10.4,1009.6648399999999,0.8267291999999999,0.8744586000000001,0.0459294,20.1872968,0.306196,0.015309799999999998,No (reported postion),cruise,2021-11-05 01:00:00
2021-11-05 02:00:00+00:00,5.5010466667,58.6415133333,10.2,1009.6648399999999,0.8267291999999999,0.8744586000000001,0.0459294,20.1872968,0.306196,0.015309799999999998,No (reported postion),cruise,2021-11-05 02:00:00
2021-11-05 03:00:00+00:00,5.66528,58.4887266667,10.2,1009.6648399999999,0.8267291999999999,0.8744586000000001,0.0459294,20.1872968,0.306196,0.015309799999999998,No (reported postion),cruise,2021-11-05 03:00:00
2021-11-05 04:00:00+00:00,5.8753633333,58.3726666667,9.4,841.866879312195,0.689022666912743,0.729101703963451,0.038279037050707995,16.831337586243897,0.255193580338053,0.0127596790169027,No (reported postion),cruise,2021-11-05 04:00:00
2021-11-05 05:00:00+00:00,6.0919933333,58.2749533333,8.7,676.100151444908,0.552983103009499,0.585504386510027,0.0307212835005277,13.516003028898199,0.204808556670185,0.010240427833509199,No (reported postion),cruise,2021-11-05 05:00:00
2021-11-05 06:00:00+00:00,6.2991283333,58.1768533333,9.2,825.97127290451,0.675977640377562,0.715331953731871,0.037554313354309005,16.5134254580902,0.25036208902872703,0.012518104451436298,No (reported postion),cruise,2021-11-05 06:00:00
2021-11-05 07:00:00+00:00,6.5003916667,58.0648866667,9.6,894.031847248627,0.731832822969998,0.774290202023887,0.040657379053888804,17.874636944972497,0.271049193692592,0.0135524596846296,No (reported postion),cruise,2021-11-05 07:00:00
2021-11-05 08:00:00+00:00,6.74406,57.9890133333,9.4,841.866879312195,0.689022666912743,0.729101703963451,0.038279037050707995,16.831337586243897,0.255193580338053,0.0127596790169027,No (reported postion),cruise,2021-11-05 08:00:00
2021-11-05 09:00:00+00:00,7.0330683333,57.9453466667,9.8,948.4162731206029,0.776464418670404,0.821401330818759,0.0431369121483558,18.9623254624121,0.287579414322372,0.0143789707161186,No (reported postion),cruise,2021-11-05 09:00:00
2021-11-05 10:00:00+00:00,7.3406533333,57.9104333333,10.2,1009.6648399999999,0.8267291999999999,0.8744586000000001,0.0459294,20.1872968,0.306196,0.015309799999999998,No (reported postion),cruise,2021-11-05 10:00:00
2021-11-05 11:00:00+00:00,7.6316333333,57.8724266667,8.7,704.933794692404,0.576645971328113,0.610481858624119,0.0320358872960063,14.0926758938481,0.213572581973375,0.0106786290986688,No (reported postion),cruise,2021-11-05 11:00:00
2021-11-05 12:00:00+00:00,7.8963466667,57.8359466667,9.5,905.2164037284571,0.7410116383181871,0.7839789515580861,0.0411673132398993,18.0983280745691,0.27444875493266196,0.0137224377466331,No (reported postion),cruise,2021-11-05 12:00:00
2021-11-05 13:00:00+00:00,8.1938633333,57.8135266667,9.7,960.906635206371,0.786714867798541,0.832221249342905,0.043706381544363404,19.212132704127402,0.29137587696242295,0.0145687938481211,No (reported postion),cruise,2021-11-05 13:00:00
2021-11-05 14:00:00+00:00,8.5151933333,57.8135333333,10.6,1009.6648399999999,0.8267291999999999,0.8744586000000001,0.0459294,20.1872968,0.306196,0.015309799999999998,No (reported postion),cruise,2021-11-05 14:00:00
2021-11-05 15:00:00+00:00,8.8494183333,57.8179866667,10.5,1009.6648399999999,0.8267291999999999,0.8744586000000001,0.0459294,20.1872968,0.306196,0.015309799999999998,No (reported postion),cruise,2021-11-05 15:00:00
2021-11-05 16:00:00+00:00,9.19497,57.8212733333,11.2,1009.6648399999999,0.8267291999999999,0.8744586000000001,0.0459294,20.1872968,0.306196,0.015309799999999998,No (reported postion),cruise,2021-11-05 16:00:00
2021-11-05 17:00:00+00:00,9.5393016667,57.8163466667,10.9,1009.6648399999999,0.8267291999999999,0.8744586000000001,0.0459294,20.1872968,0.306196,0.015309799999999998,No (reported postion),cruise,2021-11-05 17:00:00
2021-11-05 18:00:00+00:00,9.86479,57.8021333333,10.4,1009.6648399999999,0.8267291999999999,0.8744586000000001,0.0459294,20.1872968,0.306196,0.015309799999999998,No (reported postion),cruise,2021-11-05 18:00:00
2021-11-05 19:00:00+00:00,10.1882116667,57.7850666667,10.7,1009.6648399999999,0.8267291999999999,0.8744586000000001,0.0459294,20.1872968,0.306196,0.015309799999999998,No (reported postion),cruise,2021-11-05 19:00:00
2021-11-05 20:00:00+00:00,10.5502983333,57.7769066667,11.8,1009.6648399999999,0.8267291999999999,0.8744586000000001,0.0459294,20.1872968,0.306196,0.015309799999999998,No (reported postion),cruise,2021-11-05 20:00:00
2021-11-05 21:00:00+00:00,10.7417616667,57.6762466667,10.0,1005.06639563511,0.8229554006731931,0.870475145155037,0.045719744481844,20.095327912702302,0.304798296545627,0.0152399148272813,No (reported postion),cruise,2021-11-05 21:00:00
2021-11-05 22:00:00+00:00,10.73408,57.5143533333,10.0,1005.06639563511,0.8229554006731931,0.870475145155037,0.045719744481844,20.095327912702302,0.304798296545627,0.0152399148272813,No (reported postion),cruise,2021-11-05 22:00:00
2021-11-05 23:00:00+00:00,10.7142333333,57.3438133333,10.2,1009.6648399999999,0.8267291999999999,0.8744586000000001,0.0459294,20.1872968,0.306196,0.015309799999999998,No (reported postion),cruise,2021-11-05 23:00:00
2021-11-06 00:00:00+00:00,10.721155,57.1697266667,10.6,1009.6648399999999,0.8267291999999999,0.8744586000000001,0.0459294,20.1872968,0.306196,0.015309799999999998,No (reported postion),cruise,2021-11-06 00:00:00
2021-11-06 01:00:00+00:00,10.8339266667,57.0103466667,9.7,960.906635206371,0.786714867798541,0.832221249342905,0.043706381544363404,19.212132704127402,0.29137587696242295,0.0145687938481211,No (reported postion),cruise,2021-11-06 01:00:00
2021-11-06 02:00:00+00:00,10.7758483333,56.8562666667,9.7,960.906635206371,0.786714867798541,0.832221249342905,0.043706381544363404,19.212132704127402,0.29137587696242295,0.0145687938481211,No (reported postion),cruise,2021-11-06 02:00:00
2021-11-06 03:00:00+00:00,10.6354116667,56.7134666667,9.9,1018.94137930464,0.8343421653867891,0.882494507908277,0.0463523425214883,20.3728275860929,0.309015616809922,0.015450780840496099,No (reported postion),cruise,2021-11-06 03:00:00
2021-11-06 04:00:00+00:00,10.4287083333,56.6137666667,9.7,920.943738023485,0.753918569198605,0.797602934154083,0.041884364955477996,18.4128747604697,0.279229099703187,0.0139614549851593,No (reported postion),cruise,2021-11-06 04:00:00
2021-11-06 05:00:00+00:00,10.2475583333,56.5623666667,7.1,386.537955368159,0.315348474010343,0.33466783367758396,0.0175193596672413,7.7247591073631705,0.116795731114942,0.00583978655574709,No (reported postion),cruise,2021-11-06 05:00:00
2021-11-06 06:00:00+00:00,10.1824016667,56.47152,6.3,282.63187430937296,0.23007600627213,0.24465800662058101,0.0127820003484517,5.64663748618746,0.0852133356563444,0.0042606667828172205,No (reported postion),cruise,2021-11-06 06:00:00
2021-11-06 07:00:00+00:00,10.0574733333,56.4599866667,0.0,41.76,0.0324,0.036,0.0018,0.8292,0.012,0.0006,No (reported postion),anchor,2021-11-06 07:00:00
2021-11-06 08:00:00+00:00,10.0574933333,56.4600066667,0.0,41.76,0.0324,0.036,0.0018,0.8292,0.012,0.0006,No (reported postion),anchor,2021-11-06 08:00:00
2021-11-06 09:00:00+00:00,10.0574883333,56.46,0.0,41.76,0.0324,0.036,0.0018,0.8292,0.012,0.0006,No (reported postion),anchor,2021-11-06 09:00:00
2021-11-06 10:00:00+00:00,10.0574866667,56.46,0.0,41.76,0.0324,0.036,0.0018,0.8292,0.012,0.0006,No (reported postion),anchor,2021-11-06 10:00:00
2021-11-06 11:00:00+00:00,10.0574883333,56.46,0.0,41.76,0.0324,0.036,0.0018,0.8292,0.012,0.0006,No (reported postion),anchor,2021-11-06 11:00:00
2021-11-06 12:00:00+00:00,10.05745,56.46,0.0,41.76,0.0324,0.036,0.0018,0.8292,0.012,0.0006,No (reported postion),anchor,2021-11-06 12:00:00
2021-11-06 13:00:00+00:00,10.0574983333,56.4600333333,0.0,41.76,0.0324,0.036,0.0018,0.8292,0.012,0.0006,No (reported postion),anchor,2021-11-06 13:00:00
2021-11-06 14:00:00+00:00,10.208185,56.4727866667,8.1,553.70051420272,0.45253355268916196,0.47947430561633797,0.0251407529271757,11.0680102840544,0.167605019514505,0.00838025097572523,No (reported postion),cruise,2021-11-06 14:00:00
2021-11-06 15:00:00+00:00,10.285625,56.5866866667,9.0,744.0103624179969,0.608714887090758,0.644332380818022,0.0338174937272643,14.8742072483599,0.225449958181762,0.011272497909088101,No (reported postion),cruise,2021-11-06 15:00:00
2021-11-06 16:00:00+00:00,10.5530166667,56.57932,11.3,1009.6648399999999,0.8267291999999999,0.8744586000000001,0.0459294,20.1872968,0.306196,0.015309799999999998,No (reported postion),cruise,2021-11-06 16:00:00
2021-11-06 17:00:00+00:00,10.8816583333,56.5404866667,10.4,1009.6648399999999,0.8267291999999999,0.8744586000000001,0.0459294,20.1872968,0.306196,0.015309799999999998,No (reported postion),cruise,2021-11-06 17:00:00
2021-11-06 18:00:00+00:00,10.987555,56.3827533333,10.6,1009.6648399999999,0.8267291999999999,0.8744586000000001,0.0459294,20.1872968,0.306196,0.015309799999999998,No (reported postion),cruise,2021-11-06 18:00:00
2021-11-06 19:00:00+00:00,10.8668166667,56.3003933333,0.0,41.76,0.0324,0.036,0.0018,0.8292,0.012,0.0006,No (reported postion),anchor,2021-11-06 19:00:00
2021-11-06 20:00:00+00:00,10.86684,56.30038,0.0,41.76,0.0324,0.036,0.0018,0.8292,0.012,0.0006,No (reported postion),anchor,2021-11-06 20:00:00
2021-11-06 21:00:00+00:00,10.8667733333,56.30042,0.1,41.760963306395595,0.0324076683873865,0.036000834475145196,0.00180020334841695,0.8292892021722359,0.0120021344995818,0.000600310073396042,No (reported postion),anchor,2021-11-06 21:00:00
2021-11-06 22:00:00+00:00,10.866745,56.3003466667,0.0,41.76,0.0324,0.036,0.0018,0.8292,0.012,0.0006,No (reported postion),anchor,2021-11-06 22:00:00
2021-11-06 23:00:00+00:00,10.8667516667,56.3003666667,0.0,41.76,0.0324,0.036,0.0018,0.8292,0.012,0.0006,No (reported postion),anchor,2021-11-06 23:00:00
2021-11-07 00:00:00+00:00,11.030355,56.3652,10.5,1009.6648399999999,0.8267291999999999,0.8744586000000001,0.0459294,20.1872968,0.306196,0.015309799999999998,No (reported postion),cruise,2021-11-07 00:00:00
2021-11-07 01:00:00+00:00,11.078305,56.5344333333,10.7,1009.6648399999999,0.8267291999999999,0.8744586000000001,0.0459294,20.1872968,0.306196,0.015309799999999998,No (reported postion),cruise,2021-11-07 01:00:00
2021-11-07 02:00:00+00:00,11.0352833333,56.70708,10.0,1009.6648399999999,0.8267291999999999,0.8744586000000001,0.0459294,20.1872968,0.306196,0.015309799999999998,No (reported postion),cruise,2021-11-07 02:00:00
2021-11-07 03:00:00+00:00,10.8901583333,56.8543533333,10.1,1009.6648399999999,0.8267291999999999,0.8744586000000001,0.0459294,20.1872968,0.306196,0.015309799999999998,No (reported postion),cruise,2021-11-07 03:00:00
2021-11-07 04:00:00+00:00,10.8520016667,57.0096466667,9.8,989.627921898812,0.8102855286099669,0.857101391310521,0.045015862700553695,19.7865584379762,0.30010575133702505,0.0150052875668512,No (reported postion),cruise,2021-11-07 04:00:00
2021-11-07 05:00:00+00:00,10.76408,57.1629133333,9.5,905.2164037284571,0.7410116383181871,0.7839789515580861,0.0411673132398993,18.0983280745691,0.27444875493266196,0.0137224377466331,No (reported postion),cruise,2021-11-07 05:00:00
2021-11-07 06:00:00+00:00,10.7022416667,57.3198333333,9.7,960.906635206371,0.786714867798541,0.832221249342905,0.043706381544363404,19.212132704127402,0.29137587696242295,0.0145687938481211,No (reported postion),cruise,2021-11-07 06:00:00
2021-11-07 07:00:00+00:00,10.5521716667,57.44096,2.6,58.6910732096827,0.16717957670565098,0.0506667351512449,0.00537405177632969,2.3970173792166203,0.049515964650026494,0.0060498500088310096,No (reported postion),anchor,2021-11-07 07:00:00
2021-11-07 08:00:00+00:00,10.548215,57.4412733333,0.0,41.76,0.0324,0.036,0.0018,0.8292,0.012,0.0006,No (reported postion),anchor,2021-11-07 08:00:00
2021-11-07 09:00:00+00:00,10.5482133333,57.4412733333,0.1,41.760963306395595,0.0324076683873865,0.036000834475145196,0.00180020334841695,0.8292892021722359,0.0120021344995818,0.000600310073396042,No (reported postion),anchor,2021-11-07 09:00:00
2021-11-07 10:00:00+00:00,10.548225,57.4412733333,0.0,41.76,0.0324,0.036,0.0018,0.8292,0.012,0.0006,No (reported postion),anchor,2021-11-07 10:00:00
2021-11-07 11:00:00+00:00,10.548225,57.4412666667,0.1,41.760963306395595,0.0324076683873865,0.036000834475145196,0.00180020334841695,0.8292892021722359,0.0120021344995818,0.000600310073396042,No (reported postion),anchor,2021-11-07 11:00:00
2021-11-07 12:00:00+00:00,10.548225,57.4412733333,0.0,41.76,0.0324,0.036,0.0018,0.8292,0.012,0.0006,No (reported postion),anchor,2021-11-07 12:00:00
2021-11-07 13:00:00+00:00,10.54849,57.4414066667,0.0,41.76,0.0324,0.036,0.0018,0.8292,0.012,0.0006,No (reported postion),anchor,2021-11-07 13:00:00
2021-11-07 14:00:00+00:00,10.5484783333,57.4414,0.0,41.76,0.0324,0.036,0.0018,0.8292,0.012,0.0006,No (reported postion),anchor,2021-11-07 14:00:00
2021-11-07 15:00:00+00:00,10.70898,57.4856866667,11.3,1009.6648399999999,0.8267291999999999,0.8744586000000001,0.0459294,20.1872968,0.306196,0.015309799999999998,No (reported postion),cruise,2021-11-07 15:00:00
2021-11-07 16:00:00+00:00,10.7776183333,57.6607666667,10.9,1009.6648399999999,0.8267291999999999,0.8744586000000001,0.0459294,20.1872968,0.306196,0.015309799999999998,No (reported postion),cruise,2021-11-07 16:00:00
2021-11-07 17:00:00+00:00,10.778405,57.8369933333,10.2,1009.6648399999999,0.8267291999999999,0.8744586000000001,0.0459294,20.1872968,0.306196,0.015309799999999998,No (reported postion),cruise,2021-11-07 17:00:00
2021-11-07 18:00:00+00:00,10.67612,58.00224,10.8,1009.6648399999999,0.8267291999999999,0.8744586000000001,0.0459294,20.1872968,0.306196,0.015309799999999998,No (reported postion),cruise,2021-11-07 18:00:00
2021-11-07 19:00:00+00:00,10.5398333333,58.16986,11.1,1009.6648399999999,0.8267291999999999,0.8744586000000001,0.0459294,20.1872968,0.306196,0.015309799999999998,No (reported postion),cruise,2021-11-07 19:00:00
2021-11-07 20:00:00+00:00,10.38269,58.3447,12.4,1009.6648399999999,0.8267291999999999,0.8744586000000001,0.0459294,20.1872968,0.306196,0.015309799999999998,No (reported postion),cruise,2021-11-07 20:00:00
2021-11-07 21:00:00+00:00,10.2200083333,58.5290333333,11.5,1009.6648399999999,0.8267291999999999,0.8744586000000001,0.0459294,20.1872968,0.306196,0.015309799999999998,No (reported postion),cruise,2021-11-07 21:00:00
2021-11-07 22:00:00+00:00,10.0464733333,58.69522,11.5,1009.6648399999999,0.8267291999999999,0.8744586000000001,0.0459294,20.1872968,0.306196,0.015309799999999998,No (reported postion),cruise,2021-11-07 22:00:00
2021-11-07 23:00:00+00:00,9.8653733333,58.8581266667,11.4,1009.6648399999999,0.8267291999999999,0.8744586000000001,0.0459294,20.1872968,0.306196,0.015309799999999998,No (reported postion),cruise,2021-11-07 23:00:00
2021-11-08 00:00:00+00:00,9.7421666667,59.0266466667,10.7,1009.6648399999999,0.8267291999999999,0.8744586000000001,0.0459294,20.1872968,0.306196,0.015309799999999998,No (reported postion),cruise,2021-11-08 00:00:00
2021-11-08 01:00:00+00:00,9.5676616667,59.1058133333,0.9,42.462250362418004,0.037990254404780405,0.036608332380817996,0.00194824099595723,0.894228383559907,0.013556050195145,0.0008260435057144861,No (reported postion),anchor,2021-11-08 01:00:00
2021-11-08 02:00:00+00:00,9.5679983333,59.10556,0.0,41.76,0.0324,0.036,0.0018,0.8292,0.012,0.0006,No (reported postion),anchor,2021-11-08 02:00:00
2021-11-08 03:00:00+00:00,9.5679883333,59.10556,0.0,41.76,0.0324,0.036,0.0018,0.8292,0.012,0.0006,No (reported postion),anchor,2021-11-08 03:00:00
2021-11-08 04:00:00+00:00,9.5680233333,59.1055333333,0.0,41.76,0.0324,0.036,0.0018,0.8292,0.012,0.0006,No (reported postion),anchor,2021-11-08 04:00:00
2021-11-08 05:00:00+00:00,9.5679933333,59.1055533333,0.1,41.760963306395595,0.0324076683873865,0.036000834475145196,0.00180020334841695,0.8292892021722359,0.0120021344995818,0.000600310073396042,No (reported postion),anchor,2021-11-08 05:00:00
2021-11-08 06:00:00+00:00,9.5680016667,59.10556,0.0,41.76,0.0324,0.036,0.0018,0.8292,0.012,0.0006,No (reported postion),anchor,2021-11-08 06:00:00
2021-11-08 07:00:00+00:00,9.568065,59.1056,0.2,41.7677064511651,0.0324613470990922,0.0360066758011612,0.00180162678733561,0.829913617377887,0.012017075996654499,0.000602480587168335,No (reported postion),anchor,2021-11-08 07:00:00
2021-11-08 08:00:00+00:00,9.5679966667,59.10556,0.0,41.76,0.0324,0.036,0.0018,0.8292,0.012,0.0006,No (reported postion),anchor,2021-11-08 08:00:00
2021-11-08 09:00:00+00:00,9.5679916667,59.1055533333,0.0,41.76,0.0324,0.036,0.0018,0.8292,0.012,0.0006,No (reported postion),anchor,2021-11-08 09:00:00
2021-11-08 10:00:00+00:00,9.567985,59.10556,0.0,41.76,0.0324,0.036,0.0018,0.8292,0.012,0.0006,No (reported postion),anchor,2021-11-08 10:00:00
2021-11-08 11:00:00+00:00,9.5679966667,59.1055333333,0.0,41.76,0.0324,0.036,0.0018,0.8292,0.012,0.0006,No (reported postion),anchor,2021-11-08 11:00:00
2021-11-08 12:00:00+00:00,9.5679966667,59.1055533333,0.0,41.76,0.0324,0.036,0.0018,0.8292,0.012,0.0006,No (reported postion),anchor,2021-11-08 12:00:00
2021-11-08 13:00:00+00:00,9.5679916667,59.10556,0.1,41.760963306395595,0.0324076683873865,0.036000834475145196,0.00180020334841695,0.8292892021722359,0.0120021344995818,0.000600310073396042,No (reported postion),anchor,2021-11-08 13:00:00
2021-11-08 14:00:00+00:00,9.568005,59.10556,0.1,41.760963306395595,0.0324076683873865,0.036000834475145196,0.00180020334841695,0.8292892021722359,0.0120021344995818,0.000600310073396042,No (reported postion),anchor,2021-11-08 14:00:00
2021-11-08 15:00:00+00:00,9.5679833333,59.1055533333,0.0,41.76,0.0324,0.036,0.0018,0.8292,0.012,0.0006,No (reported postion),anchor,2021-11-08 15:00:00
2021-11-08 16:00:00+00:00,9.6439133333,59.0716333333,10.7,1009.6648399999999,0.8267291999999999,0.8744586000000001,0.0459294,20.1872968,0.306196,0.015309799999999998,No (reported postion),cruise,2021-11-08 16:00:00
2021-11-08 17:00:00+00:00,9.815785,58.9366066667,10.7,1009.6648399999999,0.8267291999999999,0.8744586000000001,0.0459294,20.1872968,0.306196,0.015309799999999998,No (reported postion),cruise,2021-11-08 17:00:00
2021-11-08 18:00:00+00:00,9.8979066667,58.7758066667,10.1,1009.6648399999999,0.8267291999999999,0.8744586000000001,0.0459294,20.1872968,0.306196,0.015309799999999998,No (reported postion),cruise,2021-11-08 18:00:00
2021-11-08 19:00:00+00:00,10.0145866667,58.6181533333,9.8,989.627921898812,0.8102855286099669,0.857101391310521,0.045015862700553695,19.7865584379762,0.30010575133702505,0.0150052875668512,No (reported postion),cruise,2021-11-08 19:00:00
2021-11-08 20:00:00+00:00,10.1407733333,58.47216,9.5,905.2164037284571,0.7410116383181871,0.7839789515580861,0.0411673132398993,18.0983280745691,0.27444875493266196,0.0137224377466331,No (reported postion),cruise,2021-11-08 20:00:00
2021-11-08 21:00:00+00:00,10.2659166667,58.32998,9.7,960.906635206371,0.786714867798541,0.832221249342905,0.043706381544363404,19.212132704127402,0.29137587696242295,0.0145687938481211,No (reported postion),cruise,2021-11-08 21:00:00
2021-11-08 22:00:00+00:00,10.40274,58.1813333333,10.2,1009.6648399999999,0.8267291999999999,0.8744586000000001,0.0459294,20.1872968,0.306196,0.015309799999999998,No (reported postion),cruise,2021-11-08 22:00:00
2021-11-08 23:00:00+00:00,10.5476233333,58.0248266667,10.4,1009.6648399999999,0.8267291999999999,0.8744586000000001,0.0459294,20.1872968,0.306196,0.015309799999999998,No (reported postion),cruise,2021-11-08 23:00:00
2021-11-09 00:00:00+00:00,10.6709516667,57.8675866667,10.0,1009.6648399999999,0.8267291999999999,0.8744586000000001,0.0459294,20.1872968,0.306196,0.015309799999999998,No (reported postion),cruise,2021-11-09 00:00:00
2021-11-09 01:00:00+00:00,10.74739,57.7215,8.5,633.350540219414,0.517899835438425,0.5484720485183371,0.0287722130799125,12.6610108043883,0.19181475386608302,0.009590737693304159,No (reported postion),cruise,2021-11-09 01:00:00
2021-11-09 02:00:00+00:00,10.7354283333,57.5719866667,9.2,825.97127290451,0.675977640377562,0.715331953731871,0.037554313354309005,16.5134254580902,0.25036208902872703,0.012518104451436298,No (reported postion),cruise,2021-11-09 02:00:00
2021-11-09 03:00:00+00:00,10.7262466667,57.4155466667,9.6,932.771476669019,0.7636252240140889,0.807848847570427,0.0424236235563382,18.6494295333804,0.282824157042255,0.0141412078521128,No (reported postion),cruise,2021-11-09 03:00:00
2021-11-09 04:00:00+00:00,10.7147133333,57.27652,8.2,572.896320748541,0.468286950158377,0.49610289183384204,0.0260159416754654,11.4519264149708,0.173439611169769,0.00867198055848846,No (reported postion),cruise,2021-11-09 04:00:00
2021-11-09 05:00:00+00:00,10.75404,57.13568,8.9,751.729380352875,0.615049643450688,0.6510190680868371,0.034169424636149304,15.0285876070575,0.227796164240996,0.0113898082120498,No (reported postion),cruise,2021-11-09 05:00:00
2021-11-09 06:00:00+00:00,10.8233816667,56.98992,8.9,751.729380352875,0.615049643450688,0.6510190680868371,0.034169424636149304,15.0285876070575,0.227796164240996,0.0113898082120498,No (reported postion),cruise,2021-11-09 06:00:00
2021-11-09 07:00:00+00:00,10.8949716667,56.8411533333,9.4,878.2353738263851,0.7188691517724131,0.760606326870881,0.0399371750984674,17.5587074765277,0.26624783398978297,0.0133123916994891,No (reported postion),cruise,2021-11-09 07:00:00
2021-11-09 08:00:00+00:00,10.9862333333,56.6980866667,8.7,704.933794692404,0.576645971328113,0.610481858624119,0.0320358872960063,14.0926758938481,0.213572581973375,0.0106786290986688,No (reported postion),cruise,2021-11-09 08:00:00
2021-11-09 09:00:00+00:00,11.1020866667,56.5662933333,8.7,704.933794692404,0.576645971328113,0.610481858624119,0.0320358872960063,14.0926758938481,0.213572581973375,0.0106786290986688,No (reported postion),cruise,2021-11-09 09:00:00
2021-11-09 10:00:00+00:00,11.246445,56.4401266667,9.2,825.97127290451,0.675977640377562,0.715331953731871,0.037554313354309005,16.5134254580902,0.25036208902872703,0.012518104451436298,No (reported postion),cruise,2021-11-09 10:00:00
2021-11-09 11:00:00+00:00,11.425705,56.32018,9.4,878.2353738263851,0.7188691517724131,0.760606326870881,0.0399371750984674,17.5587074765277,0.26624783398978297,0.0133123916994891,No (reported postion),cruise,2021-11-09 11:00:00
2021-11-09 12:00:00+00:00,11.5981316667,56.1907733333,10.0,1005.06639563511,0.8229554006731931,0.870475145155037,0.045719744481844,20.095327912702302,0.304798296545627,0.0152399148272813,No (reported postion),cruise,2021-11-09 12:00:00
2021-11-09 13:00:00+00:00,11.7710916667,56.0577,9.8,948.4162731206029,0.776464418670404,0.821401330818759,0.0431369121483558,18.9623254624121,0.287579414322372,0.0143789707161186,No (reported postion),cruise,2021-11-09 13:00:00
2021-11-09 14:00:00+00:00,11.8445933333,55.9609933333,0.1,41.760963306395595,0.0324076683873865,0.036000834475145196,0.00180020334841695,0.8292892021722359,0.0120021344995818,0.000600310073396042,No (reported postion),anchor,2021-11-09 14:00:00
2021-11-09 15:00:00+00:00,11.8446,55.96098,0.0,41.76,0.0324,0.036,0.0018,0.8292,0.012,0.0006,No (reported postion),anchor,2021-11-09 15:00:00
2021-11-09 16:00:00+00:00,11.8445883333,55.9609933333,0.1,41.760963306395595,0.0324076683873865,0.036000834475145196,0.00180020334841695,0.8292892021722359,0.0120021344995818,0.000600310073396042,No (reported postion),anchor,2021-11-09 16:00:00
2021-11-09 17:00:00+00:00,11.8445916667,55.96098,0.1,41.760963306395595,0.0324076683873865,0.036000834475145196,0.00180020334841695,0.8292892021722359,0.0120021344995818,0.000600310073396042,No (reported postion),anchor,2021-11-09 17:00:00
2021-11-09 18:00:00+00:00,11.84438,55.9608733333,0.1,41.760963306395595,0.0324076683873865,0.036000834475145196,0.00180020334841695,0.8292892021722359,0.0120021344995818,0.000600310073396042,No (reported postion),anchor,2021-11-09 18:00:00
2021-11-09 19:00:00+00:00,11.8443783333,55.9608666667,0.1,41.760963306395595,0.0324076683873865,0.036000834475145196,0.00180020334841695,0.8292892021722359,0.0120021344995818,0.000600310073396042,No (reported postion),anchor,2021-11-09 19:00:00
2021-11-09 20:00:00+00:00,11.844375,55.9608733333,0.0,41.76,0.0324,0.036,0.0018,0.8292,0.012,0.0006,No (reported postion),anchor,2021-11-09 20:00:00
2021-11-09 21:00:00+00:00,11.84416,55.9607733333,0.0,41.76,0.0324,0.036,0.0018,0.8292,0.012,0.0006,No (reported postion),anchor,2021-11-09 21:00:00
2021-11-09 22:00:00+00:00,11.844175,55.9608333333,0.0,41.76,0.0324,0.036,0.0018,0.8292,0.012,0.0006,No (reported postion),anchor,2021-11-09 22:00:00
2021-11-09 23:00:00+00:00,11.8441633333,55.9608,0.0,41.76,0.0324,0.036,0.0018,0.8292,0.012,0.0006,No (reported postion),anchor,2021-11-09 23:00:00
2021-11-10 00:00:00+00:00,11.8971883333,56.0147066667,11.4,1009.6648399999999,0.8267291999999999,0.8744586000000001,0.0459294,20.1872968,0.306196,0.015309799999999998,No (reported postion),cruise,2021-11-10 00:00:00
2021-11-10 01:00:00+00:00,12.1674833333,56.13124,12.2,1009.6648399999999,0.8267291999999999,0.8744586000000001,0.0459294,20.1872968,0.306196,0.015309799999999998,No (reported postion),cruise,2021-11-10 01:00:00
2021-11-10 02:00:00+00:00,12.48909,56.1227,10.9,1009.6648399999999,0.8267291999999999,0.8744586000000001,0.0459294,20.1872968,0.306196,0.015309799999999998,No (reported postion),cruise,2021-11-10 02:00:00
2021-11-10 03:00:00+00:00,12.6326,55.9673266667,11.1,1009.6648399999999,0.8267291999999999,0.8744586000000001,0.0459294,20.1872968,0.306196,0.015309799999999998,No (reported postion),cruise,2021-11-10 03:00:00
2021-11-10 04:00:00+00:00,12.67856,55.78413,10.9,1009.6648399999999,0.8267291999999999,0.8744586000000001,0.0459294,20.1872968,0.306196,0.015309799999999998,No (reported postion),cruise,2021-11-10 04:00:00
2021-11-10 05:00:00+00:00,12.698895,55.5925033333,12.1,1009.6648399999999,0.8267291999999999,0.8744586000000001,0.0459294,20.1872968,0.306196,0.015309799999999998,No (reported postion),cruise,2021-11-10 05:00:00
2021-11-10 06:00:00+00:00,12.4661433333,55.4959966667,11.2,1009.6648399999999,0.8267291999999999,0.8744586000000001,0.0459294,20.1872968,0.306196,0.015309799999999998,No (reported postion),cruise,2021-11-10 06:00:00
2021-11-10 07:00:00+00:00,12.2030883333,55.4652266667,1.6,45.7057029965214,0.0638097147352268,0.039418010194555,0.00263291511583104,1.1945720974778802,0.020742910287125,0.00187006063018729,No (reported postion),anchor,2021-11-10 07:00:00
2021-11-10 08:00:00+00:00,12.2028766667,55.4658533333,0.1,41.760963306395595,0.0324076683873865,0.036000834475145196,0.00180020334841695,0.8292892021722359,0.0120021344995818,0.000600310073396042,No (reported postion),anchor,2021-11-10 08:00:00
2021-11-10 09:00:00+00:00,12.202875,55.46587,0.1,41.760963306395595,0.0324076683873865,0.036000834475145196,0.00180020334841695,0.8292892021722359,0.0120021344995818,0.000600310073396042,No (reported postion),anchor,2021-11-10 09:00:00
2021-11-10 10:00:00+00:00,12.202865,55.4656966667,0.1,41.760963306395595,0.0324076683873865,0.036000834475145196,0.00180020334841695,0.8292892021722359,0.0120021344995818,0.000600310073396042,No (reported postion),anchor,2021-11-10 10:00:00
2021-11-10 11:00:00+00:00,12.20289,55.4657066667,0.0,41.76,0.0324,0.036,0.0018,0.8292,0.012,0.0006,No (reported postion),anchor,2021-11-10 11:00:00
2021-11-10 12:00:00+00:00,12.2028716667,55.4657133333,0.0,41.76,0.0324,0.036,0.0018,0.8292,0.012,0.0006,No (reported postion),anchor,2021-11-10 12:00:00
2021-11-10 13:00:00+00:00,12.202875,55.4657133333,0.0,41.76,0.0324,0.036,0.0018,0.8292,0.012,0.0006,No (reported postion),anchor,2021-11-10 13:00:00
2021-11-10 14:00:00+00:00,12.20288,55.46573,0.1,41.760963306395595,0.0324076683873865,0.036000834475145196,0.00180020334841695,0.8292892021722359,0.0120021344995818,0.000600310073396042,No (reported postion),anchor,2021-11-10 14:00:00
2021-11-10 15:00:00+00:00,12.2028516667,55.4655666667,0.1,41.760963306395595,0.0324076683873865,0.036000834475145196,0.00180020334841695,0.8292892021722359,0.0120021344995818,0.000600310073396042,No (reported postion),anchor,2021-11-10 15:00:00
2021-11-10 16:00:00+00:00,12.2028383333,55.4654633333,0.1,41.760963306395595,0.0324076683873865,0.036000834475145196,0.00180020334841695,0.8292892021722359,0.0120021344995818,0.000600310073396042,No (reported postion),anchor,2021-11-10 16:00:00
2021-11-10 17:00:00+00:00,12.202885,55.46547,0.0,41.76,0.0324,0.036,0.0018,0.8292,0.012,0.0006,No (reported postion),anchor,2021-11-10 17:00:00
2021-11-10 18:00:00+00:00,12.20286,55.46513,0.0,41.76,0.0324,0.036,0.0018,0.8292,0.012,0.0006,No (reported postion),anchor,2021-11-10 18:00:00
2021-11-10 19:00:00+00:00,12.2028566667,55.4650466667,0.0,41.76,0.0324,0.036,0.0018,0.8292,0.012,0.0006,No (reported postion),anchor,2021-11-10 19:00:00
2021-11-10 20:00:00+00:00,12.2028233333,55.46503,0.2,41.7677064511651,0.0324613470990922,0.0360066758011612,0.00180162678733561,0.829913617377887,0.012017075996654499,0.000602480587168335,No (reported postion),anchor,2021-11-10 20:00:00
2021-11-10 21:00:00+00:00,12.2028566667,55.46525,0.0,41.76,0.0324,0.036,0.0018,0.8292,0.012,0.0006,No (reported postion),anchor,2021-11-10 21:00:00
2021-11-10 22:00:00+00:00,12.2028816667,55.4653233333,0.0,41.76,0.0324,0.036,0.0018,0.8292,0.012,0.0006,No (reported postion),anchor,2021-11-10 22:00:00
2021-11-10 23:00:00+00:00,12.350525,55.4277333333,9.9,976.4552323783539,0.799475114717798,0.845690398868787,0.044415284150988804,19.5231046475671,0.296101894339925,0.014805094716996299,No (reported postion),cruise,2021-11-10 23:00:00
2021-11-11 00:00:00+00:00,12.494665,55.29353,11.0,1009.6648399999999,0.8267291999999999,0.8744586000000001,0.0459294,20.1872968,0.306196,0.015309799999999998,No (reported postion),cruise,2021-11-11 00:00:00
2021-11-11 01:00:00+00:00,12.5426816667,55.1272133333,9.9,1018.94137930464,0.8343421653867891,0.882494507908277,0.0463523425214883,20.3728275860929,0.309015616809922,0.015450780840496099,No (reported postion),cruise,2021-11-11 01:00:00
2021-11-11 02:00:00+00:00,12.578735,54.96525,9.7,920.943738023485,0.753918569198605,0.797602934154083,0.041884364955477996,18.4128747604697,0.279229099703187,0.0139614549851593,No (reported postion),cruise,2021-11-11 02:00:00
2021-11-11 03:00:00+00:00,12.45097,54.81853,10.0,1009.6648399999999,0.8267291999999999,0.8744586000000001,0.0459294,20.1872968,0.306196,0.015309799999999998,No (reported postion),cruise,2021-11-11 03:00:00
2021-11-11 04:00:00+00:00,12.317575,54.67325,9.8,989.627921898812,0.8102855286099669,0.857101391310521,0.045015862700553695,19.7865584379762,0.30010575133702505,0.0150052875668512,No (reported postion),cruise,2021-11-11 04:00:00
2021-11-11 05:00:00+00:00,12.2044666667,54.5232733333,10.0,1009.6648399999999,0.8267291999999999,0.8744586000000001,0.0459294,20.1872968,0.306196,0.015309799999999998,No (reported postion),cruise,2021-11-11 05:00:00
2021-11-11 06:00:00+00:00,12.1089583333,54.36787,10.1,1009.6648399999999,0.8267291999999999,0.8744586000000001,0.0459294,20.1872968,0.306196,0.015309799999999998,No (reported postion),cruise,2021-11-11 06:00:00
2021-11-11 07:00:00+00:00,12.0565016667,54.2260266667,9.8,948.4162731206029,0.776464418670404,0.821401330818759,0.0431369121483558,18.9623254624121,0.287579414322372,0.0143789707161186,No (reported postion),cruise,2021-11-11 07:00:00
2021-11-11 08:00:00+00:00,12.0907083333,54.11586,2.2,52.017286500722705,0.114052988891771,0.0448854913456108,0.0039652539436935905,1.77902472996692,0.034728151547194004,0.00390166152105329,No (reported postion),anchor,2021-11-11 08:00:00
2021-11-11 09:00:00+00:00,12.0882783333,54.1155833333,0.2,41.7677064511651,0.0324613470990922,0.0360066758011612,0.00180162678733561,0.829913617377887,0.012017075996654499,0.000602480587168335,No (reported postion),anchor,2021-11-11 09:00:00
2021-11-11 10:00:00+00:00,12.088295,54.1155766667,0.0,41.76,0.0324,0.036,0.0018,0.8292,0.012,0.0006,No (reported postion),anchor,2021-11-11 10:00:00
2021-11-11 11:00:00+00:00,12.0883166667,54.1155833333,0.0,41.76,0.0324,0.036,0.0018,0.8292,0.012,0.0006,No (reported postion),anchor,2021-11-11 11:00:00
2021-11-11 12:00:00+00:00,12.0883166667,54.1155933333,0.1,41.760963306395595,0.0324076683873865,0.036000834475145196,0.00180020334841695,0.8292892021722359,0.0120021344995818,0.000600310073396042,No (reported postion),anchor,2021-11-11 12:00:00
2021-11-11 13:00:00+00:00,12.088295,54.1155933333,0.0,41.76,0.0324,0.036,0.0018,0.8292,0.012,0.0006,No (reported postion),anchor,2021-11-11 13:00:00
2021-11-11 14:00:00+00:00,12.0882933333,54.1155833333,0.0,41.76,0.0324,0.036,0.0018,0.8292,0.012,0.0006,No (reported postion),anchor,2021-11-11 14:00:00
2021-11-11 15:00:00+00:00,12.0882916667,54.1155833333,0.0,41.76,0.0324,0.036,0.0018,0.8292,0.012,0.0006,No (reported postion),anchor,2021-11-11 15:00:00
2021-11-11 16:00:00+00:00,12.0882933333,54.1155933333,0.0,41.76,0.0324,0.036,0.0018,0.8292,0.012,0.0006,No (reported postion),anchor,2021-11-11 16:00:00
2021-11-11 17:00:00+00:00,12.0881466667,54.1160166667,0.1,41.760963306395595,0.0324076683873865,0.036000834475145196,0.00180020334841695,0.8292892021722359,0.0120021344995818,0.000600310073396042,No (reported postion),anchor,2021-11-11 17:00:00
2021-11-11 18:00:00+00:00,12.0881316667,54.11604,0.0,41.76,0.0324,0.036,0.0018,0.8292,0.012,0.0006,No (reported postion),anchor,2021-11-11 18:00:00
2021-11-11 19:00:00+00:00,12.0881383333,54.1160166667,0.0,41.76,0.0324,0.036,0.0018,0.8292,0.012,0.0006,No (reported postion),anchor,2021-11-11 19:00:00
2021-11-11 20:00:00+00:00,12.08814,54.1160066667,0.1,41.760963306395595,0.0324076683873865,0.036000834475145196,0.00180020334841695,0.8292892021722359,0.0120021344995818,0.000600310073396042,No (reported postion),anchor,2021-11-11 20:00:00
2021-11-11 21:00:00+00:00,12.088125,54.1160333333,0.0,41.76,0.0324,0.036,0.0018,0.8292,0.012,0.0006,No (reported postion),anchor,2021-11-11 21:00:00
2021-11-11 22:00:00+00:00,12.08813,54.1160066667,0.0,41.76,0.0324,0.036,0.0018,0.8292,0.012,0.0006,No (reported postion),anchor,2021-11-11 22:00:00
2021-11-11 23:00:00+00:00,12.0880733333,54.11626,0.4,41.821651609320604,0.0328907767927379,0.0360534064092899,0.00181301429868486,0.8349089390230919,0.0121366079732363,0.000619844697346676,No (reported postion),anchor,2021-11-11 23:00:00
2021-11-12 00:00:00+00:00,12.087945,54.1164866667,0.1,41.760963306395595,0.0324076683873865,0.036000834475145196,0.00180020334841695,0.8292892021722359,0.0120021344995818,0.000600310073396042,No (reported postion),anchor,2021-11-12 00:00:00
2021-11-12 01:00:00+00:00,12.0879266667,54.11652,0.0,41.76,0.0324,0.036,0.0018,0.8292,0.012,0.0006,No (reported postion),anchor,2021-11-12 01:00:00
2021-11-12 02:00:00+00:00,12.0879616667,54.1165133333,0.0,41.76,0.0324,0.036,0.0018,0.8292,0.012,0.0006,No (reported postion),anchor,2021-11-12 02:00:00
2021-11-12 03:00:00+00:00,12.0879433333,54.1165133333,0.0,41.76,0.0324,0.036,0.0018,0.8292,0.012,0.0006,No (reported postion),anchor,2021-11-12 03:00:00
2021-11-12 04:00:00+00:00,12.0879533333,54.1164866667,0.0,41.76,0.0324,0.036,0.0018,0.8292,0.012,0.0006,No (reported postion),anchor,2021-11-12 04:00:00
2021-11-12 05:00:00+00:00,12.0879466667,54.11652,0.1,41.760963306395595,0.0324076683873865,0.036000834475145196,0.00180020334841695,0.8292892021722359,0.0120021344995818,0.000600310073396042,No (reported postion),anchor,2021-11-12 05:00:00
2021-11-12 06:00:00+00:00,12.0879566667,54.1165133333,0.0,41.76,0.0324,0.036,0.0018,0.8292,0.012,0.0006,No (reported postion),anchor,2021-11-12 06:00:00
2021-11-12 07:00:00+00:00,12.087935,54.11652,0.0,41.76,0.0324,0.036,0.0018,0.8292,0.012,0.0006,No (reported postion),anchor,2021-11-12 07:00:00
2021-11-12 08:00:00+00:00,12.0879533333,54.11652,0.0,41.76,0.0324,0.036,0.0018,0.8292,0.012,0.0006,No (reported postion),anchor,2021-11-12 08:00:00
2021-11-12 09:00:00+00:00,12.0879433333,54.1165133333,0.0,41.76,0.0324,0.036,0.0018,0.8292,0.012,0.0006,No (reported postion),anchor,2021-11-12 09:00:00
2021-11-12 10:00:00+00:00,12.0965566667,54.1526933333,7.2,401.312185558015,0.327473222190468,0.347466178978827,0.0181929567883593,8.02024371116029,0.121286378589062,0.00606431892945311,No (reported postion),cruise,2021-11-12 10:00:00
2021-11-12 11:00:00+00:00,12.094435,54.3113366667,11.3,1009.6648399999999,0.8267291999999999,0.8744586000000001,0.0459294,20.1872968,0.306196,0.015309799999999998,No (reported postion),cruise,2021-11-12 11:00:00
2021-11-12 12:00:00+00:00,12.24644,54.4761966667,11.2,1009.6648399999999,0.8267291999999999,0.8744586000000001,0.0459294,20.1872968,0.306196,0.015309799999999998,No (reported postion),cruise,2021-11-12 12:00:00
2021-11-12 13:00:00+00:00,12.49742,54.5870266667,11.2,1009.6648399999999,0.8267291999999999,0.8744586000000001,0.0459294,20.1872968,0.306196,0.015309799999999998,No (reported postion),cruise,2021-11-12 13:00:00
2021-11-12 14:00:00+00:00,12.787505,54.6713066667,11.1,1009.6648399999999,0.8267291999999999,0.8744586000000001,0.0459294,20.1872968,0.306196,0.015309799999999998,No (reported postion),cruise,2021-11-12 14:00:00
2021-11-12 15:00:00+00:00,13.0953183333,54.6880133333,10.1,1009.6648399999999,0.8267291999999999,0.8744586000000001,0.0459294,20.1872968,0.306196,0.015309799999999998,No (reported postion),cruise,2021-11-12 15:00:00
2021-11-12 16:00:00+00:00,13.3836733333,54.6976633333,10.2,1009.6648399999999,0.8267291999999999,0.8744586000000001,0.0459294,20.1872968,0.306196,0.015309799999999998,No (reported postion),cruise,2021-11-12 16:00:00
2021-11-12 17:00:00+00:00,13.6221516667,54.6107333333,10.1,1009.6648399999999,0.8267291999999999,0.8744586000000001,0.0459294,20.1872968,0.306196,0.015309799999999998,No (reported postion),cruise,2021-11-12 17:00:00
2021-11-12 18:00:00+00:00,13.7538033333,54.46954,10.2,1009.6648399999999,0.8267291999999999,0.8744586000000001,0.0459294,20.1872968,0.306196,0.015309799999999998,No (reported postion),cruise,2021-11-12 18:00:00
2021-11-12 19:00:00+00:00,13.7846733333,54.31019,10.1,1009.6648399999999,0.8267291999999999,0.8744586000000001,0.0459294,20.1872968,0.306196,0.015309799999999998,No (reported postion),cruise,2021-11-12 19:00:00
2021-11-12 20:00:00+00:00,13.594075,54.20315,10.6,1009.6648399999999,0.8267291999999999,0.8744586000000001,0.0459294,20.1872968,0.306196,0.015309799999999998,No (reported postion),cruise,2021-11-12 20:00:00
2021-11-12 21:00:00+00:00,13.3522516667,54.23068,6.9,358.21482072369497,0.29210456411975,0.31013259545973604,0.0162280313399861,7.1582964144739,0.108186875599907,0.00540934377999537,No (reported postion),cruise,2021-11-12 21:00:00
2021-11-12 22:00:00+00:00,13.12828,54.29026,6.7,331.486921470404,0.270169813972672,0.286979248082264,0.015009434109592901,6.62373842940807,0.100062894063952,0.00500314470319762,No (reported postion),cruise,2021-11-12 22:00:00
2021-11-12 23:00:00+00:00,13.1095883333,54.30481,0.0,41.76,0.0324,0.036,0.0018,0.8292,0.012,0.0006,No (reported postion),anchor,2021-11-12 23:00:00
2021-11-13 00:00:00+00:00,13.10958,54.30481,0.0,41.76,0.0324,0.036,0.0018,0.8292,0.012,0.0006,No (reported postion),anchor,2021-11-13 00:00:00
2021-11-13 01:00:00+00:00,13.1095583333,54.3047933333,0.0,41.76,0.0324,0.036,0.0018,0.8292,0.012,0.0006,No (reported postion),anchor,2021-11-13 01:00:00
2021-11-13 02:00:00+00:00,13.1095733333,54.3047933333,0.1,41.760963306395595,0.0324076683873865,0.036000834475145196,0.00180020334841695,0.8292892021722359,0.0120021344995818,0.000600310073396042,No (reported postion),anchor,2021-11-13 02:00:00
2021-11-13 03:00:00+00:00,13.1095866667,54.3047933333,0.0,41.76,0.0324,0.036,0.0018,0.8292,0.012,0.0006,No (reported postion),anchor,2021-11-13 03:00:00
2021-11-13 04:00:00+00:00,13.10978,54.30476,0.0,41.76,0.0324,0.036,0.0018,0.8292,0.012,0.0006,No (reported postion),anchor,2021-11-13 04:00:00
2021-11-13 05:00:00+00:00,13.1097733333,54.30476,0.1,41.760963306395595,0.0324076683873865,0.036000834475145196,0.00180020334841695,0.8292892021722359,0.0120021344995818,0.000600310073396042,No (reported postion),anchor,2021-11-13 05:00:00
2021-11-13 06:00:00+00:00,13.1097733333,54.30477,0.0,41.76,0.0324,0.036,0.0018,0.8292,0.012,0.0006,No (reported postion),anchor,2021-11-13 06:00:00
2021-11-13 07:00:00+00:00,13.1102716667,54.3031266667,0.2,41.7677064511651,0.0324613470990922,0.0360066758011612,0.00180162678733561,0.829913617377887,0.012017075996654499,0.000602480587168335,No (reported postion),anchor,2021-11-13 07:00:00
2021-11-13 08:00:00+00:00,13.1102716667,54.3031266667,0.1,41.760963306395595,0.0324076683873865,0.036000834475145196,0.00180020334841695,0.8292892021722359,0.0120021344995818,0.000600310073396042,No (reported postion),anchor,2021-11-13 08:00:00
2021-11-13 09:00:00+00:00,13.1103066667,54.3031966667,0.0,41.76,0.0324,0.036,0.0018,0.8292,0.012,0.0006,No (reported postion),anchor,2021-11-13 09:00:00
2021-11-13 10:00:00+00:00,13.11029,54.3031966667,0.1,41.760963306395595,0.0324076683873865,0.036000834475145196,0.00180020334841695,0.8292892021722359,0.0120021344995818,0.000600310073396042,No (reported postion),anchor,2021-11-13 10:00:00
2021-11-13 11:00:00+00:00,13.11028,54.3031266667,0.1,41.760963306395595,0.0324076683873865,0.036000834475145196,0.00180020334841695,0.8292892021722359,0.0120021344995818,0.000600310073396042,No (reported postion),anchor,2021-11-13 11:00:00
2021-11-13 12:00:00+00:00,13.11028,54.3031266667,0.0,41.76,0.0324,0.036,0.0018,0.8292,0.012,0.0006,No (reported postion),anchor,2021-11-13 12:00:00
2021-11-13 13:00:00+00:00,13.1360766667,54.2802166667,7.8,498.898976661434,0.407559646500265,0.432001849083613,0.022642202583348103,9.97197953322868,0.15094801722232,0.00754740086111602,No (reported postion),cruise,2021-11-13 13:00:00
2021-11-13 14:00:00+00:00,13.3544733333,54.2302733333,8.5,633.350540219414,0.517899835438425,0.5484720485183371,0.0287722130799125,12.6610108043883,0.19181475386608302,0.009590737693304159,No (reported postion),cruise,2021-11-13 14:00:00
2021-11-13 15:00:00+00:00,13.554315,54.2037366667,9.4,841.866879312195,0.689022666912743,0.729101703963451,0.038279037050707995,16.831337586243897,0.255193580338053,0.0127596790169027,No (reported postion),cruise,2021-11-13 15:00:00
2021-11-13 16:00:00+00:00,13.7563566667,54.2802233333,8.2,572.896320748541,0.468286950158377,0.49610289183384204,0.0260159416754654,11.4519264149708,0.173439611169769,0.00867198055848846,No (reported postion),cruise,2021-11-13 16:00:00
2021-11-13 17:00:00+00:00,13.833815,54.4304866667,10.1,1009.6648399999999,0.8267291999999999,0.8744586000000001,0.0459294,20.1872968,0.306196,0.015309799999999998,No (reported postion),cruise,2021-11-13 17:00:00
2021-11-13 18:00:00+00:00,13.743615,54.5862966667,10.1,1009.6648399999999,0.8267291999999999,0.8744586000000001,0.0459294,20.1872968,0.306196,0.015309799999999998,No (reported postion),cruise,2021-11-13 18:00:00
2021-11-13 19:00:00+00:00,13.6049883333,54.7330566667,10.0,1009.6648399999999,0.8267291999999999,0.8744586000000001,0.0459294,20.1872968,0.306196,0.015309799999999998,No (reported postion),cruise,2021-11-13 19:00:00
2021-11-13 20:00:00+00:00,13.4397983333,54.8787433333,10.4,1009.6648399999999,0.8267291999999999,0.8744586000000001,0.0459294,20.1872968,0.306196,0.015309799999999998,No (reported postion),cruise,2021-11-13 20:00:00
2021-11-13 21:00:00+00:00,13.2656,55.0173,10.0,1009.6648399999999,0.8267291999999999,0.8744586000000001,0.0459294,20.1872968,0.306196,0.015309799999999998,No (reported postion),cruise,2021-11-13 21:00:00
2021-11-13 22:00:00+00:00,13.06686,55.1381433333,10.3,1009.6648399999999,0.8267291999999999,0.8744586000000001,0.0459294,20.1872968,0.306196,0.015309799999999998,No (reported postion),cruise,2021-11-13 22:00:00
2021-11-13 23:00:00+00:00,12.863275,55.2647466667,10.4,1009.6648399999999,0.8267291999999999,0.8744586000000001,0.0459294,20.1872968,0.306196,0.015309799999999998,No (reported postion),cruise,2021-11-13 23:00:00
2021-11-14 00:00:00+00:00,12.6918916667,55.37474,10.1,1009.6648399999999,0.8267291999999999,0.8744586000000001,0.0459294,20.1872968,0.306196,0.015309799999999998,No (reported postion),cruise,2021-11-14 00:00:00
2021-11-14 01:00:00+00:00,12.7140716667,55.5423733333,10.0,1005.06639563511,0.8229554006731931,0.870475145155037,0.045719744481844,20.095327912702302,0.304798296545627,0.0152399148272813,No (reported postion),cruise,2021-11-14 01:00:00
2021-11-14 02:00:00+00:00,12.69028,55.7224433333,11.5,1009.6648399999999,0.8267291999999999,0.8744586000000001,0.0459294,20.1872968,0.306196,0.015309799999999998,No (reported postion),cruise,2021-11-14 02:00:00
2021-11-14 03:00:00+00:00,12.739935,55.8955166667,10.6,1009.6648399999999,0.8267291999999999,0.8744586000000001,0.0459294,20.1872968,0.306196,0.015309799999999998,No (reported postion),cruise,2021-11-14 03:00:00
2021-11-14 04:00:00+00:00,12.64402,56.0626866667,11.6,1009.6648399999999,0.8267291999999999,0.8744586000000001,0.0459294,20.1872968,0.306196,0.015309799999999998,No (reported postion),cruise,2021-11-14 04:00:00
2021-11-14 05:00:00+00:00,12.383335,56.1859733333,10.2,1009.6648399999999,0.8267291999999999,0.8744586000000001,0.0459294,20.1872968,0.306196,0.015309799999999998,No (reported postion),cruise,2021-11-14 05:00:00
2021-11-14 06:00:00+00:00,12.1035933333,56.139,10.7,1009.6648399999999,0.8267291999999999,0.8744586000000001,0.0459294,20.1872968,0.306196,0.015309799999999998,No (reported postion),cruise,2021-11-14 06:00:00
2021-11-14 07:00:00+00:00,11.8577083333,56.04642,9.5,867.674820957655,0.710202436652179,0.7514581275773,0.039455690925120995,17.3474964191531,0.263037939500807,0.0131518969750403,No (reported postion),cruise,2021-11-14 07:00:00
2021-11-14 08:00:00+00:00,11.84048,55.9614066667,0.0,41.76,0.0324,0.036,0.0018,0.8292,0.012,0.0006,No (reported postion),anchor,2021-11-14 08:00:00
2021-11-14 09:00:00+00:00,11.8404716667,55.9614066667,0.0,41.76,0.0324,0.036,0.0018,0.8292,0.012,0.0006,No (reported postion),anchor,2021-11-14 09:00:00
2021-11-14 10:00:00+00:00,11.8404683333,55.9613866667,0.0,41.76,0.0324,0.036,0.0018,0.8292,0.012,0.0006,No (reported postion),anchor,2021-11-14 10:00:00
2021-11-14 11:00:00+00:00,11.8404783333,55.9614,0.0,41.76,0.0324,0.036,0.0018,0.8292,0.012,0.0006,No (reported postion),anchor,2021-11-14 11:00:00
2021-11-14 12:00:00+00:00,11.8404783333,55.9614066667,0.0,41.76,0.0324,0.036,0.0018,0.8292,0.012,0.0006,No (reported postion),anchor,2021-11-14 12:00:00
2021-11-14 13:00:00+00:00,11.8404816667,55.9614066667,0.0,41.76,0.0324,0.036,0.0018,0.8292,0.012,0.0006,No (reported postion),anchor,2021-11-14 13:00:00
2021-11-14 14:00:00+00:00,11.8404666667,55.9614066667,0.0,41.76,0.0324,0.036,0.0018,0.8292,0.012,0.0006,No (reported postion),anchor,2021-11-14 14:00:00
2021-11-14 15:00:00+00:00,11.840405,55.96158,0.0,41.76,0.0324,0.036,0.0018,0.8292,0.012,0.0006,No (reported postion),anchor,2021-11-14 15:00:00
2021-11-14 16:00:00+00:00,11.8403666667,55.96176,0.0,41.76,0.0324,0.036,0.0018,0.8292,0.012,0.0006,No (reported postion),anchor,2021-11-14 16:00:00
2021-11-14 17:00:00+00:00,11.8403566667,55.9617666667,0.0,41.76,0.0324,0.036,0.0018,0.8292,0.012,0.0006,No (reported postion),anchor,2021-11-14 17:00:00
2021-11-14 18:00:00+00:00,11.84036,55.9618,0.0,41.76,0.0324,0.036,0.0018,0.8292,0.012,0.0006,No (reported postion),anchor,2021-11-14 18:00:00
2021-11-14 19:00:00+00:00,11.8403766667,55.9617533333,0.0,41.76,0.0324,0.036,0.0018,0.8292,0.012,0.0006,No (reported postion),anchor,2021-11-14 19:00:00
2021-11-14 20:00:00+00:00,11.8403883333,55.9617666667,0.0,41.76,0.0324,0.036,0.0018,0.8292,0.012,0.0006,No (reported postion),anchor,2021-11-14 20:00:00
2021-11-14 21:00:00+00:00,11.8403383333,55.96192,0.1,41.760963306395595,0.0324076683873865,0.036000834475145196,0.00180020334841695,0.8292892021722359,0.0120021344995818,0.000600310073396042,No (reported postion),anchor,2021-11-14 21:00:00
2021-11-14 22:00:00+00:00,11.840325,55.9619333333,0.0,41.76,0.0324,0.036,0.0018,0.8292,0.012,0.0006,No (reported postion),anchor,2021-11-14 22:00:00
2021-11-14 23:00:00+00:00,11.8403316667,55.96192,0.0,41.76,0.0324,0.036,0.0018,0.8292,0.012,0.0006,No (reported postion),anchor,2021-11-14 23:00:00
2021-11-15 00:00:00+00:00,11.840315,55.96194,0.0,41.76,0.0324,0.036,0.0018,0.8292,0.012,0.0006,No (reported postion),anchor,2021-11-15 00:00:00
2021-11-15 01:00:00+00:00,11.8403216667,55.9619066667,0.0,41.76,0.0324,0.036,0.0018,0.8292,0.012,0.0006,No (reported postion),anchor,2021-11-15 01:00:00
2021-11-15 02:00:00+00:00,11.84034,55.96192,0.0,41.76,0.0324,0.036,0.0018,0.8292,0.012,0.0006,No (reported postion),anchor,2021-11-15 02:00:00
2021-11-15 03:00:00+00:00,11.840265,55.96192,0.0,41.76,0.0324,0.036,0.0018,0.8292,0.012,0.0006,No (reported postion),anchor,2021-11-15 03:00:00
2021-11-15 04:00:00+00:00,11.976975,56.0794666667,10.8,1009.6648399999999,0.8267291999999999,0.8744586000000001,0.0459294,20.1872968,0.306196,0.015309799999999998,No (reported postion),cruise,2021-11-15 04:00:00
2021-11-15 05:00:00+00:00,12.24435,56.1530866667,10.5,1009.6648399999999,0.8267291999999999,0.8744586000000001,0.0459294,20.1872968,0.306196,0.015309799999999998,No (reported postion),cruise,2021-11-15 05:00:00
2021-11-15 06:00:00+00:00,12.50837,56.1159666667,8.0,534.9728745651779,0.437164365144675,0.46325127431937896,0.0242869091747041,10.6934574913036,0.161912727831361,0.00809563639156805,No (reported postion),cruise,2021-11-15 06:00:00
2021-11-15 07:00:00+00:00,12.6280783333,56.0104666667,9.1,767.679763865147,0.6281396238406981,0.664836269609626,0.034896645768927696,15.3475952773029,0.232644305126185,0.0116322152563092,No (reported postion),cruise,2021-11-15 07:00:00
2021-11-15 08:00:00+00:00,12.6595216667,55.8441566667,10.1,1009.6648399999999,0.8267291999999999,0.8744586000000001,0.0459294,20.1872968,0.306196,0.015309799999999998,No (reported postion),cruise,2021-11-15 08:00:00
2021-11-15 09:00:00+00:00,12.6385183333,55.6965666667,5.8,229.71263746515802,0.186646845336148,0.19881611452149,0.0103692691853416,4.588252749303161,0.06912846123561041,0.0034564230617805196,No (reported postion),cruise,2021-11-15 09:00:00
2021-11-15 10:00:00+00:00,12.64225,55.6790366667,0.0,41.76,0.0324,0.036,0.0018,0.8292,0.012,0.0006,No (reported postion),anchor,2021-11-15 10:00:00
2021-11-15 11:00:00+00:00,12.6422766667,55.67902,0.1,41.760963306395595,0.0324076683873865,0.036000834475145196,0.00180020334841695,0.8292892021722359,0.0120021344995818,0.000600310073396042,No (reported postion),anchor,2021-11-15 11:00:00
2021-11-15 12:00:00+00:00,12.6422866667,55.6790366667,0.0,41.76,0.0324,0.036,0.0018,0.8292,0.012,0.0006,No (reported postion),anchor,2021-11-15 12:00:00
2021-11-15 13:00:00+00:00,12.642295,55.6790533333,0.2,41.7677064511651,0.0324613470990922,0.0360066758011612,0.00180162678733561,0.829913617377887,0.012017075996654499,0.000602480587168335,No (reported postion),anchor,2021-11-15 13:00:00
2021-11-15 14:00:00+00:00,12.6422783333,55.6790366667,0.0,41.76,0.0324,0.036,0.0018,0.8292,0.012,0.0006,No (reported postion),anchor,2021-11-15 14:00:00
2021-11-15 15:00:00+00:00,12.6422866667,55.67902,0.0,41.76,0.0324,0.036,0.0018,0.8292,0.012,0.0006,No (reported postion),anchor,2021-11-15 15:00:00
2021-11-15 16:00:00+00:00,12.6422566667,55.6790266667,0.0,41.76,0.0324,0.036,0.0018,0.8292,0.012,0.0006,No (reported postion),anchor,2021-11-15 16:00:00
2021-11-15 17:00:00+00:00,12.67562,55.7510333333,10.4,1009.6648399999999,0.8267291999999999,0.8744586000000001,0.0459294,20.1872968,0.306196,0.015309799999999998,No (reported postion),cruise,2021-11-15 17:00:00
2021-11-15 18:00:00+00:00,12.7325133333,55.9177233333,10.6,1009.6648399999999,0.8267291999999999,0.8744586000000001,0.0459294,20.1872968,0.306196,0.015309799999999998,No (reported postion),cruise,2021-11-15 18:00:00
2021-11-15 19:00:00+00:00,12.6100516667,56.0797866667,12.1,1009.6648399999999,0.8267291999999999,0.8744586000000001,0.0459294,20.1872968,0.306196,0.015309799999999998,No (reported postion),cruise,2021-11-15 19:00:00
2021-11-15 20:00:00+00:00,12.3519666667,56.1872533333,9.7,920.943738023485,0.753918569198605,0.797602934154083,0.041884364955477996,18.4128747604697,0.279229099703187,0.0139614549851593,No (reported postion),cruise,2021-11-15 20:00:00
2021-11-15 21:00:00+00:00,12.0604983333,56.1773666667,10.0,1009.6648399999999,0.8267291999999999,0.8744586000000001,0.0459294,20.1872968,0.306196,0.015309799999999998,No (reported postion),cruise,2021-11-15 21:00:00
2021-11-15 22:00:00+00:00,11.7596833333,56.1523933333,10.0,1005.06639563511,0.8229554006731931,0.870475145155037,0.045719744481844,20.095327912702302,0.304798296545627,0.0152399148272813,No (reported postion),cruise,2021-11-15 22:00:00
2021-11-15 23:00:00+00:00,11.467295,56.1280333333,10.0,1009.6648399999999,0.8267291999999999,0.8744586000000001,0.0459294,20.1872968,0.306196,0.015309799999999998,No (reported postion),cruise,2021-11-15 23:00:00
2021-11-16 00:00:00+00:00,11.18188,56.1109466667,9.1,800.6761167681079,0.655218697651639,0.693419736410063,0.036401038758424396,16.0075223353622,0.242673591722829,0.012133679586141501,No (reported postion),cruise,2021-11-16 00:00:00
2021-11-16 01:00:00+00:00,11.0487216667,55.9983266667,8.4,612.715553918514,0.500965348200604,0.530596756433971,0.0278314082333669,12.2483110783703,0.185542721555779,0.00927713607778897,No (reported postion),cruise,2021-11-16 01:00:00
2021-11-16 02:00:00+00:00,10.8927466667,55.8881033333,9.0,744.0103624179969,0.608714887090758,0.644332380818022,0.0338174937272643,14.8742072483599,0.225449958181762,0.011272497909088101,No (reported postion),cruise,2021-11-16 02:00:00
2021-11-16 03:00:00+00:00,10.7096166667,55.7891533333,8.8,698.2263360462521,0.571141370007562,0.6046714461190931,0.031730076111531204,13.958526720924999,0.21153384074354198,0.0105766920371771,No (reported postion),cruise,2021-11-16 03:00:00
2021-11-16 04:00:00+00:00,10.46273,55.73072,9.7,920.943738023485,0.753918569198605,0.797602934154083,0.041884364955477996,18.4128747604697,0.279229099703187,0.0139614549851593,No (reported postion),cruise,2021-11-16 04:00:00
2021-11-16 05:00:00+00:00,10.2011583333,55.6768966667,9.2,791.875130604314,0.6479960038394069,0.685795781830485,0.035999777991078195,15.8315026120863,0.239998519940521,0.0119999259970261,No (reported postion),cruise,2021-11-16 05:00:00
2021-11-16 06:00:00+00:00,9.958825,55.6059166667,9.2,791.875130604314,0.6479960038394069,0.685795781830485,0.035999777991078195,15.8315026120863,0.239998519940521,0.0119999259970261,No (reported postion),cruise,2021-11-16 06:00:00
2021-11-16 07:00:00+00:00,9.748535,55.5347733333,7.8,498.898976661434,0.407559646500265,0.432001849083613,0.022642202583348103,9.97197953322868,0.15094801722232,0.00754740086111602,No (reported postion),cruise,2021-11-16 07:00:00
2021-11-16 08:00:00+00:00,9.5644216667,55.4958,6.4,294.284991777371,0.239639354954074,0.254752652451522,0.0133132974974485,5.87969983554742,0.0887553166496568,0.004437765832482839,No (reported postion),cruise,2021-11-16 08:00:00
2021-11-16 09:00:00+00:00,9.4930733333,55.4928533333,0.2,41.7677064511651,0.0324613470990922,0.0360066758011612,0.00180162678733561,0.829913617377887,0.012017075996654499,0.000602480587168335,No (reported postion),anchor,2021-11-16 09:00:00
2021-11-16 10:00:00+00:00,9.4930783333,55.4928466667,0.1,41.760963306395595,0.0324076683873865,0.036000834475145196,0.00180020334841695,0.8292892021722359,0.0120021344995818,0.000600310073396042,No (reported postion),anchor,2021-11-16 10:00:00
2021-11-16 11:00:00+00:00,9.4930866667,55.4928533333,0.0,41.76,0.0324,0.036,0.0018,0.8292,0.012,0.0006,No (reported postion),anchor,2021-11-16 11:00:00
2021-11-16 12:00:00+00:00,9.4930833333,55.4928633333,0.1,41.760963306395595,0.0324076683873865,0.036000834475145196,0.00180020334841695,0.8292892021722359,0.0120021344995818,0.000600310073396042,No (reported postion),anchor,2021-11-16 12:00:00
2021-11-16 13:00:00+00:00,9.4936066667,55.4929866667,0.2,41.7677064511651,0.0324613470990922,0.0360066758011612,0.00180162678733561,0.829913617377887,0.012017075996654499,0.000602480587168335,No (reported postion),anchor,2021-11-16 13:00:00
2021-11-16 14:00:00+00:00,9.493605,55.49296,0.0,41.76,0.0324,0.036,0.0018,0.8292,0.012,0.0006,No (reported postion),anchor,2021-11-16 14:00:00
2021-11-16 15:00:00+00:00,9.4940183333,55.4930733333,0.1,41.760963306395595,0.0324076683873865,0.036000834475145196,0.00180020334841695,0.8292892021722359,0.0120021344995818,0.000600310073396042,No (reported postion),anchor,2021-11-16 15:00:00
2021-11-16 16:00:00+00:00,9.4940266667,55.4930666667,0.0,41.76,0.0324,0.036,0.0018,0.8292,0.012,0.0006,No (reported postion),anchor,2021-11-16 16:00:00
2021-11-16 17:00:00+00:00,9.579535,55.4946366667,7.2,401.312185558015,0.327473222190468,0.347466178978827,0.0181929567883593,8.02024371116029,0.121286378589062,0.00606431892945311,No (reported postion),cruise,2021-11-16 17:00:00
2021-11-16 18:00:00+00:00,9.7439133333,55.3970366667,10.1,1009.6648399999999,0.8267291999999999,0.8744586000000001,0.0459294,20.1872968,0.306196,0.015309799999999998,No (reported postion),cruise,2021-11-16 18:00:00
2021-11-16 19:00:00+00:00,9.8296116667,55.2699866667,9.8,948.4162731206029,0.776464418670404,0.821401330818759,0.0431369121483558,18.9623254624121,0.287579414322372,0.0143789707161186,No (reported postion),cruise,2021-11-16 19:00:00
2021-11-16 20:00:00+00:00,9.93418,55.1249666667,10.8,1009.6648399999999,0.8267291999999999,0.8744586000000001,0.0459294,20.1872968,0.306196,0.015309799999999998,No (reported postion),cruise,2021-11-16 20:00:00
2021-11-16 21:00:00+00:00,10.1068,54.9819433333,10.2,1009.6648399999999,0.8267291999999999,0.8744586000000001,0.0459294,20.1872968,0.306196,0.015309799999999998,No (reported postion),cruise,2021-11-16 21:00:00
2021-11-16 22:00:00+00:00,10.3024583333,54.84489,11.0,1009.6648399999999,0.8267291999999999,0.8744586000000001,0.0459294,20.1872968,0.306196,0.015309799999999998,No (reported postion),cruise,2021-11-16 22:00:00
2021-11-16 23:00:00+00:00,10.5446366667,54.7391666667,10.7,1009.6648399999999,0.8267291999999999,0.8744586000000001,0.0459294,20.1872968,0.306196,0.015309799999999998,No (reported postion),cruise,2021-11-16 23:00:00
2021-11-17 00:00:00+00:00,10.8055916667,54.6683033333,9.9,1018.94137930464,0.8343421653867891,0.882494507908277,0.0463523425214883,20.3728275860929,0.309015616809922,0.015450780840496099,No (reported postion),cruise,2021-11-17 00:00:00
2021-11-17 01:00:00+00:00,11.0822866667,54.6118166667,10.4,1009.6648399999999,0.8267291999999999,0.8744586000000001,0.0459294,20.1872968,0.306196,0.015309799999999998,No (reported postion),cruise,2021-11-17 01:00:00
2021-11-17 02:00:00+00:00,11.3291283333,54.52675,10.0,1005.06639563511,0.8229554006731931,0.870475145155037,0.045719744481844,20.095327912702302,0.304798296545627,0.0152399148272813,No (reported postion),cruise,2021-11-17 02:00:00
2021-11-17 03:00:00+00:00,11.5750916667,54.4295,10.8,1009.6648399999999,0.8267291999999999,0.8744586000000001,0.0459294,20.1872968,0.306196,0.015309799999999998,No (reported postion),cruise,2021-11-17 03:00:00
2021-11-17 04:00:00+00:00,11.8226816667,54.3340166667,10.8,1009.6648399999999,0.8267291999999999,0.8744586000000001,0.0459294,20.1872968,0.306196,0.015309799999999998,No (reported postion),cruise,2021-11-17 04:00:00
2021-11-17 05:00:00+00:00,12.05618,54.2207933333,10.6,1009.6648399999999,0.8267291999999999,0.8744586000000001,0.0459294,20.1872968,0.306196,0.015309799999999998,No (reported postion),cruise,2021-11-17 05:00:00
2021-11-17 06:00:00+00:00,12.1232033333,54.1506266667,0.1,41.760963306395595,0.0324076683873865,0.036000834475145196,0.00180020334841695,0.8292892021722359,0.0120021344995818,0.000600310073396042,No (reported postion),anchor,2021-11-17 06:00:00
2021-11-17 07:00:00+00:00,12.1231983333,54.1505533333,0.0,41.76,0.0324,0.036,0.0018,0.8292,0.012,0.0006,No (reported postion),anchor,2021-11-17 07:00:00
2021-11-17 08:00:00+00:00,12.123205,54.15056,0.0,41.76,0.0324,0.036,0.0018,0.8292,0.012,0.0006,No (reported postion),anchor,2021-11-17 08:00:00
2021-11-17 09:00:00+00:00,12.1232133333,54.1505866667,0.0,41.76,0.0324,0.036,0.0018,0.8292,0.012,0.0006,No (reported postion),anchor,2021-11-17 09:00:00
2021-11-17 10:00:00+00:00,12.1231516667,54.15065,0.0,41.76,0.0324,0.036,0.0018,0.8292,0.012,0.0006,No (reported postion),anchor,2021-11-17 10:00:00
2021-11-17 11:00:00+00:00,12.1231933333,54.1506266667,0.0,41.76,0.0324,0.036,0.0018,0.8292,0.012,0.0006,No (reported postion),anchor,2021-11-17 11:00:00
2021-11-17 12:00:00+00:00,12.123175,54.15065,0.0,41.76,0.0324,0.036,0.0018,0.8292,0.012,0.0006,No (reported postion),anchor,2021-11-17 12:00:00
2021-11-17 13:00:00+00:00,12.1231883333,54.1506266667,0.0,41.76,0.0324,0.036,0.0018,0.8292,0.012,0.0006,No (reported postion),anchor,2021-11-17 13:00:00
2021-11-17 14:00:00+00:00,12.1231683333,54.1506266667,0.0,41.76,0.0324,0.036,0.0018,0.8292,0.012,0.0006,No (reported postion),anchor,2021-11-17 14:00:00
2021-11-17 15:00:00+00:00,12.12318,54.1506933333,0.0,41.76,0.0324,0.036,0.0018,0.8292,0.012,0.0006,No (reported postion),anchor,2021-11-17 15:00:00
2021-11-17 16:00:00+00:00,12.123175,54.1506333333,0.0,41.76,0.0324,0.036,0.0018,0.8292,0.012,0.0006,No (reported postion),anchor,2021-11-17 16:00:00
2021-11-17 17:00:00+00:00,12.1231866667,54.1506266667,0.0,41.76,0.0324,0.036,0.0018,0.8292,0.012,0.0006,No (reported postion),anchor,2021-11-17 17:00:00
2021-11-17 18:00:00+00:00,12.12326,54.1505366667,0.0,41.76,0.0324,0.036,0.0018,0.8292,0.012,0.0006,No (reported postion),anchor,2021-11-17 18:00:00
2021-11-17 19:00:00+00:00,12.123165,54.1506033333,0.0,41.76,0.0324,0.036,0.0018,0.8292,0.012,0.0006,No (reported postion),anchor,2021-11-17 19:00:00
2021-11-17 20:00:00+00:00,12.123175,54.1506266667,0.0,41.76,0.0324,0.036,0.0018,0.8292,0.012,0.0006,No (reported postion),anchor,2021-11-17 20:00:00
2021-11-17 21:00:00+00:00,12.1231733333,54.1506433333,0.0,41.76,0.0324,0.036,0.0018,0.8292,0.012,0.0006,No (reported postion),anchor,2021-11-17 21:00:00
2021-11-17 22:00:00+00:00,12.1231516667,54.1506266667,0.0,41.76,0.0324,0.036,0.0018,0.8292,0.012,0.0006,No (reported postion),anchor,2021-11-17 22:00:00
2021-11-17 23:00:00+00:00,12.1231733333,54.1506333333,0.0,41.76,0.0324,0.036,0.0018,0.8292,0.012,0.0006,No (reported postion),anchor,2021-11-17 23:00:00
2021-11-18 00:00:00+00:00,12.12316,54.1506766667,0.0,41.76,0.0324,0.036,0.0018,0.8292,0.012,0.0006,No (reported postion),anchor,2021-11-18 00:00:00
2021-11-18 01:00:00+00:00,12.123165,54.1506333333,0.0,41.76,0.0324,0.036,0.0018,0.8292,0.012,0.0006,No (reported postion),anchor,2021-11-18 01:00:00
2021-11-18 02:00:00+00:00,12.123155,54.15061,0.0,41.76,0.0324,0.036,0.0018,0.8292,0.012,0.0006,No (reported postion),anchor,2021-11-18 02:00:00
2021-11-18 03:00:00+00:00,12.1231733333,54.1505933333,0.0,41.76,0.0324,0.036,0.0018,0.8292,0.012,0.0006,No (reported postion),anchor,2021-11-18 03:00:00
2021-11-18 04:00:00+00:00,12.1231866667,54.1506333333,0.0,41.76,0.0324,0.036,0.0018,0.8292,0.012,0.0006,No (reported postion),anchor,2021-11-18 04:00:00
2021-11-18 05:00:00+00:00,12.1231866667,54.1506266667,0.0,41.76,0.0324,0.036,0.0018,0.8292,0.012,0.0006,No (reported postion),anchor,2021-11-18 05:00:00
2021-11-18 06:00:00+00:00,12.1232133333,54.15057,0.0,41.76,0.0324,0.036,0.0018,0.8292,0.012,0.0006,No (reported postion),anchor,2021-11-18 06:00:00
2021-11-18 07:00:00+00:00,12.1231683333,54.15061,0.0,41.76,0.0324,0.036,0.0018,0.8292,0.012,0.0006,No (reported postion),anchor,2021-11-18 07:00:00
2021-11-18 08:00:00+00:00,12.1231733333,54.1506333333,0.0,41.76,0.0324,0.036,0.0018,0.8292,0.012,0.0006,No (reported postion),anchor,2021-11-18 08:00:00
2021-11-18 09:00:00+00:00,12.1069266667,54.1601466667,5.9,239.602904229144,0.19476347763486002,0.207383670836796,0.0108201932019367,4.78605808458288,0.07213462134624431,0.00360673106731222,No (reported postion),cruise,2021-11-18 09:00:00
2021-11-18 10:00:00+00:00,12.0891233333,54.29904,8.9,720.86114642449,0.5897170502571799,0.624279108604801,0.0327620583476211,14.411222928489801,0.218413722317474,0.0109206861158737,No (reported postion),cruise,2021-11-18 10:00:00
2021-11-18 11:00:00+00:00,12.211625,54.4410233333,10.1,1009.6648399999999,0.8267291999999999,0.8744586000000001,0.0459294,20.1872968,0.306196,0.015309799999999998,No (reported postion),cruise,2021-11-18 11:00:00
2021-11-18 12:00:00+00:00,12.3292966667,54.5937433333,10.2,1009.6648399999999,0.8267291999999999,0.8744586000000001,0.0459294,20.1872968,0.306196,0.015309799999999998,No (reported postion),cruise,2021-11-18 12:00:00
2021-11-18 13:00:00+00:00,12.4389833333,54.74759,9.8,989.627921898812,0.8102855286099669,0.857101391310521,0.045015862700553695,19.7865584379762,0.30010575133702505,0.0150052875668512,No (reported postion),cruise,2021-11-18 13:00:00
2021-11-18 14:00:00+00:00,12.5468366667,54.89619,9.7,920.943738023485,0.753918569198605,0.797602934154083,0.041884364955477996,18.4128747604697,0.279229099703187,0.0139614549851593,No (reported postion),cruise,2021-11-18 14:00:00
2021-11-18 15:00:00+00:00,12.6179216667,55.0521566667,9.9,976.4552323783539,0.799475114717798,0.845690398868787,0.044415284150988804,19.5231046475671,0.296101894339925,0.014805094716996299,No (reported postion),cruise,2021-11-18 15:00:00
2021-11-18 16:00:00+00:00,12.6618233333,55.21009,9.5,905.2164037284571,0.7410116383181871,0.7839789515580861,0.0411673132398993,18.0983280745691,0.27444875493266196,0.0137224377466331,No (reported postion),cruise,2021-11-18 16:00:00
2021-11-18 17:00:00+00:00,12.6867833333,55.3680666667,9.3,816.602242473872,0.668288770419288,0.70721592433147,0.037127153912182596,16.326044849477498,0.247514359414551,0.0123757179707275,No (reported postion),cruise,2021-11-18 17:00:00
2021-11-18 18:00:00+00:00,12.7147133333,55.5182033333,8.8,698.2263360462521,0.571141370007562,0.6046714461190931,0.031730076111531204,13.958526720924999,0.21153384074354198,0.0105766920371771,No (reported postion),cruise,2021-11-18 18:00:00
2021-11-18 19:00:00+00:00,12.6965466667,55.6464766667,7.5,448.154885658563,0.365915559659003,0.388044201862281,0.020328642203278,8.95709771317126,0.135524281355186,0.006776214067759321,No (reported postion),cruise,2021-11-18 19:00:00
2021-11-18 20:00:00+00:00,12.7121266667,55.7882333333,8.8,698.2263360462521,0.571141370007562,0.6046714461190931,0.031730076111531204,13.958526720924999,0.21153384074354198,0.0105766920371771,No (reported postion),cruise,2021-11-18 20:00:00
2021-11-18 21:00:00+00:00,12.7293533333,55.9304066667,8.4,612.715553918514,0.500965348200604,0.530596756433971,0.0278314082333669,12.2483110783703,0.185542721555779,0.00927713607778897,No (reported postion),cruise,2021-11-18 21:00:00
2021-11-18 22:00:00+00:00,12.6652766667,56.0446933333,6.5,306.308018901293,0.24950627690987598,0.265167736738202,0.0138614598283264,6.12016037802586,0.0924097321888428,0.00462048660944214,No (reported postion),cruise,2021-11-18 22:00:00
2021-11-18 23:00:00+00:00,12.5221183333,56.1331733333,7.9,516.70762199754,0.42217464419251,0.447428791092094,0.0234541468995839,10.3281524399508,0.15636097933055898,0.00781804896652797,No (reported postion),cruise,2021-11-18 23:00:00
2021-11-19 00:00:00+00:00,12.3203316667,56.2095133333,8.5,633.350540219414,0.517899835438425,0.5484720485183371,0.0287722130799125,12.6610108043883,0.19181475386608302,0.009590737693304159,No (reported postion),cruise,2021-11-19 00:00:00
2021-11-19 01:00:00+00:00,12.087125,56.2699333333,8.5,660.241019320296,0.539968009776535,0.5717662325418981,0.029998222765363,13.198820386405899,0.19998815176908702,0.00999940758845435,No (reported postion),cruise,2021-11-19 01:00:00
2021-11-19 02:00:00+00:00,11.8250233333,56.3296866667,9.5,905.2164037284571,0.7410116383181871,0.7839789515580861,0.0411673132398993,18.0983280745691,0.27444875493266196,0.0137224377466331,No (reported postion),cruise,2021-11-19 02:00:00
2021-11-19 03:00:00+00:00,11.5573666667,56.3955133333,9.5,905.2164037284571,0.7410116383181871,0.7839789515580861,0.0411673132398993,18.0983280745691,0.27444875493266196,0.0137224377466331,No (reported postion),cruise,2021-11-19 03:00:00
2021-11-19 04:00:00+00:00,11.3033216667,56.4557533333,8.7,704.933794692404,0.576645971328113,0.610481858624119,0.0320358872960063,14.0926758938481,0.213572581973375,0.0106786290986688,No (reported postion),cruise,2021-11-19 04:00:00
2021-11-19 05:00:00+00:00,11.1149133333,56.5375866667,8.7,704.933794692404,0.576645971328113,0.610481858624119,0.0320358872960063,14.0926758938481,0.213572581973375,0.0106786290986688,No (reported postion),cruise,2021-11-19 05:00:00
2021-11-19 06:00:00+00:00,11.028165,56.6759933333,8.6,682.327576999455,0.558093756200161,0.590898964877947,0.0310052086777867,13.640551539989099,0.206701391185245,0.0103350695592622,No (reported postion),cruise,2021-11-19 06:00:00
2021-11-19 07:00:00+00:00,10.95036,56.8101666667,7.9,538.296150270156,0.439891673473988,0.466130099778098,0.0244384263041104,10.759923005403099,0.16292284202740298,0.00814614210137015,No (reported postion),cruise,2021-11-19 07:00:00
2021-11-19 08:00:00+00:00,10.8673766667,56.94196,9.2,825.97127290451,0.675977640377562,0.715331953731871,0.037554313354309005,16.5134254580902,0.25036208902872703,0.012518104451436298,No (reported postion),cruise,2021-11-19 08:00:00
2021-11-19 09:00:00+00:00,10.8064833333,57.0764866667,8.3,617.602713770151,0.504976087288574,0.534830314360162,0.028054227071587397,12.346054275402999,0.18702818047725,0.00935140902386248,No (reported postion),cruise,2021-11-19 09:00:00
2021-11-19 10:00:00+00:00,10.7418933333,57.2057066667,8.8,698.2263360462521,0.571141370007562,0.6046714461190931,0.031730076111531204,13.958526720924999,0.21153384074354198,0.0105766920371771,No (reported postion),cruise,2021-11-19 10:00:00
2021-11-19 11:00:00+00:00,10.7440483333,57.3409933333,7.8,519.678021055135,0.424612357704822,0.45000193313286796,0.023589575428045698,10.3875604211027,0.15726383618697098,0.00786319180934856,No (reported postion),cruise,2021-11-19 11:00:00
2021-11-19 12:00:00+00:00,10.7532316667,57.4849266667,9.0,744.0103624179969,0.608714887090758,0.644332380818022,0.0338174937272643,14.8742072483599,0.225449958181762,0.011272497909088101,No (reported postion),cruise,2021-11-19 12:00:00
2021-11-19 13:00:00+00:00,10.66566,57.6060333333,8.4,638.668079096628,0.522263773118814,0.55307842718097,0.0290146540621563,12.767361581932601,0.193431027081042,0.0096715513540521,No (reported postion),cruise,2021-11-19 13:00:00
2021-11-19 14:00:00+00:00,10.56972,57.6238866667,0.0,41.76,0.0324,0.036,0.0018,0.8292,0.012,0.0006,No (reported postion),anchor,2021-11-19 14:00:00
2021-11-19 15:00:00+00:00,10.56974,57.6238666667,0.1,41.760963306395595,0.0324076683873865,0.036000834475145196,0.00180020334841695,0.8292892021722359,0.0120021344995818,0.000600310073396042,No (reported postion),anchor,2021-11-19 15:00:00
2021-11-19 16:00:00+00:00,10.5697016667,57.62396,0.1,41.760963306395595,0.0324076683873865,0.036000834475145196,0.00180020334841695,0.8292892021722359,0.0120021344995818,0.000600310073396042,No (reported postion),anchor,2021-11-19 16:00:00
2021-11-19 17:00:00+00:00,10.5697716667,57.62392,0.1,41.760963306395595,0.0324076683873865,0.036000834475145196,0.00180020334841695,0.8292892021722359,0.0120021344995818,0.000600310073396042,No (reported postion),anchor,2021-11-19 17:00:00
2021-11-19 18:00:00+00:00,10.569805,57.6237866667,0.1,41.760963306395595,0.0324076683873865,0.036000834475145196,0.00180020334841695,0.8292892021722359,0.0120021344995818,0.000600310073396042,No (reported postion),anchor,2021-11-19 18:00:00
2021-11-19 19:00:00+00:00,10.5698133333,57.62372,0.0,41.76,0.0324,0.036,0.0018,0.8292,0.012,0.0006,No (reported postion),anchor,2021-11-19 19:00:00
2021-11-19 20:00:00+00:00,10.5697866667,57.6238133333,0.1,41.760963306395595,0.0324076683873865,0.036000834475145196,0.00180020334841695,0.8292892021722359,0.0120021344995818,0.000600310073396042,No (reported postion),anchor,2021-11-19 20:00:00
2021-11-19 21:00:00+00:00,10.569755,57.6239266667,0.0,41.76,0.0324,0.036,0.0018,0.8292,0.012,0.0006,No (reported postion),anchor,2021-11-19 21:00:00
2021-11-19 22:00:00+00:00,10.5796566667,57.6237,8.2,572.896320748541,0.468286950158377,0.49610289183384204,0.0260159416754654,11.4519264149708,0.173439611169769,0.00867198055848846,No (reported postion),cruise,2021-11-19 22:00:00
2021-11-19 23:00:00+00:00,10.787975,57.7188333333,9.3,816.602242473872,0.668288770419288,0.70721592433147,0.037127153912182596,16.326044849477498,0.247514359414551,0.0123757179707275,No (reported postion),cruise,2021-11-19 23:00:00
2021-11-20 00:00:00+00:00,10.8385316667,57.8569466667,7.7,501.53121138750697,0.409719839132605,0.43428205241774903,0.0227622132851447,10.0246242277501,0.15174808856763097,0.00758740442838157,No (reported postion),cruise,2021-11-20 00:00:00
2021-11-20 01:00:00+00:00,10.8356583333,57.9900133333,7.7,501.53121138750697,0.409719839132605,0.43428205241774903,0.0227622132851447,10.0246242277501,0.15174808856763097,0.00758740442838157,No (reported postion),cruise,2021-11-20 01:00:00
2021-11-20 02:00:00+00:00,10.851825,58.11972,8.3,617.602713770151,0.504976087288574,0.534830314360162,0.028054227071587397,12.346054275402999,0.18702818047725,0.00935140902386248,No (reported postion),cruise,2021-11-20 02:00:00
2021-11-20 03:00:00+00:00,10.8524,58.2580333333,8.5,660.241019320296,0.539968009776535,0.5717662325418981,0.029998222765363,13.198820386405899,0.19998815176908702,0.00999940758845435,No (reported postion),cruise,2021-11-20 03:00:00
2021-11-20 04:00:00+00:00,10.8210933333,58.4005066667,9.2,825.97127290451,0.675977640377562,0.715331953731871,0.037554313354309005,16.5134254580902,0.25036208902872703,0.012518104451436298,No (reported postion),cruise,2021-11-20 04:00:00
2021-11-20 05:00:00+00:00,10.78348,58.5571933333,8.9,751.729380352875,0.615049643450688,0.6510190680868371,0.034169424636149304,15.0285876070575,0.227796164240996,0.0113898082120498,No (reported postion),cruise,2021-11-20 05:00:00
2021-11-20 06:00:00+00:00,10.7615066667,58.7151666667,8.9,751.729380352875,0.615049643450688,0.6510190680868371,0.034169424636149304,15.0285876070575,0.227796164240996,0.0113898082120498,No (reported postion),cruise,2021-11-20 06:00:00
2021-11-20 07:00:00+00:00,10.7474866667,58.8782,9.9,1018.94137930464,0.8343421653867891,0.882494507908277,0.0463523425214883,20.3728275860929,0.309015616809922,0.015450780840496099,No (reported postion),cruise,2021-11-20 07:00:00
2021-11-20 08:00:00+00:00,10.7080783333,59.03408,9.6,894.031847248627,0.731832822969998,0.774290202023887,0.040657379053888804,17.874636944972497,0.271049193692592,0.0135524596846296,No (reported postion),cruise,2021-11-20 08:00:00
2021-11-20 09:00:00+00:00,10.65772,59.1934133333,9.6,894.031847248627,0.731832822969998,0.774290202023887,0.040657379053888804,17.874636944972497,0.271049193692592,0.0135524596846296,No (reported postion),cruise,2021-11-20 09:00:00
2021-11-20 10:00:00+00:00,10.6023766667,59.3532133333,10.0,1005.06639563511,0.8229554006731931,0.870475145155037,0.045719744481844,20.095327912702302,0.304798296545627,0.0152399148272813,No (reported postion),cruise,2021-11-20 10:00:00
2021-11-20 11:00:00+00:00,10.6142783333,59.5134933333,10.1,1009.6648399999999,0.8267291999999999,0.8744586000000001,0.0459294,20.1872968,0.306196,0.015309799999999998,No (reported postion),cruise,2021-11-20 11:00:00
2021-11-20 12:00:00+00:00,10.67907,59.4713266667,0.0,41.76,0.0324,0.036,0.0018,0.8292,0.012,0.0006,No (reported postion),anchor,2021-11-20 12:00:00
2021-11-20 13:00:00+00:00,10.679075,59.4713133333,0.1,41.760963306395595,0.0324076683873865,0.036000834475145196,0.00180020334841695,0.8292892021722359,0.0120021344995818,0.000600310073396042,No (reported postion),anchor,2021-11-20 13:00:00
2021-11-20 14:00:00+00:00,10.6790683333,59.4713066667,0.0,41.76,0.0324,0.036,0.0018,0.8292,0.012,0.0006,No (reported postion),anchor,2021-11-20 14:00:00
2021-11-20 15:00:00+00:00,10.67905,59.47124,0.2,41.7677064511651,0.0324613470990922,0.0360066758011612,0.00180162678733561,0.829913617377887,0.012017075996654499,0.000602480587168335,No (reported postion),anchor,2021-11-20 15:00:00
2021-11-20 16:00:00+00:00,10.67892,59.47116,0.0,41.76,0.0324,0.036,0.0018,0.8292,0.012,0.0006,No (reported postion),anchor,2021-11-20 16:00:00
2021-11-20 17:00:00+00:00,10.6789316667,59.47116,0.0,41.76,0.0324,0.036,0.0018,0.8292,0.012,0.0006,No (reported postion),anchor,2021-11-20 17:00:00
2021-11-20 18:00:00+00:00,10.67892,59.4712066667,0.0,41.76,0.0324,0.036,0.0018,0.8292,0.012,0.0006,No (reported postion),anchor,2021-11-20 18:00:00
2021-11-20 19:00:00+00:00,10.679055,59.4712533333,0.0,41.76,0.0324,0.036,0.0018,0.8292,0.012,0.0006,No (reported postion),anchor,2021-11-20 19:00:00
2021-11-20 20:00:00+00:00,10.6789116667,59.4711533333,0.0,41.76,0.0324,0.036,0.0018,0.8292,0.012,0.0006,No (reported postion),anchor,2021-11-20 20:00:00
2021-11-20 21:00:00+00:00,10.67892,59.4711533333,0.0,41.76,0.0324,0.036,0.0018,0.8292,0.012,0.0006,No (reported postion),anchor,2021-11-20 21:00:00
2021-11-20 22:00:00+00:00,10.6789116667,59.4711533333,0.0,41.76,0.0324,0.036,0.0018,0.8292,0.012,0.0006,No (reported postion),anchor,2021-11-20 22:00:00
2021-11-20 23:00:00+00:00,10.6789183333,59.4711533333,0.0,41.76,0.0324,0.036,0.0018,0.8292,0.012,0.0006,No (reported postion),anchor,2021-11-20 23:00:00
2021-11-21 00:00:00+00:00,10.6788833333,59.4711533333,0.0,41.76,0.0324,0.036,0.0018,0.8292,0.012,0.0006,No (reported postion),anchor,2021-11-21 00:00:00
2021-11-21 01:00:00+00:00,10.678895,59.4711533333,0.0,41.76,0.0324,0.036,0.0018,0.8292,0.012,0.0006,No (reported postion),anchor,2021-11-21 01:00:00
2021-11-21 02:00:00+00:00,10.6789233333,59.4711266667,0.0,41.76,0.0324,0.036,0.0018,0.8292,0.012,0.0006,No (reported postion),anchor,2021-11-21 02:00:00
2021-11-21 03:00:00+00:00,10.6789016667,59.4711333333,0.0,41.76,0.0324,0.036,0.0018,0.8292,0.012,0.0006,No (reported postion),anchor,2021-11-21 03:00:00
2021-11-21 04:00:00+00:00,10.6789183333,59.4711533333,0.0,41.76,0.0324,0.036,0.0018,0.8292,0.012,0.0006,No (reported postion),anchor,2021-11-21 04:00:00
2021-11-21 05:00:00+00:00,10.6789266667,59.4711533333,0.0,41.76,0.0324,0.036,0.0018,0.8292,0.012,0.0006,No (reported postion),anchor,2021-11-21 05:00:00
2021-11-21 06:00:00+00:00,10.679095,59.4713266667,0.0,41.76,0.0324,0.036,0.0018,0.8292,0.012,0.0006,No (reported postion),anchor,2021-11-21 06:00:00
2021-11-21 07:00:00+00:00,10.6791033333,59.4713266667,0.0,41.76,0.0324,0.036,0.0018,0.8292,0.012,0.0006,No (reported postion),anchor,2021-11-21 07:00:00
2021-11-21 08:00:00+00:00,10.679085,59.47134,0.0,41.76,0.0324,0.036,0.0018,0.8292,0.012,0.0006,No (reported postion),anchor,2021-11-21 08:00:00
2021-11-21 09:00:00+00:00,10.6790933333,59.4713266667,0.0,41.76,0.0324,0.036,0.0018,0.8292,0.012,0.0006,No (reported postion),anchor,2021-11-21 09:00:00
2021-11-21 10:00:00+00:00,10.679105,59.47134,0.0,41.76,0.0324,0.036,0.0018,0.8292,0.012,0.0006,No (reported postion),anchor,2021-11-21 10:00:00
2021-11-21 11:00:00+00:00,10.679115,59.4713466667,0.0,41.76,0.0324,0.036,0.0018,0.8292,0.012,0.0006,No (reported postion),anchor,2021-11-21 11:00:00
2021-11-21 12:00:00+00:00,10.679105,59.4713466667,0.0,41.76,0.0324,0.036,0.0018,0.8292,0.012,0.0006,No (reported postion),anchor,2021-11-21 12:00:00
2021-11-21 13:00:00+00:00,10.679105,59.4713466667,0.0,41.76,0.0324,0.036,0.0018,0.8292,0.012,0.0006,No (reported postion),anchor,2021-11-21 13:00:00
2021-11-21 14:00:00+00:00,10.6791133333,59.4713266667,0.0,41.76,0.0324,0.036,0.0018,0.8292,0.012,0.0006,No (reported postion),anchor,2021-11-21 14:00:00
2021-11-21 15:00:00+00:00,10.6790916667,59.4713266667,0.0,41.76,0.0324,0.036,0.0018,0.8292,0.012,0.0006,No (reported postion),anchor,2021-11-21 15:00:00
2021-11-21 16:00:00+00:00,10.6805783333,59.4729466667,0.0,41.76,0.0324,0.036,0.0018,0.8292,0.012,0.0006,No (reported postion),anchor,2021-11-21 16:00:00
2021-11-21 17:00:00+00:00,10.6805766667,59.4729733333,0.0,41.76,0.0324,0.036,0.0018,0.8292,0.012,0.0006,No (reported postion),anchor,2021-11-21 17:00:00
2021-11-21 18:00:00+00:00,10.6805816667,59.4729266667,0.0,41.76,0.0324,0.036,0.0018,0.8292,0.012,0.0006,No (reported postion),anchor,2021-11-21 18:00:00
2021-11-21 19:00:00+00:00,10.6804383333,59.4729066667,0.0,41.76,0.0324,0.036,0.0018,0.8292,0.012,0.0006,No (reported postion),anchor,2021-11-21 19:00:00
2021-11-21 20:00:00+00:00,10.6805066667,59.4730533333,0.0,41.76,0.0324,0.036,0.0018,0.8292,0.012,0.0006,No (reported postion),anchor,2021-11-21 20:00:00
2021-11-21 21:00:00+00:00,10.6805533333,59.4729866667,0.0,41.76,0.0324,0.036,0.0018,0.8292,0.012,0.0006,No (reported postion),anchor,2021-11-21 21:00:00
2021-11-21 22:00:00+00:00,10.6805716667,59.4729733333,0.0,41.76,0.0324,0.036,0.0018,0.8292,0.012,0.0006,No (reported postion),anchor,2021-11-21 22:00:00
2021-11-21 23:00:00+00:00,10.6805616667,59.47298,0.0,41.76,0.0324,0.036,0.0018,0.8292,0.012,0.0006,No (reported postion),anchor,2021-11-21 23:00:00
